mTable7 21
KEY  c0 c1 c2 c3 c4 c5 c6 c7 c8 c9 c10 c11 c12 c13 c14 c15 c16 c17 c18 c19
r0 -17065 -32339 11058 -41312 -32141 9028 25365 60682 43502 -31029 12850 -33010 62177 -35944 25214 38329 -25698 22953 -21208 -35040
r1 -44060 31052 58988 44757 -3083 39851 -60767 2474 8450 46239 19225 -44947 59916 -59589 -22327 35636 -31573 -2657 9214 28235
r2 -46533 23682 -47195 -59795 -50738 -16649 -44270 8183 -62706 10111 55665 43383 62888 -2890 54077 -62836 -52733 47942 -32267 -58923
r3 -42275 -12545 24347 28929 42981 -41164 54488 -31518 54899 16312 48137 23861 16243 -38911 319 63082 -3205 -10717 -38321 -47809
r4 45188 -45949 -246 -27331 47003 -43781 20169 -27248 -34066 36311 17074 50752 -40050 5115 -60973 -52815 49713 -54596 -23280 -24168
r5 5387 -36438 28562 5707 37715 -22545 -28576 -64309 53577 45045 36843 -30656 23887 65249 -23366 -59633 -12897 -268 -20122 33660
r6 58899 30283 27561 -15484 -20980 -39074 -51320 -22214 21978 -23735 -33495 44651 -40082 -60503 -46209 -19177 -23436 -36759 -58766 58369
r7 -30407 -39514 34486 41666 22499 21943 -57221 -37124 31929 -57031 48298 -47483 -20607 -19658 -23211 -14082 18188 -17733 23311 42627
r8 -53995 -7351 -36975 -58420 26624 -46244 28106 -18711 -43965 64303 -4781 997 -27619 24174 -36032 27667 19820 58074 7023 1006
r9 20474 -63607 7864 48217 47708 -12639 27688 -9517 -20771 24941 -58788 -2963 -47106 54903 26786 -3642 14479 1598 21315 37850
r10 -29798 -7509 6120 -24814 -49607 -37653 29058 -62586 56774 -28957 -40196 36106 40155 41147 -20131 31220 35171 40064 -14289 -3394
r11 -22782 60360 54600 -29983 -41971 -43262 15659 -41637 52968 -3720 -30822 -47756 41794 -18165 14926 -10826 40371 17953 5205 25608
r12 34786 -32072 33512 -41317 -51581 21994 22590 -23951 24981 -58485 50412 -7517 -47132 5812 -23114 -6556 58197 -20654 -37041 -41539
r13 42054 44578 -36559 -52270 55085 -21120 35488 -46474 -11792 -28336 -37252 -18456 -55270 55321 -63417 -14290 -27033 -18308 -30860 20569
r14 -37041 -50225 -55032 24523 -59981 -9708 29152 59150 21761 -761 -31040 48372 -2457 32227 23119 -23633 -51132 -42652 -64959 25978
r15 4762 17034 23761 -6855 -48142 28747 56973 55833 -36917 -61361 -8113 -60847 -34442 695 -53047 19561 -39807 34327 49043 44095
r16 46070 -30089 47249 55019 45485 26316 -55665 -47330 -37869 -46971 -13859 -20968 37203 -23164 4113 46482 -52737 -4919 8003 38155
r17 48851 -47789 10911 31487 -39086 63746 -40026 31945 -46145 -10499 -37327 40983 38906 49241 -20408 48327 -20240 27000 -64705 -8465
r18 6623 52671 55099 -10469 8941 -42509 -57536 -61340 -23264 -33757 -29131 54462 -7283 60466 -1577 -46528 -19071 -4667 9010 -36858
r19 18459 5645 -25810 47484 40403 33580 47508 -37766 -44150 -20367 7750 250 42422 -11459 63869 45526 39047 -60111 28079 -21425
r20 9213 -21290 -287 -63240 -42634 -33194 -60282 42042 -22967 -24477 21218 -27420 62961 -12896 55386 -54393 9594 -35608 36564 -9483
r21 55030 31615 6649 46860 7860 -44337 1128 10778 -33007 -22272 -45010 51808 15702 38385 -15935 14897 20851 -20484 38153 48050
r22 50986 -9634 20772 44975 8507 -27240 -55319 -10377 9520 -12370 622 26673 25245 53280 -9102 1158 -15574 -51310 -24336 56100
r23 -62361 -34325 44724 -19538 25858 57756 -46363 -48068 -21277 44154 48506 19442 -5382 28193 -14120 -8463 -25903 -41081 7577 -11971
r24 31306 64697 -23205 19529 55502 27360 31507 16147 49574 47011 12562 -7005 -15719 -64696 49889 -57528 44891 -49501 -7322 26677
r25 -30675 -42631 -48831 11984 -4590 -33181 55760 -55394 64671 -65473 12498 -15169 -4784 -49378 59979 -49543 -60884 47233 -63810 38681
r26 38318 -57327 14631 53424 -57724 -64332 22498 18152 63078 56450 62289 16331 17759 25210 1297 -10139 318 29610 39650 1322
r27 29871 32239 44503 25901 -49990 20853 60148 -39704 -16302 -24662 11152 -31380 -13438 -50257 55279 16198 -29712 -14789 -29825 7885
r28 -10043 61900 -26081 30223 -10482 2067 -44638 28369 64397 -31485 16234 -42744 41866 -60721 40395 56039 32665 9342 -26278 -49687
r29 27826 13477 35111 62188 -40241 46526 -49141 10554 -60007 -17881 26734 -22729 -53517 -7218 -45473 -51198 -3153 -26551 -16911 -29732
r30 31240 4213 -43144 -48003 -61963 4004 -192 28830 -50808 57919 -59062 22327 37649 -4974 44483 -43959 52768 35573 -49668 60197
r31 -27303 10085 -62442 -51585 38405 3689 -33654 -27197 40558 -12551 4858 -43820 41562 -27639 -57519 59223 -32722 43781 -20075 34404
r32 -44821 -29701 34200 3103 -61897 33962 -2088 6786 48015 43942 -63562 -40730 -18468 -61494 19790 -22878 -55813 -9233 52462 -48400
r33 28282 -55148 19471 -16208 62878 -46868 64870 -17692 30317 -20938 49813 -23884 60112 50756 -11969 64203 52071 -49807 36893 -51442
r34 -41489 19240 -37135 24265 -11120 7888 -13769 62436 57729 -47544 50329 -13741 31595 41864 -16321 37838 -14334 44912 -39079 34793
r35 45026 141 -21853 -43641 -15695 14353 -56227 -29807 15404 8829 60541 -15943 -63950 -17988 25101 2145 -14527 -5135 -7822 36420
r36 34780 58734 -57574 -43052 62055 59924 -38305 5022 17141 -513 -47672 -12473 -10942 17304 -44941 -41134 32575 -50209 47670 39613
r37 54770 -21649 50136 15052 64940 -39197 -40204 -7860 43386 -41753 -23900 62186 -35360 -61668 16596 44407 62515 -26286 -24695 34931
r38 -24562 1516 -9386 -17693 1421 -8452 33239 53415 -43456 56592 -2767 37253 -34620 140 39877 60738 -37036 -34431 10219 61503
r39 52621 -30850 33387 54219 -48773 41601 -58606 -63256 50247 -39554 -36997 -60198 9997 51673 49584 -2098 -44934 -35457 64819 13518
r40 46943 27634 -35273 32204 -12099 52436 -35612 -21081 30364 -21737 15253 -42524 -58816 56132 15966 -36509 -31608 35743 -40807 -44915
r41 -45636 28703 -37538 62121 -55500 58736 26324 -36667 -38977 -46604 42338 -51129 -13020 -48260 -41280 -24577 41076 63295 -32920 38413
r42 26015 -3201 -12500 677 11490 -65459 29664 35053 62989 45259 45381 -57347 31062 -29866 10305 34124 54390 -14224 -56040 19252
r43 51121 33650 -50205 -21210 -36566 -17193 -28538 -41745 50416 42945 -56246 18901 963 -15280 -47223 49350 -53328 -13798 -38067 -34878
r44 21487 26617 19822 -29571 -10840 64931 -63817 -43860 -5823 31689 56175 3976 7679 -31400 16597 45950 24955 -8549 25926 -46973
r45 37489 -60276 -100 -11691 12829 16172 37636 -61068 9634 7984 -49770 40435 12215 -29954 -10050 56176 47287 46782 -12042 29028
r46 -42745 -3896 57921 637 28874 17233 -8363 30294 -51435 -38654 -23256 50522 -57984 -65509 -59249 27548 -20511 -8129 56193 -22960
r47 6336 -32384 -19686 17803 -31860 59878 58635 -57774 -64829 -10554 -30318 15558 -41431 1835 12655 39697 -18500 -15759 11255 -8308
r48 63416 -27180 64357 26340 -59871 15270 -2330 -64197 -51134 -28160 -30052 19034 -42407 57856 -15803 64166 -56209 21481 47361 13172
r49 -26601 10674 -30914 -56400 -16337 54241 -44702 15022 -61782 -35720 63899 -52779 -30848 -30498 -31116 -20651 -7031 9713 42894 345
r50 33429 -50318 -25629 -22181 -28088 14655 41636 -14781 -11332 -4992 -10889 35684 51580 -16357 52990 4073 56955 27887 32485 7971
r51 -3175 -59289 -15113 56745 -22339 -20967 64389 54515 45854 35362 24149 20664 37362 -10643 -26824 -26612 -55305 39757 40275 -12837
r52 -32241 -65312 1608 55663 -27668 23524 731 -9037 -49741 36569 -29060 1054 17334 -2463 12394 217 19880 21892 46664 33288
r53 -31539 -58172 872 -47238 60036 -37091 -62404 -55219 29926 -36579 -62071 -59615 -20694 -36807 44852 8962 19438 -33829 5195 -3004
r54 46182 21274 -44070 -37037 10010 -19799 -39323 -20770 -56254 15914 -24161 -42145 -40849 -43834 54926 -49965 -50294 -5189 18250 -44674
r55 -37078 -65187 52761 -62244 17612 6193 -13297 -12773 854 -33267 15483 -12305 -14569 8654 28598 -58625 -40012 -23425 -41593 49961
r56 34513 -58888 46489 -49258 57824 -18052 -50442 -10004 -27811 8974 -57251 16071 4623 -60068 8419 40465 59672 -40377 -42819 -45418
r57 29461 55004 -36067 43722 -37364 31055 3952 -55453 -60630 -25888 26071 39558 10962 41615 -10064 -35921 -55507 34770 -20583 -13072
r58 18 293 -26029 -64229 40720 -6042 -46503 -51905 -38886 51710 -64328 59874 3045 -24262 -64459 25216 -17735 36356 -13051 -3940
r59 -43101 -7477 33625 -25464 -17286 -21638 23027 -62899 -11558 27471 -27834 -63740 16390 -31595 13410 -52280 47268 -21307 -5491 57853
r60 -55642 34491 -6831 -11613 -19034 -42113 15929 -18708 20148 50298 54120 -53145 -40843 -31409 -49320 -33407 -28966 57433 19297 19520
r61 2435 36773 56516 -798 54590 64242 -58743 -44920 15678 23040 35750 -31313 -60642 -26406 47112 -5885 47595 -33294 16350 21297
r62 -8410 54527 27989 -37994 63037 -64093 1346 37094 39048 55270 -65204 -12577 -1850 336 -38672 -40914 61317 51222 22171 58622
r63 19258 63004 -54289 10349 3114 -5271 49967 -59077 59727 -5107 -1467 -3783 -53496 -18345 44349 43640 -56770 37599 9688 29639
r64 -57334 19894 -27313 40164 -27050 -57274 65521 38335 4022 -9674 45518 19076 -9919 29790 8526 64448 16580 40397 56574 -12150
r65 -43419 35958 44992 -25007 53228 11201 24793 -27373 -18981 -61414 28860 47731 -36999 -48589 52382 -13570 6241 -35714 60944 -25409
r66 -41459 -10749 41797 12806 31060 59194 37433 49055 13846 -53363 -50418 12419 63838 -2169 -35504 -41894 5563 -7934 -48074 53186
r67 -11811 -12731 -59311 -21445 16659 -4539 26252 -65163 11453 -1758 50865 -37520 -34581 -29815 -40195 4485 40795 -9072 27535 -47948
r68 2017 7719 4392 55511 50430 56801 19743 16862 -16194 -41898 -20783 -1197 43279 -30946 -59209 -43495 -38160 39370 -30512 63021
r69 19099 -43620 35441 -52147 39448 -30419 19403 -31699 -47950 -24379 15717 -18902 6808 41396 -41335 -33908 -50674 -11058 56383 16805
r70 47351 -37349 244 -59515 -38172 -64786 14125 -20859 -39121 40585 -6928 51657 -62133 -17593 -19578 50563 44078 63639 -24491 3045
r71 25018 -58247 18012 -29131 -64575 3726 23081 58477 1363 62497 -29651 53224 -15526 -58345 20464 -41865 -7956 25556 15418 -49836
r72 -58492 -5786 53761 44870 -65270 37905 22107 62174 -30680 9370 -41552 54645 -39940 -6702 52288 -35664 61700 4045 -31360 63612
r73 57714 -23702 38634 -56584 33087 27926 28202 -16424 63014 -1128 -17336 21101 -12472 -33385 -53483 63553 -44778 -50410 3505 -32161
r74 39133 6816 -65095 51415 52592 19629 64113 14250 23329 2392 -35058 -44181 -34591 3991 -33641 2268 -2989 10163 27827 50055
r75 652 -47578 4293 22442 -51968 20026 64079 -3165 50358 31090 -56161 -18147 -49593 6020 -52669 -41791 -4261 30545 10191 56459
r76 -12064 50161 9814 41446 -52673 -13254 18444 -58944 -17015 19264 -30020 10901 -11099 -42065 -44202 -48575 -26733 -61213 -26592 45529
r77 4347 2711 -44736 41081 56109 -56494 36023 59806 -33351 27033 -60366 25034 -59297 -31260 36490 -24918 -36944 65024 -39438 -14118
r78 9605 -11513 32210 -22364 56417 -39442 -1245 57265 -24609 52258 29718 -39356 45826 -20418 16218 7260 15601 -40008 -37941 20844
r79 -25487 28310 -62738 1129 -55673 7049 19897 -54846 51253 13489 52258 -1059 -16633 62861 -48365 -31075 9625 27203 -45348 -63145
r80 29842 -20686 -25485 -5677 -37229 -53624 -28251 -37598 61444 28094 55186 -17588 54956 -38936 5483 -53472 -48855 -2291 -63396 -42816
r81 44671 -36892 -31023 -37802 1635 -50892 -3849 -35501 -14681 44399 27720 -15595 -34505 56996 20491 47972 19217 -50104 16537 52320
r82 -41772 43804 618 -10177 57124 29626 -43276 -36551 -14979 -33570 39574 -1253 24418 -65495 17645 30547 44922 -38005 -4358 -54465
r83 -32651 46116 -17013 -43148 2653 -24345 28120 -26162 -23381 -36452 15400 63431 -26807 -23427 -51240 62739 8544 33315 33932 49616
r84 12127 28944 53106 -12038 10475 -62932 13417 -38395 22450 -63672 47659 10245 3758 -35110 -6373 24412 54387 17709 56014 -48294
r85 13020 40292 -59989 -51921 -19657 63697 -62672 -57702 60402 51499 -50027 9058 29362 13606 -10867 -22486 -64579 -38889 60296 -17672
r86 10187 38600 -44435 -43243 -39299 -1771 -56153 14776 -40926 30712 38262 9282 -2729 1005 -8430 -31376 -20324 57969 58959 -57484
r87 -32958 41539 -48478 36969 13759 -58475 36338 -3018 53224 14755 -59700 -38261 44642 10546 -47645 -18937 51882 32851 14777 7265
r88 16005 -39318 -10027 -20199 -21622 37237 17892 -56852 39232 57490 -48162 -21046 20490 -19558 31140 63527 6671 -4289 -65121 -261
r89 -43545 -2909 34862 14537 2921 52142 55983 39394 63517 -22051 -36690 22408 14570 -48924 -17047 -57210 40711 23886 -2596 -51275
r90 -46340 -50464 -52256 -4638 10805 45514 -28268 -21321 -6670 -43423 -975 -8417 37977 -543 -28176 -65004 -27990 -15284 -41769 22326
r91 29176 46927 64634 25776 18698 -58352 -15750 -57251 9220 -28365 -8897 55052 -49727 -59335 24241 51761 42908 -38862 -30531 -38048
r92 -5184 44918 -53998 -57331 53743 -14841 -53668 17903 -50588 18821 57243 -29319 13955 -10962 -33299 -62409 -15067 23905 -26035 7931
r93 -7739 -31691 -57083 -34606 18542 26666 -12040 31489 -50367 22260 -47199 1587 -58675 5956 58025 4803 -26050 25427 4219 17282
r94 53187 -24176 23159 -42330 -19364 -7304 36260 -59940 -10679 22828 63763 -40251 -3048 -16267 -31571 15235 -31007 -27236 45819 -48408
r95 -47074 -54870 32405 -12275 182 -45052 -450 -18308 63461 24947 39600 11327 -46432 32685 14844 -14934 15817 -22159 20520 41778
r96 36973 60951 -35685 46297 40844 28709 -40133 15167 63502 3154 -28254 -1011 18517 20881 -6307 -57547 16968 -50162 32897 14942
r97 -60266 4928 13344 19596 44629 -13751 27999 -35657 -15831 14733 38519 -53842 53233 29606 2698 -60448 -28791 -21329 7469 54941
r98 19743 15145 52629 28825 37533 -24268 13006 -57130 -16632 54008 -40222 -47806 -24454 15880 -47532 -25625 32865 -44103 -26614 -5612
r99 -59494 -55506 -58776 -42736 -5510 32755 -37203 52163 55213 -30207 -28969 16827 -39470 1668 14049 -14157 40964 -23150 48475 13246
r100 -53187 -31922 -54814 -22068 34453 786 1060 -38793 2604 -57059 11492 33083 61225 -7317 28406 35986 21547 20824 -60522 -31490
r101 44872 -25849 1553 -33542 -42409 46620 -65004 -10524 -631 51269 32269 18277 55854 34907 -39881 13382 -46323 49257 13818 14954
r102 -15091 54743 -52363 -42790 841 42147 42109 47487 14741 -18301 44193 63813 56980 26054 -16730 -29075 -50634 58029 -31163 51445
r103 -37885 50845 38092 -21903 25695 42566 3233 31985 39254 -17711 28018 36823 47171 57914 -34828 -30371 -63081 -14304 -48936 -29518
r104 -2292 -18292 26752 22007 7233 -55027 15370 41658 -18268 7670 47353 36863 24480 34508 20542 25167 702 -2820 -51316 -17860
r105 52813 -45427 -23336 -4264 27889 58306 63565 -34533 -50209 15944 -3477 -6886 19647 13618 57479 25245 -6155 47437 -64635 -52360
r106 -11824 -36039 37441 11096 30853 -39029 -27734 -14690 19283 62277 -32001 -26521 21684 -47197 -55697 -53681 12412 47228 -20337 -33060
r107 -39883 60355 -20934 -52385 -31440 -8807 11685 -19689 42986 -48869 -65256 -50794 -12692 -2316 -46982 60063 42073 42400 -5805 23199
r108 61746 13177 24479 -65357 -25302 42952 -4432 32804 16050 -58985 3721 22870 20573 -56979 -31870 47458 -59982 16779 -40840 11947
r109 64272 46282 45713 -6089 -59194 19399 64010 -64071 -53577 11713 -53391 15283 23376 23850 21377 27378 36726 29054 -57724 -34234
r110 39244 -3914 -41698 13397 -25251 49762 61478 -38593 -56423 60755 24073 -61873 19947 -56352 27061 37328 30149 -43461 35687 11389
r111 -18953 54319 37489 -14531 50517 60553 -38095 -52207 -46831 42947 17810 -27229 -58485 -57817 -3983 -13511 -2194 36666 57172 -633
r112 -46508 -59928 -35268 134 23229 -9720 51544 -27945 -13880 -20365 8937 -38019 2664 25579 53691 -45010 -23995 -50727 26652 -43871
r113 43539 12136 10505 26745 -10239 62289 40761 -32122 46488 -3629 33753 37107 6135 61445 -8777 -47130 -15962 56299 62060 58003
r114 38983 -14131 36432 39469 -43472 35073 -25003 62647 -46903 47407 50651 -5032 -46608 35569 3178 431 -54206 -14891 -8631 -36281
r115 5168 -5853 -56973 -28077 35631 -34233 39239 -62505 -56248 -48612 -51269 41702 -20345 21236 30281 11290 -44181 -425 -4010 -65010
r116 65257 -2362 35599 20490 -11430 17857 24682 28977 -43987 -28836 1493 58693 -21462 52115 43025 3083 32112 -45444 35650 13549
r117 32756 32659 102 -39941 56768 -55194 8038 42211 5616 49056 -18010 -57974 18740 48423 6517 52623 52023 42568 -8035 36774
r118 48412 40046 30805 677 47509 -7805 38070 46458 61540 -2428 17680 17847 -56038 -5223 60044 -29283 56396 35179 12747 -17757
r119 -2983 35030 43268 -7310 -105 -25439 -47051 -21366 -8687 -28111 -57953 -19403 -14181 -16746 59703 64764 1171 -45886 21862 -2265
r120 26018 249 -35956 -40323 -17110 41872 60710 59928 -982 26991 13670 48247 -63745 -2226 23948 40513 24564 -3862 62147 -2109
r121 23513 -56018 -59690 -20311 6515 -18877 -12915 29562 44299 51870 -58231 -59609 15991 12233 23330 -26181 40168 -57590 16296 25484
r122 45321 -49920 -34689 13050 55874 -25882 44432 -42053 -13896 -30761 -57751 -63052 9705 -36822 -54290 -24390 16173 -27225 30990 27539
r123 -45913 26250 -5142 54352 -18241 34758 -64393 37980 53123 -54353 -15770 -6967 55385 14911 -52053 26388 -43211 34312 42469 -34681
r124 62903 63182 19873 -3952 18728 -31482 -9059 -12136 -19341 -330 -60091 -64515 -30897 49311 28232 52239 60191 5233 20460 4314
r125 -45353 -42732 6967 -40190 2704 -27085 23613 -36342 -50249 10861 10117 -14390 -44335 61911 59708 47500 -5495 8271 -40756 -37758
r126 -37969 -466 -23509 -18148 34279 -37127 28095 34503 11473 49888 38769 -35138 42228 46595 51199 -18128 61707 -12806 -9094 -4672
r127 33510 -16460 -47365 18065 44730 53951 -28420 14973 -10262 38460 8277 9667 40761 38885 9172 -62308 -9892 -8540 -63159 -28131
r128 47649 -60934 -13637 43355 33829 -1608 42947 34154 -63861 -27287 36000 -61129 -64238 -52610 30230 -35600 47175 47266 47981 -43641
r129 17715 39306 -58654 51860 21438 15629 10865 -42204 28703 62713 -35071 59061 57816 -53515 15306 -58409 -24511 14575 49673 -11621
r130 -5156 40584 37825 -50936 -63127 -19715 -24810 -21806 -49516 -11810 1785 -60539 -19444 -16513 -59751 56857 6942 -22 -57077 43148
r131 46224 17182 25915 -44394 -11413 60748 55467 4259 -4667 -25811 -16124 42203 -38955 -49847 -15201 -38735 16895 -45634 45635 -13246
r132 17170 30453 37135 -56835 52700 -4113 -9072 -50360 29841 -39003 -327 23865 32960 -13636 -49736 -63990 -10711 -39415 -64720 -43124
r133 -31849 -43847 49630 -64923 -27121 -23537 4064 -57556 -37092 1650 10850 14124 48683 -12589 63988 44591 -40160 28612 -51898 -41613
r134 14637 43665 -11966 6787 -16728 -12459 -8308 60342 22405 52084 56753 16486 -28504 49177 -46587 -24652 -44578 -12152 58297 -53003
r135 44416 20850 -3836 44809 30809 50188 -25353 -41197 1358 602 -46270 25887 19365 57871 -48322 799 24646 -55328 53542 -27486
r136 52296 14020 -49308 -44085 11915 -26003 -41887 -10173 3337 -31292 -48687 49652 10986 51660 39548 -31777 -16636 -37632 59449 29474
r137 42199 21681 12930 -25290 -26151 -5075 30875 -26437 -18418 47782 32576 64132 -34589 -4527 2807 54382 57522 -40074 36644 -29515
r138 -42854 10492 -28527 -44 -35741 -604 -48379 -5380 53835 25883 55093 -35603 50945 2461 4706 54754 -44886 -30619 -7541 62805
r139 60701 -17906 31841 47669 14527 -5754 -8676 -43148 1953 -3400 -14745 8738 -34715 2087 29639 -52508 -28021 -5304 -8265 49725
r140 24550 11490 29830 38259 37839 29562 -48209 -6555 21451 47783 12450 56480 -49642 -48034 51050 2162 54072 44820 21722 13096
r141 -32913 -6718 61185 49680 -19966 30330 55653 64345 6779 -65274 -30358 13192 -34560 49220 59852 -797 24459 -12457 24768 37061
r142 -11014 -58310 -64968 44538 -22646 30967 22859 15170 47572 56017 33398 14715 54497 35774 -60368 -9429 8223 -41700 -19109 -10660
r143 16031 456 -48405 -32785 -45887 57292 -38466 -8320 -64832 -7779 23334 11401 -61064 -57209 44506 45126 -28964 3116 7502 24708
r144 48280 15163 -16437 -47148 -56608 -7131 -8440 28722 60622 -6994 46416 61605 5517 28085 12719 -563 -13358 5204 48365 10770
r145 16206 -58747 18465 -25208 38110 36994 16827 62906 -14167 54905 -343 59803 -41695 40546 677 -5275 26804 17094 -25695 40365
r146 -37124 10715 -24370 -27939 38487 18236 -63233 -38300 -5060 -13828 5940 33742 32197 -21168 -26799 34021 23762 8950 13597 10619
r147 -58971 19154 11952 14092 7594 50244 -19977 -1162 32191 51395 52942 -50150 -29087 -10110 32342 -52172 61605 40249 12298 42267
r148 -65479 2613 20665 -43281 12372 -18143 55758 46482 -35419 15092 636 -20071 51732 -15091 -50688 -15697 -43874 -60842 385 23186
r149 -18894 -32696 23082 -43176 15191 60879 -55916 -61435 49175 63164 -22423 -32706 -59462 9111 -27803 18641 50540 -16635 -6032 14053
r150 -29953 -21160 60260 8856 25433 26013 23275 12303 -17826 23616 57780 50904 -29002 -39629 -9100 10750 41628 18186 -27656 -4580
r151 -40020 2637 36573 -44333 -49005 -53401 36726 -13645 50749 -18373 5259 -29082 -12753 8006 -34326 -20761 -8509 56280 47145 3473
r152 -46293 9813 -24324 -51570 -39412 44347 38662 1255 -14217 39916 -15080 -60873 51292 -37457 -18861 -45101 20979 62078 13207 -30303
r153 28478 -13806 16216 -22179 43084 -59091 -24245 64551 -40117 -40987 -38120 -13428 31577 28381 51240 -34504 25418 -64430 -18561 -46118
r154 -46616 1970 34908 60278 -64699 29791 35506 2412 -47089 6353 13035 44366 -7183 57660 -32302 -49654 -43333 6085 63806 -54763
r155 21879 -63117 -37690 -36116 48623 57083 27463 -26869 -29938 8502 -45700 -41700 -51609 2572 40737 -63317 -57112 -40593 -42303 -48499
r156 55298 -31341 -2693 -47787 41254 21004 37316 -38965 -25788 19974 23274 18422 54930 -27550 -35768 -45836 -60928 7204 -6019 -31519
r157 -17786 -22976 -19003 48086 18257 50572 22298 -51522 -43381 -12066 5342 -44736 -19422 -10887 56635 -34279 3757 -57063 -43090 60155
r158 62770 52306 24926 -19788 -37648 -43143 -59062 -3001 52949 -10768 -13621 2529 -44145 31331 8679 48528 36897 5246 -30109 17779
r159 46612 23505 53466 44556 -31082 21530 21894 -24175 -35591 52002 24866 -60308 -53754 -61178 1920 -5175 -20677 9870 47162 -56632
r160 -49662 54829 -3194 51423 -58515 -323 -15883 -29857 42900 64332 -45776 30936 -47695 -54544 3900 -39331 36105 14016 65406 47803
r161 -4938 57222 57296 28514 -18652 28269 -10318 40448 -33484 28544 14106 51280 -14338 44493 49277 23115 53805 -47833 52708 -55487
r162 -3256 -38687 38865 -40169 -11107 -2611 31418 31500 9764 -16459 -55879 61397 -64994 17612 -20055 -56982 3237 -20427 -36254 -22604
r163 38249 -40148 5221 34745 -24104 3446 -36084 -51406 -63744 6768 -7117 -17678 43895 45055 52915 12447 -9964 -31709 -52891 65394
r164 -14737 -37507 -17467 46032 3377 20673 56392 688 -6124 38022 9201 -23028 -56271 -42357 49737 -33600 -59878 -25093 26738 -54557
r165 -11175 9251 27575 51035 -52842 -38278 9506 -15031 -61947 46585 36597 20204 19683 35018 -14985 57740 64882 4345 55228 -55093
r166 -4206 39795 10738 44458 -31815 -6960 58353 -26245 14925 -28102 16608 -17917 34081 45560 52408 8705 -18934 34957 -56989 39046
r167 -24905 11965 -57147 7340 -5976 -36237 60254 -58945 41554 -8321 -38169 56877 23173 -30936 48287 30416 13363 12101 62130 -20131
r168 -26777 38422 -63999 20529 51657 11677 -47574 53264 -64771 -45981 5886 29444 59806 -5576 56103 27627 -7716 -12806 -23996 -35776
r169 -4751 -5249 53235 4609 -12717 39326 42446 38155 -34528 56533 -49568 -13170 49761 28337 -25233 42602 11583 -63386 -37599 42797
r170 57598 -64069 -36678 -32319 -15069 23085 60295 34083 -1628 54199 -50578 -21540 -24447 54135 39051 -51574 63288 -39559 54398 50376
r171 1829 -35899 37038 -14162 -2956 36326 37063 52176 -18834 -35393 34622 53547 54992 -22480 -60557 18690 46252 -20412 47933 23814
r172 60592 -14719 -39469 60206 -8765 -24707 -17617 -61839 -39107 -58254 46298 8387 -51144 31068 37512 -65034 47142 -43344 -21451 21165
r173 -12952 29331 51336 -53713 15179 2319 -7691 -6837 26076 45619 35383 21132 -35683 -12174 -34130 -41671 -18095 -18043 56508 63775
r174 43551 19226 -26589 -46839 -10440 -18770 18383 10601 14672 -34618 -5939 -1350 -34664 -3981 19609 -3546 -60661 -46897 -56940 -56756
r175 61858 -30588 55002 56826 -6274 -47183 39535 51966 -59436 9722 51064 -32527 -35316 -6173 53166 56531 -1262 56958 -4258 27937
r176 36263 13643 61651 -17457 47949 21447 -487 7772 50104 -43799 -24631 -64232 39077 -44275 55720 -8762 57587 -27083 32890 -43872
r177 -13140 -10982 -39527 -20903 44001 2873 -14352 -42185 -55483 -28133 -47354 -31095 -37540 -63470 -64185 -20428 -64440 -261 3786 63303
r178 -10611 20462 56404 -31906 -62179 -62018 58209 17278 63853 -6125 -53303 -48291 -46460 -21387 5310 -33157 28439 -59940 18680 -42181
r179 -5140 63336 30182 26430 -45358 -13764 58696 -43385 41512 2116 -47063 40497 -24827 -14479 -44410 63567 -55706 10679 -8319 -42577
r180 -47687 -61416 -19482 53264 -53346 27273 -42781 6907 4951 22276 5342 -5591 60939 -61901 -4355 40470 10661 21072 46343 -59425
r181 -45415 -2848 -52847 -32253 13161 25338 55849 24661 11817 -1623 -37846 -14844 28102 16334 33927 19818 -42 4197 -15168 19384
r182 18248 52523 -37874 41824 -16722 6660 -59384 53787 -9306 53770 29069 52256 32217 -1966 33760 -18042 14609 -2054 41952 65110
r183 -57548 -36487 10048 11159 18377 -42078 44703 7366 57707 -55670 -20899 34464 22429 -50339 18291 -15422 877 14340 51333 57455
r184 -51960 62900 46317 -59886 9018 -55106 -60645 -2051 -29241 41852 20348 -37336 6752 30727 -18443 -25211 26871 61404 16823 -18457
r185 58460 -64146 56007 -36567 40041 42547 -42344 -62548 60268 8852 -9065 -17683 -49173 -23055 47578 -52730 -3818 -16373 -52217 -4811
r186 -33253 41465 50589 64188 41656 27884 44102 -34241 1283 -15219 -38893 32941 -21831 53095 5129 -30385 18942 37972 -24271 38952
r187 -21565 26754 -58996 14210 15224 -54130 -32304 44810 55860 -44844 28692 3802 20596 -32365 -48452 16072 -11876 -56969 56747 -33545
r188 -49238 40873 42161 -29561 22839 -62068 -5488 2866 41636 54694 16577 2104 -5120 57679 64740 -63683 25279 46120 -994 58766
r189 -7285 -9351 53687 58871 -9017 5169 -743 38908 48955 4114 3894 39689 16947 -63384 55574 -14807 19103 56699 -51899 -26825
r190 45230 36673 39620 -65237 -58236 -57537 55950 32584 -40883 -30618 -28840 -33459 60503 -59444 -35405 -41444 20860 130 2461 -12250
r191 -36553 -45741 23939 46175 53436 -18240 45590 27455 19397 -60563 20637 -14673 -31918 -45644 23147 27278 -7913 -60575 689 10742
r192 -35164 54734 23001 17009 -35086 11710 -11205 22928 -59268 -65226 -56729 46030 14987 -24205 -5696 -14450 -43267 43207 20674 3675
r193 -31733 -60929 37990 56340 -60687 54258 -16405 -62286 -53127 -10067 -6170 31932 -48779 8790 -26461 58344 -9699 -33718 5854 -24537
r194 26948 35769 5659 -58407 -1507 -45087 28367 -55599 39218 -23395 11048 1045 -49090 -54933 16457 43117 -28744 -56558 47497 54672
r195 593 59258 -63145 -22281 10937 11704 17795 35867 59461 10670 -17295 -32236 -12996 5942 15606 -30915 31359 -15318 -22029 -10272
r196 56295 -44954 55440 -42851 -59629 -21616 -424 16770 638 -51800 13637 -41672 -27959 -48932 40204 -6920 36410 -27814 9736 58532
r197 43519 41320 5357 63329 49110 54961 28678 -5841 19833 25052 9299 51814 -19462 3067 -31029 64768 10307 -3953 -3404 -63484
r198 -53153 -20689 -29113 -63119 -36495 11060 -39140 -48863 -51815 50518 -60905 -54011 -32649 39610 -39755 39815 39597 60887 -9332 17503
r199 58849 3494 -55504 -45773 -28855 39959 57680 -11294 59485 27565 -60901 14550 10442 -2426 14168 4936 13207 -24030 -30309 -60808
r200 -30086 -50150 -41013 27598 56553 25949 628 61313 -41096 21515 -16683 -63692 -57031 54764 -63615 -26630 32907 12568 32477 16557
r201 11311 64316 -15193 3280 29018 59829 -24693 16756 32894 -55663 54136 44631 -13370 5385 -9067 685 3576 27708 19878 -21015
r202 3044 -44397 -64910 -35185 -9684 53393 -10960 -13386 39085 9778 11390 -63980 -22376 56474 -27393 -48597 -23542 41501 -34067 36084
r203 12085 -17104 55471 5762 -29420 55314 49638 43344 -5880 24488 -53220 39656 20719 46376 57926 -15754 33085 58759 748 -42699
r204 55688 62865 -46973 -26991 45289 -12987 -9658 -51826 49419 -13249 30805 46987 46892 46364 -55660 -15905 -19215 -54591 -45046 -26982
r205 19300 -63677 -29438 60994 -29764 14349 -30848 -15945 33898 36165 25347 21569 -55322 26328 15139 13198 7932 60097 -61688 35546
r206 -61276 1074 12284 -7671 1090 -10743 -37829 -25587 34032 -41086 -20198 42633 -45955 -8189 3934 -56707 8333 -42052 -32938 48302
r207 -61345 -13011 -45034 -54685 11515 39051 -30670 52019 -48774 37142 22366 -58392 3340 -55245 31387 -45600 -132 -22537 -46494 19255
r208 45849 27096 -9176 -17713 45207 -64173 -62110 -20763 51583 -48729 2878 -11775 54991 49545 20238 47538 -53691 -60375 28233 19489
r209 -40244 19668 4552 54519 -7995 -24463 -28207 -58638 -1716 -4729 -52140 -39658 12221 59691 -49831 -8293 -31457 27441 51794 -37377
r210 -20682 29684 -17186 -48198 41589 -63733 -43861 63844 23075 -36352 63362 -18751 57109 41165 -50042 12660 48480 56355 61532 -35495
r211 -60372 -38380 -37877 13480 23800 55912 16422 51487 33973 -36962 -36671 -46036 49961 -53625 -35301 -28410 27980 -57789 55493 11999
r212 -16140 17709 17849 -65111 -63158 -43630 60603 -55515 29153 48527 -9643 -58491 -9544 57627 -21158 29713 -37305 2715 51200 -47937
r213 -47969 42611 -3536 -41553 -57870 40379 53160 -36863 -1347 58763 -2612 17153 30057 36010 15581 -53729 -2046 24520 55 14516
r214 -52177 -57909 65498 48525 -50940 -62416 -62723 34029 52995 -38718 56072 63933 47301 38364 -61226 -8364 -25041 48453 -53025 -21357
r215 -57328 -34589 -12268 22698 -47957 30680 46707 -27275 -18682 20057 42828 -45108 10994 -45052 13010 61232 -7053 -40694 35057 52787
r216 41643 -47464 52076 -38884 40020 12017 -24562 4773 32508 -31652 -4358 6825 -49657 -8826 48342 -13535 23580 23764 57152 -34397
r217 25928 12189 33639 -11415 -58520 28573 -9608 -15564 -42989 -56806 44923 -35956 -37358 27625 62656 61027 1839 -58193 56652 58171
r218 14962 -1411 -23736 40420 54750 -49709 -2515 47033 -54535 42642 61921 44697 166 -38911 52255 21196 -56124 -27866 -17220 -40101
r219 -64104 34480 -16221 59030 -57613 -30696 -43687 -62828 -58228 -45981 -41171 -23086 14041 15704 -26447 58324 -15421 -53897 56736 -53050
r220 -35666 51414 -42424 -35466 -3263 -18502 1215 23730 -101 62695 -51258 -42048 8478 -25839 -57926 61629 -14017 -50169 49404 28377
r221 2771 -57034 -19321 63607 52913 -34469 -19311 29790 -23416 5535 -7357 24698 35475 -56935 56827 47422 -33733 -60095 -41293 -21961
r222 -40805 -43427 -21035 32391 56028 3645 -35337 36923 28963 -8784 -54045 -40177 41152 53014 -51109 48547 16841 64213 17783 39871
r223 -60196 -38282 -4195 -31055 -24725 -16950 -33475 -6680 33784 -41917 22768 18126 -60035 43489 -4839 -45211 25008 48211 -13425 59060
r224 -22765 37694 37485 -2289 -22744 -55851 -34923 33543 38279 -400 22138 7652 45097 -60235 49920 55235 -51839 55414 -53205 -17949
r225 -50897 -6593 -12191 4576 -19089 -44441 26249 -16098 59909 64285 44745 20776 35569 -48323 -33126 53485 33720 42276 21812 10876
r226 -61864 39592 -39711 -36696 -30728 53897 -27957 22472 -31737 -37444 1641 51242 -48697 -33545 -20984 -6096 -31274 47176 11594 -3383
r227 58898 -55930 -38204 24688 -10947 37764 13265 -49633 -13197 -55708 -15085 -47237 5392 7680 12074 30694 -39205 -43875 16378 48587
r228 65254 7036 55096 -13118 30533 50467 -21943 -33539 29371 63619 -3994 -13635 41 -58884 -44038 -40390 -52700 206 -19662 8873
r229 -7417 56918 -37196 957 -33407 -44037 53910 55653 -55595 -9649 -41126 -43495 35845 -24572 56068 -58775 840 -47148 19972 -46155
r230 56604 -49360 49200 -16894 -8333 -25863 -36906 24953 60544 -30465 -32203 -41 61867 -47853 60796 20287 44033 45799 38054 34874
r231 18128 -53672 -16051 -20377 -54921 -5734 53860 -33917 11260 20447 -9130 25492 -17041 -22100 25531 4738 -623 47381 -29520 -38069
r232 26429 -10376 49900 40108 -63353 -51660 -23152 -34157 -28108 16814 8896 9864 23824 50938 18525 20218 -29146 -2086 11890 10363
r233 -30497 -34820 6940 52658 -8962 19486 995 -46367 -28029 -8813 -43289 31226 59560 65326 -19791 51005 -53806 -60028 -302 -32429
r234 11254 -9264 -8131 52818 33 40692 14591 51178 44379 -64817 -65158 -26297 -40792 -62321 55269 6355 17856 -36278 50900 56246
r235 35199 -50994 23649 -21499 30110 8594 18356 10607 -63902 -9956 -30380 -13100 -59852 -53934 64516 811 39615 -28464 -56797 36007
r236 4451 46581 50381 8049 58570 53919 -20783 13731 12279 37466 11220 -21713 63291 9247 -4846 64165 -19791 -31266 51777 -1116
r237 32311 30899 -52229 23939 20077 16844 50693 -5147 40818 2881 -16498 9030 16259 -35898 -54395 51525 -31783 56168 -21735 15931
r238 -56526 -28522 -28039 56580 -16223 -19758 -30746 -62231 22252 -9465 59130 50109 -48183 5838 2114 5764 -2670 35982 -32008 -8842
r239 -18744 -3837 -1271 -56752 -26925 61904 -65122 37930 -51544 62216 -18167 53115 51507 -17837 57821 23208 -55137 -17864 -58365 24659
r240 30202 34593 -42225 -4127 -56412 36112 -27768 -72 -38549 3186 -20265 28052 58767 61539 19581 23755 -8034 -22431 -51463 11128
r241 6385 -38352 58656 -20845 50468 63645 -28097 43328 -18146 -53193 -58914 -40334 44462 35629 -20965 -19189 -54445 -57810 48064 -20615
r242 -53366 -38300 21833 -54600 55511 60852 56498 -22802 21105 40451 35798 -54840 11094 29212 -51276 -63115 56644 -57055 -36820 40553
r243 -54073 19870 -50097 -17895 -28200 29041 17470 1674 29935 55724 -57517 -24288 28784 46854 -25043 -36183 -33793 -44516 24505 -5253
r244 53235 -36766 39813 -50080 -8017 45356 47169 -53221 -65239 9234 57142 -49096 -6641 20916 -33389 43137 -53162 -10014 53798 -48369
r245 -6960 39718 -56998 41978 -40400 30536 -50942 58084 -7639 57991 27193 1880 41831 -62386 15970 17342 29105 60351 33970 37728
r246 20508 -14760 -24195 46344 -24810 38732 -24561 32905 1559 35106 4752 -766 -54379 -44098 60572 -6772 39773 -10500 5070 -48973
r247 -20931 48824 -43330 47008 -9195 -2780 38361 -22196 -37090 42893 60990 -52048 -20882 47228 16196 -32940 8881 3061 9351 23217
r248 50049 -34260 -62977 18957 -50117 -57445 63212 -60991 -63935 -45379 -30359 24240 65513 24440 -35415 -38656 -1993 -32492 -19379 12961
r249 -51384 3177 20694 41571 -8950 3508 61624 34430 -6712 -2682 4348 -36320 32118 49590 14109 -2740 -11827 45041 41955 32092
r250 -52630 -61444 34372 2424 -27111 -3792 -40592 -51590 39305 -30905 43361 24029 50278 4556 5097 28158 -61777 -32630 -1621 12406
r251 -11326 -45675 62083 -32347 31243 34651 20907 -6361 -21249 -8287 -43135 -62255 -63646 6538 -23227 26233 43888 32287 20423 -45183
r252 26500 -10724 12147 -13232 -16322 -64602 -45543 -13670 -9444 42380 21367 18959 -61347 60061 53068 30313 -61417 -54718 44472 -26777
r253 9398 -10890 -6511 -52215 -3823 17159 34304 9763 -10570 8065 -61891 -31807 33616 39083 -47296 -65317 9070 62855 53105 64922
r254 7577 59925 -6840 26642 -5789 -48739 -42159 44946 -41823 13795 27402 -13383 4410 -58216 -59635 -22709 -40468 -10393 56162 17681
r255 10543 -6713 -35701 46555 27551 -50122 -20680 53979 3777 -19350 -53268 58700 51631 27886 -30112 -23245 38497 -48564 -36607 56421
r256 24399 45295 -7012 59141 -58968 42773 63841 -23081 36910 -6090 31171 -21362 5 -9245 -20545 11049 54214 -24315 -15975 -38905
r257 49329 -24810 -1232 -42459 -16673 5296 -54916 -54362 -4342 61435 20331 -35062 57833 38891 -33882 36798 62565 61985 -63726 3077
r258 -65347 -42239 -13861 -51969 8197 -50912 61428 55625 52125 -6196 40243 -22729 47614 26321 44171 63342 28724 -58277 -54383 -11859
r259 -24419 -46147 18747 24805 3220 52890 -38450 12542 -52691 -3634 3214 19430 40459 15043 39044 2042 -61728 -54840 63326 -45107
r260 13095 48183 -30113 20941 -58436 33050 -9890 -41255 57357 62397 -31496 47291 -46109 -58217 -30603 33567 -13479 34990 26283 -11383
r261 34126 -549 -24503 -7730 -50055 7402 -53662 27756 -1924 -22263 19681 -58884 -21285 7572 -1299 50309 -52643 22571 -58998 -6699
r262 -31287 -36444 49426 44198 16868 14082 38277 -31111 32454 50608 -12218 -21833 -10798 -60715 44519 -273 52218 62166 29188 2530
r263 2674 -1667 37258 -5071 -10572 -14029 2717 -26487 -49626 24144 11171 21744 4061 43779 -6332 27829 59835 -58584 -51843 32600
r264 20929 -1081 27437 55493 2957 -64259 52408 17284 -36316 -21026 -14495 52928 -40385 29677 -5041 55045 45033 -50235 -32152 -17883
r265 13221 54448 -23528 -56129 27687 22063 -23416 63494 52718 -54019 61892 -1353 -1590 -38378 -62297 21709 -46338 33088 49550 53022
r266 58447 -5127 46246 16214 -36878 -56193 54479 23277 -58467 51534 -9040 -50398 -58237 36940 39662 -13828 27352 -47643 -11703 24382
r267 46921 28244 33024 -48624 -12808 -50097 53651 -55527 34791 63191 -1391 -37738 21179 -57521 -46708 59928 -28391 32000 -29709 -21551
r268 11961 -47453 41512 13016 -63945 -54704 -19639 57487 -26398 2179 -901 -44057 -9796 994 14722 57965 35257 4118 1746 -15476
r269 -50376 45680 -2967 -50837 -56622 58018 13376 13385 -2933 51220 -7063 -64993 -56395 -60180 -54949 -28844 -19630 -62788 -64904 38314
r270 58062 32543 -19191 27215 -29859 -25824 -30300 -43110 7609 -25258 16089 26616 62181 -45559 -38551 -42213 8076 -57655 -40031 -3594
r271 -47641 41772 19217 59004 15552 -27626 -44341 -29271 -48370 -52867 -49840 -42758 7809 -9792 45491 -19674 -31940 43525 42540 -43148
r272 55214 -38198 38459 12771 3641 17346 6390 -14565 56529 -56234 -64640 -11311 -44551 -20443 26673 -7989 9641 33150 -63788 50763
r273 -32663 -38125 43325 -64587 22908 -36042 -35711 28776 -63370 -24638 -53748 -29727 53827 29854 -2686 -255 2462 -34134 -44763 -3414
r274 -51707 17708 47983 46958 -58249 5810 40763 -22432 -32526 -30805 -29329 56165 41713 55411 -19006 38671 -34762 -2966 63360 -43678
r275 -49305 -43183 -58884 -55353 -41331 -26104 -64367 -846 -22174 -53514 37201 -45368 16597 46684 -60428 -28268 39817 24649 194 -44631
r276 59773 -54788 -44086 10376 13388 30446 -22518 -32304 65336 -8584 -50021 -9646 -19135 -35133 -15665 -60414 41783 53107 -29963 63545
r277 32146 64219 45154 26510 -10008 -40898 -59867 54718 -1153 34488 -1738 -49331 5297 -15224 19388 -40840 -17719 3609 -4918 7578
r278 -1334 -7201 63885 29455 35822 -21200 52515 48355 42478 -51458 38250 -43586 -20461 53135 26188 45610 57040 21689 2847 39705
r279 -4986 -21148 -43323 29618 4794 28768 15948 -15712 25791 13476 -44651 59446 12492 -16073 -31674 47392 34625 9385 385 -11623
r280 41437 -18906 -8668 -21140 -45560 -15910 -22797 5522 57555 -16506 -43938 62463 30849 10718 -42097 33205 32132 -28354 43010 1432
r281 38326 -53668 -17806 841 -19521 39092 -61688 53865 58339 -40394 -55734 39811 56089 -37940 -24299 32630 40803 -18730 -52741 -47667
r282 -2907 30231 13070 49206 -36146 -10552 18839 -42499 17744 -10308 -51766 56570 -22592 17142 11105 7822 24849 21925 15740 -37093
r283 3955 35232 1023 55788 34628 -29849 18111 55693 43630 -27199 -29441 41093 31904 -34310 19015 33723 11621 14212 -64357 13994
r284 -52168 47512 -12614 4986 39923 -37998 34088 29819 -23160 -27950 37994 14383 52693 -4798 32807 -7750 -6757 -47921 31771 -64487
r285 -58103 63967 -49932 44434 15014 8888 42532 3738 -15923 -42375 29061 -36145 29819 -53804 -58554 26726 28991 -10056 5308 -16625
r286 -20738 43419 -5727 -28193 30633 5081 4198 -42823 -55868 -23805 27258 1295 1190 63376 4498 45113 17113 45032 29807 16351
r287 27800 -15384 -34586 -48477 43386 -34030 -29572 62598 -30352 1699 55502 46396 -38506 50923 -17007 29127 65329 -40242 48534 55366
r288 57181 51096 17014 32462 -32052 -22830 -38616 49360 -6653 23725 22231 -31161 1489 31190 21034 36354 -22510 21362 23921 61548
r289 63631 -32600 32152 25365 25941 -10296 35545 -44339 -15967 -30309 -25195 -3126 -39622 -6945 55217 16727 -15157 -23382 -22016 -1151
r290 8086 17792 39270 -5039 1207 53750 48394 57182 -58234 -47257 -51269 24941 -821 29331 3728 34188 18442 24233 -6107 -48501
r291 -60876 -37967 51460 43213 50444 -57817 -53520 60422 3140 9188 -19410 48116 -27894 22916 -13218 -41594 1528 -15115 -19484 18616
r292 -29831 27366 52004 55504 -56495 52011 61387 36971 62411 23159 -64957 5663 -48116 -43254 -26803 -16566 32132 -32004 -20389 -29813
r293 -10449 -39091 51932 40273 26741 13705 -23373 -44749 61315 -49638 44285 12237 15394 16951 -42479 -20377 -27258 64956 27287 22598
r294 51266 38347 -2530 1627 46089 56092 18305 60795 -61438 -18573 41641 21286 -6089 -29441 -6002 54424 -43221 34449 19082 -26541
r295 53396 -36995 -25379 -1826 23760 -39237 -65256 8615 -22978 64909 9474 14837 6186 -43372 -61848 -30606 -10190 -29554 -30087 -26979
r296 25709 44911 10929 23638 -35127 -3427 49725 10077 -1927 -35784 -63788 -39921 46002 -53581 -25762 40132 -9155 53675 65044 30241
r297 -45212 -59089 -14688 52304 -49501 57722 35962 34774 42251 -30982 -28747 41162 8313 -46570 -51911 -6269 31660 -27897 -50545 54682
r298 -14218 -7022 -38813 -12383 11250 28371 11791 54864 45133 56776 -46564 41196 18185 37053 14363 -13830 33209 -49127 14448 -10248
r299 35626 -7753 -53810 13993 -45817 44564 -37554 20244 -10066 17866 65082 46951 -59289 56340 -19899 -48018 9549 30584 44878 -27349
r300 -4602 57591 -25247 59993 -8584 -1328 -43845 -57429 -24256 6592 2692 62320 16255 34674 52374 -8566 2324 42312 8411 -1207
r301 -25573 -4844 45796 26518 54951 30933 -57701 -58556 -33963 -5879 17725 -23132 49071 16677 -34519 -28783 -46875 42560 -44526 9271
r302 -48819 -13211 -56517 1100 -46610 -63462 7154 -62792 -41841 29492 -15293 41023 18887 -45171 1570 26896 57481 65209 8249 -13008
r303 -409 -49161 6044 -17911 27065 -47523 -42168 -19951 -35217 -17575 -16125 -3360 7331 -26573 -40248 -62368 38434 -43184 63662 13860
r304 -37690 8202 -2302 -56787 -62177 -41663 9978 41009 -46548 -14443 41132 27481 24006 -47461 37587 18542 8692 24948 -44260 63729
r305 -24307 41309 14358 25544 -9241 2893 58536 -46265 -39446 54484 7666 20866 36836 -56246 52870 6683 -33382 -21359 -10082 45389
r306 -26722 -2766 -20300 30498 -56955 4747 -22773 -58601 -43136 29209 10569 14856 -59223 -3660 -18512 -27441 -46765 53341 65296 19625
r307 26379 -17937 -6636 -64375 62920 -37194 -32153 59464 45188 40202 -55321 9085 -9459 -890 -52874 3713 -2040 58521 19736 -46273
r308 2231 -12880 -49534 52905 62865 -1442 55060 54548 -19130 -5271 -38891 58839 -14322 -17640 29265 11288 29256 -55724 -47970 55649
r309 -61295 -16742 -10516 30031 50038 2808 29250 39257 58327 60490 56598 9541 -58396 46408 32457 -64153 24078 30479 53520 -35821
r310 19695 28356 26415 -20072 -64774 -40920 -11698 -48675 31711 -30266 11149 -39860 51229 20676 -27108 -44276 40579 -60446 -39947 41702
r311 -56939 31835 -2146 3279 59310 13674 16864 -54492 -21895 63734 26297 -56034 19763 45682 26115 4259 -49319 43047 -61696 11461
r312 -19075 5166 5174 17307 -4021 -57479 19133 33880 -10461 -29987 -54501 -57352 -1353 16630 -56791 50285 33820 -37018 45757 -12961
r313 1013 -44680 -48015 18492 63316 -20575 26507 -18762 2995 -23544 49534 -44766 -53353 679 64250 21158 60262 -33819 -47973 -12786
r314 -25577 -53394 -53924 28797 36284 -28998 -48420 -55659 -63799 -54124 19092 14669 -12822 -56488 20672 -746 -36118 -29677 -5231 62445
r315 60206 17961 -15131 -30650 30718 -22684 -46322 -32122 -49067 41260 -10638 -37093 2342 -57278 44207 -64102 -33168 11699 -23561 -45960
r316 39547 51336 -35421 54845 -39986 14876 -39331 -36421 3727 -12383 -7974 30301 30620 -44144 -15297 62229 -34057 -31637 -14559 -22734
r317 47413 -46479 6842 -42927 23220 3001 -33572 -6769 43054 18093 34941 16969 34134 -28631 -14614 27567 -10873 -45625 -62059 17355
r318 12597 -20022 -47839 -36300 17727 -39067 22868 63196 49155 -22523 -61398 61192 38821 -58597 31004 38949 58692 -10859 -28675 37362
r319 5654 31223 16554 57994 48083 -44270 18986 -18365 -23157 26053 -21738 -22830 58493 -9624 29119 -26995 -16016 -30548 -26274 21522
r320 -23671 61754 39569 49417 14093 -63547 -8128 -3171 -42301 -15934 -44374 64924 -30067 51291 -54113 28065 -19689 63644 14619 -30273
r321 -38634 6960 23534 -63888 -10245 33474 4847 -34169 49150 16843 -2102 52329 -17773 39472 -44070 -17992 28859 27952 -24592 -8408
r322 -3722 -3596 -59102 16320 43248 -9272 42950 62669 4694 10691 -52548 -46892 28219 58683 34594 22076 28436 -62446 -1697 -19952
r323 -1283 8990 12321 15077 63968 61954 352 -58325 61996 45543 29363 -41176 24504 65454 5177 11596 45588 -13375 -17306 12625
r324 -47916 -4851 -8954 -59568 26687 5181 60185 -25234 -5202 544 -21164 -28957 14104 34222 23180 28113 52825 13032 -14966 -39853
r325 4204 -46441 60382 -59958 -18943 -5314 36510 57856 54857 -16447 -35770 -7832 -5207 42926 -49125 2145 -22416 -44437 -63569 19031
r326 -55035 -11926 61783 23392 41414 3781 60077 15519 -17070 9644 -38459 42982 38026 -47696 -37699 28227 -41225 -54079 -23950 -27421
r327 63723 28967 -41000 -13749 55809 58053 1727 62223 15691 52860 31395 60686 1901 -12504 11520 -42499 13414 -48538 8995 48095
r328 -48797 -61106 -42265 30421 -55703 -18504 -28714 4242 50715 -46237 45944 -30011 14330 -31407 24339 33593 -49445 -29294 -59735 17659
r329 17950 -2433 -62977 -22309 -24324 -51928 54074 -50997 -10583 -20164 -18915 46546 10697 52345 -40116 38992 17265 -28065 -22827 -8550
r330 -42629 17635 36661 17811 33534 48145 -33317 34512 -21163 -28049 4188 -30513 -5222 -38371 11508 -50596 -1353 -38715 37489 -24882
r331 43382 43857 52217 35943 43024 -16084 -59667 8737 16544 -54511 24762 -2667 -15969 -9046 -3541 16859 -22344 -21327 36538 -3946
r332 35581 40267 -31677 48377 -41126 -30718 -63061 -43458 25903 5486 10029 -8082 64524 -27400 -18298 39976 57575 -26059 34575 50706
r333 -29412 42859 15891 -57136 -52853 -34231 58610 37918 -59205 62064 36847 53812 -43475 -4297 24635 -60844 -59069 19633 53832 34543
r334 48883 29958 -65181 -62962 31178 58735 32558 -2337 -50581 46262 -7697 -2177 55584 28698 55247 -29374 -60958 48987 -18590 64489
r335 56815 -17007 -28637 -33814 -19230 -22495 -46827 -60055 6607 -20691 34555 -22250 38146 19125 13771 5292 18658 -10282 29037 61195
r336 -41663 -37660 -15447 -59296 -15528 -50106 6892 7331 -18462 44934 -8552 15531 -57626 -2645 -41720 25855 1361 -20414 -7941 -61326
r337 57537 56434 57651 -63376 43896 -12181 -37385 -24403 41027 -4436 22801 -19928 -37668 -9535 -47504 -37249 13980 7315 -56988 -7577
r338 24551 39462 39866 4898 -3981 28334 14208 -11350 29481 -62133 -49023 -13812 36770 35060 -53506 -2811 -1285 37325 391 -1047
r339 -2023 55998 -48232 -53674 -38698 -68 13312 -6763 -44323 23422 59899 -28426 46622 -54644 -21320 -34616 -49117 -34879 -63867 -8853
r340 8655 39577 17570 62286 48702 44061 21406 -26110 16361 -42690 105 -18895 47456 62706 61478 -46290 -22997 42222 40071 -53732
r341 -47725 -62851 -18405 -15620 -283 -50385 11127 -1001 24554 60783 36748 48628 44604 21072 26177 7805 -65460 58534 53773 -23666
r342 64785 -26161 -21366 -25289 5294 41276 1774 36108 -36071 33954 -10398 59465 -2428 -60840 -8353 41101 59224 -50813 -32970 -28117
r343 5802 -16943 -62901 12786 -34893 6367 -58377 21489 38374 -22152 -32009 35254 -24514 42887 -23106 44077 -45930 -14538 59505 -25184
r344 -48185 44491 1108 31598 45920 -29359 -7075 24480 29249 -51826 3951 4457 -26413 48018 -30098 45455 48369 -37839 -16210 -54057
r345 64690 60207 -37216 34677 20904 -60411 -3169 27051 41144 9324 55870 64626 -3676 31744 -49807 -53488 324 -51074 -14845 -63719
r346 26355 -54956 -39277 1928 -43405 -59286 26823 15998 -48606 8538 -29780 -23182 -21541 -53926 21746 -18514 9826 -16755 -31535 42146
r347 -12244 -36723 12645 14101 16752 35425 -2420 -25759 43696 -48440 59411 -19037 -59010 -8576 -5377 -29722 -41852 -34250 -29876 62214
r348 53190 -27655 -54827 -47911 24332 45576 -42920 58943 35706 2022 -23484 -54582 18557 49191 22114 -21737 21606 -30543 42442 10420
r349 57114 -40331 -38122 53917 -33771 -12159 55547 45561 31804 -27367 53200 37725 -51583 11682 -7550 26772 -24667 41731 62464 20867
r350 58981 -4335 25236 18330 58960 62723 31082 7713 -8 -39953 62952 45510 56701 -45682 -55165 -40368 16430 46427 -35053 -55682
r351 -61046 -55135 32107 41498 28690 8005 -61838 -40230 -27270 49021 59091 13191 56820 43208 24739 -20035 29535 -65287 49938 40411
r352 -38345 -20106 7305 -16236 44707 -65391 3544 -45488 -16724 47736 -51689 -61799 59613 -8728 9753 -10205 51323 -28205 10130 -44750
r353 -20740 -54333 4555 49522 -35462 23504 -22705 -11172 58903 34093 -24397 222 22122 29097 5266 15157 -49252 -65237 -44680 -48490
r354 -46866 -32361 -46627 -35327 -42091 31100 -25806 41088 61234 39005 -42041 -42318 -23341 -25976 39230 -49536 -52814 38077 -64422 -32951
r355 8138 -33752 3783 2635 23632 58815 -65073 40849 -34522 7586 38903 -6706 13292 4953 24454 29264 34747 8645 -47259 -24980
r356 -58441 48644 -48690 59436 -62332 -4560 -59881 -11773 -25749 55516 31322 7212 -65267 -51027 -1609 49853 -63127 -8157 -17425 -6302
r357 61308 5231 62809 62194 -11532 55017 24245 34912 -38171 -3818 -25007 -11525 22177 47009 -35740 -61378 18896 -44806 -12709 -2899
r358 41872 -47403 -63466 -40257 10363 57372 -60101 -26479 -42592 27646 22565 -55459 -54860 -33949 -41933 8716 -24867 -50822 -27328 64975
r359 -45994 -62379 16082 -1831 733 423 -18211 19217 60252 35526 34447 39412 45897 -46573 -3724 55982 29249 3875 36200 -30408
r360 51638 -49135 -30400 -43253 38494 -12952 50917 46053 -59229 -43659 34042 -32762 -16023 9498 -16298 -59888 -47888 -19911 -42045 40096
r361 -43328 -47241 -54442 -60640 8401 -5642 37905 3534 -25721 49775 18273 5267 -6609 -41063 42314 -26424 -64908 13245 36489 38688
r362 7025 8633 46047 44338 15505 5367 41867 -27262 640 -30883 49799 36297 -65036 -32779 31983 -9910 -21770 37415 -33348 -31904
r363 34201 -40932 61866 -35678 1574 47198 47828 36131 -30195 16592 26756 33923 -59115 40250 25837 -62584 -21155 -181 -36988 29010
r364 -18572 4429 -14029 15321 -60196 -33872 -50649 12393 -11205 -54391 62540 29637 -47827 -34193 -20169 -51971 -1706 38839 61966 21478
r365 -47962 -55496 12048 4643 19469 10344 37622 23953 56526 36502 -42089 -9548 19891 -32249 20342 -22815 58346 -52705 -55798 20812
r366 -56991 29310 -54368 46207 -5477 -7300 -36629 -8477 6178 -23308 -31141 -48753 -27261 -34098 64221 64579 28239 -56797 -55078 47189
r367 -41165 61012 -61647 -16901 -52509 39435 50489 -13065 34090 -11655 -57048 -38363 16114 -3691 62297 -38306 -51655 -21496 6912 -45044
r368 45117 -11446 -70 -64649 52463 -8039 -44497 -14407 -8403 61180 -38132 -24971 -19225 -1728 -38713 32003 57343 62767 9113 17983
r369 -8963 45014 -18962 19498 26140 54456 24451 15078 6155 23992 -31096 20642 41483 15669 42643 -32819 -28727 31757 -46053 50177
r370 -10751 -20985 -20229 -14528 -62233 -9578 49439 -13265 -5342 -35526 52764 24458 -36328 -23858 -52756 -22538 5971 -26874 29309 6108
r371 -3520 -53657 -29093 11200 42173 23442 45701 32467 5844 -36203 12690 32929 37259 -20206 13935 -42449 -32461 37891 6804 50677
r372 -187 52316 -41440 54050 60023 -9161 -43143 14528 4508 -18390 62001 -3633 37316 10395 -64181 27539 -58003 -3810 -49105 55665
r373 -57084 17274 52485 -1783 41018 -40530 9054 9152 38274 32045 41494 -10423 -19604 -12269 -36462 14062 15425 -33110 42207 2429
r374 -33685 -10571 -39733 3360 -51977 -53786 -11408 33794 5899 -61471 37164 -16741 30340 -53157 -49752 34711 -21720 -21413 987 25088
r375 2846 -18160 45301 35059 -19889 -30723 -6762 14402 6031 42597 -50200 -57169 -27247 63481 62157 6202 -42068 -39655 -30245 13785
r376 -30593 13945 -20889 6010 23265 -11952 18374 3786 51328 -42679 34231 41023 -52860 40305 65373 58077 25785 -36216 39332 -58763
r377 -28279 -62889 18245 14027 10511 50944 20455 42062 -50353 -33872 -1397 -40679 -3049 -49326 47359 -55614 -189 39069 62351 -25708
r378 32380 -33587 -3134 34332 38383 37391 65087 26583 58848 -32616 -55779 18253 -25757 -41188 10519 -32126 -48398 14841 -27127 -57486
r379 54701 -24430 -60479 -31109 24858 24661 46696 -10280 37747 65402 39714 26545 -39048 -48885 -9593 -16018 -22239 -4082 58837 -20187
r380 -22750 -45961 52441 4416 43455 45272 -2776 -32921 55499 -26426 34880 -17444 -35256 64727 19570 -12341 -56689 49014 40519 17154
r381 -6679 -316 -64250 -8909 4840 41183 -11638 25258 -23438 25580 33908 11565 -32326 -3572 -7090 -18023 -41077 54977 -3066 -26077
r382 -82 -57552 43575 40305 -47613 57825 27967 3114 -28503 37964 -7307 -8499 -61122 21553 54773 -11316 39533 -3416 -36463 17617
r383 -4439 -20268 -62886 43512 47264 -18119 32616 25871 19237 20702 6433 36425 15376 1041 15722 -6512 -20812 12187 -64811 -61575
r384 -40491 25617 -49355 3359 43111 30442 31713 -11290 53151 11764 5066 -39387 14113 -137 -16188 -53401 -34495 -27926 5668 -63194
r385 42198 -63010 60247 -27478 -6729 -38637 8349 63713 58954 12639 38461 55962 -45285 -22077 9662 -10653 -36006 -64402 -59346 22126
r386 11127 -21445 63998 -52000 -15100 -34438 -32374 -13892 -46015 -19905 38353 -4416 47770 41377 -37592 23821 39169 -7429 62664 12836
r387 -51360 43617 23248 21218 39652 -37807 34746 -35003 -34802 -31604 -22218 40774 -55317 -35110 -29155 934 -59430 32081 -52910 -43949
r388 32522 -54169 -9395 -51364 43425 62109 29459 -40706 -49494 -38641 -15189 -14977 -42927 1213 49782 -60110 -44028 -18655 -46698 28315
r389 -60128 -11559 11574 17278 -53874 -5495 -2972 62049 -36431 27736 3943 42823 -36753 30968 42453 -22942 -47143 -61900 -5600 49927
r390 -2423 10896 -65308 2165 34411 4810 22613 682 50842 39561 -29803 8980 -38078 -5128 -47882 -18835 -49075 -33913 10085 -29747
r391 -46402 -56392 37941 -21638 28571 -18916 39363 14740 -30958 -61974 26510 -35354 36869 -47820 -36520 64169 -5159 53570 -21474 22795
r392 56297 12854 -1683 42202 16590 -62275 22684 -37407 -35671 -53201 -34199 -4943 -8692 7102 -42662 -47985 -57419 -38097 -56059 -32420
r393 -12640 24532 46954 32879 50771 10558 14425 -44807 -49890 30791 -61575 29946 -53493 -53824 -54748 4865 24865 -49887 58246 -37177
r394 -50317 -58444 -55108 17774 44902 28571 -60731 61527 -28356 -20115 39102 -40862 61510 -20649 59975 59423 -22147 5841 -53433 -44875
r395 -60811 57425 -1107 39080 -21801 58900 18533 -33932 51780 34327 61676 8641 -46375 53425 -56510 20290 -23659 -38699 -2432 55849
r396 57399 35904 -44916 16148 42557 25705 3287 32182 57581 -17350 -19402 -53241 -2723 52055 33281 -10511 60453 48129 -32533 -64626
r397 13776 -52124 1333 -29021 47348 -25565 8792 62612 326 12763 58554 -31796 61106 13471 -30709 -822 22438 -57698 8132 -15998
r398 -51014 35198 42509 53804 28474 -60245 20428 50209 46514 -10841 -751 4286 62245 33276 -12262 41481 48675 -39035 24974 -28429
r399 -11513 57512 24282 -6879 62507 3624 27457 6926 -60938 -52677 24011 -1153 -7121 14779 -53154 60986 6294 -23493 -64269 7858
r400 -50714 -8087 9784 -59201 -4508 -36710 -46567 -60413 -28045 -13922 -59406 -52765 -9003 6502 -24216 46985 40296 61470 4059 -45209
r401 13732 -21704 43170 -52189 47996 -52792 -24610 -24248 8292 -10451 -28569 51561 25336 41442 21067 -27629 59015 12260 -14078 9747
r402 -63287 7009 -63552 23951 21496 -28355 -63062 53062 62309 -37803 21589 -43886 -57909 50206 -51252 -40380 -4716 4457 686 -59784
r403 -27964 14618 -18609 -15391 42407 2928 52192 -33123 -53166 25775 22807 21169 35067 31959 61945 -2950 49244 -34309 -11731 -31236
r404 30768 -35771 26277 -18052 36043 60780 -4529 -7829 38504 -60345 -60388 -18532 33912 -41624 34609 18762 -63009 42849 14089 -16344
r405 21118 -50992 60661 42466 -18398 41967 -47328 10505 61933 -27443 -7441 27283 -56725 -27450 -6081 48723 -36099 -38409 33891 35475
r406 3605 -3977 -17950 -24990 -57155 52118 21056 59153 13539 -46983 -60977 5692 21831 49248 61774 -28799 -16525 -31459 17600 24490
r407 -49744 18516 -35151 -61248 4130 30933 -65472 22614 11444 51681 11009 37043 25892 43531 -55538 -36421 -54353 28390 -23343 -16700
r408 -25104 -40169 21420 65239 -25771 53524 63758 11738 -37235 -17926 25232 65171 -32212 57006 15219 -15257 52423 -63324 -11012 21873
r409 47877 -56003 -6950 -2714 40589 -29056 27594 23210 2298 62751 -42690 26165 44486 -33484 -15819 52614 17241 10958 -46710 -61721
r410 2189 -100 32362 -27875 -51827 55464 32238 46981 25994 22255 -41024 7703 25864 42567 19514 -49385 -18870 64350 33937 8269
r411 -27860 -46726 -61913 -52573 -56908 48799 -51034 -45224 30777 -22302 63162 -40538 -3176 -12175 -39656 -39447 8172 -12876 -21169 -85
r412 -29645 10988 -28162 55278 65007 -43772 55136 -27755 60270 47801 -4745 -40962 -24284 -28970 17630 56392 -33363 -42559 49164 -36553
r413 48527 16466 -26931 -28276 1315 11543 -49477 9265 -38443 59860 -61772 36856 51198 -63839 -7690 54341 -31005 -4255 -42850 -7301
r414 -53123 64452 40514 51374 -28878 56686 38377 -35826 57840 37140 -5159 -7691 30898 -11609 57263 57554 -6961 16582 -50976 22625
r415 -34619 -19418 -10747 -34629 21108 -17869 23063 48888 -21017 -64587 58662 -48879 -46831 27429 -2468 -15173 -11331 -16323 -23705 49730
r416 21851 6137 -42237 55445 22051 -43897 1572 -64155 -9155 60038 -10390 54036 28491 -56237 6167 -4046 46206 56295 18995 64355
r417 11883 -19191 4339 -18131 -13946 1355 -35442 2680 -2955 29482 13053 7016 64768 -13951 18551 -64759 34062 -25504 -50256 42459
r418 63728 -44847 36898 -53362 39503 50080 -42776 38370 35325 28752 -58816 65029 58016 -63068 56978 13675 -35008 -60322 32945 -53463
r419 11618 20679 5831 44645 21793 48301 -63422 -10527 -15371 -12814 63485 -43146 -35075 -8193 9737 55503 29210 38775 -9523 14007
r420 -14109 9642 -58297 64631 51650 -48204 -16132 62246 3225 3659 -5044 -1355 23901 -29735 25259 -49932 -14555 -39922 61917 -60214
r421 39941 -26293 -33495 -55974 -9904 -24757 -6546 -35490 -38481 -33279 -35601 -35328 719 -52324 -61388 31300 -10738 -9010 -55807 22246
r422 -51753 18570 -12373 21544 57052 -40870 -39410 17200 -7186 40504 56032 -22647 20579 24567 -16059 57279 -56205 -63013 32488 -38732
r423 -6473 55374 -54217 64758 -29657 -53934 21415 -54084 -57584 17058 -6071 45744 -25055 -1143 -7295 -12350 -63467 -18832 54281 -26897
r424 -43628 -32697 39688 -33543 6180 31628 12878 -1520 14045 26281 -27995 -46047 -36686 -18133 -4716 -35021 49753 -3048 -55608 -3306
r425 -35163 -36016 40038 49159 -9821 5890 -62540 2982 33108 -38360 -2374 -49355 -51692 32702 -41254 -38398 -17045 19946 -30086 -44284
r426 1780 -12364 4753 24420 -1555 -63127 -52707 35763 33143 -17692 50062 43770 50501 -7749 19383 -16737 18058 9468 19244 44801
r427 4964 44277 50465 -45143 32417 -4856 -1631 -9478 -27813 -9939 -40007 61789 -26858 33367 41313 56197 -64622 7222 -17647 29066
r428 49652 62516 -17268 4377 -46610 877 -41778 -48944 -29135 -51568 -37078 -46707 -32555 -2879 31338 48481 45799 36386 64474 37570
r429 501 -40331 -61372 -50288 -27880 -14845 -50395 -34747 -35889 13737 34138 53951 -2889 55938 64303 -48474 28179 18721 57544 6380
r430 -2060 14001 11584 -25267 19741 -44388 48148 46092 556 -62583 -2833 43286 20685 62527 -38730 60966 -28064 5713 -53724 1666
r431 -57795 -10098 -44532 28345 55145 -16190 -42708 -54320 57425 -24605 22540 59467 -8947 14784 -9277 41490 -57212 26812 5465 -47518
r432 -27995 -9647 -38558 -39084 -37388 55928 -62739 17820 -44203 3262 2767 7180 31754 -20380 26616 22073 16264 63543 -31343 17307
r433 16736 -63242 -19457 -33373 -51107 58683 16944 52624 32644 18088 57904 53878 14377 22229 37758 56319 -62534 -42764 8244 -37023
r434 -705 -47368 -61488 48520 9354 -39349 29231 -883 45141 -27271 20335 -39538 -30942 -14067 -49888 29710 19765 48269 14767 9264
r435 41956 2317 52591 59517 -3525 -42674 40580 -64155 -21199 25112 -47392 -2823 50526 910 64463 -27250 -38932 -5311 45460 61765
r436 20462 -64029 44447 45699 33711 -42018 -6712 29805 50007 -38042 33335 22209 16849 -12357 55333 44402 -14544 -64729 -50970 -28034
r437 -65511 -64722 20457 -40537 8281 10515 -18569 14071 34058 -22697 -64488 20107 -56608 -60289 -34210 -51719 36386 27485 -56177 42168
r438 -24790 -10963 -49281 20247 29072 -54696 48049 14557 1662 -21593 17589 -25990 27649 -26519 -6443 6944 -28803 5573 -52302 21510
r439 52176 15159 64985 -39628 -19998 5144 23290 -43861 -63590 15796 -62778 51112 10121 -30625 17584 18822 -25446 59192 -62850 -36111
r440 19066 -11364 11944 462 -20556 -22630 11570 33452 -34054 19075 -39920 -50746 57304 65490 -52850 45402 -32374 -21889 19712 -627
r441 -49229 -31670 -7545 21656 43590 19380 9264 -23129 36328 53310 -55106 -29239 -13139 -59785 -18217 -46074 58800 -1823 35382 -5841
r442 38467 -25319 7454 -30574 -39753 2458 -18463 -48715 -11948 6094 -7504 58460 7997 -26159 -53668 42090 61038 64766 28415 20313
r443 38199 6099 -13369 -9627 -65338 -184 2718 -33340 40072 -33917 -13699 -48678 -51675 31799 2996 6648 57609 56558 6925 -11549
r444 -42262 -5645 34323 9299 29470 17867 -35052 63496 64891 -61354 -48689 48545 99 22461 26862 3542 28442 50160 -53101 -28015
r445 57651 -28169 -17087 15325 15349 7520 -29398 -12336 -14185 2378 -30028 6184 37713 -30827 -43615 61882 31825 65211 20270 -2204
r446 47476 -15410 -43954 697 -34385 9282 -5786 -48493 7601 -38769 5477 -2555 13240 28092 63411 29675 -58021 -17326 -43081 -61271
r447 -29040 -28738 5481 -51877 -61323 -54786 -29410 -61000 41642 -58846 -10403 -49929 41157 63285 49054 41279 -1551 -44459 -45276 -32645
r448 58103 -50370 -53764 46229 -59288 -43391 65225 -56565 -5693 -62564 -39514 -31463 57660 -7867 6764 -62550 58165 -2472 -56423 35114
r449 2306 -65056 -34538 -15238 55689 54040 -49064 52207 -48049 -15206 -34126 32575 -53451 -6160 -32731 34670 -11763 -63183 -47077 -29640
r450 851 -14719 3690 -54295 -53706 -16298 -31921 -25565 14844 -56140 28485 23117 -35266 57360 20021 -9079 50186 30313 52311 29709
r451 -10891 18713 5234 -59000 -58127 37137 -15412 -25878 51215 -7111 10459 -24365 -28912 401 58592 60354 7830 -39180 25025 50672
r452 55595 -57455 -18636 -8056 -51435 -25526 21536 -58212 -64633 -31621 -25859 -8004 20194 59548 1531 -21747 15693 -61596 -27576 -35862
r453 -64637 49280 -35136 21517 -42967 24039 31661 -48366 19879 9198 -56444 -32533 -14232 40163 -44483 35235 -13563 47737 28305 18023
r454 42749 -57972 53447 -421 -3391 -45658 -15028 2654 -49301 -6567 -56646 2223 38524 9485 -44077 1765 -51338 -53405 -25227 62887
r455 45312 -53043 -46665 -38207 -40868 -38359 42390 28932 -35256 7405 3156 -60622 28925 20013 -33311 -18587 -40190 40796 -8375 18345
r456 -13915 8544 -6967 3490 -9172 -24348 18649 51947 -10133 63706 42560 21515 21847 -42635 -9374 10540 53989 -17245 26486 -58191
r457 -27500 -35866 41197 -15731 -20759 54211 -55382 -36537 39720 -27566 43135 -31084 65110 53544 46772 61013 -19870 -59309 -34403 -63420
r458 -63322 44060 -9278 44001 -63817 -54090 -1452 24729 -39207 53250 -51828 47048 -60595 -33999 29750 -17330 9931 -7436 13987 57197
r459 -21925 44662 -23378 20571 55894 -4890 -19998 -32403 19848 54360 8827 -26872 38948 -57025 -30906 -1146 -27983 -12373 22722 27031
r460 7026 -63897 53764 -7535 1552 29972 44620 7013 -31489 26598 -41612 48297 -7131 -22304 16453 21328 -27692 45012 -55463 6975
r461 59959 62599 27045 27163 63922 46199 -22236 -15319 -17267 -47995 58822 39257 -38936 -24285 -12046 -22143 -18380 -1809 -46879 -48134
r462 -50505 31883 -10759 38510 -44569 34594 26822 -62735 52585 -24919 -10130 39794 -25884 -55905 -51384 35862 12299 1372 -37425 1746
r463 13401 -5775 57251 14275 19222 -63611 40517 -59241 -37767 -29653 36756 31888 55572 -42939 -60763 42299 -24508 -57071 11313 60280
r464 14319 25971 52232 41949 -12784 20838 37143 62709 60846 -48971 7528 -5055 -164 -38777 -53920 -8859 -18122 25454 14087 43135
r465 -33674 -10251 52632 -21328 14219 -27657 -50515 32020 29879 18391 -24129 -713 -55153 36201 -60165 -19799 -40579 46292 -34760 -10711
r466 18914 33687 -17371 -64423 -3841 8200 64270 -1709 21281 -36963 -44288 -27116 -33552 -42225 -53870 -41714 48486 -21887 57635 10867
r467 -27177 12989 -62377 -23509 18522 -60455 60677 -18518 -54446 15720 20056 58688 31605 -61049 -49018 -31551 901 -138 -38267 22047
r468 15081 -9600 18860 5404 38856 32697 7574 -19007 2331 -44486 -9405 10475 56419 -51812 -19284 -18615 -2872 46725 23325 50146
r469 21864 42383 19864 33602 -6731 -39717 -41152 59783 5697 -38515 4068 -2445 -9171 -18809 15787 20515 -12843 51578 -47745 14878
r470 55983 -23301 36206 -306 30875 30829 -47551 -52093 -48506 -15223 10067 8166 15929 7948 22249 -50650 4346 25884 -29550 -19218
r471 -35360 13134 -45380 65250 48957 15061 -42750 -34127 -19117 -6253 43645 16890 36140 -48428 -4969 -37186 -40936 -16977 -15504 -60634
r472 -18917 36308 -30431 33742 54536 52319 17721 -22955 4000 -64017 4866 -33880 -41073 28093 -19903 -5133 41931 15371 -42498 23864
r473 37323 -56188 5553 21094 39792 -18161 24924 -54872 60280 -64399 53614 -63138 34704 46392 -26145 60689 9321 -27404 14421 -63356
r474 -18337 11942 -41032 55142 -46397 44006 -52253 20897 16658 60705 -11219 10010 65170 -16944 -27388 34740 53393 -62672 -51303 22751
r475 -51207 34582 35430 -11786 -19749 -61319 -47685 39950 52983 48481 -8636 -3680 -21978 28368 -40709 28483 -2068 3443 9826 -25882
r476 -53827 -36218 24324 19917 20738 16841 13126 -61461 -34833 -857 -27722 -2978 62259 57198 18692 18741 35472 35651 33159 -56751
r477 -17519 59704 -16484 -10852 -63695 -51282 -41201 -63347 -2880 17496 -44837 61904 36010 -19870 62783 -26407 -25614 57452 5848 -61815
r478 49663 7601 -27214 -46542 9546 19172 42941 45468 -18224 -31630 38170 53415 -27637 55328 -15675 2300 54732 -47339 2299 40845
r479 -9088 -12238 -30518 -20188 44167 -15266 28764 -18062 -54968 63311 -28324 -9347 -19463 -38702 40678 -36528 35748 37685 59355 -28356
r480 -40290 -34468 5031 -52285 -29131 58011 -28918 57891 28857 -45881 -18376 24383 40509 -62246 -31314 -39430 22729 61199 61748 14403
r481 35535 19535 30877 39072 40909 165 -20198 -29850 -38768 21570 -15107 4750 43843 553 -57701 49561 1693 -12252 -35679 11216
r482 12854 45926 17262 29763 -41678 61845 -4695 -37458 -42206 -11210 -1843 -50128 -27589 32155 -21940 27940 -51166 -32197 14426 54345
r483 16564 -13749 64375 18766 29777 -27866 2468 15397 59125 21650 -5221 -22906 50412 -50289 36556 62142 -12896 26174 -59406 -11589
r484 -25398 21611 43075 -1073 -58845 -3470 15452 25602 41728 38213 -7047 52273 -52883 -22831 -29317 -54559 39126 -16165 -34345 -34571
r485 13338 27014 -44590 59784 -48212 -38416 -1848 10735 -55117 -64029 26036 59907 -48153 -13872 -1960 -22887 -4869 -29067 63603 -27175
r486 -29422 -61073 45193 15324 -40591 52326 60442 36077 -34762 -61193 7346 6798 51756 -29220 -42443 -45733 10061 31051 -12555 38503
r487 50186 -38854 29102 -20298 -55985 -25442 -20059 -44005 61212 58164 -53182 25073 62666 47891 -30240 -4496 46108 34805 -24824 -26287
r488 46863 -27800 26573 -9193 -26534 -2614 39288 -54189 40163 -5402 28438 59511 -41480 -149 -29200 -46010 -59117 30955 -12870 -23379
r489 -39409 58344 -57696 9999 48906 43826 -3354 53967 -61365 -53197 -44518 42162 -35736 -47204 18359 -11104 3558 45800 64507 50150
r490 -40300 -44776 -42240 -18779 30964 465 -21839 20116 13102 34836 -37332 -36765 -53261 31213 -42440 62078 -93 -40488 22538 18802
r491 5561 17825 -49226 -11855 31977 -33084 -47594 -59036 27421 20546 -12485 58883 -10798 -43139 8634 -59009 46590 -30872 -35167 -47881
r492 -2795 497 -59089 -4609 -53491 33368 -32133 -35745 64243 -65016 -61834 -6694 -51698 25722 -17311 -1385 -22696 17202 -5353 -49312
r493 -40452 -44953 47165 48230 -29173 -16520 -63787 20168 30669 7302 -32706 -60080 -55111 -35653 -52299 -760 42399 -1442 -51509 55041
r494 42946 -38123 -33134 -36415 -58721 -5924 384 4019 -36956 31468 -55444 -1202 9964 -26284 -51651 -13567 -21377 -32244 45352 -62650
r495 -34397 65026 50562 -23147 -42164 -59440 -35661 22488 -23183 -23792 57887 -47167 -49525 -4679 6254 -13700 -11622 -46485 -46653 -17217
r496 49163 40569 32999 47347 26637 -64525 56343 -56469 10169 -5750 62365 -37006 62656 -60515 39815 -31119 -62983 -49277 62451 -56119
r497 8527 760 28069 -34791 -37029 22373 -40844 -65301 -31016 52558 24905 -32974 -5452 59961 -43608 13659 849 -38037 9028 -40301
r498 10970 -48665 13747 -48863 53840 -34508 12055 -46335 13774 13558 31102 -29946 -12837 -52715 35658 35208 65368 -24887 -63091 1901
r499 -25631 9341 -47067 -20646 -7663 5067 9184 -33858 -52791 -19419 30781 39358 -39398 -25822 -21970 -57393 60521 -14065 58982 -3019
