mTable2 21
KEY  c0 c1 c2 c3 c4 c5 c6 c7 c8 c9 c10 c11 c12 c13 c14 c15 c16 c17 c18 c19
r0 -35918 -64674 -30679 -50112 -44422 51103 25267 -46297 -54978 22952 13538 44267 -17026 32449 49854 -54395 -47520 60062 53477 10532
r1 56632 46151 20539 -27272 -51082 22715 -9213 64813 -52434 42009 2071 8900 -24277 14696 59063 -11021 64734 19661 41285 -3762
r2 -36995 618 40866 40569 -18984 42423 1390 -49565 2042 -32358 -21014 37044 47561 -49987 31370 -4261 55855 -62421 18810 -43947
r3 -21470 56401 -36331 24074 28565 32505 23353 -52863 -1555 3989 -21969 33108 -28638 60570 62296 11034 -25003 62359 7727 49088
r4 62205 37202 -683 -58745 30928 37062 2735 -17532 22645 8973 -12694 52866 -61577 -56934 -38762 30473 49105 -4894 -17315 -36233
r5 -41209 38712 -46436 9829 -2920 10766 29697 54664 -35119 -40257 -40540 -6922 1055 50398 -39561 12070 56265 -18108 63439 -1270
r6 -65222 -57577 17482 -4406 -36063 -60682 55298 -39340 46739 -5930 -39374 -22914 -29072 53590 -9139 12508 5045 -61967 31721 40678
r7 11814 -47793 61998 -22700 -1754 33775 -61143 5867 41126 -39616 31633 -56429 12235 -41853 -64705 -10107 16113 -58540 -4710 20968
r8 12023 -33350 11317 -47837 61812 59110 -30829 64700 14650 -24258 -35861 45183 64067 -34045 55542 61598 63942 -45268 64880 -17736
r9 39644 -59590 33135 46416 -25989 -62654 -7113 63002 -39961 -61344 -3476 -30876 20952 17291 -45100 -30864 6532 -2975 64549 60859
r10 58043 -65511 38566 56207 12308 -19952 28937 -45213 44737 -28523 47619 60156 24067 -3581 35962 48281 29019 12917 -34182 -54801
r11 -62873 -20881 50072 -8118 -6311 41791 53210 4463 27985 31129 50838 42908 -7039 64957 25557 -51130 -30339 37628 732 44582
r12 -46914 -2079 -21615 38999 6278 18304 -43834 -8367 -14477 62879 49683 50104 63532 45674 -6164 -11603 21591 28728 -7666 13575
r13 -65212 50235 50364 -51798 43477 33978 27086 -21124 -2498 -25241 21501 -8506 -3679 57198 63632 -48119 22878 -41929 -62262 -55413
r14 24582 27663 40195 49272 -63760 60032 18371 -38361 16575 -62286 -2203 -51180 -56803 -53461 49418 -1824 -20623 61985 36392 46977
r15 -13024 -56311 8349 35863 -27657 41368 -60251 -9510 -19210 -23206 27030 -64341 22219 24024 61330 -20344 -557 61870 60277 -58668
r16 -45502 -51761 43111 -396 16332 7064 44672 -48981 -62710 34926 -18308 -29996 -50959 31575 46879 -52171 13478 21437 -35469 -42995
r17 26363 44692 -57220 46451 23258 63150 -42901 62978 12833 -14810 63178 13321 -20872 37066 -45565 -18779 -3744 49673 -630 -10331
r18 -55852 -5920 29911 691 46850 -58133 26174 -7845 23399 -19795 54964 -14027 45828 46994 43932 30493 39764 -64762 -21310 -33597
r19 15749 33454 43476 51583 -29506 34793 -12269 -58191 -31287 10736 43291 -53076 -14900 50630 54530 -61516 -63525 54743 37368 -8233
r20 -6254 29593 -12612 54403 -49994 -46166 5509 -43602 -44333 194 -15767 25327 37874 26498 -62870 32193 -14079 35790 43356 -61105
r21 -57855 -33081 46015 19783 -41903 57370 64903 39461 -28039 -29248 41719 -19609 22236 -35875 2642 -8360 -10150 -2396 11931 -16431
r22 -49511 -35545 -59230 15840 13090 8175 14434 22276 -3391 60162 6539 29385 -19116 -33834 24955 55452 5430 11731 -13692 46186
r23 60298 16738 -58742 -43213 528 -7912 15584 21319 62722 61616 60320 -19325 -46103 -62853 -25421 -12600 -866 -21702 -29771 -40398
r24 61085 -12199 43891 -15526 -61712 46494 -1912 -37081 -46599 -19269 64343 37902 28320 -26047 50525 21772 -13208 52068 -11951 61240
r25 -52108 -2159 19158 18981 51897 -10437 47928 59529 9100 -26413 -18632 59287 29142 62503 64326 -13366 7418 6918 27567 64845
r26 13873 59486 58228 -60572 23425 -27958 -3725 -59834 24981 -35611 47503 9085 -48627 9747 2702 -6261 11451 -27584 -55911 11031
r27 20059 -31957 -24102 23589 34271 40616 17730 -60716 51519 -37790 44677 57719 -59161 -22495 57569 -20628 21533 -41274 -48064 -60869
r28 52751 61626 -49009 -19546 39391 -52336 -30594 -62111 -6578 51188 34394 42995 56134 -877 53860 -14478 64834 -43457 2664 -41776
r29 -38307 -27982 -60049 -28559 2080 -42156 -40571 33805 38599 49517 -58351 53719 -37282 -6580 60432 -47903 25452 19860 -6640 38821
r30 60937 64747 -46889 -50139 -37207 23916 29174 -65148 22537 8336 39471 36471 41365 42064 38586 15464 -3390 -54627 5306 -61611
r31 -64037 36176 -682 -29334 46039 -7939 -30614 -4988 -12294 7969 -55029 61533 15828 -63886 32581 56436 10275 -47893 2121 -26596
r32 28060 41065 -1295 57404 -49525 -11809 7579 23349 22102 17633 63561 52070 -36935 14530 -58466 -59607 1812 -2783 41125 -18373
r33 -17014 -57651 -7393 -50391 58473 21580 16537 -38514 -51132 -30675 -14215 31254 -9433 -3175 1122 20511 -49496 5771 42113 -31785
r34 -18953 -55798 36226 -58460 48798 10641 36218 26568 5634 -31980 31336 44418 44641 14069 53032 20320 -60742 -61262 -46932 -39874
r35 -28072 -15393 45322 -59292 -821 -14779 6008 -54834 -52917 -43787 -23371 54646 46354 -16737 40360 31072 -2650 42683 -47995 6735
r36 24281 -63734 34299 -63644 41253 -20784 26086 38044 -52453 -8164 -53733 -23605 21470 55787 26130 20505 -1326 6669 22331 17843
r37 -4801 20973 53416 -47518 39040 -37631 -25666 37637 54581 -38542 -31414 -38631 5034 -57932 -55722 -10589 54023 -25812 12805 48217
r38 62465 -37072 -3697 -64122 52117 -17537 61056 -36923 38684 -7549 -612 -7750 -55515 9278 31095 -55068 -58209 43921 -12950 35020
r39 23615 13921 64890 41700 -9690 -60994 -3237 1853 -4422 27151 -364 14568 -35029 31677 61680 57781 53238 -39036 -13231 -58569
r40 -24580 -9688 -9887 20685 -37806 -37870 -59991 41713 30953 -45669 -49442 529 60141 -62280 24370 34999 31637 64488 51198 -23831
r41 -16609 -31097 -32000 -50236 17081 -57037 37041 60309 -57019 3321 35567 -8813 -23611 44067 42687 -27266 24782 52839 -37887 -30910
r42 30756 29170 -42278 -34384 -31425 -62863 -41563 61483 -50207 -20830 1446 41534 15603 -8373 -22438 -42787 -64859 -45719 60879 7706
r43 14171 33316 45909 -10056 23576 18263 -49518 10756 -39336 34071 53686 35628 -19685 -52247 -2309 24093 -41987 -47535 -44959 12217
r44 -33648 438 16671 55428 51345 -23958 -48830 -2217 -22738 -19506 45789 -39058 48953 -21859 -59715 22861 6205 26143 38371 21446
r45 905 -58913 30961 63258 -12482 7860 -63669 -28475 -13312 -20463 16006 33324 4035 -26870 35707 -35588 -19024 50513 -734 48963
r46 931 27003 57988 -8626 47206 -30382 47722 6110 24728 22624 31985 60861 40806 19935 57954 11551 34712 18036 49175 -29548
r47 -41282 38575 58856 -20149 38166 -47403 -11027 25663 17420 -39112 -10002 -14850 46380 -60553 25993 38610 -82 -32518 41657 -27835
r48 -29534 60613 -53084 32398 55415 -31448 24460 -48595 24820 -65017 -26780 10078 5407 -60417 -14053 -28278 -50513 -28609 -53831 -63987
r49 21144 -26211 23805 5386 -41204 -13050 -12255 45694 8109 -41442 -39698 -18355 -7171 -51873 28331 62015 60245 1215 -55705 11115
r50 351 27597 51321 10282 -32048 14954 51934 22646 58759 39036 -57620 52017 50213 -6569 63928 18394 15392 9304 24561 -51717
r51 -56148 -39445 22908 -57503 -36346 35122 -55623 -55469 23065 -52503 17020 -10355 -30108 -58177 53509 -60728 -22262 25592 33136 60396
r52 22351 18000 -52707 -6651 15474 -12766 -31189 1616 23828 -3161 49514 -22629 16594 -15969 -63070 -43731 -61076 4523 64633 586
r53 -29278 -21756 54986 -1919 28701 -16946 -39978 -27019 53808 8910 -22584 45819 32814 43193 -17419 14826 -56955 10866 -47768 20576
r54 -4794 -2755 -17339 -48707 -29895 49584 2045 -37199 55595 -12734 -37235 -13652 -22145 -65395 -43807 43292 -20898 -52128 -17782 -31557
r55 -11545 -777 51754 58291 15334 -63130 -9794 -29836 27666 -24777 -37554 -49931 26070 -57264 -47700 28728 -9819 5019 -22992 7192
r56 18860 -6991 -36054 5660 -17288 51384 38262 58212 1576 53139 18969 -30434 -1949 -43194 40955 8714 4446 35990 -36472 -44402
r57 -55354 -52356 -18536 -12333 -44375 -1383 34528 54943 39585 -7995 -33538 -35472 -27279 26266 55780 -49454 -3729 -37325 -3073 -14585
r58 -61447 26250 -31290 -7394 -9124 -5170 45556 30501 32519 -13305 54504 -28206 21007 -6752 64591 -35654 -42951 845 9548 -9640
r59 -15308 -16959 -32957 16912 -52134 10210 -61045 -40671 -44532 -27085 -64460 15174 -63861 23754 -49563 -18712 17526 53058 -48307 34008
r60 -62022 13660 57308 2795 -17862 -60880 -35962 55259 -35774 -29094 -27112 31725 45483 35883 5607 -60224 -4484 19327 63229 -48546
r61 -36151 -18581 -9334 -55976 31057 55309 40224 10763 -35026 -55907 -2560 59534 60805 -51890 -26124 62904 54037 -32348 43469 59179
r62 57993 24291 -624 23241 64903 -47089 59765 34835 31841 1571 -54065 -64146 50559 37588 44231 35831 -7098 50665 21860 19005
r63 51193 -10799 -5700 56259 -19805 62753 21813 55553 -37830 -59698 8148 11051 46650 54140 31454 -26368 -47518 16692 24287 -54214
r64 -10552 -14280 -38558 15286 -65047 -24900 -45461 -21716 11625 56307 60375 -37776 -44167 60491 -1353 -7021 43689 -44425 -1638 41908
r65 14863 -39232 -24205 46096 -39660 -54314 33300 -15213 18992 19270 -41751 -9800 41645 -2479 45815 34600 2925 -11548 -291 31445
r66 18320 61626 39614 -36665 35104 -30407 -53487 46142 -14400 -52207 -36390 -9502 -24990 52003 34649 -56706 37260 15158 -4712 -33853
r67 28471 -33550 -6421 32752 7118 36294 -30217 -14194 8625 -34477 47380 52033 4940 56425 -28467 -10572 62366 -3472 -4955 62721
r68 -50234 -51186 -1556 -3750 -52117 -23804 -28728 -49105 -43783 64071 47445 -12849 37591 -49610 -58592 -11977 26985 -8831 54138 -37902
r69 -34535 28337 47658 -27189 61162 -56732 -48567 -59884 -22782 17801 1595 8880 -50248 -12327 19990 9531 22373 45961 52452 41852
r70 26190 -42522 42888 -53155 -13125 -18132 -35290 46620 -30396 18327 62727 27926 -7813 62134 14040 31667 -1718 27264 26852 -4336
r71 -4054 -53087 -48372 17142 60472 9153 38794 20115 16537 46091 50264 44190 -59408 51963 55740 -54170 -56921 -24937 -10951 1718
r72 59490 38960 10445 -43218 -46891 -60421 48951 21700 -27627 -9782 -31986 -31001 50397 58962 48437 21103 -62929 1684 -44981 62987
r73 47609 20992 -31823 -60255 1338 37575 -4030 -13994 26722 -7195 14058 49169 -53467 11969 -25750 12924 -61580 -5541 -15780 -53212
r74 -4978 -54075 60840 49882 35183 -38488 -11725 -38342 11889 114 -16043 31398 -22378 7413 54456 38211 22826 -27820 -36541 -48647
r75 -41740 19385 -49603 14111 -40300 -46242 -39781 35494 18583 38822 40610 -24589 7121 -60893 -1411 17802 -36491 55091 -18719 -34964
r76 18556 -37979 42729 64210 65127 43460 -49412 58897 -58318 29912 -30521 -24042 -16918 59157 -11621 -10074 26836 43964 51069 36142
r77 26434 -29993 46382 -47323 16909 -762 -62118 -39790 -59097 -20110 58899 64774 46670 -8793 -64509 59015 -46818 53384 -40145 13481
r78 -62981 42983 -61980 57294 -45081 59927 -7756 3791 12952 -21380 -84 20208 56781 -32109 15391 -2086 24574 13130 3781 -38502
r79 7984 14785 -30359 -58749 -41704 -43565 -41593 -52197 -48167 19282 48231 4085 30639 56999 5094 -46728 55010 59652 19795 -60414
r80 -29267 48665 -40708 11622 -2863 -59553 39075 -47380 28392 -24743 32689 63899 15570 -26108 -6635 46008 36390 -18016 21713 27847
r81 30065 -27892 6214 -44673 -4853 -37553 10473 43717 -39569 64796 7906 -24053 -63828 42347 -34811 -2936 13321 4529 63783 23465
r82 -61194 -57233 -40462 -51815 8016 39987 -18362 9117 -54609 -48789 25447 -5569 -52876 -12004 -32420 46221 -2138 -61869 8056 59190
r83 10221 23342 28639 -1357 18688 -52122 -30176 21050 -50884 58170 46961 -60318 31435 22134 -39429 5094 -7170 -23082 63716 -14772
r84 32951 -25504 -20412 19880 -16842 44122 -9695 -49421 -36690 -57128 -25846 -37716 -52567 -47676 56138 56138 -44834 -15995 43255 -39689
r85 -39087 741 -4771 -39768 -33017 60029 -21351 59342 59981 56676 45922 55806 62847 -732 -32291 -2371 -56502 -39384 65049 10848
r86 34782 11779 49482 -22111 -13197 53676 2154 52334 -48521 -37083 24517 -16818 52890 -57087 44745 -35489 7783 2249 -38180 -48360
r87 39143 51918 -19229 -14101 -64860 -51036 -43861 -52088 -2476 -44223 37281 -17525 -20992 -21297 -21517 -39173 42367 -11928 -60781 24824
r88 -14938 22860 41463 -52289 -24764 54732 -17841 -20426 48905 54432 -59667 7665 -24311 -17844 8750 -33397 -9823 33255 10609 -29701
r89 -13288 13651 62217 34556 -35703 54764 -18080 -62221 -58377 -6072 -47881 -16649 -5895 -4505 25181 115 5264 19619 14603 59677
r90 -7726 55201 30948 64168 1292 59730 -7861 33588 37545 -7776 2723 -32440 -17963 63878 39671 -48701 42902 -29210 53897 -45333
r91 -36939 -50194 -5899 -45803 2788 53107 42582 -59020 29587 -37880 16152 24440 58234 26921 -44791 -39871 38139 -40938 -27910 -29114
r92 -56846 -8599 -41313 -15004 -46138 9143 -55131 52794 19901 55041 -56072 5302 729 -24684 2491 7148 6505 29970 -17528 -47410
r93 60103 40454 61225 -11072 -64976 -24480 52897 55460 -43678 -29118 40342 2946 -1827 -4175 45775 -15998 -14690 21680 27627 55087
r94 13806 -50144 -63469 -29281 41561 -32038 11315 57281 -55360 -61189 26859 27985 37934 -44362 -2713 11878 9983 -29588 47698 26959
r95 -18076 47175 -8999 42969 -42052 56783 -49070 -15030 52025 -64189 21996 -18105 -7986 6643 -43222 -5415 16471 -63238 -32547 8260
r96 47363 -44094 -47830 29337 -39843 -57985 -12292 59278 -10832 34705 63234 41860 5938 -33655 12242 -43016 35858 -24317 14556 -41651
r97 -12446 45859 -62923 -3171 -32732 24876 32974 -57853 10640 -34431 -35639 63658 -35454 57390 1183 25756 -53295 -23915 -12592 -1805
r98 39104 63073 41010 27226 -22226 49921 -63035 15220 -44367 51464 -54821 -4661 -33787 22395 -63955 23533 45138 12483 -28201 6171
r99 58875 31303 38240 4632 -40212 19959 62931 -23296 36806 -35898 -7415 -61391 64138 -30341 -31251 -30611 33426 32551 -52672 29455
r100 12799 -43897 -29511 41628 -23015 38465 -13500 -17273 6923 9538 -29893 53031 48361 14999 -28819 4283 55166 -47935 -32385 19872
r101 11073 19803 36778 43124 58934 30211 5369 20433 -28380 13263 38476 -32345 -16089 -21432 -16206 -51739 1798 36882 10142 63228
r102 59339 -10265 17957 62414 -33785 -32462 -31155 50364 -32889 29412 -32718 -9765 -17303 -37469 43658 -48352 10231 9207 63092 -18024
r103 45135 -19748 34202 21111 -46291 36342 27053 -64448 25693 40959 -34015 20482 -52594 36846 193 14871 35897 -47194 46382 17118
r104 -48842 51534 -47162 -7550 55937 36699 58516 20649 -10436 55332 -17080 391 -47629 -59684 1668 16489 43251 -1830 -33593 62157
r105 -43695 27241 -16280 -64060 63932 -1340 -48941 -7059 -15399 51717 -303 32129 -61143 30041 37345 6180 57530 9692 25082 53749
r106 19877 16611 -42876 51099 -10677 -17346 -28037 -975 55168 40201 -64683 47400 48579 -11880 8869 -12440 -62224 11674 1738 -59102
r107 49543 -15768 4159 20271 -4360 -44127 -63477 51658 -62324 15073 17050 31660 -11240 -60791 25466 29598 -22757 17981 -15569 48718
r108 -36436 -21704 -61936 -34211 -50856 43398 -16728 10146 20346 -26105 -4478 -65288 7895 11396 37470 -26039 -29508 -31997 51698 19170
r109 65337 35566 46746 61330 37753 20954 -37904 53608 7836 48396 -52699 -7490 -14617 -23448 -18348 -53704 52917 -61920 41400 -37484
r110 19045 -38094 19743 -18990 7289 -20007 55371 -55889 8754 462 56043 -47031 17043 -13680 -32435 -17704 -13971 -63605 20476 32479
r111 -12595 -58829 -10171 -38733 37670 60993 55700 -14744 18132 -29385 29591 31332 -32497 14303 -43147 60741 -64038 -50092 48811 -39787
r112 -58703 -7018 31239 19734 48853 16113 24942 48494 7427 22480 15173 -27502 20108 -23771 4296 20097 50626 45506 -24522 -52981
r113 -43561 -60302 40832 -16453 -28311 -3345 -46850 -14894 -40265 -26372 33662 28286 42275 55759 -23268 61380 15103 -43058 62722 58856
r114 55830 -59853 -22943 41849 -64521 34680 -54643 20356 -62229 30240 65511 -45068 6967 -29224 -64364 -6421 16982 -39502 4306 -62270
r115 60919 -18888 43057 -3391 29478 58966 38819 -42556 53425 18227 -13072 45959 479 59140 14227 44 -7565 15424 64854 12853
r116 35184 -45558 33987 -36965 -11600 -29385 49793 31674 5404 24690 31532 -4443 -40664 -7703 -20639 -11807 -1151 4937 -40886 -17171
r117 28835 45472 50403 -28506 -43449 -65136 -6402 -37906 -24159 17883 -46419 48282 -10186 -58761 -57440 59823 341 25040 14043 51257
r118 24406 -36797 -57128 26326 43354 -29969 -20410 -28697 -25772 61480 -54521 32097 17806 -43558 54927 49170 2195 44903 28813 44778
r119 1910 -13438 -58066 11218 40765 58096 56764 10530 12705 19370 42240 -25779 16262 -28227 -49196 -6091 9118 -17949 -19381 -58388
r120 42987 18158 42350 -37561 33566 44029 -38495 -38143 -60992 -23892 59897 54556 54770 -57721 -53652 55000 -21221 40109 -61207 63553
r121 10736 -17389 -36952 -15086 -29153 -5396 54711 40445 -44803 5771 34160 51766 -48072 25683 39293 -29635 5776 5838 15504 37557
r122 -43064 -45260 -36664 45555 11520 -23932 -26928 -45511 -55285 -31824 29934 -64238 -44851 -65189 51323 26024 45258 5334 34500 52449
r123 -38072 35369 43668 -57243 19153 -60672 28077 -35701 -3784 -9624 -61422 44927 -39577 53305 -41649 -1311 -7332 -6764 -38575 -50544
r124 54773 -35962 -43445 -12090 -33524 -62759 58627 18734 46272 -9132 -41584 59777 36841 18649 9842 -65340 -17395 32543 7601 39426
r125 25172 -56213 52617 16141 -64509 34508 -3043 44043 47182 59456 -12004 29482 -23424 10655 14312 -7809 -42003 39779 -57785 32481
r126 44698 26681 13788 22804 6536 -20876 -48563 35844 20614 -27573 15248 -45067 -5120 37437 -41249 50665 -53535 65039 53369 32029
r127 -34791 -12679 10847 -12383 45924 -55741 -37340 -2255 -15674 -2471 47609 -35903 -25569 32864 37609 -35853 -34270 3822 -24603 -8983
r128 28359 -50874 -59205 60987 -18242 46712 8427 33362 -2649 53446 43877 -24843 1579 -42525 -9748 52334 -11595 32134 -23632 23428
r129 46524 -56758 -23144 39745 -50096 -19385 -54654 49284 53665 -32482 29204 14771 11983 -6613 -65146 40871 -16298 7724 1270 -19046
r130 -7739 -26292 1587 54027 64912 64199 -15119 21394 29026 54460 64956 -24281 17701 9159 -22748 12594 59906 42754 -45084 46077
r131 28897 -47273 -11801 -52952 -60724 25819 -58251 25267 21657 37979 -5624 17615 -18629 -23496 -10177 -12468 -38046 31225 14821 8921
r132 -32784 -38577 60122 3442 441 45043 -65448 -47469 -56338 27765 26268 -48996 52054 13665 26148 32787 6673 -22188 -6868 17865
r133 39445 -20856 56312 -13662 18944 31252 -12153 -60827 -24678 -49753 -9497 2195 -31000 -50580 -26739 43207 32675 52096 34976 -13385
r134 -32300 1151 1302 -55955 -23229 9109 -45779 46040 -23998 -2365 -63887 -33084 -3270 -7041 -64295 64782 -54090 -61473 -3473 -15760
r135 19888 53176 47767 20688 7910 3037 -46903 -40957 17762 -22241 -17360 -13386 -60680 30314 42446 -43375 -2761 -18036 -38768 -37685
r136 7187 4039 -24016 -31631 23866 53898 -576 -11563 5211 40726 -51989 59663 -37055 3736 20675 44046 5031 -57930 -29508 22411
r137 -41506 -54826 -24112 -24078 43769 -908 -56797 28748 -54515 -33528 6217 9730 -11542 -64481 49147 -3861 -18855 -8079 -61070 28046
r138 -15695 3588 58560 -39789 27312 11222 27570 64273 62470 -7205 16187 16522 -13317 -2604 13532 55820 -51652 -20102 64570 -30693
r139 55049 -4175 -12714 33064 8508 -51250 -31081 -51131 -37652 -13331 23409 29359 -29302 48577 -21603 52469 20721 -21195 -60922 -5060
r140 -49829 -32418 -53005 -56835 -44371 59512 -15294 -1878 -38595 61488 44473 -2410 12051 -29510 10486 32204 8877 54277 -37952 -52001
r141 20739 -9677 -17865 42819 -54569 -26219 49667 -50927 52797 40640 -8753 21923 -58589 42741 24836 -58556 1302 23208 12815 -33932
r142 55466 -39970 -24322 46144 44637 -64201 11630 -27226 -10374 10598 2997 18251 -41522 -9142 -33798 -20267 11211 244 36317 -2221
r143 -51854 64187 37922 5957 -26178 1310 -15937 16935 -42303 -60319 -58037 18944 -55538 6678 40366 -34203 20280 36978 44573 -54145
r144 -49098 -34464 -34881 -50047 39547 11856 21917 -63714 20452 22471 52155 54211 20495 4133 51881 20106 30910 11565 61440 29317
r145 25589 -36658 27516 -49462 42711 36957 -30035 -18790 45479 52128 -44035 63685 48831 -39331 43215 -16373 39679 56135 -19322 -50533
r146 -27999 -60389 20623 48820 10907 -9629 1334 3097 3882 -14532 -204 42704 -18679 48588 -55005 -40454 31956 13679 40158 -60471
r147 -45902 -54702 24408 -61069 28288 46350 64364 54500 -53752 -7507 -58947 45608 23656 21755 -28157 -54516 -26718 -60037 7513 -26471
r148 51576 -29465 -52854 50014 -46270 -19550 -38749 16667 34359 58487 56525 -48158 -53404 -21459 16803 -52045 -63482 20484 -30626 5384
r149 30333 40193 13724 -34105 -35146 -34512 -21965 8437 38722 41687 -13451 -45767 -38293 65048 -41422 -26451 -44374 17661 -55853 24038
r150 -36597 26978 -51593 11549 36115 -54844 41604 -45518 -39807 -13924 56100 18949 -4711 42838 -10497 46708 31670 -37893 -41025 33363
r151 -29264 -34996 44197 12200 59261 -47350 -6076 16735 6661 -26941 -15181 14706 -38300 12749 53744 -38284 48287 -39754 -27804 43737
r152 -14791 19351 -62136 30030 52260 25079 -45833 -29802 -62289 -50149 39732 42024 16851 -35386 29553 -41478 -8232 1763 -50296 -61325
r153 26026 -53428 -30205 -12118 -50281 13985 6716 62526 -3035 310 -53808 -29215 -53535 -47781 -25788 53037 32569 50873 47479 43314
r154 12738 -38948 -51133 -33755 9100 -60429 65396 16916 24005 -5836 19011 49144 -50442 -22685 15368 -63447 -31356 -64840 -14351 39443
r155 23717 -37821 -27173 -6560 5298 31377 -64023 -52868 -54642 -40857 51563 54768 -44608 -1406 -41686 13749 -4396 -29639 -3859 30507
r156 4549 45 56551 38879 -48770 44020 17977 -17169 19498 55866 47040 -49642 65071 37359 -61008 -12286 -28672 44107 -19347 63900
r157 64545 -3819 -63412 -47253 30804 -6770 -44571 -23626 6426 10485 -55217 1379 49900 58522 -30434 14366 25629 62598 37271 19981
r158 -62402 -2301 -50438 -64623 50311 -7184 35869 59568 -27582 -46648 -48905 -56660 -28016 43193 51162 -39091 -33683 -39703 -58184 41115
r159 -43859 13612 60077 -55064 34953 37015 -43435 32374 -2422 23297 9035 -28937 7493 34943 -52706 -62813 -10431 51983 46581 -49268
r160 -38033 -63612 -62646 17892 17226 26983 -30010 -2927 -35144 -25833 -3892 -49070 -43868 12722 -5492 22871 48725 31309 47265 -38411
r161 -13266 -582 25390 60551 8453 -61402 46817 -61314 -28415 -47174 -2429 13408 32408 -21026 34346 -21045 27810 32672 56059 63884
r162 -64239 -2592 -42733 -10432 -30519 19363 -29695 55224 36755 31964 -57249 -37662 6497 -45507 41530 18563 16597 2197 -41556 13913
r163 -54576 2309 -38717 31304 56986 43036 -34954 23986 -33331 -60134 5675 28511 25900 47805 -38619 21794 -54695 -19974 -29322 -50157
r164 -28070 39878 -55938 -54008 49575 -20031 59456 25309 -24608 -18887 64415 58951 38814 56578 -14283 50989 -5457 -30422 32571 -42891
r165 -25073 -13906 14198 36334 -25232 -58378 -55825 11129 55413 20791 18546 54217 -24894 39940 62172 35744 48725 -51541 26521 -57492
r166 34349 -35940 -16997 14622 17280 44946 -25527 5606 -62917 -32146 79 51332 57702 1668 41051 44494 -61627 -17982 -14668 18846
r167 -54215 -14926 -18678 2376 7270 -55264 -14252 4895 -64049 -11137 52336 9115 -5421 65142 -34271 -41498 -30380 -45091 -40042 20586
r168 -52153 -62159 -3438 57681 10541 32698 -112 6304 12025 -54744 38802 63070 -21120 28720 3553 -44862 -31814 65534 10827 51365
r169 58988 -43104 33011 31750 10701 14392 38578 58433 -19448 -57990 -31165 690 -5403 36363 -4801 30647 53747 41022 -47398 23642
r170 -8017 54297 42452 -6956 46851 44359 57786 28836 11005 -36772 19025 27780 19001 57032 19529 61660 20979 -6642 18972 46577
r171 -63627 16361 -6546 -35872 45354 -44098 42144 -17963 -31693 -6732 -49280 -17611 -3695 -6588 -44692 29527 -18930 44496 -64090 -64488
r172 43943 33656 -30066 -64484 -65303 -10176 -14075 16846 -16892 -3971 22249 18215 63703 -63036 -42592 34922 -11890 16020 -21707 -620
r173 48547 -21333 40719 56299 -20130 6344 26815 -2886 -12093 56847 -12451 -22631 31492 10084 -36297 55941 -20115 -24589 37971 34960
r174 -40212 26287 29215 -20943 37644 4225 -26993 -29987 7448 -9481 -35006 -27752 -11176 26459 -11832 38030 -61664 31946 -47970 2545
r175 11132 -28217 -61622 17524 51779 -15764 57045 6601 1754 -29690 -5889 50953 49062 30940 -48035 -8101 35165 34680 22423 57103
r176 -55660 47507 -20165 -50396 -64073 -39999 -10008 -23091 10043 13899 43534 10877 -54005 -23852 32329 27567 -19539 -19583 19908 -530
r177 52431 18041 -51288 -8785 20981 -26526 -37325 -54025 18045 61216 19625 -46179 12634 42499 3190 -56345 54074 -29994 -38503 -52182
r178 -50357 60241 14221 -8696 -17810 -9236 54966 10330 -10763 14604 -46275 3442 40393 -4869 12301 51589 -52658 28922 43357 38628
r179 40322 49205 -63028 12969 -16700 -51888 59809 -26653 37648 -27055 17025 -55858 -39432 13370 61278 65402 -7808 -48857 61320 55482
r180 33437 45022 -46665 -46077 5414 -32423 4328 -5912 26759 6259 -34442 -46413 -35181 22640 -42913 -33564 1238 -28199 1723 54567
r181 -35519 -12239 -54346 -14317 63036 -17899 -6931 53420 -44442 -7784 992 5224 -27828 5805 63014 -7232 -15312 -23107 -19155 -16195
r182 -8865 -57597 -5396 -10293 38582 33825 48199 55207 1388 -18498 53652 -56938 687 63147 -2548 -4603 62468 -28898 -52277 34805
r183 8789 -48186 -26270 6153 21518 123 29682 -17353 46864 33812 -41446 -59715 -10790 17652 -37118 -43608 39624 -46040 -23956 4118
r184 -52057 -60296 21715 41332 21401 29579 63868 -63188 46322 43208 1255 -9206 8518 -33482 55420 37263 -12843 38379 -6661 -55580
r185 -53634 44263 -16966 8358 -1948 34306 -33769 -39194 -51175 60553 56465 49346 -18920 43990 44598 26020 42141 -34856 17613 33505
r186 -9386 44521 -32369 -33218 -2658 44609 -15094 -22927 30393 -53047 19123 -49734 -31204 -2643 -16322 -42055 7275 51815 -15617 -16926
r187 -62858 3339 -23383 45717 -29010 40749 -13157 -22208 -39846 -5401 54279 46475 50415 58322 -39441 -907 48524 -36682 65468 -26951
r188 49327 -40358 -26660 31990 23637 -61139 -19883 -58071 9916 -38802 54352 -34889 52714 -30131 3078 -30553 43125 44246 6833 -53008
r189 57352 10221 -6667 -26512 -47504 40336 -28252 -43773 -11163 17278 -46827 -6871 -913 28521 -51795 -20532 1789 -15580 60035 40493
r190 -15143 -65405 -63180 -47521 50686 -34792 -30542 19860 49612 54040 3464 -36189 -20055 60251 26066 -21428 55891 -27543 52473 -26596
r191 52303 -18754 -58584 -38782 24345 -56481 28403 60932 18541 -6157 -34103 28188 29419 -56673 29547 1716 -11585 -42042 14067 30998
r192 47591 -13119 10692 -15329 -33941 -7947 17743 -48631 -17846 -54467 54099 -33809 -13471 -12986 28380 -11414 -24823 -25 45498 28498
r193 5710 -52877 7609 -39449 -50988 -21927 -4717 53428 27178 -37790 -22957 62209 -54078 -31454 -52353 35461 -43417 11842 58894 -10138
r194 48461 -24098 -16358 -63142 20441 -23148 -2696 -2464 6019 53578 -36002 -17747 -3766 56066 -53166 -56232 3766 53034 -35143 -41730
r195 24136 52826 -46340 43589 3830 -41419 34161 -38142 2521 48616 19848 29558 26757 -10861 -5024 36261 62329 42134 44776 -65055
r196 -57153 53356 -54767 -18522 -59217 -54995 58431 -9765 -49933 14415 -20724 -21863 -60563 -30892 -29967 15010 45250 18372 -30113 -13501
r197 42737 -59630 -38227 18892 -44893 25248 45543 1250 -28651 17241 42460 -6292 19244 63719 34757 21640 23524 -57130 64674 -31993
r198 -62426 8280 -54976 -34496 7608 60004 -17496 -30346 -51917 -55284 12199 -12778 30203 -19038 22587 -42926 40832 56195 -59008 32225
r199 18794 -48438 27195 27681 -22390 33490 -24945 43803 58230 30097 29880 -48701 19989 5708 53667 9627 65064 43040 35709 13607
r200 -58867 43726 31264 41213 16953 18303 34188 -53607 -54688 61388 15259 39522 -44722 -10239 10947 -11502 2725 -43462 -2493 -56897
r201 -6398 56859 709 -48405 44894 53890 -18449 5801 -25088 64822 59369 -25433 62310 -6886 55595 -5811 53653 -43682 51302 16350
r202 20684 22723 -19159 29146 1807 -50665 -30099 44737 -7339 37164 -6372 55616 -16074 -53831 -42858 63047 -1725 -28600 22713 24506
r203 28833 -16448 36191 22943 -4436 -13763 -37601 -46932 -31195 27668 -65263 -54495 47672 9162 34882 4224 8524 26868 -63856 48321
r204 31140 41120 -49146 -61229 -33860 -39692 -30061 -28539 30523 44451 15253 18595 21628 -25325 20187 -40587 17074 28493 -31702 -24905
r205 16045 60443 33130 6241 34158 -46991 7566 -56146 3239 11841 19621 16584 22718 -61555 -41194 52629 -49921 58780 -54861 51563
r206 -1985 38684 -33668 1993 26159 -2898 19716 25365 -40350 -10626 11903 -7951 45879 -59246 22662 1533 60444 -30319 -42326 56972
r207 -2598 -17482 -7878 6774 49628 41055 43505 53182 61041 53156 48888 -9368 -33397 -50159 -12365 -15477 -21146 -10578 845 2672
r208 -45215 2118 15045 -27644 -19117 -25803 -13019 51798 16644 -37018 -5409 -51969 23271 -48207 -767 4151 2047 -22890 63241 5236
r209 7602 -16475 -32327 16330 -8952 -38846 -19769 64038 2955 -9547 57513 6730 -60231 -44280 58559 40283 -53517 22155 63021 -21342
r210 56499 52011 2443 6277 34158 61229 -44230 -63985 -15766 -50750 16230 16312 -44660 -57160 41784 36579 -24233 -52026 40838 -56319
r211 -25675 42442 28011 42447 15133 -50650 23735 -24032 45999 -20860 -49672 -59183 51986 23533 -1166 19763 25480 53892 46335 23092
r212 45723 62922 60796 -22899 34954 21159 -31364 64741 1051 -6512 -22621 15895 -35220 4309 42235 -15631 25498 -56965 55360 -19558
r213 -51863 7417 -32466 -58961 23504 25614 1235 55454 -25242 -27777 24855 -16339 16055 -4835 -2826 23279 -53904 -59592 14646 -50630
r214 11023 3180 56351 -32760 -2681 -25798 52277 -18489 31466 18178 38301 57316 18490 -17082 -12411 -64489 -57189 35345 33067 -44423
r215 1328 -12023 -12729 -31770 -56648 21348 33229 -51905 -60748 24886 63881 47337 -60828 -55426 33357 -58691 36100 -9378 -20469 9196
r216 -17480 27370 27276 45355 -40370 36952 33420 -27677 -61009 12260 -39590 -3804 -29081 -35874 -20254 -39617 46408 65189 -21748 -44379
r217 -5493 -23641 28472 9261 36361 915 911 -45733 -23430 -13905 40465 -7845 -33809 -24588 -64982 -62848 -34119 42602 -49990 32349
r218 -3796 -12057 20807 -39330 42047 9784 55271 -62660 51630 -64665 -32206 -64883 -35031 11193 -47727 12809 -39595 -23589 37066 -12217
r219 634 -21434 64691 -16349 36696 -43135 61290 -46802 63047 -37514 -20358 -24002 33266 42441 60204 -31641 -17632 51280 6865 23305
r220 29361 -37197 46777 -28078 64943 43270 -14361 48069 -48247 35318 22662 -13262 -9801 -61029 54549 24403 9288 5372 -33036 -41341
r221 39567 23934 -225 -17263 -63123 -61204 -23240 63923 5126 -43119 206 47885 -14167 -62723 16603 45206 -36580 48195 -24838 -47605
r222 21337 -31593 -61019 -48229 -11293 33932 65053 -39819 60424 14872 15633 30558 7298 -18228 64040 36817 -29418 59589 51717 -28068
r223 -50431 14294 1565 29446 53101 -52385 -59160 -1538 8683 19995 -3621 -51846 59814 49853 1801 -27480 -24214 -18284 26794 -16285
r224 -48805 62055 55565 -5708 -47204 -36346 -7410 19954 54539 32023 -27174 -48883 -892 -51330 -39817 -37731 28370 55461 57336 -33684
r225 -29316 17128 -59493 21756 15833 -35398 41271 -37974 -39719 35935 -5563 -26209 -53245 18360 34731 -58334 -32630 -36674 27783 32581
r226 42614 38055 -34144 15906 -3542 43110 44125 -47985 -18188 -25754 -16955 -20635 -51491 -56804 -51594 10455 54219 -21494 24837 38180
r227 58982 40702 -25198 -34486 7720 -4349 38585 -49354 -61213 -26610 34112 -13408 -52833 -50962 2103 19751 -706 6274 -44924 -52986
r228 8114 -56410 22807 -58694 30575 -53806 -51016 -54218 -41004 -7075 -12506 56111 -26872 -54796 -62372 -1763 53938 63946 -49008 61333
r229 47097 -44181 56983 -2251 42761 5475 37730 -12336 -60909 -39042 -5615 56319 -50679 42412 -23873 -62342 42455 60571 -3262 2815
r230 36430 2507 10425 33097 -5706 57825 9783 36402 5048 52533 -59835 40268 48706 -35952 -18611 -51730 47839 -54004 -8153 -48902
r231 42530 5257 50249 47084 -25809 21702 10602 65381 38353 -4315 4673 27460 -53404 -19430 27213 -24792 -11067 34081 -61735 -55911
r232 35975 -29150 43429 7919 -5438 -57120 -17343 -33103 -29853 20420 -9407 42977 -4889 -26522 30707 -25372 20078 -53017 -51093 -51929
r233 48079 -1890 23929 28708 -57579 -42966 -58175 59382 -14322 20730 -58442 -54204 4024 65197 5426 -4760 23323 34270 -52291 -31051
r234 -13453 23809 -32796 46629 -62011 47233 -29482 -15475 -3479 -18978 -33538 8928 50082 -45918 5848 17232 18460 10621 -50147 -6905
r235 34902 56063 -24211 38626 -50343 64896 37568 -12825 -6659 15863 -61810 50291 -22815 -60124 -44783 60346 37372 62768 -28838 -65124
r236 -59966 45099 -53020 14771 51784 -57285 37516 -22806 -36860 25669 10672 -5743 -14654 8588 -16231 -56808 13883 -21411 -9362 -51878
r237 50639 33080 6122 -31809 41986 9689 4006 -23108 18526 -60960 -8299 12674 56426 -62577 32722 -15428 35455 -19610 -29637 9342
r238 -11766 24892 -45005 -37505 -43800 -55941 -46134 28154 -56557 54590 33495 16393 -63547 -53640 -44167 -44324 -35905 21440 6960 7518
r239 35068 -9139 -21357 17329 61310 51776 42192 -5088 26592 -27925 45935 44304 -23070 58328 14932 3152 49619 -20050 37098 -29984
r240 -37628 -20124 38328 24766 -15548 -22631 22438 27326 14032 -22051 57619 48832 -10853 -55308 -26225 32779 -20250 21988 42296 -25559
r241 -20305 -23021 45031 40107 11072 -14120 12165 39467 -11395 -2940 -56554 8902 -63468 239 316 27716 -28873 52846 -60000 -56983
r242 57882 -9865 12399 -18456 -674 -17862 39002 54504 1304 -40122 52199 -53308 -5641 14242 31637 49277 -25841 -15929 -37842 -64135
r243 -31538 -42186 -59849 1071 -63320 62202 28657 8853 26100 -59781 -59704 -29605 -4025 58589 15787 -53853 36412 -19108 30540 42817
r244 27667 -40902 25414 59881 -44997 62767 -2522 -1847 -25511 -12587 -55432 -36400 5494 -10145 50864 58120 -1136 -39794 -16966 11576
r245 -6972 -43932 -51381 10799 51824 49910 -17827 -27293 -38588 -10524 37321 30588 37390 37515 56785 -53045 -64129 -58597 -51741 -32927
r246 44581 -22670 27824 -55817 35382 48443 52095 -8806 -13779 56551 5376 39717 49360 31131 8914 -19414 -52275 -8960 19202 -42390
r247 -31641 9204 -20122 59494 -54521 -6314 3069 3153 -22530 29619 -34981 -46829 -57283 -36959 62091 -1945 -52549 37513 -63175 19861
r248 -41789 49349 52611 49972 -63577 48344 -28375 -8095 -1058 -34341 38800 -5175 -8026 22154 -58889 39997 2565 6203 -33152 -25481
r249 7817 -4547 -6053 -36338 18115 24480 -53275 58267 -23354 -43715 -40459 -4658 33762 -18322 27010 -26467 31404 55058 20564 40196
r250 -56897 -34680 -32634 -48878 -733 16245 -54955 -60012 -1914 -17949 28201 -52971 38664 48338 -17419 15802 58975 59056 59439 -7976
r251 -37990 -46939 16439 -27613 -45533 48381 64699 -14615 -18410 9083 21323 4559 -29736 13534 -60651 -61153 15593 -24013 26465 12874
r252 -7203 -26641 32596 2518 40211 -60298 3295 51234 -31122 18960 9201 -56774 53702 -42767 -26852 -9718 -51518 13516 -33848 48881
r253 3286 -36204 -29122 -43128 58127 27902 33545 46232 53114 -48971 -2185 8544 -47473 53749 -27291 14186 2467 -8071 -18358 -31812
r254 28965 37359 26757 -58719 -23300 -20260 6292 24792 -54204 -6029 54956 -20847 43001 -31232 41559 -16828 42892 30235 -51384 61242
r255 40369 -62997 18161 35818 54810 20 59129 -35275 -9160 -22084 53314 -30500 22471 36516 11468 -55266 8271 65037 -18607 64252
r256 58349 27556 40835 64421 -50495 -32932 -48926 41755 24867 6043 -24775 -62902 -54875 -9730 -59238 -50526 -23130 54008 34750 -10909
r257 -19804 -38459 462 14954 15004 -19317 42697 -39394 24987 -54826 -13879 -56566 -22529 -45313 28058 41814 29674 39584 11340 27818
r258 -55325 -53848 -14781 53492 -51144 33319 1905 10213 -19765 3005 -61944 26006 -37714 18933 -6851 -28318 -9563 -43932 -30500 40994
r259 -56284 -9138 -16929 -46424 55564 -34469 -11611 -6711 -45644 -32279 33982 -39 -38753 18988 22397 53994 57258 -6387 26343 16489
r260 -16011 42447 -64150 48212 -61401 -57837 41284 8671 1140 43220 5972 -64094 54594 19312 56401 -23066 45554 -9794 -46427 -46750
r261 -64146 -42320 -26819 29390 16390 64333 -40195 -9177 -61244 -16227 23543 19920 2318 -39571 19538 -1427 -184 51935 15411 -25317
r262 -39895 42439 1852 -34315 -23791 -31009 -30849 -35483 3015 -58504 20071 60410 17362 -24731 -30774 -2536 -29759 52519 -45835 31107
r263 62510 -34954 -44137 -14221 -27189 48502 -13560 34184 50792 19764 32426 64463 -5125 6380 -32780 -12218 -15414 6832 -36289 -64271
r264 -23945 -36706 48023 29305 48323 -59293 31583 -25811 55368 -37632 -42600 38220 42 26726 -58922 -38129 -28009 -19491 -59781 -55277
r265 62049 30722 31554 -35776 -52376 28663 6375 59162 -11365 38638 50142 24149 -29414 -61391 -30511 -65365 52636 -16090 22602 13867
r266 -52130 -63035 48463 16741 17126 -45667 6519 -36759 50216 60608 -21102 -64100 -56007 35296 -45637 -32195 -21169 23216 64464 -7667
r267 33344 -43283 -23156 -62672 8314 -49268 -50374 11469 15837 22638 28223 26812 4413 10362 63724 34248 -158 -15547 -29310 -13009
r268 56821 15494 -29048 53156 -2101 -36344 49819 -50686 23411 -16277 27398 38049 -4427 -13061 -11038 -6456 27892 -46824 50859 43910
r269 -3742 21592 24104 57613 -13131 -6943 -19507 28665 -10475 33366 -4460 52563 61811 10530 26443 31983 -28053 11483 35686 -10314
r270 -64694 494 -13955 42991 -44983 35716 48375 4806 19260 32484 24114 15839 63612 -38427 -61248 13086 29010 -47876 57131 -52050
r271 -15263 4812 -44465 47949 -41937 -52352 62146 -2163 -48611 -8200 -17121 31561 26907 -48341 46478 12728 51641 -22285 13054 -59268
r272 -25225 46251 -16096 32198 12859 -36565 -27141 54225 -23795 14603 55095 51533 -37540 47837 -50139 832 -63154 -63714 37978 -16925
r273 24780 38665 44269 63863 -55705 -26214 -57962 -10981 -26097 -24433 -63673 -13656 -12462 45364 -59274 18345 -38107 46374 -37437 -54034
r274 -43826 48485 17922 -35079 35681 33798 24509 -21408 -193 40850 14885 25364 -46160 -35029 -13750 38149 -61220 -3090 17621 23867
r275 43268 5179 -23465 40443 25941 37975 -11884 60319 -45199 -60985 47293 -34631 56198 -40213 34063 33598 -29 -59009 18506 -46015
r276 -32195 -7728 -34720 -2685 24564 44701 -21159 44640 -50405 30064 16788 -33467 -39904 54598 20802 15133 51477 60011 -43988 -1206
r277 -12344 59524 13872 41207 56185 -56001 -16193 51928 53588 -13077 33286 -19649 -30546 -9570 57678 -28769 50580 33121 -43118 54639
r278 22476 -14570 9230 54310 -44898 31533 47583 9028 14427 -21054 56796 -55899 -2413 31849 -58401 -56910 10753 30239 -55937 -13491
r279 25920 -5530 22606 57878 -29758 -36941 -37804 62388 -23866 -35909 -44582 54962 -14613 -4743 8851 22996 9804 60987 -29371 -34856
r280 -53080 29988 -30749 -60237 -32788 -29008 38760 -18652 12748 -23824 -35469 -49261 -32222 21139 38521 -49248 -53816 -32168 51831 54091
r281 -42509 -21255 17679 -1453 15866 56916 12429 9402 -22640 29259 -18315 -53327 -7297 -7102 -46120 -19840 -46032 -42354 -16447 -36851
r282 6412 15546 -28527 -39615 28160 4963 14150 -63226 -33607 -30389 63069 25738 -65509 -56461 36556 51782 9497 28505 63829 42044
r283 -49636 44706 30914 -29628 18058 -22510 -3120 26189 -10202 -47810 -41881 -47268 39814 -13687 -50977 -23323 -10389 -13983 61308 -31196
r284 30503 51864 -14523 19472 46446 -12315 63368 30684 -56872 61901 14438 -64179 -37069 -15541 -61742 -20232 26680 30686 -28786 16386
r285 1876 -23733 -46719 -35759 12114 23109 -9308 -51208 -63086 62840 25261 -52396 -58404 45543 -55930 62161 -34269 -18553 62117 37792
r286 52625 14264 56798 -5522 32954 -33224 59742 -44661 1967 9037 57843 -49765 -16258 -8284 56164 51869 -34469 33528 48896 -5800
r287 -26642 -823 -37110 -46568 12912 7786 -39950 -13355 -22849 -23123 37012 48304 51201 28524 -875 -2989 -55082 65514 44743 -29557
r288 60369 -28166 28952 41969 -34674 -3009 56183 36907 38423 -12203 -42473 60589 55238 4233 -60835 15974 54101 -38925 7710 -35348
r289 -28730 -41027 -63151 39041 -18350 -42186 32301 -64674 -37519 3615 -18894 -41121 32523 13883 -8560 29611 -62073 -10062 -42685 45322
r290 29824 8363 58328 56000 -58654 22168 -72 -33471 -25579 31870 -26528 -5490 59163 9977 -18553 -854 15576 -41100 48918 16261
r291 44803 36233 49056 -30394 -7820 -41699 -868 -23968 -50400 -19124 -43833 -9233 -27567 4004 29558 51207 -13275 24395 -2296 -33078
r292 42853 -10810 -30406 -14493 43193 -41554 -11722 11066 -65064 47909 15379 -56917 -6160 61142 35546 -45368 -28002 10620 54671 -11693
r293 -17177 -35306 47235 -41306 41917 44883 20247 60962 -18028 64911 62621 25606 38975 -46225 -59170 21303 -12021 55729 -49541 62124
r294 3933 -25981 52799 -349 22722 20352 -22060 21470 -53529 -25162 19863 -12810 11650 -36196 -5689 10725 25515 64976 -11704 -4159
r295 49647 -759 29148 29060 56760 30641 25028 16790 -52978 -57215 54976 48388 -27004 -17825 23244 -20116 -60600 46016 -56458 -8268
r296 -21197 9806 23010 12967 -51991 -55758 -12086 -20332 -31428 15691 -43446 -18883 -3072 -36295 -61755 -45371 -12619 -28425 46567 -42986
r297 -267 -59494 -55302 45909 65450 20828 41279 -16091 32185 -244 31573 -16128 -21288 20545 -62482 -46193 -23789 23647 10836 -58047
r298 -49799 -36264 -4176 64187 7669 -46328 16072 28604 -38944 36598 -60413 39143 31522 -19904 -59968 -57039 -23510 -60169 -22912 -50845
r299 52341 -42307 13072 -8400 32828 -43107 -25467 -19177 43903 -39183 -3608 62877 30250 -29825 -52926 -17309 38486 -20803 35619 -3253
r300 733 -6933 20331 -35104 -583 -526 37990 -64946 -23324 14026 10019 52906 -54906 -63449 -62416 48478 -51276 37572 -45054 -2446
r301 -36553 -54807 -43802 -4067 63252 -28744 9591 18594 5584 26311 15882 5945 -48582 2798 25567 -59429 -17261 51599 -16364 -47357
r302 -30387 47487 17768 9489 24703 23220 64937 -24145 -53372 23804 -25208 -19128 37443 -38830 22189 19279 -52240 415 -12887 43749
r303 -4058 -34783 11119 15541 63996 -45270 -33215 -12827 21040 -43195 44547 2723 24640 48709 20809 -14266 33418 38661 -13677 -54660
r304 56386 -36316 -55844 62780 23853 -24702 -8037 22092 -17354 -27612 49297 -15263 58297 4580 -54535 -46426 -35725 41622 -49300 42589
r305 21113 -13840 -56056 -58807 20310 19267 -60891 26199 48226 27779 19336 -35052 -36493 27496 2896 14231 50984 22201 -38037 -51959
r306 -24344 -24839 24000 7251 5770 6690 -57540 30534 -33152 -48608 -7560 -40171 -54371 43030 31923 19113 -29244 54414 40165 -56106
r307 -22202 17108 -57247 51855 2715 -17048 45676 30155 -53560 -52828 -10118 10188 -30257 862 -9832 -37378 -6824 -14881 -28848 -26490
r308 -1254 39996 32488 -5883 1905 40111 15173 -43667 53050 25002 -39662 -33270 -28869 -3097 -50039 36342 43372 59876 -46124 -38606
r309 11228 65301 -36943 2871 13481 48699 946 -40805 46049 -27372 -57099 -22381 -63349 37168 -3470 -56295 24822 39839 -12454 -47119
r310 -40371 56732 -47046 -39497 35700 -25852 -20615 17231 21031 43411 27096 -47147 19865 -35261 59625 14034 -56960 1233 65022 -42551
r311 -45607 -35740 -26337 25445 51780 61646 35106 9048 -25048 33377 -44436 5422 32665 -63068 57189 -13898 19706 47863 28203 24791
r312 1317 -17863 11413 -6807 -26215 -46034 -11431 -6687 64014 -30814 50933 -24103 -62285 61826 -7826 -15174 51646 8450 -59550 -20260
r313 24833 -4178 59905 58167 -11532 49033 -12303 17604 -61816 -19787 28235 50881 53869 30246 -28733 31523 -37945 43412 5769 17633
r314 -57456 -42127 -48015 59065 40754 60305 33025 -41849 45253 34064 -56412 -53592 -8241 50458 46800 -25093 24071 23298 -2129 -15879
r315 -35717 -28560 52768 5562 4978 18109 -42484 47390 -14007 -47311 50010 -49159 -24450 -47950 -12547 -21543 -47743 16986 57429 55049
r316 28120 -40662 -4420 15073 -25273 27871 36200 -4550 -16534 58198 -28201 -15468 -47215 38083 32925 -14059 -2710 60638 60927 61897
r317 63204 -26146 -49585 41191 17108 42503 11605 3304 -33853 62401 53011 39577 29230 8746 -28923 30367 21678 23200 -53467 32620
r318 18439 21620 62916 -34926 13564 56570 -6653 -30512 -51902 -54540 44972 29513 -56690 -22527 35675 -32108 -31334 -42004 41435 -29503
r319 -32146 -10532 28021 -54580 -56668 -26485 28185 -53034 -2129 24556 46346 64691 -37158 -31802 48337 5141 33044 -9135 -37758 -37103
r320 -1872 -1268 -62282 27887 -56012 -52097 -40831 47938 -12449 44321 53930 -49724 -6911 -37648 -43671 -10465 4163 -64595 49056 15320
r321 44896 36455 63191 61207 -44009 40062 20910 20399 -49219 -27270 -31540 42148 46780 20405 -39392 412 -29011 27376 2564 35599
r322 39167 2434 23090 20671 -61767 61142 30618 -45778 5980 -61612 9510 -57305 -4760 -49896 -48994 -63874 38366 4937 58089 15774
r323 -51689 59923 -20087 -50648 -52249 32110 -49728 36183 -10999 8058 47438 36801 -28574 48404 -7971 36232 -41192 -15601 -5591 25095
r324 9940 12455 36125 -43132 31688 59725 -10823 -62720 10449 53559 -35370 56501 -23273 60521 -7083 5115 -34459 -50291 7471 48491
r325 63293 -31807 17496 291 34433 9434 6636 -2935 27572 38996 -61885 -40940 -59853 -16678 -22848 -38592 26072 -43829 32088 2302
r326 -30246 -41024 46807 -24513 -59365 64073 46482 8644 28470 5781 -47847 5778 11891 13507 -774 -53331 -4427 -16056 -5603 -36235
r327 -42373 -11545 47806 33246 -5815 -12800 36632 65440 23100 -58650 -8713 3894 4864 -47129 49033 -6478 -4084 37731 53000 -31275
r328 27012 25113 -27710 -933 10162 57531 19335 -49192 -32861 40938 25228 -61159 29640 31278 -8905 -37969 -44123 33709 22672 -45862
r329 -30676 -30030 -46509 56081 -31358 -42172 41997 -54210 -62582 -10919 -32986 -18552 63329 -27735 -11483 -25964 44870 -8930 -41093 41042
r330 46157 5273 -7760 58299 -63166 -10555 16952 -13155 -50733 -19024 51569 7299 -4024 -55583 -48238 62864 60269 -60442 52109 -24065
r331 1245 -46539 -5933 44171 31047 -39041 -4714 4867 -13281 -25051 -48633 -11648 -15272 -7840 56081 -42622 -34315 -18445 22664 -33156
r332 -48227 54613 25050 57098 11958 26027 12968 -62255 -38097 -20903 -42384 -53894 -36243 26539 -49979 5347 -58781 43822 -26121 -16731
r333 -53919 -8402 -5254 59365 21763 -54200 57450 51365 32977 47640 -42698 -22307 43376 -63287 -49635 7008 -34103 1352 576 58442
r334 10104 -33538 10814 -1121 -28436 -46329 57245 32145 16008 55543 -28822 -64411 -2553 -53713 -4568 51613 6918 13116 -37797 -21532
r335 -37653 -20471 -48858 -55185 17000 -30257 55609 -50732 42467 20446 -11757 59721 -10705 -63864 -33303 -63362 -12348 49143 51106 11238
r336 -35687 -48389 -22035 40505 -9056 -13170 14987 25624 -4076 22365 10116 54644 -42628 49406 57061 -6709 4994 -39724 56449 -25916
r337 -60351 39426 -62299 -62725 11866 42061 54991 27278 -21209 14963 15095 -20336 35303 48172 56343 -13817 -93 42035 38278 -2049
r338 -39184 -8697 35624 -39744 43886 -28826 13520 12543 -48378 -20276 38733 7 34181 -24453 13824 20116 60628 42479 -53552 5778
r339 -41814 1898 48287 -2614 27424 26029 44155 -24972 65380 -33153 -14600 -15722 -8282 24835 -10086 -49482 -49715 13392 -22578 15261
r340 -14866 -34017 -57248 54274 7055 13427 -26738 60502 -13055 23280 63320 -41792 -52216 -33493 15846 -50893 -2137 -3006 -55362 -44409
r341 -5997 40059 -50467 -3608 -51755 33671 -1446 44785 -29834 40660 5283 -34614 48794 -763 23888 -48052 7168 -47380 46517 26202
r342 -62194 -26129 -8589 -33144 65483 -14033 63206 -34813 25322 44470 48132 -53836 65205 -39996 -64056 38034 -14591 43581 7450 40666
r343 -45494 -37017 25986 16152 -35954 58901 12032 -39368 34421 407 27831 -41095 14035 -5131 45438 -27971 39499 -4664 45870 -34146
r344 -45269 -4305 -49891 -40530 28622 -32169 43228 36259 40614 40032 54393 42103 12852 -41025 -46472 -20363 -9275 60075 -11884 -13756
r345 -28409 23913 57834 -36794 -205 -65113 -41636 -43940 -44911 -1723 -10783 55901 -18633 12462 23332 -5899 12525 37719 -32758 -51439
r346 -39934 41537 29820 -15449 -7850 -543 -2855 63917 59109 46980 64594 -1249 54586 8255 -4972 -24951 -8063 -23698 56704 50291
r347 27402 55762 -44658 -35183 32284 -2302 35663 26657 9088 -25761 55717 3536 52776 -29366 19395 -29645 2145 52344 -10648 8976
r348 37423 27992 59076 57505 5914 -17929 616 -2361 9419 -7731 -58436 -18708 4055 -61269 -26527 5160 26634 31809 -61887 -9924
r349 -45736 -26276 41677 -30490 -28502 34115 -28884 28251 2171 -15715 -49976 -28113 63563 33719 -1755 44380 -41153 -47215 55064 40162
r350 26598 59532 -60242 -42916 60749 -30940 -47066 -61517 24991 -32957 -56226 23566 8695 -39295 3024 -56142 18206 29820 -11155 -52403
r351 32061 -36003 22229 -45193 -8223 -7919 23817 62104 -65014 28888 -55990 20970 38509 24774 52935 -52094 -62896 -22009 -43560 13467
r352 -62298 38564 -50258 -44746 7636 -61115 -62274 -25435 22917 -55286 47228 44564 2043 61523 24885 -35157 31703 -31672 -9774 23258
r353 -61962 547 1402 51819 -61531 33337 41706 43748 -30383 -5207 13357 -20017 -17011 7952 10267 -17214 -55239 14473 -37458 29655
r354 -25982 3160 -37056 -25204 48964 35517 -55522 -44981 30622 40752 -4838 25086 -17047 22255 -5487 61836 -10639 53264 38078 -39802
r355 -39470 51810 46489 54959 7389 42887 54008 29180 58786 -44147 9748 -13141 48343 59896 40085 19435 -29945 -11421 -12741 48797
r356 58793 -27157 -48797 -25305 -34443 -44981 19701 15085 -33871 24124 -11202 -59063 62095 58752 23884 -3806 -46826 -17183 -28545 -46412
r357 43930 40834 -23607 29642 -35932 16848 -16101 -41990 -11871 -15632 14632 3890 -52347 57794 -22345 48839 44487 -11702 44722 -26264
r358 38238 63710 20993 -14701 1648 -1905 -52180 7990 -58108 -38043 27101 -63264 22581 -55248 52839 47246 33823 43400 19486 -36462
r359 -53225 51875 27025 -26608 64191 56329 -38593 25702 11294 -58886 36169 25900 -33982 -48755 14336 55741 -56555 10654 -12189 -56979
r360 -24879 -3901 19182 -1389 13882 -31234 -13379 27938 43790 57159 -60108 77 -41786 -28069 9027 -46623 -12869 43128 -13046 41326
r361 -37323 -23795 -10133 33216 11629 5486 55304 -27866 7870 49582 58270 -37552 34646 4873 50269 -2113 -37219 15290 -56650 2278
r362 -59644 14057 31844 -28251 -29343 42939 49669 21640 -48740 -4765 47782 8515 -49496 -56010 43964 52735 24429 -43101 15192 60225
r363 -27873 -16112 45359 63473 -37551 -35896 51416 -15272 10409 2662 -12567 20463 63316 15284 -28838 -23065 60664 57567 -49927 -21615
r364 61557 42098 47582 -768 60215 -42573 12030 31314 -11145 33760 -57507 -46319 39765 -33344 -53360 18275 14699 -48192 37469 -43285
r365 65239 18837 11518 -51578 59159 -12691 -17889 4191 -4664 -57912 -28754 25997 50514 15203 34605 -10965 -60621 -48974 -33564 29695
r366 -15867 6832 14112 32639 58697 9052 -35072 -5116 -35921 -17848 24851 -57493 25953 22124 40398 61106 55467 32774 -61575 593
r367 -55929 -18886 54593 -352 9292 4889 -22557 47110 64157 -44310 -36684 5355 34750 -59000 -52590 18418 -5473 -34319 -59883 65212
r368 7067 45653 63866 51399 -14108 62658 -38567 47539 -29452 45131 -30452 60083 -29537 43225 -45568 65351 -29312 -27336 41231 6523
r369 -9357 39454 2816 58527 36023 22173 -42572 -48872 34779 -22564 7468 -60274 57418 14711 16180 -1271 -46122 -48522 887 52519
r370 50537 -15423 28550 -17472 -37282 -20117 -26049 52744 22425 -49736 -21764 23773 -31148 -3770 -51235 -13389 -11875 15594 -39118 29700
r371 -50160 39645 16464 -26979 3389 38609 10836 -4946 -62744 -24364 44762 43184 15267 10218 29482 -54669 -34781 -3380 -56238 -27987
r372 -30521 -60417 -2072 -53862 -19542 41593 13355 -49000 -42172 55322 -7725 30318 15553 -44525 81 -33864 38175 26382 57980 -8221
r373 35020 12442 40236 53097 -33133 -37553 -54496 36873 31534 -6508 -49569 5655 -27720 -7187 33746 -61429 -33873 61217 41206 15983
r374 1352 18005 -31491 -39446 -46543 -43383 5877 52946 -58765 -58139 14828 9595 1412 -26817 -46059 33877 -619 38972 -23446 5626
r375 -46196 -21791 -10066 19799 58950 -24920 39013 64424 53214 -38933 -5682 -585 1409 22692 -6550 37085 31272 25370 -27035 -52614
r376 35501 -24926 -64340 49272 -51716 17696 -58352 -51276 38169 -57418 23261 31523 25587 41475 27440 10573 -11582 -26682 30843 -24719
r377 -39674 -56519 43153 28222 20746 -60570 53220 -48879 -22362 -43756 -40933 -2844 14997 -31150 20697 -42892 -24846 -52428 63752 64385
r378 -8749 -29216 -17673 54002 60267 46464 -11921 979 44296 40643 -1438 55108 34019 -53203 -50598 -24073 -64581 15056 17401 56837
r379 -46110 -48413 -62495 42917 21720 3665 31591 -112 -32938 23588 11061 -22570 -30139 -26165 32143 -41562 52075 4179 62226 -53609
r380 15981 -56644 8136 51295 52376 -41099 -7143 -998 -35474 -5817 -23676 -33417 5371 -18126 -20075 -4361 -59455 48517 12560 -41086
r381 12971 31213 35621 -18911 -20538 -40877 -53559 -33934 -11216 33342 54054 -5556 28402 -37142 -22182 39652 1610 -57815 -41259 -32459
r382 44915 60525 14639 34339 -8377 52632 -6252 37021 -7013 -45121 20108 -206 -41210 3505 -7229 57697 20836 -56016 62295 57079
r383 11153 43474 27726 36195 29037 -5299 50613 21512 -4377 -53305 -42432 41973 -47001 23730 15940 55078 -37932 44530 -12003 -27189
r384 -8461 -59863 -8184 10775 43808 -34200 -39398 -38999 -53521 -59232 28838 55495 -64554 36171 -30226 -55670 -6176 38831 62822 -36735
r385 -123 -65051 -14579 -13195 -4482 40936 28298 -4587 -60775 -47583 -29883 -60839 25001 -30264 -13566 22197 4736 -19206 47859 -32140
r386 12442 9796 56550 15020 -19857 51726 -22023 -44757 -3840 9937 -12717 12356 42917 57487 32247 51715 23800 27961 -34150 31945
r387 35360 -48470 50614 6312 43572 -59989 -26590 -52572 6102 -5146 7973 38789 36067 9652 24984 -18703 -36321 48384 -12052 35505
r388 1263 -41556 64399 -56938 49989 20174 -40949 -51308 42355 53504 42051 -20712 -24607 -48499 -46172 -37812 -39084 -38130 10582 -16588
r389 -60016 -978 -22093 27283 -23940 26551 56370 -39315 -60128 37853 -2874 -22084 -29523 -33637 38167 11418 -33755 13023 21054 9114
r390 13457 -42182 -13537 -9052 640 -59866 5681 -13051 23705 -45157 -27969 -32723 12102 -31395 26822 57396 24398 -21307 -27227 -37600
r391 -1640 -28344 -30052 -3509 -11636 -62379 28986 -30883 10783 56933 29132 38406 -51529 16863 -18243 -61196 61480 -34261 40694 63124
r392 -27623 -27275 -24191 32272 54227 23437 25928 -34774 21910 -25536 57814 848 28121 12541 38107 -24785 39362 -6399 -7310 58946
r393 -14095 31751 -65128 -53867 -47920 -10407 -63722 4662 30514 7119 -61377 26616 4788 23874 -42772 -55831 48088 16970 -59406 -43224
r394 14354 51219 -42504 -52757 -11372 19413 -13658 37932 -12935 -30050 35155 1351 26260 -38769 43328 -11282 -48478 30449 -25651 -62178
r395 -47550 23415 5664 34605 47339 60495 -64338 -32311 31840 -42145 -43904 -36831 -35916 -57244 -7208 51761 -59232 -27623 57644 43911
r396 58973 -21202 -43709 12775 30291 64893 12845 -25549 -29098 -64620 58371 -40766 39471 -49267 33099 -37849 25062 -42747 56882 -4498
r397 42868 -19127 58458 2501 46916 34534 14407 41674 20684 -52822 5369 -22049 39912 -7206 18241 -53301 -23260 -41312 25313 34517
r398 -21850 50008 26023 65353 14913 41182 -42555 6147 -38727 46741 30030 -3695 -20979 52337 -11675 19882 -54027 37166 26084 -18609
r399 201 2299 -27190 -36713 31601 17036 57981 -25550 -9262 -31995 503 -36092 -15006 30985 2884 59056 34177 14985 -47127 21809
r400 52949 -44796 -55093 4739 -40289 -18165 -46075 59937 25981 -55436 -61536 -6839 63361 -53322 -1609 -57265 -44954 -1237 35006 13176
r401 49247 -8942 55442 -33213 54328 46993 -36120 22314 36787 12046 24432 33801 -4572 -54338 -29298 -11031 63484 -14835 -43867 12808
r402 -32208 -13125 -14163 30132 -27902 -19541 -45981 -61338 -50403 -58537 -21828 -14490 45144 26913 17654 -53296 -27273 -33252 5732 23895
r403 47160 25151 -35126 12818 48746 -60385 20753 -64625 39252 -204 -28648 -44133 58705 -16338 -42398 36419 -13459 -41708 -62246 27573
r404 -35376 -63951 -59290 33356 43082 16546 -21072 -42144 553 62084 -34039 -21456 -55539 9430 -25742 -27827 46387 32735 -61477 -15819
r405 -21549 -63618 39686 -58428 -35794 -43470 -43588 -20833 -18336 15505 3701 -42829 -2784 9965 15013 54198 30291 61497 31152 -1140
r406 36466 -7366 -43387 -20501 43138 56744 -2311 21728 59565 46681 53381 9522 35328 44581 11531 -21798 49323 -19666 -9439 -12140
r407 -61761 -22092 50784 26573 -10937 -19416 45555 14942 -5864 -25910 -25777 -20255 -64916 -58974 -57944 -48805 48159 -51992 21318 18185
r408 -43512 58366 61168 58665 64033 -24992 -32917 -479 54418 23624 44395 -20412 -33850 5495 -50192 56384 -22914 -54810 30540 42451
r409 -25172 45232 50343 58440 44728 -21876 -59670 63052 -42744 -420 18494 8962 -26227 -36486 57320 -22288 -59358 -34630 -26771 41545
r410 -14877 -34951 -27756 27150 -63640 44905 -63826 27665 -31447 20871 58787 15608 -59715 -52483 -64406 -21008 -41249 53882 -1494 -52485
r411 -37556 -1456 -13227 -52279 -54378 -12492 -46410 -57669 -53115 41683 4538 -53499 -40497 36268 64663 -25065 -7647 47077 65318 3056
r412 3511 -41330 -8530 -50395 48616 61574 -39912 9160 -4022 -11771 44327 -35700 -23685 -29219 -26079 64352 -10779 -14221 25510 -11259
r413 -57081 19716 -44039 -62152 -57718 13210 18668 -29589 -13332 -16978 1357 6941 28642 -56729 -29824 -47544 -56507 51344 10152 -31683
r414 26154 -10974 29876 18133 -11849 1984 52692 -1544 40989 1259 -9090 33042 -7534 -57042 -26249 28845 -12709 60387 14809 49923
r415 5081 3323 35723 57629 16096 -53518 53136 -19212 64672 -58596 37830 55678 -7237 -34819 3558 51528 -64369 -28419 63139 -1323
r416 -18588 -16234 29669 13010 52096 4531 35536 15896 48585 17024 -7706 -35358 33375 24882 17556 -45344 -29340 42919 62792 26023
r417 59340 64328 46012 39702 -54318 -23241 -9452 -16821 -32155 50020 -38976 -30265 33563 -37074 55196 -30922 52002 -17100 53879 -43232
r418 -50746 -46875 -64270 41431 -20280 -60488 -58427 -34858 58751 42594 2905 -52869 36811 36313 42018 14004 -14072 -13612 44246 25845
r419 -55045 6686 63177 -22835 15154 59636 -12320 54340 -52127 58895 57733 -40310 -40272 -30368 62885 -39460 53504 -17236 -6025 27345
r420 -2878 53440 -50431 31454 6449 -46125 -22506 -8013 13005 378 29529 -62073 34103 -59859 30927 19753 -52758 16960 56571 62328
r421 -28251 62924 3131 31450 -4836 -52802 13870 -45094 50298 -61447 58447 -41787 35585 37346 5935 19644 -55000 34586 -39620 -60080
r422 -30237 23814 22468 48438 -59722 -63300 -32328 24187 -16203 -28419 -16597 3505 -35912 45645 46500 65335 -62624 12012 37467 23198
r423 -17420 43155 -21951 22852 7582 64697 14574 33510 -62870 -14712 -32050 -44689 -21233 -52292 -1434 21437 -26056 -56675 -12338 18787
r424 2484 3953 -41171 59851 -12512 -10462 -24404 -17465 -3641 -59907 7542 -36099 23887 -35742 46393 -1367 -57643 4454 28933 33434
r425 10298 64586 64637 -54319 -12496 -38578 -49968 56876 -46033 26091 50870 -9992 39445 -24717 -11033 -4306 -54645 18122 -47326 -46991
r426 -63705 -29233 -50496 37892 -5007 -44592 -9791 8688 -21560 32734 33091 7653 2896 38005 -4054 28139 -61627 -1008 46881 56747
r427 -24205 15598 1467 -30266 -61244 62002 -6660 -53254 -12986 63644 -17889 49173 8332 13776 -16744 52088 12751 60506 10752 -26203
r428 16468 -23367 -15622 21183 22381 28673 64370 51895 53437 7695 41550 -24115 -49907 -35522 -38177 -36262 12538 -29705 23696 6602
r429 -25627 -52759 -46437 -50993 41058 59320 27511 44969 -56973 -23174 36838 48366 -41303 -60389 54196 -52032 37972 -24968 19626 13931
r430 60511 -11910 5004 -39666 -63817 -22924 63681 -6012 36002 48388 51604 30230 -32303 -18 45977 -51005 -11239 2459 -2700 -20284
r431 -48926 -63959 37264 -65227 25651 28684 50779 -33737 -43869 -37129 -63307 18246 21375 -50790 -5222 -16654 -5120 32502 46826 25030
r432 -8991 2375 -21929 18904 -34228 43567 3 -4181 -7311 -7175 64464 -28900 32550 47823 30395 11910 -28395 31834 28873 -22962
r433 48526 -42349 41878 53782 -9984 -58619 -39075 34333 18061 6168 -2225 28427 -4917 -64257 26625 -32533 27536 -58470 -23533 -28882
r434 7028 24291 -47464 15387 -15799 -15348 7741 -24633 37609 -27941 20281 4276 -40040 -24595 -3791 22009 -7306 15748 56888 -26701
r435 65443 -35126 -9959 39474 -64247 -59933 15048 -27216 -15270 542 -2425 -34646 45914 -30922 -20818 -35124 -20969 47816 -234 -43736
r436 -56514 58211 42378 -62 5100 997 7898 -59922 -63389 18496 38214 1920 15563 23411 -11567 -54117 -25356 5999 -55650 -40008
r437 39452 5357 5647 50730 -46907 -5818 39625 -51554 24001 -64016 39173 -56602 -62912 -62797 54519 27924 -21833 -22042 -29850 -33610
r438 -38994 -45425 16981 5857 -38034 -59293 62604 16108 53223 43617 -16663 -6857 7733 -29825 47295 -6766 14416 -32442 41488 6973
r439 -65499 -41910 -31277 54279 9286 -53672 -15322 51180 -16585 16086 -56096 53252 9478 -5803 -55921 -19164 48323 -36972 -62649 -52538
r440 60942 -33175 -38990 -32713 -58579 52521 4874 -758 60927 34512 44555 43863 -15052 55431 13196 22107 -64240 7515 -47811 -33868
r441 2916 -2353 -12312 -20465 -18795 12637 10102 -23874 49445 -38261 -51956 -36904 -55899 -16844 11482 44162 20324 61015 -55794 -58295
r442 37643 21677 -5772 -12835 12612 3268 -12743 16785 -29539 30146 25395 -36734 28967 22553 -8601 -3198 -47054 5986 -65388 -46326
r443 -17233 -9414 -36649 20199 27888 37510 -15956 -31940 -19429 49580 -8911 -23974 13941 -62470 26540 37279 -12448 3863 -36891 -13188
r444 35854 -26820 21579 39873 56066 15307 2194 -47378 -8331 6738 31465 -40065 -3405 -16147 4337 -11409 49223 -64728 49853 39236
r445 -18128 -4171 -58838 51153 -20263 -28833 51080 13652 -3709 -37552 17264 -46956 -53870 20901 -57766 7669 21708 37335 45089 -22851
r446 839 31653 64377 -46390 -48584 -12533 17577 -50067 -20146 44227 -32358 10940 49900 48674 -63960 30856 -58429 -1020 -14561 43527
r447 50942 -50164 -27546 -59984 4115 -1644 -11666 45104 43940 -30413 33565 32431 7277 -28748 32146 -12788 -54957 9985 -22753 5816
r448 21486 48528 46287 54876 -295 -10076 64972 -7722 62679 51957 -55156 -35000 -42357 29744 -63087 -15079 -45505 55380 63106 64444
r449 -63468 -13435 -9514 20361 25405 62932 24714 -7320 -29968 12158 -30454 44898 9862 -61140 -22020 -49038 53455 -62905 60343 3022
r450 -20051 -48082 -3757 -6356 -36436 -31416 26720 47740 -43546 -60020 -37812 -52851 7329 -59088 6463 57063 55195 -8320 -9619 38828
r451 42486 -13951 -9457 -55281 17220 61131 -27568 -42161 -52830 -63968 9222 27864 -20729 12239 -64291 -33411 -10285 60605 -45655 -19923
r452 39299 -36523 10382 42487 6761 40748 5888 -38571 64090 -3429 -25584 -30762 31893 51455 -64345 -20761 -59879 63154 -40531 -20195
r453 39214 24026 -1041 -48926 10199 -30379 -48279 -47659 -29978 -18847 17558 -47357 -43696 65492 2084 5619 -58631 5855 -11773 51460
r454 -21865 -542 -12257 64050 -9953 53321 -28245 -22348 -11089 -64342 52369 -50850 -7816 -64267 -59179 -60482 -51448 -11859 64038 -43581
r455 25990 -554 -41449 40435 25932 -57521 8421 19338 -64107 45108 -654 20187 -13699 1101 42506 -47886 -18826 60437 45743 11859
r456 -36332 49413 64818 -16582 36204 4365 -26137 30199 -14617 -64155 14532 2263 -29212 55825 -41136 -3657 -28782 -5852 -30235 59236
r457 -43152 -31992 31312 58326 24224 51485 55382 -35901 4909 -7974 25067 11676 15347 -52867 -61344 41435 -51785 12501 -59775 62008
r458 -59658 -20943 -42718 39848 -28435 41242 42500 18344 -26069 -11171 21072 6894 63516 -61799 23878 -12554 -9072 41679 -3159 37198
r459 56728 -49035 -57438 -44034 -34967 -25292 -23174 -29310 2318 -29867 60947 25875 21755 -48792 -48825 -36053 -8548 -60899 -1687 -49097
r460 17748 -6528 53250 -4533 5234 -26928 -9458 -53002 30913 10660 58170 -63644 -65001 -1161 17412 50052 -5697 -3770 -36414 17840
r461 64252 -40845 19425 -4441 -57964 57054 -58190 2922 25608 -55311 -53305 -353 61231 -31607 42445 -19453 50010 -7334 -43562 -37448
r462 41078 -28419 39018 -25703 -30879 56110 6680 -19964 31987 42572 19101 -46380 43174 -51350 44 -13375 -57053 -9282 12704 -62405
r463 -10897 56030 43015 -9387 36122 54829 10712 -45671 -27993 -53009 -6679 -61370 33055 15049 56259 -3502 -24364 48577 48998 63375
r464 -8999 -31523 -39466 -27572 -61874 27862 -44842 4072 36208 31320 51557 14516 -38848 -34934 62486 -49820 -28684 42991 27064 -38017
r465 34966 29622 20799 -58689 -26738 -62304 -7156 6963 -21575 47193 28415 40894 -50109 -18385 -46250 -28343 20465 5 22458 -42112
r466 36000 -25972 -32627 42954 -4597 40608 -9274 50534 10866 62548 -2520 10367 53727 20421 51227 -24074 -40942 14156 39368 6724
r467 -28245 6236 28431 -33620 16772 -48690 50706 -41826 -49353 65021 12633 5742 -54003 53708 8279 -21914 10693 -31454 2784 18839
r468 -8207 3085 -63590 61447 -320 -11382 -56184 -49088 28611 -29362 -62403 -10132 -50235 -19347 -8094 -36564 -57644 41931 -34031 -55787
r469 -37056 -39531 920 -53477 54145 -53745 12088 28376 23841 57424 -4977 -25906 -57620 -13950 49867 954 44993 42331 -38656 -20567
r470 5089 10741 53762 -26941 32801 45832 -23815 57205 36109 12896 -62040 63800 24279 -27378 -17890 53131 53915 -7888 -61731 18562
r471 -65112 57963 30993 43190 -29257 -22740 -60578 -46204 -58364 -27645 -32529 -40143 22350 37395 64396 -52714 12228 2753 -58558 -55797
r472 41213 58684 59244 16707 -4213 59885 -811 -53634 20072 33111 2221 60126 -5534 -52717 -14907 54714 15616 -64069 47930 -46189
r473 -54198 -55720 58150 -55675 -6414 -42211 -36931 -23132 24873 10708 33380 52911 -31434 -59483 -13973 18433 60903 44742 4084 -57332
r474 55408 -36349 -7682 18195 5013 -36988 29732 33516 29983 -13294 -33204 9952 -22384 -52430 -58052 535 -8863 35221 -22950 -24925
r475 52806 41847 6377 14114 -28498 -32409 -61044 -29492 -7549 -14099 55757 31229 -35085 -54213 -39947 -22985 -11597 -51700 -64349 18636
r476 55520 52394 -40860 -45959 28732 -53006 16979 -19481 11607 37015 2493 17520 -38587 28930 44633 -63920 -58569 46774 -31536 -15003
r477 43788 -39672 -58421 28118 8415 54711 -62280 -63257 -48088 32602 -9967 17733 8741 31184 -65483 49720 26149 38605 -22491 7728
r478 -8565 -65181 27473 -32764 19827 -12813 -37716 -41467 -27057 -5649 21249 -49563 47025 38136 -47772 45512 -5191 33828 -19306 -62449
r479 -40009 61448 16286 -59639 -29089 19959 -47542 -27336 -45189 32549 -53881 -1906 57336 -41720 50958 -38804 -34522 33680 47963 41902
r480 61255 41260 -49975 -47981 -13608 5005 -61860 -35839 -3178 -59996 -50374 55809 -34285 62175 -21510 24409 53666 -55907 45742 -10524
r481 6637 7234 65366 61551 57282 -52159 39189 -63026 59295 8135 -293 -37399 40010 -20904 4749 -63410 -12955 56863 50171 -16713
r482 18711 59448 31892 -5110 -15121 -2093 43965 -6585 -34318 54298 -45455 27858 -8221 -26956 55847 56021 6007 34844 39609 -43744
r483 -36696 33124 22363 31551 -35596 -19083 -21228 -26982 -55145 -27556 -19395 -62813 45654 44368 39317 -46088 3347 60947 64456 -39383
r484 726 -30312 20526 -13597 -25462 9589 10488 -24678 47697 -12949 2837 42076 -59562 -53430 23167 -50699 -38905 33339 -48299 23714
r485 -54227 -51598 55402 -60811 17560 -34350 6474 -20298 11572 -61183 58214 -21649 4181 54615 -64744 -24910 35586 -17928 -53295 52929
r486 29969 -62415 8908 15680 -32557 -28613 30569 47442 -13346 -37943 5471 -56611 -36558 -47812 -36314 -47280 18054 30636 -36782 45261
r487 10482 -39612 -3690 -28537 -48043 -45614 -61721 -31798 52482 -49994 -52382 49181 -20287 -24544 30033 -31298 -56459 -3877 -58798 -64624
r488 -45526 47425 3499 24185 12714 -2748 31326 -25558 50645 60220 -34073 -3238 13723 -61731 56360 -11985 -20045 44297 -17112 14531
r489 32912 -64318 42665 5745 2586 34437 -9318 4915 36560 12265 -11266 -2888 -30517 -51236 -57026 -8594 -38958 37903 -6131 46756
r490 -2244 -29478 26142 240 -13968 9104 22673 -44849 -37721 51733 -59824 4517 -52028 -1514 58165 -6718 -52114 -34658 -64816 -56755
r491 -35639 -29693 -24599 -39019 42379 -42689 32865 -33550 56930 -57627 15123 -55248 22398 59525 53238 -39989 10129 -53130 -47286 -39795
r492 33691 8399 -27163 -65150 16627 -20957 -33326 -29021 -31520 20982 -46072 -50836 43604 19404 -3922 -31511 40616 6382 -61715 -33430
r493 -64008 60229 4742 -40735 -51345 -42240 -26076 -44475 -13461 -57366 -35722 16608 -61418 27682 -62255 52300 18617 19713 -1164 27757
r494 45224 48183 -12327 -5950 1144 60571 -31593 27754 26169 -27466 -13319 23990 -62543 -27896 31869 -52296 21806 3075 -37003 -27629
r495 13752 5332 -5147 -56090 -33989 -42009 36343 62885 -26498 24868 37458 -18551 44010 -6069 -36391 40430 31485 -48085 23659 -24327
r496 7039 54411 -38269 12536 -632 -38019 53518 -7955 -15921 37744 13351 -638 63125 8280 -44677 -35258 -58324 -6756 46573 -10650
r497 -20616 -33287 -51027 -65385 -36510 61497 25059 22293 -31749 -53415 38974 -60186 62905 902 6231 -14936 63498 13469 32292 -18666
r498 -15193 14161 -63034 -63488 -50693 43894 -36905 27713 43584 -62123 -43591 -34035 -18926 -58205 -46274 -65324 -46547 12212 -41295 40269
r499 -3815 61611 11269 -32725 -24639 56640 -49143 -14797 -9991 45033 -45043 -42815 58317 -24413 -20411 57211 2752 50652 13546 6840
