mTable45 21
KEY  c0 c1 c2 c3 c4 c5 c6 c7 c8 c9 c10 c11 c12 c13 c14 c15 c16 c17 c18 c19
r0 -45807 -936 8433 41416 28660 -9373 13408 43813 56021 12571 12143 -18308 44808 18064 55679 -6744 -49305 -12508 37807 -12757
r1 -32153 -13269 -14106 19061 -38998 14206 -4893 -27618 -51550 -44796 2944 -29311 -32027 4835 -56713 -59620 -18279 -1006 35379 54810
r2 64025 -57077 7517 52366 -3597 57010 17978 -15444 37683 16889 42419 35541 -299 -6448 29182 19887 -59033 -23907 47539 -41645
r3 59884 20710 -62432 -35211 -40579 39107 -57387 25831 -61056 -42624 -61927 -63551 -44596 1483 -48504 -29496 45134 37311 -11620 10575
r4 -15849 54931 23457 45699 35439 53477 51422 46689 -47309 21151 61455 -50253 -53618 15867 63270 -4682 -582 41294 57250 -21622
r5 -24111 31295 3137 47709 59664 -5480 2354 25959 37587 37278 -56883 -20078 40689 18330 -30234 -41955 -33939 -3324 -63701 13911
r6 38166 41282 -41184 -31915 49434 -19802 31488 -31992 3095 -32346 62978 306 -32827 6763 24523 9877 55069 -57738 -6818 -31350
r7 63223 -38091 -30517 -10750 40214 -34391 -65045 22278 51456 17585 8980 -43480 -10216 54790 -13882 38488 -28786 36835 -47009 8094
r8 -44051 16730 -36886 -15816 -63311 3492 16712 -54901 -12570 58494 -60712 -32989 -3678 30298 20262 36119 59718 -39626 4263 45510
r9 -31622 -18275 -17799 -59948 -60717 40550 -58222 -17696 44867 1775 46931 -53982 -21007 38957 30228 4616 22202 -46598 -60583 -37879
r10 -8941 -59465 36852 47574 47961 56622 -51500 4691 57076 -10967 -22425 -44105 36615 -30773 58060 -55233 -26506 6581 -56868 -21246
r11 1473 20111 23304 -30908 -50704 47450 9193 42449 25328 -37447 63292 7619 -10815 50198 54815 28894 50082 -817 9106 -1438
r12 7402 -4119 17957 2771 16614 -20711 29082 32442 -65289 47347 10003 -40789 -45224 35654 -63646 -65095 13542 -9527 57047 11038
r13 49751 20161 -33436 23426 -29282 -27880 -15539 -45662 -27053 -21973 6354 17461 -50981 42579 -22811 61486 -45305 44894 -648 -8318
r14 -46502 -15643 42755 24517 59806 62494 -18984 -33601 58311 62170 5876 -35012 44326 -64016 -62821 -60476 -41969 -43284 -9244 11395
r15 -65143 41207 59579 60667 -2600 -29279 46219 -58706 61039 -53736 19504 22548 -4261 24423 2481 50855 -50596 -52220 3286 -7122
r16 -43202 47936 -46514 -37409 -11526 -33536 -46684 -46374 -49123 22700 -3531 -31149 -23210 -32328 -54900 29978 54104 12428 39408 44454
r17 -60103 -29434 35883 -65124 4806 -43682 -3841 -23000 24068 10500 37477 42265 43550 38463 -17748 -55421 -11705 -39446 49560 -18585
r18 -41295 57846 21043 -19427 61082 55221 44502 42445 -42888 61592 54682 -62297 -355 -47260 -30882 9362 44303 30506 -7132 -13913
r19 -42351 51953 -36233 2846 -31372 -29776 -47483 -51437 58589 -44421 -60527 34860 -3080 18084 44896 57995 62934 14709 34095 -24140
r20 -18138 57328 -11329 -11074 -5414 13239 -12122 60887 65186 14958 -61312 38978 -1851 19738 36889 13683 -31408 64974 28126 49977
r21 -58341 -41405 56376 44582 48353 -30503 19239 -11429 1854 -21293 -13080 -58881 -14261 40868 14884 -46136 -62100 39881 -8861 -7145
r22 31865 -1912 24150 -13239 40829 37406 -30047 -34674 9737 7455 59956 11701 13081 -51614 -63812 16813 30590 47603 7630 -28389
r23 64569 -41273 -35642 21946 26503 46068 -40978 43553 18147 -22580 -40594 -10956 57659 54333 14046 -40866 14394 -48218 65308 47103
r24 35508 6256 27305 55638 29521 -63755 -12549 64848 -62764 65315 31276 -11211 -2649 -62628 -41686 -41302 5198 -42717 -48516 46029
r25 49387 -17760 -18910 -29695 18342 -22233 9556 -22235 34759 41875 29237 -50574 -21321 -19798 -6483 -2840 -45241 -52184 -7624 25056
r26 -52788 -844 -37525 -36828 -7793 -24110 38676 63528 -37346 18988 -51155 50677 15123 12452 2885 34473 13243 -13354 -409 53714
r27 -20212 -53908 4461 12414 15308 18562 -36748 15350 -1350 -21943 64067 -55409 -48664 -4840 39140 -35760 25074 -31941 -63434 87
r28 20530 -65505 -6857 18595 -61003 -800 44506 12036 26097 -12949 -38442 -7749 -35425 26284 -9391 -21384 49032 44384 -55340 -29015
r29 -39221 40001 15309 -44628 55123 -36637 29805 -50230 52147 -14274 -40810 -8245 8911 27549 19697 25281 65017 28333 56628 4445
r30 12511 -52254 -21127 63884 -63291 34258 27920 -50961 4234 27949 28964 33465 -34911 -29086 -10516 -58656 4414 -17105 -48857 47348
r31 53467 58828 17525 -63004 55201 41666 24064 7576 42868 -6747 45754 37526 -325 -55936 -32519 27667 -10468 -50893 -31297 -22494
r32 -37207 -63077 22160 14490 9882 -10393 17612 -7434 39708 27438 -31045 42596 -60477 -19327 18548 51178 -45694 52040 30954 -5690
r33 -41927 -27715 4359 -13088 44157 60918 31774 -5189 9441 35461 -41775 49844 -62294 20620 30667 5890 60800 -1943 25529 56022
r34 -9775 51757 61559 -40408 21667 17461 -17808 56597 31615 62383 31443 -19017 29209 -46725 -51184 8543 38578 -46603 -4608 57079
r35 -35751 46706 52651 -47838 10690 -34180 -53230 -15420 -676 7814 18745 -40045 61166 11638 41179 -32636 1271 29312 2130 6933
r36 -61376 15733 9556 46343 -42744 35372 32492 -5021 -40968 -53092 59280 -29523 -47168 -24713 8011 -6768 -4545 -54317 -42995 -21257
r37 -53122 -40901 -9302 41356 17255 -29993 36338 51508 -6100 -36054 61111 -39818 28390 -34909 -28148 37444 16155 -20674 17795 -29699
r38 -14800 -36566 18585 9437 -57713 19028 -2601 62829 -63863 61507 34020 -5314 23923 18773 -20123 30380 -16548 7352 16951 18683
r39 63394 -30488 39462 -20732 7764 -17578 -4303 -13415 37444 48997 58438 -15168 -11514 40100 -16217 1750 38200 -36478 10282 16852
r40 43928 -3653 35318 -10412 46037 652 13874 -6702 -46304 21664 35719 6989 53498 27114 14784 33520 4289 -56818 -22068 54806
r41 4887 -41673 17129 -53452 36705 -57364 -24401 -8909 -11925 -58511 -1136 61720 53409 -2678 -39750 -37829 -27578 -7643 -3473 17230
r42 53682 -60564 -65470 22111 -16229 -15086 -12333 -2216 -45244 1957 51482 -30085 -21330 -5232 -56371 -39905 -44365 -40006 1984 -7355
r43 -49222 -17049 7571 52849 -26656 -12811 27963 20100 33293 -23099 -14827 -53971 -35591 51011 -35476 29222 -16426 -57832 -4667 -35109
r44 -20117 17115 43886 -43059 19273 43810 -34487 -1966 5271 -43808 34149 60750 601 2080 4817 45634 53092 -62472 20850 -31229
r45 -49203 26718 38544 16679 -39307 -37736 -39113 -44568 -52931 4711 32517 57412 59080 -24113 -10305 -49985 -9875 -52956 -9463 65249
r46 -48155 -19029 -9326 -24446 -163 -52510 -32361 -12804 62540 54363 -54348 -290 -55868 21317 -63097 56477 3072 63997 46791 -13501
r47 48477 -2872 14867 -1845 57136 -43436 15661 26506 -3980 23226 49369 -15573 -47668 41522 -19933 29408 -51205 33294 -1226 -55182
r48 -39604 -6285 13958 -50529 -20998 -35911 56538 -52751 -44251 -46969 -23631 -42037 -27964 -41158 65474 13414 58490 -14683 -64830 -29957
r49 52711 -36581 23675 -7473 -48147 3608 51423 19459 -65142 -30941 -12088 -56759 -52046 25324 34669 25233 -13922 7756 3795 -22866
r50 -50489 5769 -61736 52715 -2640 -41155 8915 -63954 41906 7101 -42556 16156 -26222 3064 -53394 64045 -50138 15222 6135 10798
r51 -46298 -23106 -23033 -42888 35171 20169 14805 -46502 -51093 -2237 -25236 43428 -27199 -44024 -55952 -44113 -5624 -40306 -47527 -11309
r52 -18571 35713 25713 55938 -10767 25207 -52506 9962 2210 22090 -41712 24650 -47649 2717 49386 -16797 60602 6235 -18272 -9885
r53 -49155 62786 8859 -51068 -42500 -55404 23251 -5605 46649 47984 25650 25698 41836 -10897 -35007 -40374 -37317 55724 28563 52854
r54 12806 -2037 49242 34814 -44010 293 -10514 8424 31149 -7883 7404 -44313 16325 2028 15067 45066 -41184 4281 -60749 -706
r55 -1681 -20859 -18652 -54193 -2699 -56494 -22320 -64724 40422 44209 -13567 -56919 -6330 38142 -2959 19816 44598 51792 16064 13010
r56 44816 39549 -14730 4790 -54493 49525 47404 52234 -28879 4245 24177 55765 31400 54583 54073 -43571 -27082 -43717 5617 -30715
r57 -8215 4729 -61588 57001 -61246 26448 -47514 19622 -17437 5384 52501 25379 63999 15112 61237 -48998 -5315 -24758 663 -52820
r58 28439 47534 -33822 -62816 52795 -35078 -6115 -34387 -36706 -30614 33459 41937 24273 -58250 44469 53412 -39308 -21326 -50199 -39602
r59 564 -33584 20612 -4084 24425 -45055 42603 19717 -52949 25591 -62482 21055 -18763 -5023 -18283 -64687 61015 -48766 -8578 48733
r60 -12195 50927 -4834 -43673 -7073 9472 48826 62865 -42538 27521 -37509 -37033 38856 -28913 -18604 18327 22001 3973 -22428 2359
r61 -7118 22384 41391 22454 11465 -33874 -18731 -11010 -13185 -30540 -52757 -55382 54658 17861 64918 -57365 32768 -7623 -37501 -58666
r62 -44517 17700 -33048 -48123 35309 -7559 47018 5599 -48859 -31276 1074 29993 13767 -28926 -31700 -40484 -46924 -61032 -41585 64391
r63 -38789 -50665 42447 -4515 -48178 2720 -26390 -44367 29779 4834 20184 -43097 -25527 32460 -18685 34729 -41342 -60669 34800 21238
r64 53115 22383 -51546 51681 48275 -50253 -56003 -17018 -54915 -11799 -54648 -11458 63902 -44911 -49748 11574 28912 -42239 -15494 -57892
r65 49965 -48378 -25048 1065 15784 -19999 36967 29636 -38453 -63835 21214 62093 44540 -4950 -9753 34724 -48969 -34539 4532 -54669
r66 -30781 -61544 -37821 -48246 48770 -5213 27703 433 40860 60427 -41971 23101 -33830 52539 2685 -18877 23983 7685 38372 26225
r67 22014 -6886 32841 -5661 -9055 31030 53996 11501 -57169 32603 55863 -48125 3723 42493 -6350 34839 -57656 47255 -51765 -15062
r68 49380 43695 -53512 26287 -34020 37933 -8257 40366 -27064 -16924 59685 -48176 -40364 6954 -28408 -35604 -65001 -58188 -34200 42327
r69 -2545 7889 60496 -52338 36559 64143 51189 -35464 -49238 -58886 1583 61954 -28402 28955 -63348 39539 24868 27654 -4444 -42457
r70 4676 -55741 62697 43482 36018 -21444 -36396 39536 -28470 -34370 -37438 19986 -24636 -6424 -52130 -11592 -47118 -22457 -21094 34417
r71 -479 -3712 27199 -59240 -59302 -19895 8439 -64040 11554 -55200 54278 -27751 37430 21525 -9767 -30089 -14708 -9947 -52071 27151
r72 -12220 55733 45509 41360 -9582 14927 1596 -23003 -2618 37691 40550 -56692 -27843 2158 -38270 52172 -25472 -14696 35468 -3926
r73 30671 -37202 -10795 -13681 -2405 28583 8231 55408 -57259 30392 27680 11340 16965 -19745 46395 -16669 40393 39162 -58824 -37834
r74 -37099 -55555 44912 58579 31026 41752 5462 25995 -48363 45504 -26220 -16448 -25638 -13296 -31718 10518 36329 39276 11187 51895
r75 1310 18545 26601 10008 -48492 20970 -45715 -3190 -61016 61116 -45398 -10239 -6313 -10784 -28361 -28276 -48315 56417 57735 -25371
r76 -56349 -25654 45587 29501 -56103 -5817 -45865 46728 -38869 22816 3982 22164 -51031 57007 42975 10076 50847 -39209 -63893 22929
r77 -28035 46747 54741 43864 57100 -21940 41902 8952 -9947 -33428 -58883 -27274 -39277 44623 4252 -24550 -40648 12353 43301 -43440
r78 -41540 -17439 -23931 -55298 47225 44251 46037 18713 -64971 -7333 -7149 63188 24146 40120 27177 -38555 -44176 -17299 20012 -14789
r79 27593 18752 -53741 34471 20039 -7134 -14961 9374 -30718 -37826 -30320 60661 -29340 32550 -37084 13412 -49958 38947 -55576 -41750
r80 5203 -42659 50352 18776 58943 8375 53277 27986 -57945 -20719 7414 63669 -1680 -27777 50163 -29071 -40207 -12926 50576 41451
r81 -45948 36962 -27384 26945 -9035 1767 -35292 -5382 -57876 -25029 -52412 33517 -16015 10141 33362 60177 53916 -30091 23391 -55863
r82 -16423 23506 -8072 58222 -14997 -27392 40189 -41344 -19653 -5894 -49027 15204 65217 19803 35332 -36159 8852 65005 28456 44936
r83 34590 24285 -46531 28659 -47202 44589 10996 -57710 -65511 -3020 -44761 -3287 -5163 34946 33953 -65019 26130 25877 -16200 -9674
r84 16766 54284 -5380 -29839 -3697 -17160 10502 -20148 14187 -53720 -35591 60528 -11021 -29095 38145 29401 -1956 -17153 44474 -15315
r85 54512 -9245 -29292 39524 -24684 49862 -62647 31692 13996 -52087 19077 -6976 -51546 -29779 -39980 27557 28871 -43445 32937 -15563
r86 1038 20265 -51875 37920 -47626 -65131 41848 62813 -22069 969 -9886 43627 46185 55947 -9262 -809 64790 -19539 33160 -1816
r87 9352 -58368 16205 -46351 -22674 -21537 -50077 -47068 55661 52336 -23434 31262 4805 -43424 14302 32986 -62026 -52453 5369 -3648
r88 -31176 62269 41660 -16892 -37501 -8798 33264 2324 -2482 5093 25041 50478 -28779 21542 33255 30368 -45233 -17906 -59490 -59815
r89 21592 40854 1838 -65243 12605 56080 -56667 7839 -56840 -56345 23413 -9285 53536 47306 -20737 -34190 47564 60195 21918 -16700
r90 -4219 39038 55913 -64457 49482 2382 2298 24257 25695 59635 -50684 -17676 -33524 -34286 37748 57994 14783 23804 8517 18931
r91 55134 40975 62988 157 -13007 32610 19496 -14627 -16268 22850 -51135 -41125 -47882 -47476 -10909 -43100 16943 -14057 37375 36487
r92 -2263 62290 26145 5321 -42073 -33133 48210 62805 49734 -3326 -7949 -3092 54442 27908 64416 -14556 -994 19524 -61731 -32197
r93 49150 34266 -25980 40381 33569 37312 -24164 4281 35211 4267 55714 42952 32150 -18785 -17874 21130 54742 -23896 10400 46421
r94 -33397 32470 -45558 26185 -41905 -27493 -13516 -34546 31201 32957 -18317 30740 2204 -10924 -33777 -2672 31874 -36188 48392 -28404
r95 -47102 2642 43266 -33513 -54804 -7124 -15316 61658 -1619 -31434 -10697 -2855 57175 -5010 54857 15234 -21169 52577 41653 33439
r96 -40826 51084 17703 51324 -26913 -14738 -38211 12914 50145 -3106 7266 -21523 23278 12408 5255 -12910 32445 11969 -44964 47001
r97 -23060 -15656 3421 42986 -61734 43236 3143 -40737 53027 -17716 58478 29215 -41261 55990 64096 56463 715 19495 31180 -25750
r98 45846 9268 24310 -36569 -13136 -236 -44817 -61659 35026 2614 21716 -4533 51426 10812 40768 -18595 -41373 -13480 16337 11521
r99 64166 -709 -21737 5521 -47768 61775 -35467 -17184 -16813 -48678 -18596 -23096 -61097 51928 -16766 30063 10004 20640 62194 -4359
r100 -15388 45633 -62780 -43331 -3963 -8099 55128 -3453 22505 -31286 -64531 30897 -7926 -50331 -49241 30605 2571 -24666 -19818 -25791
r101 -60662 -61168 59246 45986 -35003 -45794 -47084 49802 8562 42291 -11092 49414 -64500 55613 -62127 3940 36155 -4140 -63321 -56642
r102 59171 11206 11090 45424 -55999 -19144 -28193 -57584 62026 -61179 -23118 -55521 60577 7008 -48124 61869 61727 49289 61601 63859
r103 18081 2833 -29759 -3860 -15534 -28009 55590 16148 -47026 44520 -18166 2434 -38504 2527 9581 3545 44507 41004 -28208 -28167
r104 -189 -25055 -57685 -48782 2268 43208 -19585 22460 29308 -28337 -37473 42135 54203 25004 -13875 49461 58588 60397 -35107 59830
r105 23344 -44074 6428 -42379 -17597 -40002 40457 9944 45173 2773 -34439 -58363 782 49834 -32232 -60855 -5860 49120 1145 -24376
r106 26758 -8338 -22966 60692 6856 -63296 32625 14858 29396 -7938 -26282 -5939 -38882 -15002 62152 40481 -38090 59858 -34941 -27731
r107 -32184 21262 16072 -7301 -28143 25707 2950 -24514 -38102 28057 -37881 56836 27985 45354 -54333 -60352 46349 -28392 56936 -8838
r108 -14791 -7581 58224 -56846 45898 -9304 37638 7263 29782 -60095 4194 37377 26873 -48632 6168 47405 -61528 -55458 29779 54867
r109 -60914 -62911 41439 -53526 -31793 43274 -35679 63916 -43762 -57684 26320 2624 -62973 41002 -54724 9078 22395 -55715 -63348 29737
r110 10008 20719 -19523 -7689 9815 1576 17111 -36382 -6996 -31355 24386 43860 46683 53924 12646 62154 -9312 -15801 19470 -8225
r111 -11328 58947 -44111 -65107 -46188 -53116 48544 64833 -43522 -799 48137 20350 32123 33310 -15632 43646 -58122 -7767 -1747 -58194
r112 52472 48047 -53928 -26867 5167 24421 -36258 -38545 28537 63493 -35989 52700 1725 -32269 -49624 59975 44716 64284 47923 51280
r113 -10668 32700 -35350 3827 -9522 -58002 12524 -61568 -10370 -8757 -3723 5646 -33366 -33858 -2415 43950 -53460 -6459 14423 59700
r114 -13786 -43630 16985 -19790 8172 3663 54358 -36299 65102 38659 18884 -40532 -64105 34122 -10694 2078 -15476 2502 -6658 -17190
r115 2386 13723 25722 -33008 -64915 -56914 9158 -51445 2916 -50666 5248 -4351 5829 -24771 -62192 -39138 -4585 -8369 21889 7130
r116 3380 38303 -60592 -19567 20333 -34302 40840 -9432 5508 -59808 32104 63325 28893 19639 -48036 -51840 26458 -53833 14993 45633
r117 -46673 -21015 -14793 -8357 28384 -62948 -27046 -50087 -50877 45703 22266 49070 36726 -27297 15723 29551 -29893 48730 50201 10734
r118 25105 -54758 -23481 -49668 -16178 -34106 37262 26346 -272 -49784 -63600 3608 63370 18100 -38567 59481 -31848 -41990 45565 52176
r119 35973 5595 -20262 56993 29690 63885 -25057 43742 63964 -45899 50451 -43124 7600 58449 -22609 14448 -43499 -26012 -65498 -48277
r120 62664 -28219 46185 -20682 -29639 -49394 -45434 26263 -14778 -54351 35626 -12770 14655 -41403 -21305 62991 53864 -5294 51540 -19629
r121 16602 54694 61169 35494 -4488 -12026 -53183 -12241 -37957 41612 54176 -60841 59959 19328 52951 39951 57208 -16189 -23296 -25863
r122 34885 17261 -33872 -4417 -55097 21100 -49631 27582 -8321 -2344 16337 55380 -21346 6450 58249 44365 50022 21389 33845 -909
r123 -20135 23276 -313 -39978 18551 -64297 25654 -61833 -42515 -56625 -36440 13596 -22096 31164 40369 -24631 58998 -18693 5 -46942
r124 -23188 -14318 34586 -18704 -62022 2118 12821 44085 27644 -44318 36664 57294 -29825 -2400 60438 38500 -64319 -52799 41364 -7010
r125 -59880 12064 41819 -48582 -15799 16066 -16585 -239 52740 29970 -28511 -53424 25479 14236 -47279 -42186 -40349 24478 63984 -25356
r126 -49666 37205 -50149 2366 35299 -62670 24027 -32086 -7194 45380 15858 31774 17763 32316 -46412 23136 -16847 48940 -29848 45265
r127 -410 58632 13649 49370 -40704 -32226 55814 -40894 41731 3105 51480 -49597 -23510 -52800 -28758 41073 10246 40137 42214 6311
r128 48435 13869 55308 50750 -15805 13964 -65279 -30750 -62743 60240 45630 22184 60807 -15542 -42260 5519 32154 23571 -60831 54387
r129 2652 -38169 18900 11705 37075 55240 63456 -35914 4802 8028 11734 58159 -18374 -52160 4850 -51080 32102 -45988 60582 59489
r130 -11808 -9386 55509 58893 -53008 40368 30040 12525 -8452 42856 -51280 60073 -15768 -22455 -15381 -19241 46626 49357 38947 -31292
r131 38101 -1232 -23064 -24395 6661 -54483 3266 -31294 -35207 -55792 56592 2746 21227 42817 -5188 28569 -57326 51218 -64500 27700
r132 -16719 -44289 43983 -37456 -44728 36571 45165 25708 -17806 -16639 -63461 -62384 59490 20708 -65456 33072 21904 -10962 4835 34269
r133 -50760 -16819 -78 -3533 -52278 -10262 27034 -1533 -19195 30921 -8365 22144 40358 50913 37430 -28907 -45899 -38749 -18448 40982
r134 52949 -161 35302 -9911 -13314 -42884 361 -48455 -49714 -42029 -17701 -47771 65334 40303 -30699 -44679 16642 -55881 -63010 -28797
r135 49796 -43290 61235 32420 -24052 43002 -30439 63528 -57704 2545 59859 -31679 -55991 55200 -11051 -16323 21966 -21001 21668 -24897
r136 2188 -20703 -64447 -59168 -60437 44760 53581 28987 -43879 -62576 18457 23923 -33469 -13053 -15851 -52646 46264 59791 -43733 -12894
r137 -15300 28840 -443 -49958 -30244 58831 -23989 41022 24001 5240 41508 -38555 -24372 40370 52624 3477 4463 -57624 36822 -60499
r138 -21474 53452 2375 16044 15644 -13867 -34279 12543 -54202 -32150 47988 19862 -9373 -48791 -38880 -25679 64711 8397 25251 27871
r139 -45829 60225 -9693 33630 38143 -9808 8297 -32727 -27315 54177 56721 48776 -23255 -44388 31924 -51159 16930 22299 -29720 64436
r140 -11193 10538 -23984 59882 64319 -48350 36807 50349 -53139 30457 -60261 -33395 11359 -38266 30954 -31317 -17789 -39452 -7046 -62422
r141 19913 35266 -28347 31958 -61424 -10851 -1939 57341 61496 29760 -27553 38794 -43771 24726 -43329 -23394 -52709 -17059 -14517 55015
r142 -3083 -19092 -9315 -32322 -32494 -20717 -39842 -9713 4718 -65367 -52161 46702 8840 7786 52712 52713 30396 -50827 -9672 -49440
r143 59438 43353 -64321 -60043 -9093 39359 -3368 61571 -46887 -52680 -36872 -26763 62112 -18333 60756 62570 51753 -12128 4263 20696
r144 -51582 -25267 10572 -27413 54521 11497 -8829 -36566 -36276 48443 -37533 -64110 -6275 28145 -1873 -34305 -46734 -8236 -45191 24030
r145 33226 -37884 -37612 13865 -26114 53163 -17169 57726 -50979 20576 -14196 62212 -49839 709 -55052 4550 -22368 36004 46502 61948
r146 50809 -14146 -49787 -3312 -39363 -8786 -51280 -20474 424 58476 -19095 -38057 -1552 -41209 46607 32633 -1918 -26478 -53731 -45373
r147 20277 44611 -62974 6322 60389 -21174 39092 44110 55905 27923 -45292 -25375 39778 11175 -59370 -26066 -25842 -55724 36982 54044
r148 -4486 -2842 -50091 59721 26190 -56781 -24664 41230 -53879 1923 63343 33320 46251 -13202 42247 -43235 38126 25378 -57450 27983
r149 -58527 -6246 -41036 57832 30307 9873 -38914 36246 -57893 -44291 -33671 -37039 52527 12233 -26414 12206 -59447 -17128 38232 -50400
r150 50038 46572 38394 23700 49156 30883 22740 31173 10927 37651 -56464 -2585 43811 45168 -57042 32926 47680 -60634 46383 37869
r151 -50697 24858 55808 -64354 57684 15399 -10663 -38944 23801 64851 5391 -1109 -34459 -41538 -9798 51200 -38610 54072 41503 39640
r152 -23062 21589 -35688 47598 -48799 16884 -59055 20121 38612 39285 48642 -33989 50238 -62001 40637 -39138 4376 -21743 -7513 -8754
r153 39712 -58877 -5288 2766 -58184 -44511 -54076 40000 40958 30721 17063 -14029 -55326 -51183 35789 -48150 24695 -6385 48229 50129
r154 31960 15898 62878 52858 11131 -56597 -18934 53111 3541 64750 -28935 -64201 -37297 60628 -13706 -1915 -12952 50064 25691 -8741
r155 16866 -20900 -56963 24427 23917 45347 57856 -5345 -4535 -34111 10743 30588 24242 35778 3779 -48451 36340 -29681 43354 42640
r156 64046 -22261 -61670 -52351 -31512 -30265 24156 -38589 42298 8155 -25609 -14558 -40898 -36257 -51815 30294 -20936 17427 62593 -36007
r157 -10059 -64824 24567 -39152 -7186 53386 -16138 -18057 -57273 -14912 55611 -33948 -6351 39690 -22044 -23008 21345 22401 -43640 -8777
r158 61664 -30196 -54789 58773 -1946 -63090 19179 -21691 35473 590 -16760 -46317 -61522 60640 -21778 33495 49248 -25201 15583 44819
r159 19441 -12420 33729 56695 -54363 47028 -23242 -32817 -49677 -62721 -57619 -13430 -51096 -37355 15865 -21434 -47266 32506 60964 15065
r160 -25274 4153 18685 2624 23413 -28223 -62756 38260 58048 31810 17280 26660 -22351 63204 37104 7702 -28748 -44211 -18374 37109
r161 64135 -15727 -39498 63674 -49738 6629 -33982 -15143 44354 -62508 -13605 46543 -39079 -19670 -44979 4762 -922 64255 -39794 37210
r162 -51195 56181 2540 -52069 30527 40291 -24419 -11552 34142 -5776 -32847 -28124 41106 -11818 -62071 26853 -59410 -4131 62724 32998
r163 39744 -39525 -60947 21823 -46787 -24996 -26952 38437 545 38810 -61738 -57884 -57007 48000 -3861 27527 9369 27808 -14280 34271
r164 44187 59465 34693 -42337 37058 24280 45299 -47992 28306 -31352 -57459 64603 3207 -47546 41344 -5155 250 7259 -4697 -26837
r165 56795 -19072 3620 -14187 49381 14619 -22237 29625 420 -4336 -51105 2583 58401 31896 669 3782 -14222 -59728 -2723 -31910
r166 38604 15439 8841 9496 35838 20366 -14138 -62829 13732 -62091 -38621 -43182 -7863 50461 18002 20288 3752 29606 63116 -64819
r167 60290 -57957 40305 27641 -12640 -40923 7011 5541 54447 11388 28885 -60933 -45652 -20938 -2758 6266 -746 -50909 -28968 -2131
r168 -18261 34995 -29439 3562 -475 -44280 -40553 -53106 28680 10139 -60565 29082 15946 52677 26956 2138 -1196 -32379 59996 14982
r169 52898 -19297 644 61876 -61466 -35414 -33054 -60699 -25579 21185 2228 24856 -56636 -60550 11867 63689 -13698 30876 56108 63912
r170 -46905 -50321 21175 32554 24514 38939 -26998 11155 17939 38885 -18408 7576 -60828 -24463 25603 19458 47763 -27524 -38028 1111
r171 -51398 45934 -50399 -2058 -20274 -18259 -39678 29137 63295 62664 3291 12266 -7149 -45126 -9767 -450 -14873 -53444 53823 -38697
r172 23243 -59648 31354 -46698 23076 -57406 -13646 -4377 20556 -17680 57763 -36779 8214 -51284 -57357 57147 -35170 -8829 -10647 15898
r173 3118 -1881 -39345 -15933 -16354 10211 19415 -44146 -6195 62004 -11182 33434 64254 55889 2467 4573 7332 -24149 61518 4786
r174 2062 19910 -12120 -44249 14068 -7848 47450 58845 15789 18045 -5973 23646 -18803 -40972 -55858 39783 -25924 -4441 20892 -37394
r175 14274 -1264 48346 35942 -56456 -57307 -44032 -41919 -58038 3344 59670 50575 -48093 45152 -18499 -10116 -57785 -17282 22804 -31262
r176 -9708 58121 42503 60303 -1279 -42837 -8599 -4718 64770 959 -3625 -56298 -18224 54485 18833 -4065 8327 -18005 27519 -41592
r177 56049 -26104 -34942 34371 -32119 -15819 -2894 46136 -43980 -2781 24885 -37375 -19802 30597 -26341 36632 -37651 -44136 46891 48378
r178 35625 20218 34849 18056 -2688 38113 -28182 6522 -601 -34040 -41032 -53270 39540 32280 52635 63088 5847 -3089 -20603 -17124
r179 -3342 39606 56560 26728 -44174 40131 39148 -6674 43087 63358 -36302 -57556 -31051 -62815 -17984 40766 32154 -41153 25954 -7808
r180 -21967 -12872 37090 49254 16077 42455 49870 57305 52719 15211 -13248 35934 10869 24806 41371 28291 -44030 40684 6851 10092
r181 -54639 -62478 24120 -55110 -53780 -44351 -52022 19484 -57159 62239 -30413 -23227 34110 40824 -47673 20782 1341 -12075 -11126 11811
r182 27050 -1120 29527 2593 7535 -61711 -7369 -46048 -36422 14196 40964 -3998 -63790 -23351 -840 61948 -62046 16097 4784 2646
r183 41620 2109 -46822 64437 -17111 39061 -31481 -54406 -35964 4832 6710 -59660 -3030 11700 11857 64049 60315 54077 -62811 57103
r184 -42645 -41947 -16480 -12277 49818 -28954 -38527 -17077 -8839 7011 -20230 53161 4415 -5284 -25307 9576 -33188 18526 42505 -51472
r185 -20137 28399 -10209 2652 51994 39710 22057 -42591 -60094 -63845 27962 -50264 -35074 56077 42805 -16118 -45832 59017 -9898 45605
r186 -37746 -44422 -58113 246 -53864 36775 17814 58285 -38055 -52929 -14833 48882 -1958 -46459 -40538 39825 58006 36806 20612 -24717
r187 44021 19996 -51591 59077 31122 36550 -15593 24228 -50082 28865 39651 -741 806 -15065 -6895 37761 61238 -21681 -25813 -32268
r188 52426 59375 27393 -44388 23075 5120 -10991 -6047 3485 6449 55760 -42831 5813 -54625 23788 7948 -47523 53401 -38451 -11820
r189 46922 632 1860 -50804 50174 61639 -41056 -5844 49432 -60803 -51014 44248 -51607 -41123 -34077 33703 -36010 28950 -55804 8481
r190 64164 -44946 -57818 61180 -2494 62898 -38106 -57575 -21591 -41907 9229 -44761 -26568 -29863 -58818 -28051 35333 -3016 40779 49245
r191 -62724 -41526 -39465 50362 4200 -20607 -15824 65288 31058 11348 48349 25842 56601 -17544 -51693 2357 20837 35580 19769 49426
r192 45425 -44545 -28247 57690 -64893 37906 59643 -56732 37514 -55595 -62171 -30593 -18803 2700 -11515 -25542 -6973 44030 2016 17068
r193 -18649 -16606 -31398 48392 -63134 -65174 -63221 -51865 -64685 -39339 -46470 -16659 22854 -23804 10743 18947 49768 -58447 -62716 -9488
r194 12317 43531 -62139 2132 16667 -43160 -18059 60382 -59640 49206 21477 -32830 -64101 10145 -8241 14499 -51033 -13753 58658 -52831
r195 3384 -53091 58497 -41269 3122 -26595 -9372 -19077 -42426 44648 -65244 22008 -39053 50583 -36018 -29082 -28078 42538 -44434 57667
r196 32360 -34296 -17337 -64600 28700 48948 -28762 -8187 -46044 54828 60091 43596 -40798 -13059 34124 -43108 -39986 5514 -59562 -27343
r197 32943 -21122 62468 41767 62212 46284 -45473 -3424 29832 -12501 -41991 -43502 29588 13542 -14026 37022 7201 -15680 29343 -24043
r198 40013 -28103 -18565 -62451 34665 -57475 -43622 38802 9429 14140 -43631 14499 -30312 4775 -37104 721 -3899 -17389 -17103 58681
r199 40075 10953 -36093 -56941 -21692 -61587 22900 39982 32724 11197 -58701 -37440 3516 4023 49596 19511 35646 -45452 61730 29980
r200 51260 -41374 -22463 -34634 -32067 28916 50758 58061 -59258 -44946 -53713 49423 -51877 22373 56473 59563 -53218 30796 -9012 62928
r201 -17470 -39231 23875 53506 63170 10198 65169 -59789 11817 13156 -64456 56982 -41032 23579 -18561 53039 -54039 58610 39600 -3016
r202 45087 32872 20944 -56664 25796 47815 3468 446 -8472 35438 -59097 64274 -15045 -53185 -56969 4864 20045 -65060 -7389 -22814
r203 58531 -20079 42927 -691 43852 -14056 1483 -33698 -43331 6869 25977 28280 -31161 -63406 -20283 -31587 16366 60136 35401 48691
r204 -60120 43918 41784 -40414 -18835 52260 60174 -26953 43948 -45611 -11195 44844 -18193 -34975 9722 48451 -43452 5518 -23149 -1530
r205 54187 16627 -36260 58720 -3128 -5870 64083 -14576 -275 20666 -61064 25161 -2740 -62867 -62790 -10677 5318 -8398 -41195 20273
r206 167 -50832 -39414 -43159 -49311 -34996 45994 -3884 -9050 -39348 17186 26700 14194 -51992 62281 -9880 -49233 -65118 42933 52116
r207 22426 8798 54665 -27891 38103 1037 -28176 -11575 -29892 -22476 -56852 11625 53798 23898 58669 9346 -24837 44452 25622 -59182
r208 39783 63401 -60988 5429 -54600 43174 -9002 -39975 -20636 9123 -32696 47053 49699 29621 35802 -33786 -12839 28247 -34091 29555
r209 49414 -841 -36786 -23291 12720 -47383 -4896 1689 48608 65156 -9643 63156 55369 5804 13815 50935 45726 -47268 44843 40821
r210 15538 -279 19122 -6532 49124 -36298 -30142 -49994 62514 61794 54905 5813 -33857 24475 -26516 -58721 56092 62352 -58890 49536
r211 -28412 -1614 10247 37018 -10738 -628 -13859 36414 -13531 62519 29082 -43170 -60139 -49 17785 49820 55116 56311 30075 -25084
r212 -1826 4739 -25857 23611 -7089 25309 -610 -5520 44877 -960 51266 54265 23875 -58198 41243 48929 45375 -17413 -11749 903
r213 10167 62343 -33264 -23582 52825 -32492 37041 10283 -14404 39201 -63298 -25817 45352 -55499 63926 -50254 -29036 37632 44857 -27104
r214 48296 -65453 -27928 -37779 37386 -62089 55454 1261 59023 -43436 44544 -21869 -17005 -61957 -10323 -49224 3714 44338 22354 -61576
r215 10944 -60956 -26046 -5612 48243 3859 43768 15088 -64104 20719 -34765 38392 30440 22621 -28771 -36076 -9574 41486 -38018 -38281
r216 -38765 -44655 -41514 -43448 -47241 -30285 -63976 11092 56999 -37709 1452 -41437 -16970 -4953 16743 63197 -4906 -65529 47769 -2861
r217 -24279 65438 -31151 45669 -49978 5541 -6537 -29836 20222 -20473 39303 -47463 -14372 -17776 40549 49230 53798 1365 -43084 57720
r218 49362 18669 -38299 45043 55509 -20050 42328 64701 -60587 -30872 64339 -50172 -20873 -17148 -24834 -19365 37661 59160 -54711 35639
r219 -34941 -56268 28345 -1449 53625 41792 -52562 35452 -8021 -54376 -37256 37485 63610 24371 50103 -56502 -60488 45817 -27659 -14876
r220 -52439 29186 -32372 -59994 12496 6006 -26254 -48690 49787 37485 699 35429 7787 22393 -62488 43395 5302 40780 -47632 36834
r221 27379 -25970 41585 12412 -675 -13680 -29897 -22293 -47144 -29315 63826 -39447 -64622 57692 -9967 -15840 53278 -39064 -12902 -31339
r222 31155 -10638 36448 45474 26092 -52517 -11362 60406 47601 13510 3866 36594 54390 -36837 12799 33719 -9955 1059 64526 -53336
r223 26114 -61671 311 -55808 -42466 26778 -58887 17086 43848 -17218 -44855 -16344 65532 3204 2282 -6909 -14003 -64796 44054 -21172
r224 20522 -46268 -28249 13272 -19203 -29449 47921 60885 -50883 8817 -53864 16617 -59293 -59959 9136 -60557 -55228 7509 18438 59526
r225 -12723 -53677 -28424 -21544 -13786 45442 44386 -58942 62299 10744 -52025 -285 -1397 -13507 -45458 20873 24468 1720 -33419 49151
r226 -6860 -54752 38625 39849 20040 22559 52050 -37513 -20876 -33188 40703 55096 -61602 15369 6658 -6390 17525 -10503 11080 -48101
r227 -20121 -41187 26340 38828 35798 -50489 -10273 43407 6543 -13687 -17677 38541 -49416 -10072 -54689 13668 -14792 25162 21607 51638
r228 37011 53300 15840 -54901 40022 -14525 -20320 -12608 -7691 43945 -830 -45199 -64245 -26470 -12210 10569 -30600 -1405 -40400 62460
r229 -3818 -12415 27911 24014 -47678 1882 -33134 -39201 18868 -16821 -34020 -50576 -38729 -1036 44883 -22649 -56383 -11753 4335 -34333
r230 -34875 -2789 12415 -46746 33314 -32747 -14910 61299 43937 -4199 -17067 -41179 41073 -4436 -32712 -42966 29067 -56848 16089 -62051
r231 31998 -1025 31852 -16698 -31893 18427 -7464 -529 -62064 9168 4729 33441 62118 -42009 18902 19315 27560 -55382 16992 25905
r232 -63018 -1123 4579 52381 50457 37253 -14588 -52955 -5205 11591 58374 62242 614 60825 10863 -39993 -17389 -2350 -52244 8219
r233 -60347 24020 28908 18126 -5762 -49866 -49935 54803 63908 -32308 2816 -31128 -26021 62705 47929 54867 51467 -40403 36567 1692
r234 10617 -10385 1029 39159 -34892 -54123 -58118 -26614 45941 27944 -43268 -43864 -18788 15799 -42769 -3938 19584 6029 33622 1346
r235 -56091 31265 -32136 -41645 -44350 6375 -38929 52914 24208 -4372 21319 -16183 16863 27299 45493 20648 41875 51118 -11618 -35771
r236 -37175 43495 29139 24377 -45690 11908 -717 -2910 -28595 -14294 -59993 -65175 -55181 55355 45670 41454 -44339 -18133 -51057 40375
r237 31194 18992 -7987 38248 -2137 -9721 54176 33498 -64185 -26641 13409 -27071 3667 58311 3645 42189 1805 59060 49570 22070
r238 -63235 24096 61003 -32969 62533 5046 31837 -55469 -31928 -24655 -19786 50749 13747 -45754 -2468 -35128 -1546 -22926 61826 62142
r239 -2808 12207 -17484 -64220 65004 -46239 -33258 -20320 -25413 -50678 23799 -27570 53687 -23834 14504 -46697 -8301 22796 -29531 -61973
r240 -11117 -48470 10434 54272 19703 3727 -6056 -2180 -853 4929 -22408 -30571 -8718 -62858 -2726 64292 25372 -35685 -60257 2548
r241 -12637 -16629 -46022 -35023 -10919 -39621 26124 49657 21654 57665 36681 4736 -30240 51653 58420 -27027 -30180 -11952 -62259 6480
r242 -15982 54552 54689 58929 21924 8566 33153 -57895 45396 17330 -30510 35215 -18481 -61605 -30658 -7815 -37083 -53794 -56392 20206
r243 5241 41526 43080 40676 -14428 -17534 59935 -23909 25503 -2007 51521 -10835 49113 58003 52965 29106 -4745 -18847 -22153 -35467
r244 -41938 65067 -24124 -36481 -58759 -25086 54231 11942 -14967 -15035 60991 25761 18609 20092 22154 -24353 33236 20159 59069 41254
r245 -8038 35786 -4137 -27578 38628 13398 -34053 28070 48348 31868 -65284 22415 -4304 3776 -18286 60804 36022 -3327 -64100 58764
r246 -476 23529 39812 -22086 -46367 55793 -23760 55002 -55631 -8934 45195 -101 50490 33415 -15433 -28184 -4158 45808 -56934 -59843
r247 -49282 -6126 40603 -22827 -32972 -44596 57880 -50962 57987 -27009 -61509 9442 40581 54935 60177 -59166 47489 -43149 43160 54306
r248 -61713 -43841 26636 -9167 6583 -5683 1160 -42505 47709 15882 8088 7324 49389 17575 61328 54579 6871 7853 -45791 9233
r249 -8354 28652 39292 34081 -36942 -397 -14905 28039 15256 -63578 40256 62268 27517 -63439 -52117 42385 60031 -62798 -58561 -46048
r250 25238 50185 -55091 48104 13312 5786 14286 60352 64342 56453 -59412 -39852 -47238 64296 -32959 -62712 7720 41512 21587 -50270
r251 -6834 18225 595 5809 -17162 32745 16366 -47808 21909 57000 -40511 -11073 -30756 59966 -59934 -39470 46500 -35249 15998 -60587
r252 34689 12351 52248 -26756 -61361 19150 20373 62291 -43861 18081 -32605 -19544 -36518 60317 37506 -2180 37824 60679 -42879 36504
r253 -43281 -10018 30621 -44142 -39559 -63386 38742 28900 -12918 -22551 39188 -53699 -2069 10879 -31758 36101 -9044 -38573 55222 -17014
r254 -28991 13736 -54918 1219 24405 35521 34241 64344 -39842 -34048 -9632 41210 -17700 -7832 -52699 28095 41299 18506 17935 15310
r255 -20624 21287 42184 42130 -29226 32581 17587 -15721 48918 10509 39838 -17330 -22005 -64125 40897 49012 -36019 -11979 34897 51268
r256 17097 -39658 -24328 61009 -24395 21619 61514 -11847 12923 56472 -32869 57807 10193 22978 -28864 -49584 41212 -23944 51212 -55990
r257 58409 35505 -46335 14565 -26089 17749 38287 -51589 -45273 21172 22027 53975 -16830 -40639 -60871 41473 63960 -21300 -27738 16444
r258 36231 -1726 -4231 -64008 -60489 -33390 -8495 17236 -57251 -27857 1697 54425 32272 -6829 -58794 -44685 -28362 23484 -34362 10219
r259 -19266 2620 -53015 -19192 14975 8884 -59504 -13939 31128 -33190 63204 -40166 23167 -58559 -51726 57195 14275 -26345 11376 39455
r260 33487 -22510 -14499 -52600 -3117 -60655 28190 5484 15894 19283 -50123 -545 -42694 -20513 64529 28261 1378 59292 56480 21225
r261 62208 25564 14154 -38050 -64933 -36573 18655 -42180 -45611 37152 11789 7198 42113 43277 16059 -36396 -45168 -1226 -7843 -18300
r262 -29153 47329 60488 -1684 -61705 5035 14347 32971 9234 -38467 10678 -3649 -30388 10007 53264 12235 -33820 33214 -33318 -9855
r263 10666 -31825 -36502 59990 31913 492 16664 63034 47539 -3378 16934 -44403 -2583 9698 34616 -65433 -36721 26340 40435 33504
r264 22755 38634 -48082 -31514 42330 18550 52173 11079 38527 7103 886 -20881 -46126 59572 5193 57045 -44890 19666 -40395 -61239
r265 -12587 59042 -59089 -35770 -33466 18885 -50896 5414 20136 -20245 35772 -10608 44026 -64878 -53165 62018 1465 54930 5329 -63900
r266 27408 -61124 39588 3894 9684 25949 1150 28105 -633 23898 9907 24144 -31606 27266 2952 9249 -6024 16375 34715 -31914
r267 -39312 -42798 8374 -31396 55127 -56569 52120 -40884 3484 -43489 25135 -31722 40165 12530 57384 -39810 -34243 -36367 -12418 19496
r268 40291 25436 55185 -1581 25737 34632 -19696 -19244 46260 -13000 -40772 60565 57019 45216 24754 -58302 992 -37612 31364 -39595
r269 -50701 -17359 -40092 -44986 -51762 10208 21113 -3523 -53474 37346 35288 -41666 18705 31823 -58882 6455 -16078 55535 36016 -22650
r270 942 -51267 1485 -38897 64941 62677 -65224 -42331 60043 -17474 -29083 -54439 -9129 26803 36670 49163 25475 5109 -65357 -62209
r271 -33862 -17770 12102 50195 -60630 25612 43919 53668 -16697 -13818 -18348 -19325 -516 -46008 45648 63267 51709 28418 34241 46837
r272 -6445 -10466 -44010 24589 31989 25684 -21713 -14262 27051 53261 -25971 19339 -64996 -35210 4935 52157 39681 -65450 -4018 2755
r273 4628 64540 -65272 -14641 6893 -57304 45213 -2727 -35061 -29883 -50296 45877 17103 45671 32453 -60303 -28827 -19045 32360 31692
r274 10676 -11486 -10640 -4945 -15709 -18578 -9532 -37825 62378 -24018 -16637 -21416 -35426 62442 37154 -56779 -61834 -41834 42460 22700
r275 5559 46107 25244 39508 29284 52819 -20069 -30672 3785 6586 -63633 60888 -20152 -10141 -46303 20145 18538 13261 64344 -28279
r276 34584 13053 -44364 12892 12433 -1651 19231 39884 29387 13916 34331 22586 8251 44975 -58029 -64070 36263 42589 48835 39731
r277 36862 -27259 -2142 -55654 -11209 33698 -24631 -10481 -13175 -34896 -48361 -40830 40297 28265 -4103 47252 -22810 46967 19309 -40502
r278 -25774 -16022 -8390 -51419 41757 2768 19434 12380 -2509 46850 9617 -42952 30951 9476 -33764 -31250 27123 32944 -25711 -58108
r279 54330 -48649 -64772 47493 10412 6921 -28185 -57752 -51963 58299 -17065 -38942 -53520 62899 -2070 -65497 61011 -25716 -15993 -28177
r280 3427 -37015 -64701 -55486 -53926 40973 -8652 -64781 2087 27203 43594 -56439 -50625 -58570 -26132 -59452 15846 53378 20376 -18407
r281 -37065 -53086 -31345 56792 -32597 -55643 -49564 -64127 -21106 -57983 26684 -64878 -30303 59503 65417 28069 62610 -60914 -64198 52366
r282 55354 6848 48836 -5407 7359 -48579 61249 35846 51927 -6254 -14173 -5655 17581 -14903 -37275 44253 18179 60080 25518 39016
r283 -11264 37159 63829 52377 -15900 24130 59557 -25238 40451 -37660 10580 50304 -36022 8215 49843 -62906 -60701 -13184 -46582 51634
r284 34362 35697 -12866 32289 -32591 -17575 7752 43626 14648 -43180 -1257 -27017 59810 32243 23037 -12792 -42186 44690 -60108 -39304
r285 31436 17870 57533 -63634 -20374 51025 22795 -62319 61375 23475 -27261 -44304 -51512 40045 5528 21599 -23689 -61246 10350 -25510
r286 56626 45035 57240 15690 -5393 -12002 -31692 59208 -11362 39499 -42686 16677 -61730 -23751 -12109 -17689 -50855 -54840 40183 -55518
r287 29922 -39800 62652 8777 5741 -42192 44542 -21583 -7697 -60077 -25004 30827 -15053 23622 -42405 -3432 -56367 -45002 -33033 8244
r288 -24387 2402 6897 -22828 28619 49095 -19016 64439 9076 -6991 -55278 -50821 276 -27717 -18893 38036 24799 -49740 -30705 -3840
r289 -64776 -55626 -41433 -45434 58534 -6453 -56303 60542 4101 61361 28210 -146 11626 -45012 -18728 -44492 -15063 32701 -8567 21150
r290 22049 31040 6283 15744 6318 22301 26199 4504 43303 -47967 -34890 -18934 -48903 -29666 27060 -18068 18764 14837 3414 -15983
r291 -31931 -45120 6503 -16927 18063 -25378 56712 -47924 59101 -37567 38490 -50904 -24509 -26987 -37018 24842 37281 -48341 -59011 43557
r292 62207 36806 -50189 32139 7655 35109 -25270 -4709 23014 23132 17264 13482 -52169 29898 46215 -26346 53479 -37190 -1168 -23337
r293 20960 60977 34176 -20225 41917 -30888 34311 -49077 17153 -10898 -55672 -18172 -3860 -62574 -11397 -2362 -24713 -65337 -33786 10162
r294 50600 -48726 17286 -346 -47099 13796 -60055 7504 -50477 -64589 14765 -35529 13960 20583 -65024 -49890 25632 -45826 -17615 -24877
r295 -38468 -59951 58734 -7098 45075 31092 -57929 29830 -26822 -31537 15713 -26121 -55902 47110 -6782 37141 11535 -53881 61822 -55270
r296 7619 -22131 3220 64794 11136 -21686 -16371 19258 62158 32252 43228 56535 -4397 65180 -13128 -57576 -42859 -61014 -38108 -58692
r297 -52423 7536 -33342 41203 -61636 -31905 62486 -49504 -5344 18970 -54755 755 -55370 -59939 14466 56818 -54620 -32182 49250 40785
r298 -27621 19932 -16470 -61572 5622 57723 -25028 29357 19850 -20915 58255 -64774 -51096 55145 -57745 15690 52693 -49767 -22219 -8407
r299 7535 56154 -49500 -30234 27672 -2398 56100 3739 16229 -21137 36758 -31623 -51026 -30961 21270 -34111 60035 33938 -23524 -41667
r300 14431 -27830 53566 58610 -52976 12264 53742 -43477 -14374 9354 42080 10976 -24302 -41373 -41646 35306 23150 -13522 50835 -18616
r301 -49241 -16288 41441 -4558 39815 -7122 -40093 -13557 37333 -51513 64998 -62697 45602 -12360 32189 -4313 -18188 36019 9429 56672
r302 14193 34217 62882 6127 22042 24338 -27485 -47451 13478 -54571 46426 -17202 45975 41781 36377 20550 -3615 23093 -58996 -38139
r303 36930 -64570 47353 -49341 -25801 39858 58108 -44424 -42037 40169 -13451 47018 -43244 9030 -20123 48863 -36445 5216 58355 -13561
r304 -51623 -14318 55724 -42132 54859 30961 -12642 -41859 -22457 4342 4462 -49277 6620 21154 -31806 -59383 -40525 -18609 -43652 36074
r305 -18252 -48862 -22418 10949 2485 -3292 -893 19671 -11255 36818 -24018 51432 -41345 -43458 61370 -36208 -42524 -10283 -28454 64425
r306 -51355 -47131 18383 26806 -50629 6499 35616 -25977 59070 -22424 -46827 4740 48528 27042 54763 -58452 -50253 -22795 28510 -11669
r307 -61200 2606 44299 -62510 53478 -52238 -18125 32545 35387 -49238 -32693 27149 40402 2016 46532 -51639 8147 41551 15431 -19032
r308 -41774 64911 -40588 16682 30224 -59499 -8836 -45518 -37013 -7430 22005 56614 47068 1876 -7353 -32852 -17442 26760 -10058 5062
r309 -64566 -18517 -22192 4032 -13058 -48921 -17670 -56121 -34752 -11395 -29538 31817 -38026 37514 62816 51803 20586 -35990 33036 -49278
r310 21546 -29504 -64641 -16961 -13471 63696 -16219 31991 -2946 -63599 -51478 -64028 25612 -26246 43640 16633 -11976 -23468 26540 -50249
r311 -48321 -24220 -62723 21769 -23188 61387 -1248 -1335 -50757 46368 6150 14726 -29332 13719 -14738 -62862 64817 16810 -16648 41931
r312 -49009 -50996 -61741 -65489 13728 29982 -41355 12546 5963 -15276 -43633 24607 44142 -43142 60928 -8698 -52647 -52220 -60223 -5476
r313 6042 39438 -953 -63577 33121 -32065 42325 8561 -41842 -37866 4988 39874 23549 -22595 25719 39336 -28198 35435 -16386 11394
r314 -30039 12636 -32568 -53334 -59944 62056 55789 -37518 58906 38841 2821 -57485 12292 39483 -38850 20673 -58117 -31745 31833 13949
r315 -53179 42994 32973 -1176 43486 -18393 25771 7337 46908 30436 -63189 31682 -38763 19368 -21436 54853 -16420 -30652 53359 -19484
r316 -59084 30695 -41450 34362 -45266 21586 9497 -48369 -9309 53899 19240 -27477 -20694 -8160 41353 -18718 19951 49824 27664 -23757
r317 -5042 63218 31960 -17735 20455 -21746 32591 -50350 57387 20493 -39614 -36105 -58101 -64108 -47707 13392 3446 27743 53514 15471
r318 58628 -52987 36450 60263 7594 17791 33111 -52612 -22124 -14892 49143 -29917 -64390 11563 30943 -58597 -10618 4143 -28759 -28765
r319 -48357 59233 -12554 -21809 -51378 -2175 63368 39815 -62891 -16351 -11317 54103 -33963 52803 -26935 -23758 -23396 49184 -36065 63254
r320 33775 -35451 -50278 -27677 56570 31212 -5953 2578 -47733 61864 -183 41083 -49498 -15968 36461 -20318 8120 4928 -52456 -45746
r321 30179 30493 -21495 51004 44279 738 46189 -49615 -19157 -42686 62441 39683 -50361 60521 36337 -19533 52405 -63931 23114 57694
r322 -30267 15373 56359 58593 15744 -34617 33988 32309 -35975 380 46611 -41345 -10154 -26076 43619 22655 26064 17494 18320 22217
r323 -38784 55431 41990 40067 -38155 -37001 19840 -6848 32074 -52948 -1362 -24711 -53575 40176 26480 63399 34998 61114 -28223 14285
r324 -35065 -39953 41678 -38048 63683 -50435 -19354 4303 -28643 -35929 39332 47837 59482 22942 39804 49502 14780 22354 -52792 -31621
r325 -5663 48911 41341 -30880 -46308 -7021 52322 31049 49577 54079 -64839 49924 859 -41578 -5854 11252 -17953 59976 430 -41740
r326 35570 37376 58704 26238 -52536 -63930 28049 -48942 13267 63045 -30261 63331 13499 14571 47199 31652 41948 20122 2827 44711
r327 24295 -35263 -10478 4228 49835 5073 2828 58855 59208 -47224 30590 -13291 57075 7173 51384 57787 -51816 -20560 57958 35089
r328 28768 -29142 -5785 -1770 46624 -34915 13523 -32120 -11129 43047 -33736 -32288 22610 -17957 51825 7660 39590 -10585 27978 46284
r329 -6195 -38977 -63078 -38539 -47922 -45388 -55858 50457 34959 -23725 25210 39121 -57525 -37902 -35597 -47224 -42599 43543 61020 -57319
r330 48023 -5388 22846 -14541 60528 28692 -34914 20680 2006 30308 45665 62139 -15836 -63734 -26106 -7592 -64494 -45876 -63911 -14278
r331 -33968 -65502 -5335 -9472 -9085 -64333 -5778 61751 -46592 -9453 64706 -22192 -51756 13055 -24375 -16047 7654 -31542 -36171 34189
r332 -60249 -38331 -2923 41767 45560 -16323 -38493 28594 -63453 32393 43235 65489 -53992 2005 -29393 -38277 -65346 -26698 -59869 -40622
r333 -7699 -48156 -45711 41544 -6316 -37258 -21324 30698 -46860 12059 33933 -47111 -26150 -47894 18797 12323 -24015 -57905 6973 -59234
r334 -49956 -41936 49275 -52485 53324 -10733 4964 9548 55912 -19282 47644 46378 -52297 9767 -23518 4458 51721 21611 53640 9352
r335 -17479 60248 37009 -16604 28706 24858 4256 -41254 -32931 32852 28005 6303 -42986 13323 -46963 -30815 -48336 59112 -42271 53660
r336 -33592 -54214 -25889 22258 -40385 -56545 -26007 19075 -23486 4958 10327 4090 -65480 4031 64180 34788 -23715 -12417 51400 25512
r337 -34117 -2017 -11911 -37017 64186 31195 -62038 60616 64381 -46480 5705 41227 53464 -55996 21467 45519 19868 54680 40966 -61433
r338 53877 32461 -34858 131 3995 -5764 -5934 -11823 63957 7939 -49103 -31764 17252 -27157 -63450 -24776 9569 57558 40207 4566
r339 2309 29989 -53078 -62468 -1385 -7157 6286 -6965 -38674 -30693 13737 56952 -30328 60185 56529 63328 27546 -46865 42213 -36395
r340 13631 -32086 34045 -36143 17728 -42660 -48453 -56858 6567 17333 -48661 39588 -45436 -30847 23762 -28880 -6985 59275 -38026 15635
r341 29842 49131 36870 40431 -43138 -10860 27094 18527 33265 51768 -21852 63221 37471 -56704 -10711 -14577 -20133 43054 14017 -32841
r342 10135 -55770 25703 -24949 -1164 36220 -35104 7947 34611 -4246 -55022 29175 23400 40349 4639 -36752 -4426 -30062 -7355 43862
r343 -57829 -2890 -11933 4082 51207 -14420 13273 60760 37251 43322 -55776 22514 -54979 -28785 -50766 -54989 49103 36288 -22870 -32186
r344 -1260 28159 14730 34345 6626 -57257 -27094 4381 35060 42942 -37401 -56142 -58143 -1474 19247 -31335 7581 -35223 5336 8925
r345 -1087 63353 13907 -45866 32353 -56174 8668 -64635 -42692 -58597 40159 -39759 -16949 -38795 -23823 57194 61807 -65262 -26447 34238
r346 22829 -3115 3681 -41952 1323 -53275 26739 61679 -42204 -20689 40920 38094 10550 -53912 28088 23671 -2913 48948 22306 5449
r347 -30815 -57331 21483 57988 27205 -64696 -26546 -52188 -30805 -59221 35740 -64421 -32224 59833 -2382 -15010 1571 51560 -34379 25614
r348 37521 10244 31759 -49603 -55643 60508 39070 -60463 43217 -28392 -42142 30401 -36082 -42991 14114 -4794 26926 64499 18102 41025
r349 28689 64692 61373 31177 39468 17435 9697 -114 -4391 22906 -43411 -60516 -51102 22171 42859 -14734 -46670 -51101 -22050 25498
r350 37843 -48623 48167 -46593 64344 -56300 9882 -21768 19960 -26047 -29990 -60771 -41574 -27311 -33596 57360 45643 27514 41974 29079
r351 27886 -32250 40979 -36067 51095 -43496 38944 5334 -56554 53660 -26159 51061 8221 16727 5949 -64826 -41523 -6078 -3725 39999
r352 18398 10273 17070 -49038 -62193 34704 -54455 29758 -52175 30885 -27180 -32534 -8621 -20770 -34809 -32633 30157 6682 24723 21761
r353 -31329 35191 -35753 16395 9349 54032 42556 41150 40705 1355 -33211 29549 -2685 -54397 59854 20715 -31834 2585 -1840 1832
r354 10961 -6217 -60142 7663 -55495 -13669 23216 -39080 -27348 38681 -15655 -16592 -5502 37906 -6540 21446 -4415 -11059 -43535 26837
r355 -42995 13652 22841 -5754 54824 -60796 -18478 65116 -13200 36793 22153 -1669 -11612 1073 37671 11808 53231 -30072 19043 59500
r356 -58195 44712 -43568 -47086 42240 41914 16394 -37411 -60546 -21827 -35726 48406 -10966 36536 -57236 37368 27960 -61974 -417 -62511
r357 -16250 -29823 -10915 7952 -21913 50966 8831 40794 -26771 35690 -59280 38100 4067 -32805 -57631 -49068 -106 28377 -14824 -30697
r358 -28295 -40405 43425 14954 -22890 27816 28697 14418 14908 -58945 -53504 24951 16954 -23528 15168 -39523 13520 49662 60560 -59190
r359 -3071 -26123 9831 -27898 -27948 -24621 9592 -10793 54613 52713 20777 18483 -308 34994 -5056 -57344 47547 -17190 275 27136
r360 -64715 -52412 5537 23890 31140 21562 -62537 60917 30685 -37390 78 29820 -37606 -59861 -8436 -54936 -58630 -33409 18590 5754
r361 -4329 -57895 36052 -1701 45852 3220 -57107 33073 42036 -64831 10780 -50085 863 51120 -52698 -58392 16098 60715 32874 -26180
r362 51783 55692 -25243 -56230 56501 -59051 -22391 21687 -32382 30501 39415 -17973 26144 -46902 -8638 26089 59303 11314 -14925 28238
r363 -52548 61446 -45029 31330 -9929 37411 53551 25536 -31168 -53926 56258 24872 7854 46249 -3509 17302 -61150 6124 25541 30521
r364 51950 -54366 9273 42808 -5787 5713 -60321 20399 59442 15476 -22396 16924 -63042 36941 -8330 -26554 -23125 64475 -3210 -26549
r365 -21468 -15392 -31413 -6972 17748 46870 55925 -14598 12617 -32508 34624 40483 -9526 -18539 -20528 -50271 48791 -15954 -28949 -37978
r366 56915 -27841 54823 -1340 -28697 -39455 -53454 4556 64659 64034 -31277 -22518 -47923 36082 -56714 31130 59238 -4010 42946 60141
r367 -13375 35200 62336 -62216 -23729 6943 33311 52707 -14749 -31084 -41643 60452 3036 52396 24432 -58448 4164 -50861 40274 -62466
r368 8632 -21908 -8064 29219 49470 -5941 -35257 34568 -8539 -17268 35905 -16390 5248 38735 -18238 31003 37873 40524 33892 -4577
r369 -23715 -20605 -42846 35632 -51481 -35333 30545 39681 941 -38583 56434 44486 27276 21099 52860 20231 14316 10465 -50386 57623
r370 -20684 23137 -299 -36811 -34688 64762 297 -65386 10799 41536 41949 27373 27305 30427 33628 -64217 -33364 -21248 -57788 57606
r371 47714 9949 26690 65387 5201 -64604 20393 18160 -50946 -589 -1223 37338 -3054 -31870 17026 -17635 -44834 10436 33509 51333
r372 -45543 -12452 -40730 48521 -3988 25763 -24145 25983 62163 -8087 63849 19131 -35297 -42108 61191 47787 2375 -50619 54516 -32179
r373 -51911 64302 48061 54997 -58533 45839 -24429 57901 -4894 -29445 -56708 -37624 16915 -40825 30160 -54246 -29095 29446 -47922 -50815
r374 -51035 5776 5005 -15136 -55514 47625 -26555 -3599 26945 50055 48031 22209 -41074 10825 -37989 33345 -63011 -11410 -3223 -32324
r375 -52205 18618 56889 16389 43426 6575 -22347 64801 43804 49760 -43892 -43558 -12047 3876 -55443 -41928 -54212 9994 18096 -19177
r376 40962 -10229 -44008 51401 54236 -61339 22030 -13755 23532 8835 -63695 2991 34439 -46248 -17770 13895 -18667 -35088 45272 -63539
r377 48385 44135 27598 -36346 -61773 -57686 -34012 15060 -15646 -43669 64305 59371 56833 -1045 60592 -24836 -15101 64971 -47703 -9627
r378 -32724 56676 57035 22030 29670 -19586 -11085 13376 33645 -9180 3408 -4076 -20453 65324 65053 53009 -219 16527 37146 59156
r379 -38844 53075 -38987 -57691 -38303 10664 -44451 -41307 28444 47841 -33682 -26212 52751 48812 -19561 -9713 24441 -60121 -17838 -54121
r380 -51998 16869 -9 -59674 37453 -52648 7990 -50731 22271 -47311 -59450 47569 20052 -22500 64560 -41027 -11582 -26783 -53068 25463
r381 62640 -32404 -3768 -36101 15631 50851 -17545 -26337 -15891 54581 44196 -14907 36473 -8561 27499 -53952 49547 -20514 30383 -923
r382 47322 -21588 -14537 17090 43754 5365 -58620 42966 -11234 1495 25456 -24359 27876 12314 5555 51915 -52971 -65424 -45172 22603
r383 10236 63940 -29399 -48070 -9305 -8503 50351 18603 -55391 24848 -514 -58762 -605 62958 20233 41621 24342 -59236 20764 56416
r384 20068 21334 -49234 13183 -35239 -53951 -5114 60328 -60449 19704 -10136 20306 17975 -17715 -22989 51429 57475 -15255 52143 14487
r385 36906 -47381 53726 53025 37651 -40061 -47952 41447 -14170 -48085 56680 7029 -9614 -13700 14210 -13637 13542 -25882 17746 -44181
r386 -39808 -22703 15645 -58016 37468 -6347 -56088 15960 -51959 -24823 -2812 46950 -1373 -19661 -29065 -21676 -16262 -25264 28186 49888
r387 -547 40060 -36888 -12573 -41232 48617 29936 38482 38638 -45069 31278 -596 48010 -6369 32844 15174 -44555 -29776 -30321 12592
r388 -18996 5588 -51574 34473 -13448 -62598 63322 2169 53244 60608 -52719 56148 10638 -1558 60131 45899 -40358 35013 -52067 -45714
r389 -32531 34951 -60451 -15312 9537 -15792 -53530 -21298 -7083 -60008 57333 13837 -37610 1481 24453 -26065 -23759 -57664 52799 -5073
r390 19429 49142 38343 34637 -60168 -28681 -12006 53768 -3617 -39557 -64724 24176 24472 -47569 30049 -4015 -54516 -6269 45740 -45169
r391 -63019 17629 -46891 42050 -8572 -61563 51951 47335 -57471 -27154 43751 -40953 23327 59490 12325 -34579 -4685 -19490 1945 60772
r392 -13180 28253 466 719 -40838 -29153 38119 39132 43166 16807 23900 -55464 -23191 48389 19115 -8019 22470 -28128 26789 -46066
r393 -27881 61976 -3902 48548 -33925 -40631 -39540 -31238 -5655 -53694 52276 14227 -34647 -63323 25642 -45778 14279 -21161 47125 -64642
r394 -29958 -56251 -14655 8113 57284 -23765 -13469 -27246 -21070 -54594 -34277 -22222 -37739 -45711 -40431 44148 -40994 1157 28 -63693
r395 55776 12000 43901 -38998 -61086 -33183 39408 42314 25272 -4897 -15635 1802 64683 -51756 -14659 -22706 -15548 23409 -15770 -1500
r396 -41660 21828 -39581 5838 -35308 29032 -42073 31008 19742 24117 32805 -48570 -13882 -47704 -64067 -7310 -18221 63166 31502 -60094
r397 -7878 60830 62101 55065 -15205 46608 -54614 -38546 -59154 -57880 45088 -65152 62270 -13874 27164 -16281 -41916 -14448 8480 -9308
r398 34973 -37039 16686 -16510 -17104 -49439 -22284 -17407 -1909 7131 -57087 -19214 13850 -257 -5348 -57764 492 48552 24624 56183
r399 40549 21180 -16114 49792 50205 28788 -43427 47891 -579 -30432 17153 48795 2670 33391 39733 25669 23149 -34486 50521 -31604
r400 -10095 -366 4534 -42280 -37177 -6617 23339 62363 -26506 36423 22205 -18322 10884 -28869 -23274 9423 39290 35121 8487 33538
r401 64829 22315 -18279 -13457 37097 -63377 62871 29408 8086 52101 -32828 -43509 40997 55327 -53092 -57201 -36726 -9139 5569 10649
r402 41691 -60408 62801 56725 40162 50461 2128 -8833 -58155 18701 -54352 -61771 20846 35795 -3782 -65516 -46488 -32439 43205 9447
r403 -64082 -29186 -62479 -2246 -33241 -22477 -37789 48887 55024 11606 -51649 4816 -28864 -20833 42955 47803 32001 -49727 -51047 -6667
r404 -26616 19341 61969 -21622 17002 28644 30878 54083 -4196 -9057 -12549 51477 -33848 -3208 38531 59602 -32331 -26657 51804 -13437
r405 58409 -53655 -34249 -4535 10255 -32765 -34032 -22689 23305 -41631 -59164 -6013 9042 -41229 20026 -4551 -44523 59346 -36485 -49901
r406 10982 46598 -58147 6131 47271 51612 58674 -14470 40889 -36552 14150 -51119 33836 60779 -29579 -56142 -58478 64958 46540 -21844
r407 -34547 46487 56608 -42375 -861 -2771 -16304 -57996 -2914 36113 -59441 32603 6038 -48720 -10403 -7448 -43709 5986 22474 -59644
r408 -45271 -9347 -21361 -5264 -2524 11020 -7965 63039 64644 -30896 17813 10193 43838 7108 39095 -29310 4888 58727 26745 61590
r409 -10331 -14754 -65521 2175 -27337 -8258 -62447 18208 24776 19554 15672 50277 -64956 37056 -8628 19225 -27040 -35310 59860 -32704
r410 1201 -51537 -30646 20128 -7812 10874 -53036 54436 -44386 20151 21676 -35856 -48619 -55989 -11193 -28999 -20720 29229 -53210 13236
r411 46595 62830 -45413 55025 -5928 16702 60325 28022 -56498 -1285 62438 -46595 61907 42066 44435 -43298 -23147 3448 49688 40840
r412 9078 -42085 -39362 -36141 44679 -18192 24247 -50749 65096 48979 26075 20182 -28534 -29583 34144 -1950 12483 58883 45454 54420
r413 -49292 649 3955 38261 36260 -9215 40754 46666 -18460 56181 36329 12307 -26010 60822 -54264 -22792 -61252 64901 24950 -32411
r414 1531 61866 26199 -21211 -25543 13620 -32551 48654 -62728 54354 56095 53711 -46389 -54523 60507 -32392 4714 23347 -42972 1237
r415 -45195 -28198 -23064 4114 -40302 -61506 25651 -4318 31786 13990 -10997 -58582 42474 11984 -48535 -23179 -787 -11374 3645 -61021
r416 28267 43929 10286 -6905 -54754 53106 16236 57256 49391 19695 -15954 -13519 55846 58334 680 58756 -56345 62505 26245 61835
r417 49002 -64185 52945 -31978 -34114 -43475 12081 -4169 -50104 -644 -9613 60688 30442 -43225 -12346 57348 -15789 12860 50164 -36614
r418 21859 11416 41942 -26177 43413 -23245 9685 -42361 18259 -25332 3150 -43738 -20653 14926 11171 -40024 -53308 -47045 -43543 -38896
r419 55653 -2231 -30170 -26836 -11983 -21490 40859 53257 17419 -54863 -31647 -51632 -3768 13707 20958 -12775 36455 18803 -46898 -62697
r420 -4741 -39204 -44203 26019 63730 -35374 64048 8954 -52061 -34171 51772 56656 -39552 41091 -212 5177 -26104 -57498 -46289 22563
r421 35192 9311 -47697 -39330 -64398 -14590 -21219 -36436 -65454 -50092 62037 -29117 -64339 -22862 48855 36340 56520 -20964 -20194 48829
r422 -55102 -49276 32974 53213 -14381 -50119 -22538 30349 -32175 -9395 39374 -38138 63289 -23234 40378 -59989 55796 -599 12096 -3517
r423 49107 58294 -11019 2354 61967 -21115 14741 -24543 59931 -23310 -5183 -14098 26668 47419 20517 -42633 -36398 -3512 19011 54711
r424 -34272 -61362 -17060 16285 63618 23962 -4660 49817 -13789 43296 -43523 -40462 -17575 19048 -33429 25247 41121 -60280 -57838 -25826
r425 -26413 -52715 -43011 -5095 44111 37809 -46198 -18236 -36325 -56914 -52058 -39911 -23114 -57625 -37140 -28766 -8474 -42863 13618 1249
r426 63414 -9317 -20530 10312 5910 47678 60108 -10243 4718 -56313 26824 22229 29199 61087 -28353 -57078 -9776 -15371 942 -41333
r427 37035 -28402 -15650 -48506 -25301 -20840 -30150 -38355 -42794 33196 -49293 -20026 -11107 61442 -4931 56221 -45353 40570 27624 8652
r428 -28071 -21808 57043 48605 5174 -6656 47235 -12578 -36482 -3978 10595 50361 -5631 11316 57076 16120 -33710 -56378 61047 9733
r429 4508 -4714 20008 41204 36407 -25488 -12838 35133 13565 -22615 59452 -54962 -9208 -18376 37473 -43513 32103 -27761 52622 -14988
r430 -3052 -44057 1596 -28991 62091 -6684 -13761 -54276 -15867 -46143 10311 -33147 58271 -53103 -31087 3145 61200 38085 -47397 -40102
r431 -14857 31875 -43113 -43273 59652 42494 -18684 -3895 37186 63206 15884 15083 -38655 33464 -42885 3962 -11308 51313 -51950 18934
r432 17910 -21724 -4062 3619 20862 -43354 -47777 -3433 -50204 23321 31907 20040 -52099 -15108 47111 19589 -51610 47698 53144 58375
r433 -55316 -6330 -3467 57034 21421 31692 -19930 35591 48808 63552 -64551 -54065 -54787 -42812 -28698 -51626 -41641 6948 6672 36710
r434 -65144 47385 13852 -55600 3340 45547 47091 -24997 65291 -44846 32223 11420 31359 6564 34844 -44296 -52683 -39151 -34616 60132
r435 -1145 -58169 40730 -11942 56149 -34503 31873 35355 57434 -11383 -45763 27093 -43752 26141 65178 35862 -16758 -13078 -57267 54383
r436 5191 10543 -65142 -19247 406 49381 -3151 60242 -46753 5159 26055 64530 56077 2778 36507 -9255 -56675 -4148 -26209 65022
r437 -7454 53522 -2474 40102 55296 -36583 -6326 51118 -25387 -4718 -45869 -57935 36743 30862 -59495 62886 24039 34887 44338 60405
r438 -31516 48887 7223 -607 -19918 25755 -18661 -63113 63293 6182 -17825 -30671 -53415 -23554 46823 -28773 -42791 55862 -26309 596
r439 -47467 -29371 -10596 -4448 61170 -1760 -31907 -14759 24963 64708 12224 19720 -39957 -60846 -41650 -38659 -58941 17703 -51360 21973
r440 -47546 33767 -26069 6172 35507 -14924 24966 -13506 60858 -34732 15961 46394 55273 -24786 -8657 17965 51914 -36533 -47594 -39223
r441 -51113 2774 -63371 -43101 37684 -51621 -6026 -26138 -12099 -9137 54402 -30037 -10805 22425 64843 -62154 -14143 39724 63170 49817
r442 -58807 14653 6747 -50531 57032 -1640 48967 51804 -15103 -16063 50856 44285 -16394 -11523 -58330 34856 8557 -59448 28261 -13972
r443 -43298 5364 -59049 23703 -25979 23101 -6497 -5799 -11195 -42493 -25910 39136 28025 -11141 -35012 -55320 -40332 48922 52711 62538
r444 945 -12989 37333 -31825 -5362 -50410 11199 -51572 -55982 45945 51877 35093 51126 -21926 17188 -44087 -59757 43730 7449 33748
r445 -44272 57426 -22949 -48095 13170 12297 -44946 -53695 51721 -51178 16145 59626 23164 11660 -51950 17875 -21442 5072 51973 53896
r446 -55265 -10101 -22413 35431 20825 63222 -27721 -6481 -5417 -18573 -45163 19771 5206 -61525 63939 33486 -29029 -51716 41360 -31771
r447 50380 678 -5567 25453 16816 46792 -7186 -31207 1273 -63873 -36387 -42522 -35743 -9635 23678 29619 -45041 14067 -60919 2815
r448 1437 -34314 -21249 -21338 11303 -22853 -8527 -11648 -9717 34618 -37496 -46433 43147 -34727 20898 6533 -10748 50907 -22953 13817
r449 -41477 -4388 -31503 -6818 -53037 -15279 -28241 49628 14472 58681 58784 -44655 40883 -41724 -15932 -46522 -30293 -42554 -49150 -61953
r450 -7578 13636 -30389 3559 -35787 47391 36540 55134 -6027 18548 -59878 -11717 -60416 61211 1493 -60262 40714 -40816 22784 63735
r451 57258 2140 -48022 29046 52 -44357 -55803 12195 -37109 -29596 31323 -52849 -34036 -1730 9373 -32990 -51667 -6790 41113 36035
r452 38812 12310 33541 55388 59841 40911 -15861 -56123 47793 7684 -10001 55513 -3056 -33921 41230 -33325 5658 -43955 27850 8212
r453 -27865 29032 -38966 29080 40356 21541 58887 52241 166 -37488 63302 -52137 10746 15933 -36196 -45891 45653 57588 30744 -57937
r454 -62144 62242 45361 -15923 23573 2722 18987 35142 -16655 45850 -31284 40388 -22668 7507 39748 3674 -29851 -62108 54396 -29614
r455 37261 -3457 51690 8016 -21980 34477 -58049 -41244 -63458 -9744 51492 -27152 40348 55413 -7917 -4458 -45122 9400 23239 -34669
r456 53380 42238 -10967 43421 -60609 14566 -24335 55056 -52623 34028 55741 48737 -26819 61766 16599 -62402 -49802 -62693 33961 52663
r457 10234 20866 22588 42419 46723 40108 57781 46504 -61875 10752 41045 30093 -28747 48664 -36498 4411 -33555 65106 -46843 -13871
r458 -36610 -27743 -61117 -9359 -20035 -6105 62753 49642 18443 21287 5364 16044 47940 18491 31294 48816 13879 35527 -44525 23274
r459 53420 23627 41629 -64838 45331 53572 27549 -63042 -7196 47654 36092 -20035 31258 30240 -34622 -8937 -49982 -25666 -11178 1163
r460 -11444 32920 35275 29211 10203 -64920 -45421 22115 61863 -43479 26953 61548 2618 44281 -48928 -1245 -13094 -48379 -27212 -47259
r461 -55718 41638 -134 9602 64100 -35909 1302 -25301 56414 -25312 -16292 884 -59685 -854 -49507 35273 11741 -5802 -22339 -7568
r462 24568 -10487 14726 13561 -58578 -21606 40959 -61802 -20614 17669 7869 -6313 14569 95 65009 6477 24520 60327 -59709 -34595
r463 34831 -26467 -48584 36273 -37590 10192 46040 -28195 19923 33743 -6449 62721 -39434 21132 -15236 -54726 51733 38152 50710 -46392
r464 -32149 -5938 41851 -4713 -51183 41524 62916 46849 -14691 42515 -49375 -27361 59770 -52335 -46812 44924 -52971 -44728 51847 -1321
r465 4859 13049 42412 27614 -4866 -11108 31991 3586 15843 27346 -23408 42354 -52929 29209 24106 19014 -28138 -59447 38219 2709
r466 -62642 -49567 -31712 -41449 9769 13353 -20145 -52477 12865 -17205 64175 14590 47168 46311 55919 15056 26839 28292 -36790 27720
r467 -58620 -8037 56994 460 45943 -37331 -29732 25667 9090 63348 32803 -15328 -47026 26518 -15592 -34464 -13235 52507 17416 40180
r468 13072 -37267 61161 1608 35731 43187 -27202 22244 45914 -50890 -34531 -19334 35452 -27276 -43600 -39663 25644 46875 35634 6354
r469 -43077 -65291 20901 -6851 57555 14348 -56166 -39488 21860 -61633 42943 14731 -58672 43308 56580 53513 -15664 61475 -3944 14138
r470 -3648 1087 -32250 -51583 -36230 -50714 14477 -584 25940 35059 52678 -56564 -17866 -51975 7767 59674 -28109 -1469 -4696 -37639
r471 51163 37033 -35689 -5221 3563 -10303 -21770 22055 29941 13463 35248 47180 48767 -48653 -62929 -19188 63874 -55808 4427 -3292
r472 -4303 -13702 -40518 48057 -11819 19315 -850 -57654 27487 821 -10706 -51517 -3267 -58185 20899 -38010 -63312 20784 10225 -36835
r473 16532 43706 56074 -15422 53529 -27591 -34911 -55574 12804 52613 32781 4938 -291 -36474 40103 -47375 -24062 27513 -17672 -41284
r474 -2703 8910 65452 -30037 20362 44528 57585 43239 15694 -50617 51842 -36957 34035 30836 -34329 -28934 36885 -60428 -58179 37917
r475 62372 -9568 43680 46439 -49018 5052 -16891 2207 -62123 -48710 -53154 -43136 7984 53993 16517 21063 61393 -7239 51608 54871
r476 5753 -48382 52602 -48724 -56227 -1074 30289 56195 -22333 62684 17080 52903 -14848 -10004 -40643 59693 -21534 11832 51400 26167
r477 -35981 32982 -2965 62883 13001 55194 15924 44396 -39235 -41939 9169 -14875 42424 -45579 -60357 9366 -62634 -2342 11125 49587
r478 -61354 -10458 46746 59391 9970 52610 61994 -11141 -49996 -40336 42427 63917 11769 33814 -60190 -22893 -18664 -24809 27641 20498
r479 10624 29748 -29180 -56162 26349 -51237 9887 -10741 58666 -39746 43880 3391 -20934 -13155 35252 -28355 13463 36313 45860 -18288
r480 38200 27943 -37274 -16498 -43450 64498 -17096 -20612 64424 27280 -62564 35126 -16224 -58218 11046 -12665 23812 -60863 -46241 -14273
r481 61568 -61401 -19914 -13007 -34401 6357 24494 5541 -31294 40044 -46292 -59147 47320 -9640 -4244 -956 43525 -16091 38848 -11376
r482 52403 -2447 31315 57705 31286 -39660 59279 -51806 -5551 -36755 -47793 11964 -23072 56958 35895 -58098 -14483 -38882 -46359 -53095
r483 -26606 29807 52444 -45752 46084 57442 -32004 50226 -17652 -63170 31343 34732 12336 64889 -17728 11938 553 38190 -6699 -25166
r484 53948 -36676 -30712 -55689 -14261 -62239 -38805 -63204 46805 -45083 -48021 46703 26227 -54116 -54951 55910 -47040 11829 -26751 54770
r485 -56622 -27525 -32382 -44087 -49310 -47247 5245 -21975 30429 -46792 -51915 43058 -65472 23234 15643 29954 -32777 -57330 7225 11080
r486 5488 59527 51697 48770 -56025 1416 51784 -56273 19429 -57595 -880 35479 -4429 4688 28733 10012 22517 -22357 -23297 64940
r487 -9410 -50134 43594 29863 33887 -28523 -63511 20132 15841 40613 -55748 -17760 10611 -11564 30978 -27718 -40281 -56264 -45131 -39300
r488 -31303 32986 20496 -28094 -38001 9835 60705 -10775 50771 50318 23511 -5387 -17153 -47965 8914 -17562 -58559 -3798 -57920 -9391
r489 16951 -24336 57432 44945 -40293 4512 40952 -28294 -50491 24375 22321 33234 40197 17698 10831 -40748 44685 -24165 10411 53373
r490 29791 -43703 -18358 35340 14881 8165 62316 -21482 -4997 -44920 -54448 22239 44180 37516 -45354 -29484 -51645 -39006 37713 -58668
r491 -62478 -35413 -10396 49221 -11913 -44434 40536 18483 -52410 -33297 50110 24339 1355 -7947 10974 65283 -20199 33664 -4425 60713
r492 34757 -61015 -46158 -15071 -55219 43482 35680 -13290 -8069 8574 58553 33461 51209 65007 -29506 23540 401 -45740 -15388 -50125
r493 34873 43598 28672 33462 -18367 60144 56646 24145 -31485 52665 -42235 58856 41582 55012 63154 49570 -47877 -20288 47743 -44024
r494 46269 26050 -21848 7471 43775 -35405 -17905 -39115 21244 -50212 48764 -24186 4588 55451 -36730 68 48104 -36216 -20027 61883
r495 -16178 16108 -49674 -23632 -12638 4276 -36741 -39063 -64077 -16335 -62258 50237 -14860 -12511 -36554 -9798 -23244 18707 12268 58799
r496 -59969 37907 6642 -11351 -31206 -50916 -1652 54797 -52114 60529 53943 -52512 -58271 -7479 -45070 58997 22026 8377 48650 54474
r497 -11952 51231 -14741 -54758 -7071 -1608 -21814 -37473 -49011 -43406 60956 30042 30555 39372 65112 -1354 -3633 44605 -13774 -41459
r498 7165 -39917 65014 2562 -3490 -25783 2953 37110 16239 -19876 3463 37114 -46921 -8844 -17914 46127 19742 -36926 -12270 -34930
r499 -41142 -64823 39156 60893 63562 -41239 -59972 10725 28773 6538 22256 -59869 -26988 29815 -15226 20934 -43558 19084 19047 -46910
