mTable30 21
KEY  c0 c1 c2 c3 c4 c5 c6 c7 c8 c9 c10 c11 c12 c13 c14 c15 c16 c17 c18 c19
r0 6459 -15376 -14962 38462 19852 -63128 37424 53773 42421 46733 -29879 6550 41095 41605 -17595 -62382 -9694 -42996 39145 35327
r1 -65320 -18173 -29156 21636 58288 209 62631 61167 -61718 -40109 -36772 60181 57374 -43568 58483 -51697 43649 20159 -48777 19299
r2 -31940 -54039 -46847 -56660 -48693 -44231 -22176 33430 15068 25471 48882 44256 35016 15628 55496 -9462 13289 -9318 -49968 -21774
r3 -47170 -42040 22066 -7514 17162 4692 -58397 10634 -63292 39002 -27829 -27133 -11240 -16846 16611 30449 -13389 38719 -33055 -60645
r4 -9460 -58858 38136 -12247 11215 -31304 60673 -27740 -56042 34439 -49755 -18800 26740 -6997 -16542 44054 10254 -56452 21009 50024
r5 -60471 43346 -28981 -4897 45299 -14333 -35210 5841 -62454 -47366 -16565 -60897 -50322 -21314 15122 9328 -5247 -8579 -61596 12842
r6 -34351 6137 -26726 -12988 49162 -2010 23106 -22334 -21483 61994 50469 -51653 -13812 11067 32207 29770 -17817 -49137 -28503 58466
r7 -11611 -14486 11838 -56328 57606 -25221 -13155 -33914 46063 -32291 -44077 4380 40287 -3631 -44391 -17817 56723 1884 14873 -48456
r8 2443 -14451 -2567 -17993 38499 42221 63917 -49603 4432 44356 34857 48375 27345 -47949 33927 -36201 -3053 43140 18290 63251
r9 -65257 57838 30017 -11790 48421 3319 -9475 -64384 -6088 56874 -252 -36050 20626 33777 -22120 51837 -59315 63235 -1680 48530
r10 -44956 27427 7007 36605 -41557 -64552 10089 14012 -49627 32782 27547 30928 -29806 -58964 -6946 -45898 -24455 -35559 -26127 -49809
r11 9354 -8729 8026 -40611 61705 -33923 -54592 1532 36707 23775 -65410 -59060 -36411 994 -42338 -55132 -41040 55465 8129 -53331
r12 12473 56376 -43829 -4509 23834 -59823 27693 53809 -15262 -52205 -28520 8208 -35293 -15175 10599 -3446 -33157 44829 18314 -15542
r13 5291 25618 -4518 63306 -3041 -51470 34129 50485 -3241 51845 2359 2142 -40058 -59011 -26789 60219 52771 -38278 -7251 53578
r14 -37724 30377 24467 -46493 548 51661 -18859 38787 33443 -8951 63552 -46952 -25885 -12408 -4776 51592 55689 -14091 10517 -45519
r15 -17368 27896 11144 -32023 63226 -1546 7771 -13430 -57577 39395 3186 33752 46410 54973 24131 48171 30330 59640 2298 21445
r16 45146 -64888 683 -18070 -40202 -20925 -20874 -52032 -64648 -46602 57186 5631 4721 -11092 -52178 14978 -10939 -17886 -775 26128
r17 -42828 -13424 44152 16179 33815 -40142 -16056 3444 58228 58724 -17968 -58280 63765 52802 30905 -35429 -33455 52150 -16397 48533
r18 8660 -64947 9086 49516 -5594 -50557 13586 -23717 54311 40348 -35594 25812 38489 56354 -32716 -14847 -17503 56200 -3714 25619
r19 -62905 32440 24884 -57346 -27054 20307 -60673 9164 -39555 32267 59598 -27968 2407 -30409 -33660 16281 540 -33126 41613 -6273
r20 -57216 -54777 14181 -40352 -33124 -6970 28337 -42573 -12463 -29660 25026 -36843 -32307 17365 22372 -11170 -55997 27958 16444 -6376
r21 -18422 20509 -36972 27477 -14822 54164 21725 4689 -1897 -13764 -16277 24548 48285 60350 63988 -43399 23637 -27698 -18354 -16296
r22 58130 5477 56061 49068 -65349 20881 -36685 -60154 42400 -16564 631 -42758 -59314 -52141 -41765 21393 35727 28371 49984 28466
r23 -20370 -60173 49105 -25687 -16557 -17434 -11610 -39510 27983 61627 302 -63788 61461 -24411 -33120 -2444 833 59908 4719 51952
r24 -37921 30192 -9189 -19120 37015 12976 -59142 29798 30683 15540 11335 -49034 39575 21369 40864 58038 25928 59599 38790 -35076
r25 -55258 19953 63246 36473 61645 44161 14646 -45077 35935 -64242 -17785 50865 34123 -32641 5161 12644 -21421 -14033 33411 56718
r26 17423 -4698 17123 59534 -33020 -7690 30227 -4637 64227 26260 -2896 -62534 24787 29848 7192 -35436 49239 -36860 -1796 -9541
r27 -56736 -41919 -26578 -49943 3308 55406 -32420 63521 -144 34864 -46027 58797 -7765 -21935 -61391 56522 -47543 -57471 57608 -21736
r28 -2537 -65013 4005 -36031 33325 37795 -3724 18049 34449 49604 -27392 -11953 19067 -26637 -17110 48108 -44994 38913 -47261 -11996
r29 -55365 33583 -61557 45257 -24412 33233 -41499 -21441 54413 60548 -28899 -39335 -30122 18810 -37663 -11354 -10346 -15049 61404 -4673
r30 42653 51357 48321 6745 -22193 -44164 -10205 7935 -21 42321 -54410 -34665 63415 50852 43007 -18013 40726 6989 56770 -48542
r31 -36206 -11770 6307 19230 -28704 19170 -10315 -45319 -56962 13935 -3332 -7358 12396 31480 40356 64706 -39732 -25977 14359 -9334
r32 -4503 -51836 -39256 -2755 -29578 19429 41313 31122 -3258 13648 -26535 13730 3526 -24874 -22168 -12945 40427 -27877 -57120 15100
r33 -59065 13381 -41672 18402 36553 12063 -44384 -36724 5120 41513 46155 42388 7369 41618 3747 -25389 21423 15585 -31376 49088
r34 22028 24227 211 -50588 -12379 -50389 -47190 13441 -36354 -2544 -11262 64832 -56087 -32845 42254 20504 -7865 16026 -63785 61039
r35 -22163 -47218 22485 45505 -34853 -7306 52946 -46222 39997 14610 21511 30810 -41100 39567 -58711 -12876 59115 29511 -9358 4342
r36 -1894 -51347 -26059 -55997 46813 60210 60221 -26037 -24122 -64180 26784 16146 -11407 -2640 26944 -13358 -49596 17679 -42485 36154
r37 29146 4819 23353 -34175 32267 -30058 -7008 49504 8888 -5171 -45579 7949 -4008 -61216 16598 -64644 -10321 20086 43107 -25125
r38 -45030 -31556 43073 -39359 38774 8985 -39876 16828 -21766 32048 42547 31259 36338 -31605 63066 -30212 3102 -57935 -24503 49273
r39 -63251 20773 -38673 28274 -25195 -11810 39354 -53350 -20161 -38940 -4659 50662 8062 50954 61798 -27357 -7227 -3631 -56315 -58055
r40 52781 58287 -42759 12970 34424 51766 14766 -32023 42734 -40089 9714 20927 567 -35290 -60506 -52083 -60325 -44125 -39363 58057
r41 -12530 -36231 9042 -22882 -32833 64917 -28626 -14156 57878 -33819 -28935 58771 889 50014 49877 -25216 -54434 31988 3244 -52622
r42 23574 34725 21905 36865 59831 34239 30227 -44410 -59051 -62290 -53184 -42624 18564 41382 -59907 -46030 -42806 -15575 -3056 36818
r43 49579 -27667 -53481 25650 13487 -17009 -15886 -45106 8665 2761 34136 -3042 -55595 53790 -56548 -25539 -64158 16423 25122 9572
r44 27461 -61814 -63413 -27186 31392 -20973 -39524 -37045 10924 -31099 -47872 -43657 -6215 26533 52490 18246 -40533 -33002 -48537 -60634
r45 -11627 -56143 13180 24858 23333 15114 -8918 65222 58301 52933 -22163 -62067 31521 16246 -626 -1236 -37153 34890 -11336 -30810
r46 53297 -50502 -11041 38325 23821 -2141 16791 19531 -49534 34412 -35952 -32492 -9897 61375 -14712 33680 56857 -31565 56923 -60336
r47 -26836 -27138 -13444 -18672 24213 -56089 -32236 29503 56627 -9460 22194 29918 50579 -2887 -5037 -45191 -39089 32989 10974 -20140
r48 64337 -58219 58359 -28792 21245 58913 48124 61310 -13937 -958 -48430 -40381 54831 -29174 58895 -28704 -34291 -16005 -10442 29272
r49 -5968 47752 -47685 30160 -59003 32646 -50768 -64645 -41418 42197 -4344 16933 13108 -11294 -8662 -3471 -985 -54764 -31357 -39473
r50 37118 -40217 -15943 38537 -32533 -29267 33556 10159 43126 40628 -63444 19248 -15621 58970 50519 -26892 -17952 -21216 48252 -61058
r51 -15184 22145 -28294 52603 -16034 33865 -39789 43637 34927 -49522 35849 -38932 47098 -48047 2192 1611 -37537 32493 -19885 32633
r52 14150 63481 -28799 42454 -49543 -60158 5072 29268 -4722 -40952 4010 -48470 -33202 13804 64445 -48083 -56630 -61344 -1973 59826
r53 15706 29667 -16462 -62187 47297 -45691 -20625 -47318 -43543 45267 -48739 -33373 65513 34119 37829 -47694 -24250 63709 -24227 47522
r54 5369 54034 11875 41623 32301 -52240 56892 -23296 56946 -42898 57598 -8687 -60638 -43406 27311 -25987 -49546 18909 49348 39749
r55 -17603 2792 -26839 530 -999 39999 -44166 -13907 -48949 -22429 47302 59640 -9941 23213 51923 23332 -31102 -40237 -23016 23535
r56 41745 33086 -8276 -48479 -15054 -45335 -49257 45517 11530 -31230 -50776 -15818 33037 16365 -11581 50723 -32442 61713 58348 39792
r57 -60600 -40439 12745 -25919 -54356 47936 35910 -25473 -3955 15995 45436 18170 -39123 -48528 -1563 976 -28169 -42345 52966 12942
r58 19216 20884 -50019 23525 -59753 19974 37488 6059 -30895 34348 58995 -13652 32347 23781 -33035 -61769 50105 -64786 36074 50189
r59 64807 38973 -13552 20978 22049 -10706 -21982 -36280 -48208 61571 53519 -44037 64869 -62150 -10499 33872 22064 40761 4406 -22689
r60 15621 -13924 -19826 -49386 -64823 -27382 -12728 -8358 -17077 17810 -45949 4460 64853 36575 56320 58458 -20032 601 -19281 43320
r61 -12836 -52720 -33290 36463 8984 8133 65020 52589 -48977 -42072 41030 -31597 22993 60039 26242 -25573 -48193 -11021 -58754 -31643
r62 18375 11332 -59486 7639 13650 60497 -16709 39435 -10469 16479 302 -33712 -18896 -16159 29324 61839 -49435 -60491 -61586 -1898
r63 -34048 -11760 -57009 -20963 40664 50764 -40010 15677 -36431 -6134 -60687 -41042 -21433 -49657 -60702 -10226 42612 30353 -28693 -51736
r64 57184 47883 11588 5338 -5109 -46674 21915 44102 35118 21160 14557 37002 -29266 -20054 -59437 -59786 55697 23939 -33394 60157
r65 -20308 -14124 40996 -58518 -654 59736 -49852 9102 -48348 -59409 56865 9003 -55949 -54305 64652 -14955 596 -8993 -35432 -10679
r66 64934 48198 28322 -55520 10872 -22988 62488 -43888 -14632 47839 -42668 -42101 26568 15061 -40981 8283 -4205 42559 -62014 31838
r67 24164 -57553 -41982 -19422 -40964 19698 14094 -57784 -33793 -63761 -20206 -62370 25881 -34690 36834 -45484 55147 -2064 32307 -7948
r68 8101 -25320 57740 57282 -29592 11998 -35196 -6009 46988 55751 -2431 52211 -49525 -12288 56230 23241 -45160 11205 -5944 -28633
r69 -36601 23498 877 -46956 -47623 -51833 49410 44741 57072 -58334 -58506 -12373 11994 31792 34454 -38521 -23088 45578 -14422 -44436
r70 62940 -25116 -54039 -56414 -1178 28320 44439 31000 47567 -29250 3078 -36436 -35810 15300 37895 8297 13854 40896 35820 30946
r71 6205 54910 13143 8378 -3630 32084 -2969 -3443 7885 44607 15745 -5969 64646 -63958 61388 -538 44890 -38002 -40228 888
r72 -54755 36503 4964 24611 47937 -6277 -44790 45915 40967 52039 -4872 15274 33047 -49373 -27615 53838 60304 -50636 6167 -8014
r73 431 -63289 65491 5454 4026 23762 -6164 29402 16253 -38604 47585 52388 13870 31658 -10749 -12735 -55786 -44265 -19617 58707
r74 -51066 -60533 -5802 25567 9541 44276 -20671 20347 -62491 7884 -14301 2754 49060 -13715 -41887 -17931 65270 43860 26852 49355
r75 -58600 -18450 -58159 15857 -5932 -8589 65415 -41332 54354 3272 13960 60792 -39249 -25311 35145 -63232 -7144 -63349 21222 -52931
r76 36473 -347 -23440 -25307 35233 -44393 -28386 4238 -40984 44692 -23017 51550 -19865 22497 -20968 -12337 -6132 56462 -50881 -41961
r77 -34555 -3935 -22685 3495 -35431 -20295 50400 12147 -54935 -47717 -63378 -54615 -36907 19210 -28188 -7887 -42826 40050 13465 1441
r78 29139 32539 -65477 50515 -802 45631 -64736 -42252 -44061 27804 -19048 -50498 -28365 20600 -54842 55788 -41716 40658 1534 -31079
r79 8817 -41891 55515 15232 8999 41807 53315 -47946 -31636 -38345 -10627 19851 3475 -38305 -27977 -20087 -20618 -32895 1420 29895
r80 -59443 -16323 -52992 46994 46436 -47443 -5081 -4419 -46393 -26996 -9259 22148 4508 13532 -8625 -34220 -51161 38940 -11753 -36001
r81 27740 -9974 -55776 -39842 -47162 7480 15493 -52349 51691 -18281 44286 -62948 -48783 -17801 49322 -50361 -53957 -28229 27155 -45813
r82 -65134 62793 44389 -27456 -58170 -15693 -27457 29123 -61406 53588 -22344 -1256 43249 -23700 -11266 -21292 8588 22957 -46268 -54072
r83 -4928 -15542 64401 63880 -21334 -36478 -5980 57900 3125 21839 30160 -7750 -20615 42672 -21130 -62070 -53914 50764 19542 38971
r84 46361 28926 -61479 6767 8121 57645 -41620 35332 32143 36194 -11566 -59191 -26405 -29062 -50005 -10396 -33753 58777 -9700 -4836
r85 -37069 39207 -63453 13980 -14195 43329 24970 40580 -44475 -25403 -38057 2631 13425 -25875 33321 -15727 15401 -20123 -32618 -7930
r86 -26454 -21462 53621 22467 24835 37122 -37393 21932 -9960 18363 58989 -49272 64991 24538 26571 -65479 10115 50627 8172 55920
r87 -15509 37830 19856 31939 30726 -63015 -18413 30931 37118 -1499 50070 15823 -13700 8098 12462 -18254 24278 -5083 63165 17938
r88 -45526 -15525 -1835 15371 43922 -786 -13367 49517 7991 35814 57115 21183 -7410 1669 -62923 13613 -40801 45175 35721 63337
r89 -32142 -49304 59189 -10573 -7091 47031 39743 4608 -54525 58203 -9747 58947 -50455 62828 -41215 54894 4347 -11625 -26915 37274
r90 -50337 -7073 -24346 -59761 10911 -20444 61726 8922 6492 43817 -30969 46329 61774 -52434 59865 22625 24356 -56446 41184 -16721
r91 -18732 -32857 -59163 2214 -48627 -52418 -63620 40922 36437 56973 -35274 -3095 -18429 -19912 25545 -41477 59362 -11428 4634 32379
r92 36065 28821 -37527 -33590 21085 -52237 43607 -55956 -61335 -3784 56041 -51529 -38382 16540 62764 17550 52346 -22252 -20690 24946
r93 3088 -49512 53184 -16946 -33209 -47701 28852 1171 51629 25871 -35941 36518 -53077 32944 46071 1541 -24254 31731 20948 34720
r94 -52956 -19156 -28162 -41213 -31316 37684 44696 -1853 7243 -17206 -25287 -36031 -20319 44816 -64782 -15586 -28609 -61294 -58346 60395
r95 25910 -33310 -833 -26382 57181 -31348 52751 41543 50624 -52175 -8345 -22441 65338 -15423 29706 47980 22105 -2617 -62480 -41271
r96 63366 -14222 56278 -28652 50498 -5722 17913 60020 -51556 -3779 21897 -23505 -35675 64947 -27847 -33497 56402 -47122 -54206 27524
r97 55294 40103 -63015 -36272 31000 -39108 -454 64609 12004 63783 5280 -53119 53681 30174 53983 47330 -41234 -30364 21761 -17234
r98 34488 -58573 39287 7894 3424 44008 -280 -24579 -18048 9512 4963 -59936 16957 -24845 -45048 -40294 -46380 5866 30181 -41677
r99 52822 52362 23273 6557 -48979 -64687 -7832 -5922 49714 -59638 -50559 -9854 -4631 -50368 -16995 58163 -20248 3491 -41280 51352
r100 1135 21344 6784 -9699 -36531 -50351 -23118 45746 -34974 42712 9672 9352 -58893 25545 26223 11871 10988 37392 -21204 51741
r101 30491 -9416 -29741 26447 48407 30295 24644 16201 44921 -8307 -5075 51281 -63182 44819 -15424 -52753 -61605 37639 54791 -60385
r102 6447 52400 10451 64817 -31932 -50176 50861 39128 50793 57955 -39003 -46182 -13736 -26617 -60466 17098 -60035 -28610 11614 -22460
r103 -57780 1005 42332 24237 -22008 9605 -21159 20853 46301 -59808 25071 -34253 -49459 -46840 14366 51030 -29561 30787 -6772 -10856
r104 3033 755 -9204 44696 24388 -281 -19276 -53205 21694 64968 -58652 -33412 -47053 38161 -38900 27690 -46 -8506 1043 52592
r105 46398 -38496 4427 31914 -37682 6403 -10640 -20501 -21290 -22613 57566 12333 53329 -47897 47686 -3146 3822 6563 -56715 -62136
r106 53158 -51005 31491 48174 -58780 -28952 29742 60861 -53900 35020 61628 2078 -26029 -26602 -61243 -11845 40543 -5279 -3692 -11031
r107 52973 45212 2435 -47731 -56618 46749 61271 10431 42390 35940 -3499 47987 -9932 -51125 -55422 -49256 -38936 7745 51559 -54845
r108 -12872 -33672 -11295 -38803 -43499 6953 -21700 -47393 16384 -63468 -6215 65438 -29646 -48393 -40812 -58298 -34990 57053 17890 -57811
r109 30885 45490 -40952 16746 49136 -3128 -44019 -22218 -15193 28697 3648 37623 -19720 29788 -23844 -61188 8678 -11392 -18581 -16682
r110 -59087 -15339 -22232 -14588 -50830 43169 65450 -35593 54532 -10399 47139 27607 -23477 -40538 -52677 41635 40062 20646 64141 64226
r111 36480 -24636 -12544 21885 -64616 57787 45518 -36680 -22630 -36519 1350 -60132 15679 16724 -61057 -38131 -18642 -59963 8398 54930
r112 24133 44 -37401 -41036 -12586 -49913 21879 -3370 17364 -2714 59293 17394 19109 18216 15572 64377 -58741 -31073 -38350 -19637
r113 -30509 -20913 -31569 19176 42188 -39523 -49945 -14028 23726 -5395 61179 -61002 -53255 -13099 -2742 480 11730 37928 -1480 33076
r114 -16830 -45774 -39254 -58905 11534 -50421 40464 5581 12227 51854 26301 13198 39369 -16758 -38774 -23295 23386 64229 -43146 -46560
r115 -12071 -48376 -8456 39394 30601 -30988 -58573 -30790 -61627 63079 -24538 10538 8241 2014 -18345 23131 23863 -31996 -28900 44269
r116 11856 46298 14688 -39181 -64268 9575 45370 47268 8106 -59854 15169 19847 -37881 -53631 60782 32661 29842 45866 -59123 64776
r117 43433 -55259 -15308 10707 -17832 -51819 14760 -55166 10174 -47721 42551 -31885 -56033 -48508 9482 53742 17495 27894 25172 -42495
r118 54224 -5469 -4027 49203 -9478 14212 11404 -10692 -25418 -26290 1683 45117 7327 31645 882 -49513 25582 -31803 -24446 29331
r119 -12126 56041 19052 51242 41485 -43688 51273 29268 53921 54379 47320 -5388 14241 -60181 52011 278 7525 -53128 -24105 -26645
r120 -58470 -64309 6799 -32064 47744 45314 23444 -59210 7252 18619 -52368 35202 29913 -64864 15252 5676 58048 10437 55821 -41807
r121 53763 17167 -10148 -9520 28620 39780 -59343 27930 40060 23955 -1980 -32004 -52484 -56345 34176 -3749 -56979 -36823 -47789 63017
r122 38373 56509 13821 -806 -32579 49266 -6208 -6797 13517 -17003 -44690 -23817 36327 44394 -30216 46067 56401 -61906 -12467 -24282
r123 -20771 50986 -41872 48108 -43407 13181 -7574 23277 60000 -54653 3391 -56148 54063 -58337 44677 -7054 63606 13110 -53018 -41168
r124 -37276 28655 20961 -37984 -51616 25420 56638 31280 44389 -57355 -47991 6757 19556 -3379 -23580 23984 -38516 4895 29688 -28825
r125 28418 -27456 877 59072 49598 -5007 -33597 -22459 -24935 56118 13031 42088 -12809 16126 -18568 23806 -62050 -22876 30329 -31220
r126 -44229 23645 -48478 54818 -45453 48887 21301 -39333 -20023 4402 -39890 26268 59562 -18277 31349 55100 15259 47401 60455 -10062
r127 -53350 -21990 -46745 -28508 47958 -55237 -7046 59141 -46202 -61849 -17665 -7807 27849 -56966 17518 27989 -40684 61340 20062 28130
r128 53228 32102 -44290 -27655 -18090 -56668 2708 -8379 788 35604 15683 -38513 35267 37728 -9988 -11257 17049 53904 -31941 3824
r129 9325 1832 4212 59534 58783 -18549 39979 -11820 32970 58325 -41168 31211 -36321 58195 -61023 9274 15292 -62319 -43581 -55540
r130 -2116 14245 45919 26837 57068 39712 -24430 15134 2481 54458 -56842 5190 -59397 -53915 6150 35636 60391 29154 9388 30280
r131 49123 -51123 -7696 52308 16230 11827 -21352 39933 -59796 20292 -23539 -31181 -22498 -50778 40397 39858 15414 -23609 -40613 19663
r132 -46559 38245 -53102 -65296 11011 37332 -2870 21079 36381 -46122 -43012 29521 -9858 52760 53435 39076 6597 9216 2927 -12636
r133 21438 65331 31559 -31210 35421 -41971 -20255 5103 -51797 -65163 55876 -44520 24425 37459 -38404 -30273 -22613 5954 -6480 -54165
r134 3409 2035 1814 23984 37841 58356 1689 55976 30456 -48213 50635 29049 55636 47581 58856 -44703 -47738 54523 36564 -34867
r135 27545 10571 8611 -2949 -37478 44049 -48789 -38615 51156 41673 28515 13397 -41492 -26778 -30203 2165 -42165 -12642 62832 43239
r136 34551 -12732 -64937 -780 -31112 27758 5768 8916 60704 60222 -48231 39843 5428 -20717 33854 2613 -2839 7869 -47843 9693
r137 -47467 -24136 65180 -37498 46205 -24555 19946 32665 48437 -30507 63862 25266 53456 -48322 39674 -7608 62718 49458 -59534 35698
r138 -45691 -51317 13389 -40444 -41624 30794 16884 -25385 38106 -3114 17873 -3693 45541 62723 45058 55508 -34037 -7403 -55446 -11481
r139 -4159 -4819 -39821 53582 10684 7243 -64388 -36394 -4185 5081 -40383 19034 38057 -2788 3196 53744 -32335 -23865 -30189 -28706
r140 -45011 62401 4329 -63545 62150 -24894 -34045 54290 -52225 -33063 -7760 -55758 8969 62825 56679 -57366 -3814 55562 -61012 9541
r141 -63357 -7821 7633 -35811 -64191 53294 18979 27789 3588 37023 31690 64689 -41328 22306 -57549 -61289 -65527 -16412 -26643 34949
r142 -38245 31828 -37621 12945 36722 20643 53686 41663 52324 4218 35422 24640 -7619 11624 36248 30699 -23615 -33537 -18572 15825
r143 3477 -50230 -25904 43704 10423 -48777 -28967 13895 46935 42943 -6970 -30247 54496 46509 -38521 47022 49469 38024 14808 -44487
r144 43181 44937 -56353 -3118 -44812 32980 -23602 -6719 -5893 19574 -40664 -1251 47279 63874 -49063 -44214 34784 -3093 14611 -19113
r145 -9750 -16680 16828 -2194 31883 -40769 32377 28110 47354 20395 -34943 2521 -29525 -28487 -43667 -16362 -50111 -52281 41439 -36033
r146 16620 63790 58583 58543 -33819 30980 -13164 -10057 2072 -28956 57502 45960 24826 -15353 921 -1023 42428 30372 60133 37561
r147 26434 43950 -42501 -57528 -31235 -64522 -31396 58735 -7749 -36165 50550 -26162 32819 -64833 31766 31670 -16358 -20080 28641 58750
r148 -49832 -45140 -39622 -14119 -29566 20984 5400 -47739 -5769 4162 64962 29970 5462 30870 8023 -34307 -27403 -43799 -19988 -29582
r149 -59366 6826 -19313 -50541 -53653 -49259 -47610 -19680 -46046 -1643 -7146 28623 -35956 62212 7167 45391 39268 -26318 -57757 -56003
r150 46098 -9241 34348 49149 29251 14423 37058 -10839 -62199 -54846 -22142 -51895 -13710 56115 -48136 -8973 14110 -18409 -7613 -37214
r151 43470 -58923 19169 51150 63632 25258 -52759 8485 40478 -10129 4745 30174 -57105 -38606 -30341 -30128 7814 -28529 11611 -18580
r152 6474 35801 -34177 -60578 62897 -34122 8301 58738 31458 -3890 20796 14967 -44371 12707 46370 57271 43106 24781 40395 56463
r153 12869 39969 37624 -41936 4881 27767 -58058 2198 56599 4998 45359 64704 -48661 -39 18191 -57126 -30142 -29532 41933 35772
r154 -3501 -58622 -47750 -8628 16970 51028 30695 18416 -13677 10164 -8817 -37870 -1605 3970 -1828 40001 -10178 14914 30471 9875
r155 58329 -4326 62915 -23924 49934 -18893 35420 58074 -27695 -24983 46433 -63148 42897 -8617 31260 54402 13101 -46718 -54624 -12871
r156 35671 -8263 4917 10691 19857 -65169 -27222 -51767 17271 -63667 62407 -39196 -65503 54127 -36418 35827 662 49919 27751 28746
r157 -52236 18802 -28568 18539 -18954 23518 50454 34569 -41687 14001 28805 -49548 45472 -42746 53317 9601 -36739 -63725 48853 37596
r158 47974 44335 -12020 -11640 9070 -38719 6160 -21855 -42348 -54740 15549 51169 41018 -19932 51426 -43125 -39363 -10694 61739 5631
r159 -9248 48714 36334 -19139 -3137 -51698 19686 41476 29656 -60480 -10336 -61306 1213 32655 769 55164 -33846 7037 -47690 60658
r160 -31717 43748 -20829 -7072 -17764 -61902 13513 -18151 -16190 32055 34500 58423 57825 -65036 21612 -48915 -55373 -10241 -65296 -49838
r161 -48125 50572 -19416 57296 -15171 -35925 -28890 10645 -43742 -51873 30840 47791 10140 48390 18220 -12622 51619 -9562 57199 61179
r162 46220 -41862 -42175 -41249 21080 -12886 17421 44810 12701 49725 -62245 -39165 -1438 -40560 -7191 10857 62757 58769 38492 -6713
r163 42433 9767 6567 25002 28527 -47010 -20026 28699 -50585 -14211 58486 -30963 21315 35471 -52291 62760 -13476 -62240 35609 10501
r164 -29037 -51036 -35588 15233 -8185 -55850 21147 -11191 25822 37863 -61861 59021 -48837 -5613 -33390 24307 -64849 36971 -54690 51481
r165 55869 25928 -39646 -49132 14912 17343 62021 -12353 40057 20329 22199 53014 -20670 -14635 -35336 -6159 52886 -31524 -15190 -10589
r166 -33100 28631 3576 -18120 -25069 46920 58028 -52951 -26987 8715 -7933 14399 -2661 15460 37929 -63261 14198 27674 -54086 14380
r167 -33659 36 53302 46458 -27131 17949 1424 -41297 29411 -30378 -8931 26764 41433 59171 25439 -21787 44943 52556 41415 -27666
r168 39458 -48990 4538 41706 10303 24161 -55203 -1695 -34419 33673 -44259 -8445 -4956 25130 14688 -41615 -13065 -58298 59525 15884
r169 52112 28694 27359 -37234 -30666 62245 2387 33244 18207 -43804 -12146 23673 59039 39735 -61266 -6623 -35438 -26674 32058 -26920
r170 6768 32642 -7541 2648 25370 -22658 -64823 5812 19541 18297 -60387 -40221 28540 -65341 21143 49536 34259 -47424 -77 -52348
r171 8052 -28191 -47870 -8118 28422 61774 -17227 61461 -61251 -37141 -49797 -48579 11821 53453 -20783 -29651 4228 -62414 15831 -13347
r172 39993 33849 -43366 -59604 26900 -5885 -58597 12658 27417 -25623 38066 -48190 -53030 -32700 -37935 -29903 -53171 -34341 9981 18760
r173 18356 61214 59354 -17657 20129 -22056 23060 61888 -51141 14096 7828 44428 58005 -36052 34961 -34449 49046 16961 19943 -51852
r174 -15588 5886 -33406 43270 -32884 2183 -62759 -39822 7295 -30151 1935 43567 21984 15191 -6063 10431 -42593 14777 52023 58662
r175 47966 38197 4401 60584 24952 19597 -30762 -50819 34335 -56666 -16573 -17264 -43492 -61144 59411 -10465 815 59013 -20956 41627
r176 -47565 -45103 53901 -32659 9962 17296 -20736 -24504 -32872 797 -42114 23704 -31859 61520 29653 6071 -53301 33826 -35349 -48549
r177 -32891 -34036 64591 35228 30959 20566 36210 11709 62519 16867 -60596 6100 -47443 13489 -21550 -50999 10146 26763 -15988 -55205
r178 41809 46914 12047 53187 10143 6628 -477 -20147 39134 46177 -19654 19331 -46120 -7367 -28112 -29733 -54566 19258 29764 -49442
r179 44666 -29475 54966 -27924 18551 -27 37648 -2205 -47829 -15263 24354 13511 37017 26235 30332 24169 -61203 -35510 3458 28165
r180 35663 2541 50358 62165 -40361 -47451 -12391 -65214 -17089 24538 21334 -12979 -56332 55525 8220 -43121 -59449 -22793 7050 16865
r181 -23617 -51437 -36495 -32135 -22261 605 47533 -52905 37310 57616 64975 -37785 -59769 5460 -47472 -14963 -32879 -36862 2887 -53388
r182 24560 -36904 12279 -15072 -429 45789 18997 36015 61198 -7714 16696 10502 65006 -50608 -37304 -46816 -51310 37308 -3651 -28758
r183 -63451 42879 14021 35404 -17703 30208 27921 -47551 -1377 52303 7666 -18001 -46170 5281 57743 -51048 39772 2600 55045 -13156
r184 -56197 28673 -12190 48169 -56323 42620 45938 56829 62342 -32062 14365 47305 3709 50959 32590 -26767 8477 -10215 -33057 44459
r185 24563 -63218 -21494 51682 16084 39588 63585 -1896 -65075 36203 62544 -8780 -25423 -19425 -58993 -5400 42905 32654 2569 9677
r186 9827 -42583 -63373 -54549 -29712 -46465 10329 33531 62417 36211 -34587 30282 -32092 -54609 49349 -24111 -53713 -62806 -40469 -38294
r187 -53254 2969 21018 50582 32199 -52437 -11016 5795 -51369 5855 -3608 47438 -64259 -8979 37094 47894 14674 -29672 -20266 47312
r188 26159 14707 23802 -38798 10027 44869 8762 62304 -4694 6569 43957 28775 -3154 12032 21373 27586 43089 -24998 37346 39325
r189 34270 -54408 15314 -42508 -10342 -36146 3875 -16533 -33004 -53158 -12663 -26974 26261 50752 -38626 -30213 -54378 -22801 -64251 53738
r190 36537 -62923 -35108 -29459 31472 5524 36459 60445 -53316 -16572 -41292 -32122 53752 24810 56505 -26720 -58130 37034 34941 3033
r191 -24001 -15255 35421 -17981 33272 -50414 -43186 -47243 -45650 -10993 -13436 40641 38392 57424 -33613 -30779 -20322 29131 -3857 -19425
r192 6820 -51546 47457 -518 -58134 24311 4896 14499 6445 23853 -10700 21391 33367 -35646 -12972 -36920 11719 -40244 22519 20929
r193 -11073 30650 -12997 -48059 65485 12174 -49835 -59465 3418 -5300 -50650 14420 -33625 42730 -42831 23644 5305 31932 -42119 -62276
r194 -45876 -46980 -46369 13911 -35505 13944 6895 -13895 22848 -36889 2807 -62234 58641 11120 -13436 15720 37046 64392 -36455 56323
r195 -28563 -14910 44567 6524 -39018 19059 -449 49727 -41258 45525 59386 -33609 -33894 27787 -56072 6770 -40541 54441 60493 -39481
r196 55851 -34518 -56244 -3382 24860 -64355 -19662 35475 -59483 -32598 35362 -5446 11877 -31512 53960 57218 39016 -23191 15992 61549
r197 -51253 7714 22299 22754 48431 49753 47846 51696 16672 -42783 38334 -28780 27739 -61390 -26499 -2385 -3698 -28953 65528 -2259
r198 5996 12254 13070 11984 18784 -58482 35000 59129 -215 -5177 -9514 -39135 -31764 910 19658 -32813 -26973 -57517 31769 -4394
r199 29314 39345 -40749 58695 -43255 28740 65306 -64919 -49172 38019 39279 32893 -19453 -9471 -14492 10721 -16779 -5446 42733 -25758
r200 4301 -33284 -56474 14695 -36460 36024 -18206 44427 -40319 -44253 -36302 42981 -63309 62203 -22438 7786 -29836 31633 21031 -25764
r201 -12706 17987 -58123 -59943 3011 -44219 -10598 -8186 29851 -45210 9620 21011 -54660 28838 5819 -53549 18411 -31189 -49654 -43376
r202 31317 27371 -50047 -32887 -11357 51941 -52042 16517 20849 -1346 57298 3130 23633 -32451 -14328 -33167 48301 43624 -42511 -18463
r203 14673 22241 47381 22142 52900 8214 -59767 -869 7984 -52678 -37012 -58843 22523 7211 -49582 49402 -4316 8060 23438 -51427
r204 -53490 31383 -37948 -50375 25059 -32474 45862 47154 -7455 -64506 -30093 39085 37514 12205 -54346 -18444 35505 -10937 58709 13186
r205 -11872 -20188 -42138 53644 -63561 43801 57563 18219 -32789 -64942 -37213 24997 -19470 -40011 -15432 -60411 14120 1474 -60698 1357
r206 55640 -17360 15420 -5922 27338 -7438 -56591 21603 30334 -36299 16058 -1534 -49836 39172 -42453 -22818 -62675 6658 1397 -1416
r207 -6224 59369 -11007 -42480 -53234 36883 -22315 31288 57743 36664 -1657 -64936 42013 -17048 -47935 -16567 -63882 -45528 -13699 -47850
r208 2300 21858 17670 22977 27684 52643 -63693 32613 45227 -52678 60067 -30574 35707 -3376 -29121 26833 43480 20504 -2054 39162
r209 -48999 56823 30157 6441 43072 59064 -46189 15572 -51391 -43983 -28800 36857 -44 -55520 -61329 -2357 -11025 -20775 -45900 57339
r210 20678 -13197 32059 -31383 26367 -42433 -30217 -39830 -51383 -28984 39889 -50786 -11108 -19734 40308 -18891 45577 36247 -7825 28262
r211 -59774 65510 -28821 44391 -3234 32798 -31209 24754 65131 45812 -52112 -4023 11772 32067 -36474 -61823 36166 -42168 -29179 -10632
r212 -9134 43613 -10301 -5530 3802 -41749 48822 -7075 -26369 -44342 18801 41215 -28307 57233 -54427 -26667 -1458 -46105 17460 22390
r213 -26974 -2751 -27894 -54225 24072 21057 58783 17065 -20006 -5182 -5900 -22930 -14792 -65257 63383 -16781 -49073 -52445 -4737 4282
r214 43822 57840 -9710 -48259 -49886 -30682 60823 18129 -50406 32310 19667 61866 -20103 7345 13150 29253 11771 50901 31624 -15543
r215 -33130 6465 -26690 -37061 -19341 2526 -38202 -40084 -33181 -14999 -13167 -11132 58829 -5520 -47428 62948 56130 56776 63594 51106
r216 26114 51402 -6050 -34193 -31591 7491 36734 -18221 -12609 -58831 32267 16208 25645 26570 -48527 33378 1062 47273 58973 -28229
r217 -38091 -61848 -62280 -26553 1111 -17122 28667 -27807 -47636 48828 14751 -38534 -13123 -12722 -63163 61686 18837 49950 -57431 -38585
r218 -49032 18974 54152 24864 5341 -27647 -36709 52648 9266 33308 50308 29044 14773 -51591 3247 -47089 12609 -31848 47330 -37265
r219 -16494 13986 -60226 -47344 43410 -25487 5900 8979 -24529 -3795 14587 5421 36273 -50576 -52548 1922 -32358 14716 1751 -11813
r220 -55751 54542 29258 40038 42446 -1494 34562 2776 -26213 -25570 61409 -54252 6453 -8601 -20473 -58126 -45054 -13776 41860 -45515
r221 5997 12161 24095 -24223 -57315 -37513 -36297 23030 27288 -940 -44015 -27822 -10503 -31724 17859 -2127 -48137 33502 20811 60830
r222 -872 41502 5379 -34786 -51578 17751 5508 42604 26874 55787 46393 -3249 -14234 34519 22882 48151 30304 -8310 11016 33508
r223 39433 28952 60172 55580 -60956 -52157 -19916 -36844 -40033 8020 -26820 -24170 38845 8689 28270 -49163 -30731 15889 -49237 55069
r224 -20725 -34609 -26060 989 -33057 -26063 -6550 -21848 23258 -12367 21371 -10271 27974 -9510 7513 -45098 45718 29155 -5650 -19551
r225 -62686 -24224 6284 41210 30281 60762 52706 -30290 -21308 -49511 353 -20983 -53998 -7519 -13138 61720 50588 45928 -65202 -10123
r226 36016 -49868 -57531 -36510 15449 11356 -2451 -39278 -12100 17966 -11663 -2762 -5090 -28918 35816 -13662 58830 -44001 -31087 21878
r227 56840 41378 -61225 58636 10993 -16889 23094 -53496 11036 58172 5918 -27136 17584 22056 -59884 35710 40278 -30704 -1468 61436
r228 30239 -19202 27745 2116 -57258 43547 59514 -61497 -28700 -12425 6640 39091 -48214 -5993 45455 8645 -10676 -47087 -11756 24150
r229 13907 -62317 -53415 -59900 35268 44913 7040 48539 26804 -29163 18349 -41479 36600 -11874 13034 47810 28639 -51544 -12685 -10245
r230 -28866 25990 8211 38760 -33326 -35038 40752 56215 30586 -52392 9978 -16474 -37443 -49965 11777 6246 -34424 35865 17751 3588
r231 50530 20955 -46342 26011 -28548 -30197 59406 -20719 -55474 61765 58377 52300 -60868 -52447 33123 20336 55024 -24388 -43670 22726
r232 63919 -5665 8926 60693 -30572 28659 -7617 40923 -23378 32515 -60325 -36965 34723 -13417 -12577 38066 -7714 -9878 45169 -31478
r233 16474 18720 -58622 -56776 -6243 -11646 -952 44064 35693 -44720 -9418 30350 -20149 36056 -17892 -53901 -38090 -16531 -19763 16820
r234 47017 1978 19074 -1998 -11032 -58909 57845 -756 45308 50077 26176 50049 -52813 61612 -24910 65280 34213 -11479 -24164 11842
r235 -63193 10332 34396 31926 47071 3029 6237 35082 12324 -46749 53804 33199 32314 26872 47799 46556 41457 -31749 31332 -58073
r236 -52160 44111 9659 52143 -31988 -57645 -61138 -34323 -63103 64569 38875 50504 -39390 -30724 -42539 60599 26737 62029 -37646 -54785
r237 -6039 41865 8521 -63483 -52645 -39244 38821 60692 57115 47281 -8901 44008 31968 34709 -6089 42173 -23021 14367 -42805 58062
r238 59576 -1930 24914 -14186 -26386 21059 -3827 -25608 -38513 -23470 -50721 -56870 -62503 -4829 52705 -26817 12303 15043 -15856 -62625
r239 -10127 -49576 40267 36986 -4450 -36695 -20969 -4428 -54259 -568 -57941 -65501 -1346 14691 12972 3996 -58667 49838 58240 -46108
r240 -43628 53947 25826 1704 3607 -4684 55898 -54836 28376 -43876 -14329 -6369 -26040 17759 -48670 14779 -32222 -27817 -54052 -9030
r241 -38025 55776 57837 -14173 8817 41921 -24862 -22454 -20788 -56233 22065 38681 -50847 -8590 -8469 -34600 -55752 -16173 -22178 23569
r242 31465 6486 -31239 -30672 11022 33830 18150 -15092 55507 -38681 24634 -17953 -29977 -21595 -58168 -29988 -46766 6284 31532 63617
r243 -13093 -33983 45146 6401 27684 -22592 -35280 49088 -37536 35213 -33968 -23814 16101 57971 -28841 55688 24448 -29099 -18880 -28333
r244 58019 16628 -35443 61502 -6802 -10925 28938 37595 23345 16888 -56253 -12835 27038 -18387 9695 9662 5048 -5129 -8835 57866
r245 34705 -57433 9334 47032 10296 -55070 -51432 6306 33930 25461 -55557 45024 -6357 45289 -21230 -64225 47224 -16736 -29215 3574
r246 -49978 -44654 57318 -48275 33470 -58928 -4390 -23592 -16536 -53283 -26406 52396 -45424 3165 39813 10088 -58910 61008 37830 -28758
r247 10436 -5023 -36885 9618 -38668 -3204 3617 62285 29649 -6165 -49107 24841 -59403 7835 -44708 1886 13615 4657 29906 23408
r248 41009 -7933 62961 -20377 15233 39927 -64037 -36496 -50226 574 1684 17407 34884 -39418 62262 -62652 -17606 -50161 -54275 52104
r249 -63639 -1047 35343 490 -55326 24933 -52957 -57870 -35712 -63603 -36668 -52532 18278 51869 43879 -52280 -1349 30820 23006 -5677
r250 -7402 -29160 34445 -24932 47126 -14625 -15737 32487 54396 -20314 58102 35930 -39170 5880 13284 46689 13259 -39961 13912 16381
r251 -769 15752 -37138 -26807 -49137 22447 58402 -11293 -16278 23261 16184 8948 -36397 -53272 25798 36441 -23381 -7455 36727 2503
r252 56913 17252 35317 12057 103 -47895 27133 12313 -20451 21149 55304 63676 -38940 -16931 52602 -29987 -54032 63524 -21036 -9400
r253 37213 -46677 29154 61913 61451 41694 -48257 -50129 42177 61137 41060 59342 -25146 -57768 -26972 19142 19721 3676 -55993 54348
r254 -43626 8277 -55523 -21609 -27516 21948 45873 58329 15326 -51650 -33667 56738 -23662 -13969 46324 -56452 -42918 55447 56490 -49742
r255 -52419 27993 -7455 -6129 53311 -38274 32984 50033 7008 31373 58338 57484 -5288 16384 24981 -35109 53505 34624 30607 22276
r256 -52881 -63170 15775 -13154 -64093 55766 -14373 31301 -41358 52450 -48359 -17424 -20628 -43010 62607 -45022 9929 -33736 -34542 22769
r257 46690 19321 56549 -1065 51929 56769 -31205 4812 -13228 4062 -63905 -49898 47448 -18598 13412 48696 -45405 26546 30379 -10109
r258 52654 63597 -31172 46636 54934 -12047 55057 -8342 -47843 25857 57141 -18420 3400 -23224 -21153 -62627 -40536 54887 -27285 -1321
r259 -7947 59682 7737 -54910 -20386 10613 52772 -3263 16034 -54433 61423 -56955 3942 -6765 -9361 -58941 40036 41540 -63022 25852
r260 -14049 1585 54566 -27144 -56220 -23521 61846 11658 -20745 -49112 -38810 -59049 12549 59582 34375 61222 44079 -33912 -47081 12020
r261 -35999 -20880 64490 -4911 21045 -21888 -52517 -16942 29684 24341 36100 14824 10298 -472 60099 57640 -37843 -59731 -36801 60592
r262 28541 -47310 -53131 20180 25 5574 -51613 27746 18497 -19417 52178 53973 52797 -11562 58579 -26657 -44167 -15826 45613 -11290
r263 17656 -27484 -48572 -33934 -34932 -58889 -6527 -54540 -54105 -60034 16695 -3918 33058 35700 223 39541 -53524 -25098 25447 30043
r264 50696 -58189 43828 -1476 -11351 42626 -30534 50679 -24989 -5744 5310 -53699 -17113 -36314 27385 61403 53359 -23514 -46852 9660
r265 38138 2148 63003 22751 -59843 -58998 -46813 38067 -563 -57952 20001 60645 27398 -1602 44936 4549 46504 29276 -17477 -49829
r266 -51342 55903 12442 10394 57428 12209 -2693 12331 -48269 -741 -43064 -30433 30696 -18234 -19932 34745 -6485 -42396 -45698 14302
r267 61579 62859 14897 11609 -7449 17366 47108 -25817 42472 -41247 47729 -34598 61370 -5588 -49274 -15596 1110 -42610 41974 -4768
r268 36505 31485 -34126 -38875 22031 40063 -16252 -51998 -17738 8500 -18036 -37375 -60601 -12533 -63018 -5558 54564 50446 -64910 -21405
r269 37844 -21861 -581 20113 22345 -40935 1405 -40902 55164 59017 41099 63138 -34273 5690 -60534 -16889 -5097 -22653 17336 -19335
r270 -61253 -26228 -7894 -9796 1497 16073 -49734 35345 43665 41588 9600 35194 12022 -58464 -62289 23146 -30298 -19675 22602 49042
r271 60803 -1276 58406 20583 -56212 15053 -27627 56983 3706 40741 -34507 -38193 24501 8849 29151 15707 -34897 696 49488 36846
r272 58270 -56909 -48220 15588 -41859 -24496 31092 1840 7088 -22486 43388 53114 29081 -57027 41369 19928 -58886 -56075 -49989 -53741
r273 -15343 -39165 9885 -20990 20116 35306 3361 -32413 -28444 470 -36916 21391 -16801 63828 -11680 35123 227 31674 -32639 -43632
r274 40362 16475 -4942 45747 -5882 13732 -63662 -15000 15834 1589 -55168 -29306 -14671 -25329 -44845 -1234 -6527 -2258 -62804 46700
r275 -62020 60144 4063 47150 15484 47364 34618 32971 -29644 -34316 55030 64278 -52656 49877 41850 -3020 21016 62729 -19790 28315
r276 -37618 -12106 -18339 22268 -38369 -50073 22172 31912 11617 8557 -14010 -3802 -20216 -43715 7949 50868 33064 13385 12947 1605
r277 3481 50727 -12697 55043 34484 59297 -48777 -42144 -15801 -59976 33658 -34868 -57449 8017 53649 33702 -12394 31490 -20477 41985
r278 27189 -26438 32164 -30560 -46002 58722 34533 -24876 16088 -50783 30609 7892 -39058 -45126 63765 29984 22265 7075 54948 3546
r279 -2367 -30922 -17929 -16336 -49036 -27356 -17793 12898 23825 51733 -54012 -42700 -57197 11715 -34046 24462 -23144 32558 14816 21551
r280 3359 53817 37383 -7309 -62699 5028 -36416 -55975 -22984 15300 63838 7258 21133 -37040 45845 834 -30950 35109 6295 -30304
r281 12807 -15256 -64872 65384 32162 -29105 -3594 -61316 -39101 -39764 -50915 -909 -22709 12082 -30292 24854 36437 14768 -33961 -50745
r282 -58487 59058 473 -45804 1833 20008 -32811 16434 -61463 29196 62846 -62414 -61879 -994 -50073 -2208 34919 11863 2037 -7176
r283 3389 21217 -57614 61750 4373 -43414 15321 -16817 -52670 64028 -27426 16984 -39937 51102 8320 27293 29381 44820 -24214 -20629
r284 -33175 51678 53400 12193 62721 12369 63217 -39999 -44312 -38244 7503 -53829 10069 11048 -1219 -3999 -28799 -36540 20222 -37655
r285 61639 -18609 -15123 -19507 9416 -32025 -61422 16100 -45269 21227 55283 -28671 47265 56285 -7220 -43346 33176 -52356 49249 -39227
r286 52778 3709 51004 57134 23647 -62546 -30729 3779 24710 58522 647 33357 1691 -34337 -45526 -2792 13426 3446 19316 34546
r287 -59680 24981 8710 -54987 27199 39689 51230 -13033 -27007 56355 -32592 -35343 -4202 45145 -57856 1907 54661 9465 4394 -11485
r288 -14324 32009 -29676 36474 -18404 -33945 -35742 60754 -22246 -23778 17922 -47194 -17376 46910 15966 -33555 65327 55195 -28642 36600
r289 -62002 -2081 7284 6953 -37264 25956 -59444 -46220 -57057 -6757 48343 -9503 -15546 47127 -3507 14655 -43924 35793 47354 -1790
r290 -33467 65384 -61163 -48369 7001 -6888 -30758 -7566 57542 -16513 -52687 17890 11591 12707 -34689 -61760 51137 -7877 -47799 -2360
r291 41427 5729 59767 -4218 -15535 -61577 6687 -43915 -47732 -32989 43851 46970 33961 -35254 -48632 26388 63389 -57760 -6807 26532
r292 -37401 -3701 -58606 -39591 30217 47776 -51960 -22797 -45039 -10100 4127 -54484 42549 11181 -18465 33532 -2146 -2265 -26722 -4618
r293 11610 -58115 10283 -41534 45758 7052 -22382 -32166 24962 -29727 1316 -2717 21740 21834 59084 -63597 22887 -20876 -13444 60972
r294 -50556 -33097 -60568 -6075 -615 -14786 24080 32874 2665 -580 21097 -45496 54724 54490 31524 -42904 6678 62927 33671 59767
r295 -62418 31323 -61535 -64308 47569 -58928 24314 6069 37881 -58118 -17270 -29098 -44031 59209 -64956 17843 -56907 -61572 5166 -39314
r296 -747 34282 34743 -24127 -14565 -34011 45663 22035 33605 -60567 2306 -22843 -24830 42778 -24991 61526 21815 -58914 -19151 806
r297 -22010 13090 41599 -52118 11623 -55663 3578 13387 -19450 18913 -43547 24906 38161 -54715 2223 63077 45771 -4963 6230 -19231
r298 4618 4641 -35366 -26013 60074 16076 -53387 31423 -41001 35764 -17976 52066 -28629 62342 -59969 21190 31630 26350 25407 38642
r299 -13608 46870 -9937 9439 -19251 48186 21798 7869 -28275 -65236 54209 -60170 -29696 -935 65120 -58477 -64690 24129 -50048 -38
r300 20919 -64196 -13887 -17547 19996 -43652 21290 34071 -11656 22565 48366 6770 -17945 -33309 -29674 -62120 34521 -41043 31350 12965
r301 37164 -2470 52258 25689 64316 20014 -30433 63879 1021 5531 -29075 19171 50329 12288 -32518 51278 -39534 -24941 -9492 37308
r302 20602 -26176 2221 7124 -53028 -22933 -45059 59754 2053 58802 36438 7261 43333 16112 -17782 49845 -8840 -25221 8097 -57471
r303 50221 -28100 59892 -65235 -29647 -35421 49184 -47684 -40894 -57025 26458 36008 6915 31021 -11379 -49441 15770 24301 -24596 -17195
r304 -61442 39429 53800 -64744 14605 -8553 35498 36274 19310 33224 -33160 -17373 -32054 39863 20294 -45478 9917 -64557 -7071 61848
r305 -35959 -41509 -53754 -8684 -41520 18573 45443 -63012 -22372 -53168 -14845 2576 24300 -34343 -19723 20 -9595 -47458 -23175 -3452
r306 -10102 -33820 62566 54493 -14530 -14719 -19731 -13697 -50837 -59130 -58962 22866 -27540 21086 -59246 -65154 25280 -8836 -37859 -18169
r307 62891 58244 16185 -2724 -56752 -53874 53502 27255 36417 25563 -43727 28649 -63317 -13959 -46087 33296 -40518 -13916 -48457 32947
r308 -36010 50189 -28829 -63735 -1625 -23126 15354 -53303 -352 46111 -41797 -45234 60172 -45803 -13595 -26083 20621 36592 64103 7190
r309 -1848 35926 -24784 -49322 -57197 7980 27040 42248 -42050 -18367 60284 35009 19712 -14076 8522 65369 5587 19865 53164 64965
r310 -64582 -29612 -42290 4403 37803 -3574 23345 -12643 -13698 -11508 49511 2872 -61683 13024 -65067 11700 36510 -43861 46423 56017
r311 -27121 -20434 -32779 -21220 -20306 -49479 23759 -17453 45382 -19485 -51865 65020 -443 60590 31683 27186 11504 3483 -35456 30190
r312 -42355 30493 6361 -3771 -16533 -23879 17891 23621 7624 59077 -4853 -26852 48594 14122 -27202 53151 -15934 53490 -589 9048
r313 44880 23894 12526 19056 44546 -11943 33185 -52810 47441 31568 38678 -40098 -59765 63934 5892 -2336 26304 -16362 16829 8318
r314 -62500 -64695 53541 -54787 55355 -54310 36565 -29114 23476 -53540 13847 -47420 -20988 -41210 -51955 28251 45744 360 42821 -50737
r315 -7672 -14487 -2172 25300 19520 -7969 52792 -52738 22589 -20186 -36961 51656 -14119 29969 54117 4882 -58234 -58696 -54207 -16572
r316 -17608 53331 -12748 -19945 3446 -16495 44342 6290 -41813 -4966 -57602 -22453 10082 55785 12086 39333 13569 -10924 40795 14831
r317 -18157 -28021 51796 -940 39626 -24667 39938 -40934 37702 2412 6968 2778 -65186 35145 22535 4059 5094 21781 -45750 -63057
r318 52708 63686 -21402 57567 -47289 -64965 57581 -52308 37227 34138 47625 -46324 15617 -49751 -63738 29311 -61019 -57009 63614 33699
r319 12344 23931 -49478 -36204 -56016 8894 -14220 -56477 -33465 23021 58032 -28622 36176 -171 -288 10503 -39307 -33306 -55367 45947
r320 -18342 26919 -14379 -54005 -51300 -61455 -59295 -56402 -17592 -8117 53421 -8360 -15154 -62359 14201 -57508 -8967 -61556 60346 10620
r321 -43195 44243 -54829 -17347 -63437 49184 -23815 -53495 23859 46213 39125 -3128 -27716 5528 1484 15247 38353 -45496 -22292 -13717
r322 30859 -59613 -25643 4502 -4378 39960 -28834 2541 5474 15772 -53811 41211 -22979 -36143 -47603 60125 -32131 25992 63029 -41000
r323 44866 63182 57317 -8018 26217 -40045 -6814 29736 -28521 27195 -29323 18323 -35090 16586 38991 36903 -23258 35662 -53121 -46061
r324 -37511 -14562 -26820 -34034 61615 36622 3370 -40817 -37723 1070 43677 -2342 -64481 -57386 -64342 24243 43521 5821 17308 -1349
r325 -21991 40007 -8447 24234 -48431 30369 -19749 21557 -10961 -12187 30167 -16595 51639 -50857 50851 971 -2370 -53205 -20284 60062
r326 -43086 23822 16521 55379 -31067 -45859 -44680 -57877 54221 -33108 -51590 -39345 -53930 -13939 -14297 51207 8734 -34186 -51628 32000
r327 -15613 -46630 -13285 51528 43646 36811 24974 19404 -46108 53961 62465 -56803 37409 56457 58392 -4761 34467 -27166 55482 -38990
r328 46213 -10079 61684 -9743 -32509 24293 27284 -55485 2206 51033 -30384 -42636 -31594 59882 -25924 -1907 4185 3749 22202 -57062
r329 35218 4077 -41382 48678 22430 -44013 2541 -32427 -47249 -65502 31605 -17660 -61795 32349 -34190 -14918 -33553 45864 14216 -2918
r330 51924 -26052 45102 42872 -6891 49374 -50538 -37436 -38055 -35705 -24436 -49707 15784 -52521 60708 -47796 26146 -8434 -59722 -4274
r331 26265 -29727 -9420 17103 29370 -56738 -4347 14512 27462 -62391 -26890 -15393 -29236 -32246 -3605 21962 -32421 21112 39766 -57018
r332 -12651 -41041 -33836 56195 6641 18774 17967 37026 7432 23806 44846 -51993 40025 1510 5268 -15282 -23179 -58500 6204 7239
r333 18655 23193 -58799 43385 35336 -31956 -43616 1116 -13186 2638 42250 -48623 -2147 22053 231 -20988 33466 -1897 40906 33801
r334 -49426 61660 -59415 7481 -15492 14964 -10845 -4822 -31286 -17828 -28732 -9667 -18487 -40890 -23828 -56717 -11433 47921 -50234 9278
r335 56846 55676 -11126 11736 57340 -64344 -34710 -52926 -25115 45602 -53725 47799 -10774 26527 38369 -8307 -63496 -32625 -23419 -53733
r336 -31998 46451 -47561 -34887 33643 -27710 -15960 40091 -18700 59951 -13665 -45225 -4764 56491 -57479 -24235 49361 -44581 46402 -45303
r337 -13911 -63967 -26040 13910 -53039 5863 48253 5438 -54917 33483 34322 58221 -23330 16490 -49542 -44170 41283 -17571 1531 65487
r338 -25278 38291 -2276 40085 -26574 -44351 -39825 -24979 -54760 -61200 -49667 -53539 58604 -62116 34265 -21521 53732 -55140 -15427 -9029
r339 -57850 21500 48243 -55615 -46498 -24562 -26412 -30043 29604 27500 -10081 65332 25922 -3955 48999 -54674 51082 -17859 34935 -22445
r340 38120 5673 -50446 62322 19851 -39584 -49585 12255 23971 63789 -61828 -44443 -51485 57161 -51367 62148 16963 -58883 -30658 32761
r341 -52679 -1518 63494 -61007 62646 -44674 41756 51163 -39231 26171 58746 25419 28924 53599 -43 -21073 51782 15525 -39693 -58102
r342 -55280 -29424 47571 41954 -26030 -9843 54781 51920 -5395 25211 30427 38627 -9881 26001 63452 -49918 52199 -40621 -3397 645
r343 12901 58542 27427 -11014 17038 -18030 -13750 52359 17360 -12983 -12950 -3348 -61006 27569 -4215 45032 11532 29657 -47839 36359
r344 7883 -30366 50946 -63813 -11726 41135 45001 39927 47918 -36550 -49322 -45520 -1804 62976 -64583 -16696 26843 -41403 -32070 -45106
r345 -57015 40801 25675 23628 1540 1819 -33397 39477 63932 -31516 46933 23115 -20057 64205 -15871 -50380 -8393 -54379 -27784 -63439
r346 25828 -41701 22077 -62343 -35504 6693 57237 1140 -7392 -28113 6202 -23016 52080 -33139 -32161 57468 -22699 -53402 59669 -57081
r347 12535 21841 -50807 -17101 9904 64127 -17782 -29000 -25417 39664 -3783 -26838 -54585 5032 -51773 -263 -30185 2143 22065 -50812
r348 56888 -3936 37432 -23279 29240 27644 -40970 -36460 -61624 -10851 51946 64057 21983 -39276 64475 53285 -57984 -48207 44387 49657
r349 2217 3258 20681 -40885 -56400 28560 -62834 9452 39002 7852 -7495 -1353 59152 30023 -343 22752 -50054 -39949 13354 34391
r350 41557 -21168 13548 -63686 -4616 18045 11963 62646 -35087 49651 26233 5599 -26019 7024 -6796 56250 54048 10735 -59781 17027
r351 -21105 -59126 -33019 35583 9869 -51292 -18633 -60617 -7405 25463 -26503 56869 -3466 44005 26329 22625 54942 41848 28377 6737
r352 42313 12054 37750 58672 -25423 40697 -43443 -16786 -25552 -46509 -45812 16694 15962 -29743 -47889 62015 -45224 1748 -46371 -44237
r353 -56368 38443 -24815 -52563 2167 -13886 -15915 46555 -48816 -45916 61474 -49765 -8786 -17964 -35068 -28571 39795 -24913 32188 -64137
r354 -123 -5969 -17075 -23857 -35744 7753 56862 6816 7995 -7028 -15493 -37617 56967 -44369 57292 2279 -225 -47134 21028 -46137
r355 -6875 -16840 13922 38222 -53789 29075 -23748 -2471 14341 -23108 -28943 54760 12412 -62597 2026 52706 41852 -63740 -45400 -9045
r356 -62957 25174 -29935 40610 45536 -18656 -8747 57049 12891 27114 -23485 23461 -52189 -11610 26010 2655 36600 -36087 16463 42473
r357 18478 47919 12184 59140 -61612 8142 5023 53258 59248 -29336 44335 61750 -11924 42043 30875 24246 -33706 47870 -52152 -51392
r358 26388 -3543 -39139 -30965 46097 8439 -37826 21539 -23163 12365 9824 23379 -20318 63518 -4733 5559 -57583 22200 -14619 -122
r359 62533 40743 -58228 -64209 43225 -157 -25891 -11227 -42436 799 -57357 -35894 30344 -51932 38426 -7076 4194 57327 -47685 -15929
r360 -63613 -30555 41456 8375 -49922 40659 -63414 27626 47008 -38565 13151 50742 12289 -18011 60813 -40710 -49036 5623 -40739 -56699
r361 -20261 55705 -37198 -11632 8428 1496 -25111 -24299 8890 -24530 42206 -37802 -48864 -13758 30082 27719 -618 -29305 8351 -50351
r362 -27405 62228 -88 37875 -46298 18147 33010 5275 31813 35876 24269 -22090 -57348 -4707 29205 42918 20113 -25795 27916 55060
r363 -33382 49681 2060 -20095 10762 -53079 24585 -32983 -15603 63670 2040 1649 -49532 -65353 -62011 26111 38112 47569 -58019 46586
r364 726 -7428 58282 -39448 -33237 -32849 -55815 -11947 -38677 5140 31103 16379 50946 27911 42499 -30475 -42145 58735 8687 -62728
r365 25795 -35445 -46453 -41896 -44649 44120 54539 27925 -30125 26986 31955 -7112 -47519 11109 -35248 -6810 5612 63668 56378 22766
r366 -22800 52379 -27667 -34088 -48143 15739 22015 -52841 -25331 -55317 -63222 -40700 47426 58569 3652 15447 -50684 27253 25052 -35900
r367 -42613 -44024 -49730 25232 58524 -24226 9840 34154 63177 -39603 -50609 42065 -51134 -41371 -18196 -63603 53388 -46607 15883 -17825
r368 51570 -63662 -26408 -8056 33953 -32562 4238 65533 -64913 64542 -52273 -57441 -21923 -4796 43455 -31963 -47166 -22130 -52669 -36871
r369 -48465 64090 39700 -7875 -56972 -30122 -4060 -39419 -23992 -55782 61805 20465 55811 -21983 23079 29630 18185 65287 13981 -12091
r370 29094 -15509 47362 1007 -38668 -61324 15504 -25467 -58793 -4146 9330 32971 -36614 -30467 -9248 46744 18675 -60470 -2859 43920
r371 14489 -46813 27377 -41517 -26399 10586 37041 62503 -6981 -19344 3465 -51495 -33423 -40390 64123 -1128 43360 -8191 -47914 26928
r372 -29551 -36910 4615 25271 -27523 47764 65318 -52837 5829 1598 -54389 -38693 -3808 62540 5136 64780 13121 -39374 16343 43308
r373 61294 -22207 17808 35475 -18872 -13483 20129 55420 38634 -2069 -58663 16160 4621 64120 -23742 61222 -13766 4853 51245 -1269
r374 10606 56222 47845 -42919 -18743 37077 -23505 51096 31471 45846 -43573 -60022 -23437 63468 28043 -17535 47004 6300 -39796 -51204
r375 5385 -10415 50861 -32084 1523 -60261 -41449 -65423 59644 -46211 38636 36015 2188 58191 -44895 -29705 44198 -15878 -1461 -32459
r376 -37115 47393 16270 21678 -63769 -44861 -11027 42097 -51271 27087 -56194 11102 -54332 6302 -65016 34939 -63188 -46813 18556 52177
r377 -51512 -14944 7351 -11995 14997 -44826 46332 -35638 -48358 46204 64695 4327 41846 -35019 -31159 -57249 -21529 43158 46714 -48190
r378 -43200 -13980 -57109 -45532 -9838 50014 17795 23653 -3933 -49444 -13400 -30837 -63256 -9024 51442 41913 -58627 -44111 59383 -55468
r379 -62088 -53898 -27812 53439 34133 -41667 48424 61745 52961 64849 -22616 -40906 9694 -54115 26616 4982 19905 -61605 -55589 21974
r380 -21113 -50605 14026 -38056 -33181 -38891 -10912 -61477 11188 51576 -4539 -60496 -17039 -12043 37568 -60490 7920 10732 -40659 -35309
r381 -38088 -7176 -36180 -58676 6800 -18555 -59091 7038 63544 -30918 51819 17025 40874 -21407 -23674 -40578 10005 -53316 25883 21197
r382 -58584 -3712 -19187 -27501 33686 -5274 54037 -59873 59801 30314 -26626 6646 -52405 24183 13288 17927 -1221 22693 -3810 -47896
r383 -5752 5210 44885 29365 -50704 28414 -2321 19085 -6006 54425 21780 48404 41883 47027 -10770 -14164 -10161 33609 -46667 -35349
r384 64309 -23028 -46403 57007 62510 -61359 -23252 -58771 -29522 59729 8790 27095 41055 20826 51715 10026 5687 -55587 44726 14899
r385 7221 7983 12272 -21494 -3021 -51652 -37106 -41144 -29351 31917 -57166 49520 566 -273 -47310 52029 24730 -7136 16892 2092
r386 -47851 -53194 34776 10776 -60598 -18506 42572 -22060 19087 -51932 12588 -44467 -55062 -5570 -18108 -44323 -7175 23998 60957 6828
r387 32892 -41288 -26607 -29466 -49790 48852 59664 18640 -44790 -16045 -43592 -32926 23261 23224 32094 -55591 -2528 -33634 54689 23909
r388 4855 -6763 20003 -31443 -49657 -45616 9601 -5733 -28162 -41999 -46187 28067 -4613 13952 -35346 57777 63163 -44950 -12028 -40523
r389 -45330 37539 22489 -58885 -25808 -42549 29219 -7772 -63817 -22063 49853 -58935 -62035 -54442 -11914 -28097 -35701 -25247 -11923 -20068
r390 20179 30073 -18559 42132 32576 52853 18995 -51065 -10400 47111 3192 23405 23783 54859 -59452 54217 6723 7754 57784 -27240
r391 -25444 -57280 -45445 -3374 -40040 -38341 -17054 -44566 19483 45449 25981 -8353 7304 28075 -2820 33957 -48936 -52465 -19301 22667
r392 8825 45958 59388 -14191 61950 52747 -24715 -50721 3273 29418 4384 47359 26299 60123 481 -17503 36588 54176 39517 -1478
r393 -43736 -28240 -65340 15937 -34109 -46598 -31681 18615 60495 -40292 -40101 -28879 -35923 -54252 11360 55557 62402 -22590 7789 13628
r394 28144 26603 -170 -9777 46656 64580 4814 -56571 55958 -59860 12402 59963 51568 41534 -7273 -35491 -34976 -56849 51273 -54090
r395 62395 -48241 -20027 41639 5089 -20730 32844 -50506 16431 -54535 -41207 25534 28776 17073 62499 -32770 12336 -15559 -46577 -9018
r396 -61106 11989 -11265 -13397 -53393 -62033 38362 -59628 36293 16685 58818 45177 60438 10822 -40072 -23196 42818 -31264 -2659 -16964
r397 -35180 2255 -56641 52224 -63702 -25320 17814 49829 -58747 -19058 -48482 39502 6420 20369 -9640 16997 -1634 -38681 -8850 47164
r398 40793 30203 -65497 26404 44115 8742 5245 35413 5528 24909 -37138 63056 -37793 27561 40508 -43766 29495 -3900 61760 -52608
r399 -11024 -10109 -13590 -25902 49974 -30787 60602 16210 -27525 -50494 65040 47563 54994 35549 15557 12333 -32480 22849 -42470 5135
r400 -11794 -27664 40954 1423 -18911 -42287 -47242 -14655 59712 31586 -50678 59383 65117 45553 33685 26988 49889 -12628 38638 -49623
r401 -46906 10576 427 -26221 28186 5634 -23059 -58611 7448 -65310 48904 -52227 48653 44804 -53947 -55209 44632 16073 42595 -34025
r402 -57995 22696 25631 -7627 30028 24202 64811 13303 53157 26685 -30038 48025 -33482 -21508 -23874 -7786 21336 44660 -46654 -40200
r403 -30337 4683 22707 43048 -58072 -52863 47856 -382 -53709 1165 -42597 -4909 -34673 -23151 -14655 28492 -30354 26831 -48098 21479
r404 -5376 -8967 1701 31517 22900 39908 -53194 -60924 -5856 36282 -58969 9027 -37853 -20531 -11774 29761 41736 -28744 -5908 -14392
r405 -24663 -15829 55840 -30405 -36261 56437 -59956 -25056 2978 -25836 27695 -8406 58438 -36566 18476 -32298 4304 15254 -35343 -1801
r406 -10673 4791 34950 23803 -48876 3645 -41607 5181 -47897 33190 55975 -11400 -39104 -26769 -65077 42032 30366 -13973 22082 -33862
r407 -43168 22956 -15999 -31901 56635 58660 -17996 26035 37147 -54647 -6624 63649 -10835 4144 -60771 -16832 2211 -53722 -18573 -21190
r408 -27961 49635 5513 -32303 -15502 8384 23987 8748 64433 37825 -59058 12834 -41495 -60863 -14538 -12530 -9856 43537 36910 -8439
r409 -36105 56343 31842 54141 -6030 -5010 -23824 37241 40861 54932 -9829 33846 -47012 63777 37889 -29055 -20914 805 -11747 -26103
r410 11202 -53053 -45784 57566 -36456 19912 -50309 32210 -45267 -48446 17608 58703 5274 -9711 -5867 -25709 -512 -62891 49059 -50170
r411 12371 -27194 24491 -52133 -8205 -22387 -41147 9628 -5078 33861 -19587 18493 23510 12011 57508 -22453 -3916 25508 -56473 43333
r412 -54976 -49172 -363 35751 -34924 -12305 -59516 -27776 -35293 50052 40628 50414 50066 -14457 -23070 28830 53922 63161 45099 9913
r413 -46393 -33414 11419 63639 -11637 18488 -55609 -44257 -721 2219 -26040 58465 2402 -57899 23157 -8403 -48145 -62379 15963 23755
r414 61833 21394 2924 -36665 49433 -29898 28517 11968 9562 -56112 40953 -57089 -62768 -46471 -16703 57690 63804 24344 -10313 -2196
r415 20147 -44818 -55194 55997 -19281 754 60910 -63415 -37390 17932 -59427 22435 56308 -29221 -16001 -30416 54168 -32395 56804 -1087
r416 -11098 48985 37431 -44573 1535 -14609 42101 24542 -48483 -10238 -21678 14628 -49956 -35904 44463 -41237 -55869 35412 11566 -9227
r417 30757 -46951 -35728 -22415 -50355 16652 63082 40478 -3592 -56985 33765 20847 -908 -50330 -7585 -31422 -41058 22371 43292 58004
r418 -59026 -8887 49906 -55504 -20126 -52170 15807 26460 -24863 -47159 -33303 694 -23298 32678 63061 57892 48485 20236 38687 26966
r419 -38972 55431 44187 15203 24938 -22771 -40009 49366 12257 -30245 17794 -24852 19442 -61238 -47220 7462 37336 -16919 -18059 24401
r420 -32131 18000 -42266 16196 -1672 -51938 1159 57837 -9088 14872 -2606 58360 -33853 -26916 -61416 23994 65285 23484 -391 59919
r421 -23573 34197 43618 58540 20538 -34050 -34937 -16419 16607 33144 -64699 35277 62205 -47771 30552 49338 -21205 -19740 -45630 38468
r422 15558 -18967 -48171 49567 39786 -21936 2675 -24585 63691 65343 -5417 15246 39194 -15295 11286 49967 5487 -38355 -36973 19948
r423 31418 -33324 -10823 28165 -10328 59829 676 37139 -38978 56353 47302 35698 11347 19467 3918 33754 32285 -55676 17643 -42636
r424 11652 55849 3147 11874 -5150 31994 14364 -60520 -16632 39788 56525 -59606 6368 -23007 -57508 48314 1891 -47319 15297 6589
r425 7566 19537 28183 58273 9172 -9987 26994 53210 7754 58955 -41706 -41970 -57522 15719 -25430 -52294 17347 39188 -30781 -42427
r426 -49423 -45238 -38999 47100 50274 -61379 -64412 -44018 17205 -33277 1741 34602 58889 42112 -55167 -49555 10321 -13976 41124 59180
r427 -2311 3446 49762 -1886 -26265 -39356 -35017 20083 33631 -13414 -43643 -64471 -4777 52714 -1803 7075 37936 1807 47477 -38695
r428 655 6070 -13270 -8919 -24914 -57116 -25222 -9006 -37143 37826 -4350 6786 -63131 10507 14681 -24918 34843 56451 19871 133
r429 5359 20837 -32086 63849 12995 63746 17295 -16949 5091 56441 54845 64025 14810 29175 45415 56991 36808 47447 -21749 4785
r430 -45177 22472 43221 47326 29565 -9095 -40322 62709 -37663 61441 20545 11693 61083 10586 -9978 -60879 -64707 -350 34489 -4834
r431 -2830 -53953 2611 40197 -11175 56708 -35744 -42768 30542 15623 -3727 -37500 12818 33541 1310 11836 -63298 26476 -64380 -51507
r432 -50769 3772 -9628 59670 -19006 55400 55121 17334 -37528 -47477 42234 -46418 -683 -40604 55289 29 13140 -39586 -37411 -45687
r433 15646 -14155 -59540 -33565 40917 1808 -56979 11742 -64967 -13115 -14968 -21293 60766 52043 47279 53856 -404 -2162 19500 -56845
r434 25860 24280 -23238 25969 27950 45801 60388 47160 52981 -17448 -41559 -41317 -46065 20729 -47565 -32424 60473 37168 -4856 24252
r435 -9326 -28460 2527 -31700 28788 36537 -56840 30633 -53685 14930 -25751 -53643 33071 -470 28484 -8441 -3674 -39756 -5979 38639
r436 -45016 -45498 -21642 -40540 -41864 25625 -13067 -60504 62459 -25839 -13454 53476 -10623 4914 41616 -1648 26386 9846 -41349 -12579
r437 58715 42660 -13163 -60062 -64776 34873 45995 -20591 -20652 -20838 41668 43626 61040 -56291 -13496 -50216 4314 64319 21418 46691
r438 -11930 58006 -65235 -19555 -49548 65186 23310 7015 16572 -9999 25769 55975 -19383 27060 35993 -64112 -2630 43674 -1577 -59132
r439 52477 -51115 -54578 -4451 -12496 62229 51512 -45504 28699 -9848 -33226 -42879 -6987 40478 14529 51524 -24287 57389 -28002 48668
r440 46586 -37506 -63020 -49783 -32717 17574 56005 -48712 50693 23456 -39031 60722 -62343 39818 -23044 36473 59981 63442 12970 13662
r441 -48211 -36499 -42067 -39069 38925 -63828 22112 53205 39555 35869 5368 -19005 -42402 -14682 -30023 17545 31591 19759 -43773 3534
r442 25287 49412 39164 65259 -30900 -14990 34229 -48968 -1182 47944 26586 -27364 2084 31565 5253 49964 -51496 50036 -49883 -51457
r443 -19226 -4480 44486 35510 -50625 -44370 -22898 -52686 -23286 -43804 -64990 -23218 -21940 7151 -12590 13155 -55523 -19663 10307 45287
r444 -6930 5177 38460 -21314 6663 -33960 55607 -56611 30223 -43314 -15242 27511 53782 40272 7014 26157 43664 33797 54780 49961
r445 -33324 -32868 39872 -33572 62082 -53190 44873 56497 62714 28962 27460 42784 52349 -23093 8141 -42719 64068 -18642 20105 10932
r446 8350 -63737 -7784 5492 7075 -64366 52655 6650 -43887 -42279 -54375 16295 13138 -54388 8898 65356 -51085 -42719 -5708 -23174
r447 -55532 15111 -13199 -62838 -14468 45624 -35449 -57443 18916 -47337 -5095 10599 -33866 -29534 -37124 21894 41025 59099 31420 -42155
r448 -30511 -6623 23910 -63631 26244 -57974 -63843 64893 -8985 49627 15095 -60734 -4158 -51757 46853 -23159 -7966 -42355 -14662 -38238
r449 -40142 45288 -33111 40930 -15375 55824 -53811 4976 -24190 -30496 -48638 -3302 39404 -33874 63558 -39713 -30561 41709 15254 46228
r450 20352 -20952 -18479 -57097 -33949 22135 58266 3478 23954 -14253 47931 -50733 -35675 26865 -61603 -38746 11787 -56463 49027 37531
r451 -1010 -6201 -38314 50639 20939 3035 -62051 37218 -1374 13429 19529 14503 -29252 50939 -47229 44739 -41610 -37728 40149 34919
r452 -60022 -18400 6019 47267 61221 16756 -62262 51701 -53801 6733 -20133 34497 6792 65447 3763 -11699 7792 -13669 -25588 -12757
r453 -33148 24281 60587 -43317 -36742 -40394 -2128 -7913 -26888 -15250 -24183 33209 -40798 36644 -43181 -38859 -909 -48558 -5462 -63217
r454 36376 24123 -2127 8564 -28835 -54479 -41963 22201 -53470 64482 -24168 39226 6433 -51619 52054 -1689 4655 62626 37375 65106
r455 64265 -14149 -8376 -8143 -3262 50834 53288 -57831 59979 21033 56832 -39194 -14368 -59835 62194 -64230 -22160 -30445 59080 -31650
r456 -38160 -14415 51342 -37299 20232 43349 53457 -2232 59897 54178 56816 33758 63694 29062 5591 56324 19446 37246 -28050 20053
r457 51861 -13212 -10327 56714 30858 26280 -20549 -44862 -813 15281 -6534 -51014 22768 -21667 -3466 13071 -23825 39140 34671 -16653
r458 44806 35638 -44748 -37621 11106 -1310 -41514 35610 -35684 55414 -14463 -7365 64838 -64299 40616 12560 40966 -35383 -43071 -17054
r459 -44574 11100 -26967 8499 7923 -37862 -24657 8915 10976 -43226 726 -35319 -35120 30296 -23100 -43938 -2110 9871 3119 25543
r460 2036 25397 53176 62291 -10670 5191 31430 9080 34261 -48829 37187 -54190 -12399 17219 -50122 -52025 -59913 -2711 -65302 30354
r461 10365 15512 -8178 49519 42562 20670 -10625 -44226 44969 -28841 -22848 -10841 14198 60479 -16509 -42481 -48208 -47674 -13113 -8635
r462 -50419 63133 38983 -62072 61439 -24197 41221 45977 52391 22270 38157 2311 47270 23092 18596 20657 -48160 15167 -42582 4122
r463 52961 43713 -3830 53297 -43659 -52207 -47287 37441 33645 4508 11319 -11391 -20124 -56471 -32885 -44184 -10883 -26146 11820 15430
r464 48990 -1286 44840 42464 48382 4268 34932 -53947 65333 34299 8298 -63598 62320 -4790 -64797 -48640 33888 -32447 -4306 190
r465 -17187 -56767 -53391 8017 24938 -44243 42941 2990 -10712 -41452 -53719 36779 -16319 -42477 -19668 39392 -8434 37872 51881 64184
r466 39386 -60090 -10909 -64223 -41052 -41633 56084 36858 36504 56258 -52795 14628 12792 19995 30955 25815 -46906 41077 -5095 -57850
r467 1654 62611 45049 60141 27011 -26191 -9015 39797 -54098 -39630 -26677 27371 16399 39578 630 4444 -60278 -45175 8733 30686
r468 4181 2839 -55086 45995 -55362 24683 31010 -38394 35641 37534 -49062 27734 -33123 -23898 -32091 49149 21902 -44798 -55814 -38268
r469 -30593 -4722 -65332 -60571 -36266 44669 1996 21717 -29126 12829 -62484 45971 52715 -11912 -21219 53117 37860 24066 31611 56933
r470 17526 -35642 -64515 42398 64440 64469 -5158 -12102 -14603 28954 28335 45670 -24261 4226 -47296 11873 28165 16287 -49335 -58105
r471 24326 -13842 -61898 14778 30448 30705 -57961 -60250 63394 26219 -56355 22756 -33853 11425 -40066 9266 -41461 -35673 -30444 40251
r472 -4212 -11788 -60820 51860 -62680 34944 32627 -18326 -29863 -57233 48654 58506 8496 -61600 -37294 -42051 -28492 -32047 8792 -9702
r473 2097 6070 38964 -62968 45160 -13973 -25051 20028 -63823 47513 -44451 -30993 -15038 -12306 47024 -45119 -7871 49982 -62332 -60369
r474 -60143 15029 -46291 8691 1047 -65526 -1384 -28648 1189 38959 39261 -63760 -40597 23247 61018 -30847 -54028 3565 -42776 -15034
r475 -23608 18435 28132 35588 21790 -57863 13031 60454 19812 39145 12023 -64132 -25341 -46059 -36562 -42428 12197 -63081 45671 38279
r476 -42296 20939 36727 44928 61480 -36188 -10820 35536 29711 -23849 -6430 43330 46644 62576 -14206 39716 57694 49596 12460 -54316
r477 4747 -22217 -47868 -14808 37408 -17257 49713 -52115 10648 -15965 -33668 53999 -48587 57584 -55541 36684 22169 -40966 -37157 26437
r478 -63431 52653 -51952 -37929 -4370 -14117 28881 10745 -4970 -53654 -4957 -14301 1358 43573 63546 46824 -19347 44831 40170 -9507
r479 -65243 -26958 -50979 -12535 46442 23772 45732 58720 -13240 23833 -44664 21521 -27618 55872 -58279 6926 -60110 -34371 781 -45250
r480 64493 -53088 -37990 37964 63318 -56859 -17229 -47388 -41715 -31442 11299 -49235 -49214 -54736 57874 46384 -40082 10053 -21466 -51494
r481 -31153 20345 -23505 10472 5879 -44560 -36050 -58089 -2138 22595 13832 -29635 48821 16085 -10123 57876 23127 -25005 3243 39542
r482 -39311 11357 -16789 -40633 49671 32635 -33058 4650 -46108 17009 -55139 6134 -14870 53906 -17431 43301 30528 62885 -15358 4426
r483 -62401 -30883 63688 -57117 -61271 -31625 -1614 -26509 50198 12775 22988 33343 25602 -45961 -2776 -35617 15088 -36947 18289 38223
r484 38814 -17831 -53899 -23741 57747 -2887 51808 30092 20713 29120 32015 39483 49614 -22680 29872 48757 32111 54881 17387 33884
r485 4919 -61794 -9588 -9569 -22692 3494 11561 -16951 31400 -17954 50297 -804 25862 -23824 -22380 -12294 51809 -30508 44752 43296
r486 -51975 40273 -19144 63635 -56356 -45096 59658 -58126 -48092 -16227 -46151 -33484 1958 3874 -39838 -49363 49287 46712 43099 -2649
r487 55304 -35547 -514 -6838 6108 31719 -513 64647 -15137 56179 961 7567 -49744 16652 1070 -26976 17486 -63344 4122 275
r488 -2294 29904 28825 -6738 -54238 -11727 23410 14507 53582 64543 -49871 43406 58167 15711 63936 -42891 4393 29633 22666 -21840
r489 43695 41593 -11484 17158 62687 15323 -26278 -62707 61575 -26402 -32737 -38191 27314 -38760 -50038 3538 40565 45379 -34934 -24996
r490 -22140 -34506 34036 54734 58030 50578 -53122 -56796 58781 37305 59365 49182 25345 29358 55679 28510 3508 52950 -8618 -17193
r491 -17793 5994 -34937 50578 34103 -37235 -15749 -41731 -4938 21713 32154 -30050 56300 -64181 13456 43892 -29198 37904 -24697 -59783
r492 33171 6459 12830 44859 19696 35246 55858 44031 52747 21584 19618 -21027 43389 18998 -51341 -22457 14202 -59794 21642 25768
r493 -2303 15214 -46022 -25413 58660 -56671 -11144 -13704 -1848 17150 14363 49345 -63988 -27985 -43607 -51903 -48176 40524 41304 43403
r494 -35068 -33106 48688 32117 -62646 -63611 51451 -32831 -14899 46062 -50923 20266 -38493 -58673 -49763 64589 -53213 2984 33627 3348
r495 9332 32987 58454 52681 -27475 52281 48212 -15369 40702 -1379 -39739 -57023 17233 2987 -18993 -38290 -57095 -28062 -23007 -29101
r496 -37349 -16162 -55483 12965 -15933 -36725 12702 -63484 16536 -51194 -55900 -5904 47050 -2130 -39607 -30200 31222 38394 42238 -50165
r497 10835 54811 -10204 -17024 -28033 34584 26458 -53159 -61932 51990 985 46658 28481 17656 30961 -1681 -53900 63075 -44206 50471
r498 42923 35010 -18517 46723 -33735 40148 21674 -17466 -651 46908 -4844 -60971 36876 -62226 62252 36776 -12125 29368 6426 30267
r499 -16232 24997 -30010 -31729 -19923 -50098 49832 17607 9530 -31157 60051 60214 19473 4986 50302 3685 -13566 -57963 -18823 -30232
