mTable37 21
KEY  c0 c1 c2 c3 c4 c5 c6 c7 c8 c9 c10 c11 c12 c13 c14 c15 c16 c17 c18 c19
r0 -62632 -56045 -4700 15005 38823 -22818 64168 -7460 -29346 -37385 5205 60408 122 -39177 -28712 21098 -63611 -13450 -769 -60405
r1 59599 -3932 -60375 42797 41149 8893 -2090 -4490 -27656 50994 -20371 13035 -37906 -50701 -20079 28605 -63882 -38540 -35110 55155
r2 -31780 -4743 59488 18499 7407 -49263 -36773 -30693 64770 -51825 -64788 -13874 37687 9134 -32474 50137 43622 -18576 21345 -7305
r3 -62321 -2751 -8384 14798 64858 -32198 -413 39268 -53545 47318 57915 -4409 38275 39710 -39278 -35280 -49727 26213 -6861 -60315
r4 48988 52527 706 -8155 64358 59552 -13298 46708 -41262 -56947 42929 -44356 -14298 -23078 -52797 12886 -57529 -34899 7515 52755
r5 38306 -64699 30600 -1715 61936 24221 42558 55162 -62863 -28379 18738 3923 -15611 -14878 -32480 20805 -51154 33805 -42883 43789
r6 -48595 11973 8096 46949 39915 -57340 9490 -55427 40347 10750 22312 23479 48168 -58585 -59163 -11522 10368 -62023 -44938 -24248
r7 58765 -19781 -29351 6768 43140 -63774 28571 -2953 -54575 6425 -62520 -36344 -59345 -8439 20792 -10270 36669 -16262 -23028 -16682
r8 -54609 -1772 -41844 46985 -56392 -31053 -41285 -61643 34600 -12652 -17248 -42275 29896 -60723 51000 -18913 53856 55374 30296 57280
r9 38202 -58038 63954 -46586 -20179 -39267 -26118 9309 -1049 1618 34811 -34311 10053 60092 -25161 27302 -26187 65129 52054 33008
r10 -18895 45171 38920 -21404 23469 -56207 -32534 -65199 -43258 -43997 62939 3860 31829 48280 31778 -23760 44428 -56583 44139 24339
r11 36356 17672 -6641 -38756 57189 -15128 55092 -40725 -27163 37247 34969 64040 -1238 -16295 47379 -30848 -57584 26341 -38456 2878
r12 -6855 -55172 42807 53496 32221 -28648 34843 32415 -44620 57896 -31163 -7680 61813 28337 15636 -7194 -31947 -50224 17853 -34615
r13 -16129 -139 -61805 24069 13027 29347 -45824 -43162 41278 51993 -40122 19248 -4621 28123 39336 -62625 -4012 -44622 -37490 -60889
r14 57472 42833 -17953 -38229 4227 51968 16926 8915 26076 -59204 57501 -15840 -20705 18364 36631 -32408 -44825 64141 -54932 30039
r15 -53303 -22445 -15249 -765 16336 19842 59532 -50454 -439 4662 -65255 -33743 -57351 -7395 -48293 6433 20393 -64779 -19505 -32286
r16 26108 30072 5602 3953 -61697 -59669 -63707 52672 63013 -1082 -65290 29190 50296 -64430 -4324 -12720 -7243 -16578 -59578 54640
r17 -35538 8949 5136 51418 22310 56910 49746 -37717 -12935 -37292 -49713 -50675 22486 59883 -52173 -60359 -8911 12840 34004 -3244
r18 -55348 -10559 -7667 -65527 -46961 -22997 -39409 33540 9667 5549 -3263 -33345 -54316 -5716 -33894 15223 -40607 -54648 32275 -32305
r19 -61235 -33683 64502 63694 62938 -42684 2277 -4080 -20909 -28621 48200 20469 27567 -59111 63810 -61357 -56668 16151 50104 53399
r20 7849 -45759 -39067 44517 44492 30043 -56169 -64137 26501 14988 -2047 -27081 -9726 -45604 22599 -21298 -54489 -16013 23257 18915
r21 61753 -10604 -31126 61994 -20993 57443 -38612 51042 19992 -44534 25484 41682 -52784 -7449 -31212 -40973 32646 38576 -40518 -48633
r22 49467 20974 -3304 1542 13457 -63917 -14667 64857 56988 -63463 38556 -14652 32456 -11400 25051 -51217 50527 28129 25060 -59800
r23 -9883 50201 -18555 59925 -52631 53074 -7510 41203 -52977 -7620 64764 36861 -20037 -41443 -516 57658 -27445 24991 -28193 -43236
r24 -40019 13737 31803 17446 43468 59922 -23623 -35417 59661 36228 -39918 58013 -48333 -34076 -3870 48570 -26302 38010 36083 26569
r25 -62189 -9378 29122 -62591 -27934 49517 -8071 6433 64210 39369 21684 33589 -48901 28676 -58920 32257 45269 16633 -9714 -13110
r26 13230 -31811 -29012 10156 3084 62161 -40583 -42468 -42184 61564 534 29525 6316 -12918 -32943 -2055 -11220 -36655 12334 62811
r27 16355 16244 -43970 -23826 -31393 25883 8612 -24932 45925 44640 7668 12984 -44979 9143 3313 51130 -45428 61794 -36007 -50786
r28 2501 54626 -14949 23813 -12043 -52004 34249 23380 51301 51157 -61571 45275 54567 -1229 13095 -7055 -15204 -20927 -84 -30381
r29 10117 43346 -26247 28130 1393 25017 36863 -36124 8009 58666 9723 25552 62673 54054 22596 -58904 -24117 24815 -41877 9569
r30 -64034 -61823 -46265 -4119 22426 30107 65339 -50859 670 -49150 -30681 -21505 -12368 12123 -44004 63146 6498 55997 39136 -55814
r31 63410 -33970 9767 -2784 -1238 1489 -20636 -29287 -39338 9986 31653 -8144 21110 17022 45358 -9815 -14259 -32216 -56903 30149
r32 -32502 35571 33240 -15037 42934 1306 61307 5610 -27389 51784 -21860 31492 -51785 -2239 -39446 48495 -45429 43109 -42820 -321
r33 -49618 46936 24736 -9137 42845 46821 34627 41393 -3595 37817 -24881 -22833 39625 -42006 8088 12202 57104 1814 55048 42090
r34 11426 52437 -42220 54077 -26837 57649 31204 43036 -46597 -31777 -41147 7304 40749 28157 -34630 -63413 27423 18459 -19166 -41139
r35 -51673 20 -3942 -16438 33599 -4778 48113 -42127 -45324 5961 62393 -51427 55212 -65246 -54540 -4007 -39265 59957 64290 54094
r36 58392 -57317 41127 27538 -49699 12741 -19980 -24825 -52896 -39024 58921 59497 -7497 -41971 5575 -3468 -27309 -36443 -3622 50368
r37 43800 4501 58545 40808 30514 11588 57048 -34127 -11408 -43976 -45543 -63560 30153 40573 -15777 -50565 -16586 64017 9139 20610
r38 -39401 -64881 -60513 -11237 19878 45533 23988 28305 -64288 44658 -25147 -38468 10916 6322 814 33370 62926 32855 -4455 34618
r39 -55676 53481 -43202 -4754 -32240 -11577 -55176 -24828 -9850 12420 48234 28834 -19485 56956 -24343 834 -63217 -30525 -7472 33469
r40 -28135 58067 3274 47923 62294 -58066 -35086 -18345 38943 15231 -52138 -25437 29508 -20806 -47438 -48910 -17034 25616 -39315 46120
r41 -44522 -19541 -13442 54752 -42745 -6435 -23405 -59779 60188 14777 -14672 15804 -30507 8180 11021 -59361 -51080 47088 -2961 26670
r42 36923 45522 -57188 28381 -40126 -31555 39056 53748 -20741 -62295 14864 1887 -57511 54355 -26712 -9989 49333 64814 -14673 -55643
r43 -9178 -38851 26039 16529 41272 -32890 41797 46334 13596 52129 62205 -11007 30290 14605 -62255 10624 -28226 57863 -60582 9695
r44 -27170 -52261 -38392 21031 -1700 -55260 -56135 29561 -46192 -44127 -41271 42988 -10066 39452 22119 33963 -41253 -35576 -2121 -22912
r45 46850 24176 -40033 -18564 17652 45040 34904 13519 60741 -36231 -40336 24476 -48923 -15017 30957 -15157 2419 -24306 3951 -38174
r46 -57170 16730 24767 -9057 -54044 -4258 -63728 15635 -28771 54457 31864 56897 -11474 -59262 55121 30353 63421 -2651 -30102 -15786
r47 7769 40159 54024 -57644 -3638 53150 47806 63677 -31639 -59333 54550 50169 25979 -51201 35801 56632 11911 13945 -28116 42346
r48 -4417 63877 62781 -39972 -3821 1308 -2105 24763 45246 22941 37173 -34601 5817 10762 30765 -37042 -13121 42411 10140 -53638
r49 -36790 13803 -47764 24530 -55126 15743 -56865 -46746 -43608 40936 -60980 -44830 -9053 29075 -48712 10944 -33422 -45762 1218 -51968
r50 -21329 60222 18877 -41356 11183 31204 60578 -47109 49188 -39077 -32376 -54778 62921 2172 -37510 58006 -18732 -61159 -62020 -62772
r51 -48033 33486 -65377 -28862 -35948 -17031 -20633 -39649 42407 -34102 -14985 23950 15740 -5363 60771 41996 -53723 12569 7918 -32933
r52 48741 -48266 -49971 -1672 -65251 48380 50765 -25920 8805 56382 37912 6956 31256 58483 -55132 -1865 34507 26515 13682 32919
r53 -64643 -3135 -9327 48084 52796 -52564 -64007 -63622 -50716 -30020 42344 62824 -5605 -39214 11383 28238 -38752 55963 10130 42793
r54 18141 -34939 -38975 -5839 -13203 -40574 42193 7464 28204 25500 23011 -13828 12495 -45385 -23797 16946 -24139 5631 65138 22518
r55 -51779 38240 3231 -54739 -37496 22074 38577 23044 24458 50094 -2329 -22545 -58305 34443 24158 41155 -38382 -38534 -28166 -50351
r56 18867 -18234 20351 -6080 32766 -16842 -63014 28920 20067 20463 -31796 -47479 -33472 32431 32353 -41610 62731 52049 61978 7910
r57 -22553 65374 27060 18345 44354 -57007 13739 4906 26885 -23794 -45831 43002 -23814 -22640 64257 -42220 -35054 -8716 -56754 381
r58 -55347 -3318 48631 -55072 18393 44028 5597 -32077 -41131 -19497 32577 58589 39765 -37596 -51708 -41639 -41529 -58355 -65527 50370
r59 -1773 26510 25927 -6974 -38777 15477 17267 -10142 -9878 -50357 -48174 -2421 18453 -58959 28222 -53857 58657 29899 -19666 54798
r60 20705 54457 -10273 37654 -35602 -49218 33858 22835 8736 62186 -47286 -17560 -41772 -16337 26997 -61050 19047 -62272 -52640 22403
r61 -13383 25577 -5452 54886 -49397 -33848 39555 44291 5531 12173 -38646 41771 -28531 51689 -53201 44818 30426 57113 -61431 -50570
r62 -30363 -24106 21130 53477 -32150 25184 -58314 10892 -41374 -43102 15868 -4344 -15299 -46008 -12682 -5779 -11977 -23180 51044 -3307
r63 15332 -22705 49393 -1519 9220 -3456 61732 46695 41713 61286 60252 -5160 17164 14353 -14427 -13203 36264 -51688 -34394 31611
r64 -44940 -5017 52422 64095 -3778 -24471 64673 9826 -64414 60932 14579 -52932 29889 -19831 -18031 -15756 -12448 -62681 16723 -26494
r65 -34278 -17844 -30741 33984 -63157 -16434 -23364 -25668 -1328 -20799 -59542 11864 26272 -52798 -12723 1835 -7423 59632 -63119 33340
r66 -50735 -63962 60331 32252 -39936 -24530 60197 -63997 -33088 -25880 -63430 14794 -51724 7531 -19230 -23519 53923 -16207 36384 50551
r67 -51814 -37181 13985 13125 -14280 -49943 3275 12015 36469 -46011 -64610 -49061 -22827 -35929 -20258 -28420 32471 56166 31979 -40623
r68 21435 42970 -37281 -11671 30720 -46813 62954 -51971 -33096 -4412 -63249 -56955 33378 36081 -20748 11037 24665 34830 26022 -43211
r69 50242 54069 -15355 -55479 28083 -5391 46611 -31946 12876 -38020 -6059 -46331 23969 -20873 -61533 52970 -44016 -60507 28822 -61231
r70 -20070 13250 -53101 -26787 12266 35642 -25824 -38556 -50429 5668 43138 -19212 26810 -38933 56908 -9691 26842 -881 -16362 47717
r71 -60510 -31133 41200 7474 -20827 10064 -19718 -49145 -43828 -31707 -49105 61869 32573 -47836 1810 13546 50992 -16599 -64704 49833
r72 63721 -36254 -54183 17706 -2247 28417 43546 -50016 43566 53526 -6482 -46599 16963 -4347 13497 -10824 36247 -49666 -43478 57618
r73 32180 39503 46041 17884 -43649 57970 -53959 -42126 58711 15191 -55082 54504 -61192 55248 -16235 -18781 -50002 -42406 -37226 12157
r74 64796 -30778 -29851 -33418 -4341 30660 42367 -48288 10743 -14472 -33174 7191 -44242 49434 -41953 33179 61903 64784 62726 54151
r75 63787 -9790 22221 59596 -37991 40524 -14566 40760 41536 34532 49015 27957 23453 62913 48352 -23264 -40609 44427 23742 59246
r76 22978 -30551 -5278 64184 -25246 7267 54593 35232 44904 -20942 33354 -54516 51878 -17086 -37721 16067 8626 -45233 12684 -29380
r77 51792 -6317 -45792 27954 -2075 11924 -53726 13511 -44968 61858 10798 -51962 -7825 51083 -53847 62674 -40969 45631 -46890 26855
r78 52773 33138 -50437 48666 -6896 384 57717 -10597 -4091 -65196 58443 -39892 15916 -59597 -64510 7605 -60605 -56818 17322 1622
r79 -54173 38550 7977 -23563 -55331 26995 30226 -15223 10187 15127 -13664 45716 -22821 37125 -54442 -34504 10606 -33254 56850 -58107
r80 -2526 10005 -61365 15292 13967 46457 41770 28678 -52745 49393 13539 62016 -57172 -54799 -31784 -41582 -7831 -59321 -39359 -28191
r81 -13501 61650 -1741 -18535 9165 35282 21968 37177 -13029 -39598 62642 -593 -62831 1850 -53711 47672 17734 7884 33326 49423
r82 51280 -56886 -9537 58090 -4067 53007 -62183 -3433 -4330 -21477 -34924 39589 -36812 -38812 -61900 -20775 -30844 -21009 1593 -18404
r83 48143 9419 -33887 25271 63447 42560 -50374 -17553 -55191 -10308 -9779 54836 36168 43337 -50116 18633 12898 -8663 -5855 -24845
r84 27449 39441 63211 -11092 41263 52237 -61731 28897 -47447 29691 -19382 48466 -52488 -34682 12401 49415 -18745 -59125 61562 29774
r85 1894 39345 -22217 40516 -37842 -52103 -32224 -25847 -33466 8595 -13247 -3984 48313 -34671 31167 64018 -15089 -4548 -62057 3756
r86 -36719 62554 -61455 -35460 -52290 -2734 -23571 61775 47796 2003 -45761 -61939 -5996 15199 5893 -49891 -37011 51601 -33328 -13675
r87 -48900 35584 -2797 -57566 -6115 -34428 47568 -39520 -35540 -43768 3913 23605 -14537 -45081 -61332 -56026 55023 18677 -43237 57128
r88 47903 63640 -48907 20875 6274 48672 1409 -3773 -44432 40273 -1689 -62202 30458 8772 23278 -23228 60470 -7451 18298 -14068
r89 -43293 -34849 45032 46812 35368 -59541 -25674 -32771 -56450 9916 -30136 -46011 27208 -59118 -33784 44033 -44675 -54412 -65207 -48881
r90 30626 -56302 54077 35638 -39892 20772 -25486 -3003 -6888 -39559 -59844 -33232 4409 -14488 31704 -43379 36689 -22055 34609 61392
r91 -12641 -52904 18667 -46501 -23785 -19353 8559 -53231 51071 -39319 18831 -45446 -38681 56799 1284 37981 12901 42985 28163 41495
r92 24913 37841 -45531 -22122 57522 3095 -63535 11322 -14131 2628 55798 12367 -46816 55829 -35049 51211 -21333 -43324 26843 -21697
r93 6067 9090 7694 -10148 -59412 -9033 22514 9482 -45 61172 -47321 13697 -16124 -60950 -34784 21192 -11412 -40277 30450 -17569
r94 -54388 -55110 -38570 -31882 3117 -43246 13168 49979 54695 -38237 -5076 -5119 -40555 26112 -55486 62615 15280 26961 -56494 31052
r95 -6302 -54992 11220 2657 -49218 29949 22953 -52358 5333 -48529 -3786 48244 49986 -60609 23515 -56532 -20138 -24960 -52503 -26134
r96 -38727 -54118 -51899 -31048 -25825 38002 13219 -268 48915 42420 37046 -54310 -4876 6402 -26644 62144 -57939 -14896 12514 -25558
r97 11849 -37925 18777 -1294 47348 62845 56638 -9672 -47087 -6389 2233 -48052 42678 48750 -29148 29648 -64823 49866 -63439 -27512
r98 -13487 12630 27272 48063 40522 -53188 -46881 -1779 -50996 -55691 32615 57567 -55971 51315 -61593 27918 -26522 52795 23945 -49051
r99 36791 -38990 10152 10835 -12748 18099 57028 19890 -44682 61037 -8720 23293 -44761 6248 11957 52283 -30919 -33764 -55067 33539
r100 -14906 56158 56200 -54606 9640 -15208 477 -10389 38216 58706 43951 60640 57235 -3412 -3512 4950 22400 -9668 44509 -24807
r101 63944 25444 -35803 -50004 42042 -33468 12336 48987 -20492 26998 -28946 -38792 -45128 16606 -19655 -59006 -25994 2132 21799 40976
r102 32204 3011 54463 -4071 -23326 -15234 -55231 -37813 2527 -16973 32357 25084 -36224 64212 -43217 -25880 9151 -10125 -32108 -10196
r103 -38705 -34525 55910 25607 32873 20770 64687 -11067 -24148 -31726 -13683 61146 -47916 -65205 61285 -36472 -27576 28683 -24373 64247
r104 -29064 49303 56871 6690 26789 10677 -9177 62622 -39117 26027 -51005 22615 13016 -23753 -61931 -13162 30644 41641 -1777 61036
r105 21544 14135 -47056 60 40565 -51851 8158 21041 9485 14849 53922 -57321 31491 -29327 25397 51952 60410 55546 -23 25599
r106 43794 60377 27774 -36664 -13776 -8169 10242 -39906 12566 48539 -53638 4915 -19769 29506 57016 37555 -64132 -26624 28125 43663
r107 9257 13622 25932 -62277 44162 22104 46186 33501 -46409 11137 -61322 44267 39669 -30533 52292 -29580 -51346 -51020 -12707 -24811
r108 -42551 -36561 -39889 7010 -48810 -41332 56484 4470 30282 -45927 53992 40827 11161 -1471 -54302 -35087 1050 8247 -7753 -51691
r109 16585 1173 15449 -2035 -35889 -18596 -25618 -15885 10945 24958 -56698 37258 -19321 3361 -17789 -42215 23870 -37312 37394 -44083
r110 -21403 -48770 16366 39645 -17948 -29539 -27792 -3147 59510 33693 -63188 -58800 12711 26106 -17901 2707 33982 52929 -42234 56148
r111 51042 31721 9073 30040 36675 -43976 33577 19399 -28519 58100 -48346 58933 40032 29124 -7702 57036 -48525 -33922 3013 -57094
r112 -6030 -1497 -53671 48831 11153 39079 33931 -1357 28972 -37068 32753 -39024 2799 12490 43875 -60276 8924 -60092 -48115 32167
r113 13976 1036 4653 11069 19393 39792 43643 550 -19951 22045 -8937 60675 -34597 5133 -48445 42398 48498 -34480 -25868 -11451
r114 -52638 32879 -52213 -13445 -593 -15982 -750 22009 -64750 -927 47344 -17259 21023 19343 12909 5729 -41964 -28108 33033 16997
r115 47277 17944 18433 -27688 64959 10341 -56178 27421 43915 -55679 58759 -46364 37751 5390 -60575 -8465 -44019 -20124 -15761 13841
r116 -33494 -15309 43095 17796 -63052 44068 -46789 32811 42891 -5292 -29463 50065 60425 7520 21836 -11789 -33406 -23779 -1888 -44802
r117 22060 39078 -60820 -48455 13695 62798 25297 -50607 27419 -51763 -17019 -28881 32638 -17499 -14140 41935 30604 -42211 63101 55224
r118 50682 -58128 13945 4531 -54764 11979 -14917 14753 -36379 46070 7986 -25742 29228 -65411 -63729 -46488 19750 -17877 38847 48455
r119 25469 -31755 24289 -4197 -57780 50328 40904 -14509 50933 -23313 22702 -45942 27419 -16310 28756 46253 36332 -36985 -9607 -50752
r120 34029 47565 49097 -8086 64981 16376 50478 20704 -15197 -1447 -54733 2331 9084 5280 50494 25083 52524 -292 -58494 -57092
r121 43606 41107 7077 23967 -18569 -59706 -32590 -57256 56566 12363 3051 6873 -30880 -7039 -8838 42746 15591 -61103 -55329 -164
r122 -54643 -12274 -39882 -19988 29180 -2020 48329 499 -40810 62737 -22961 58148 -45961 -11451 1733 -21168 46784 -34405 11079 -6679
r123 -35308 43021 46247 11347 -25400 11633 -62116 -10367 -52418 -19782 -13801 -26736 10014 -36328 -29852 31325 -29210 23231 24686 11420
r124 16855 -13328 713 65393 -54532 -22662 57903 44995 -43946 -33947 -38304 31812 43778 51543 -16105 -40659 -24172 45565 40746 -40381
r125 -39239 35617 -52028 -18263 22796 10241 58452 60091 32268 7698 7065 54424 5968 6824 63166 -17318 14156 12136 6952 16727
r126 13836 14968 16813 -23421 -13851 -30558 9900 -51683 -54502 -46126 -45538 -61108 48009 -3857 -30356 -51193 -11277 -24904 -30393 28582
r127 61626 55588 12387 51255 -23086 -8480 -25737 13715 -24431 -51856 -38580 64906 -34040 -61909 -59455 -15851 -4246 5456 -1507 25234
r128 44681 -30649 46487 36673 39913 -47715 -23044 -48467 -50627 16168 -59138 11161 -47437 -55561 4891 277 1377 46288 -64664 21937
r129 -10774 -57489 -27147 29989 -17697 31617 59759 -22561 21119 -10001 17882 24773 48996 -25182 -45711 -65052 -63017 6336 37630 -2503
r130 45793 -55614 -55330 -39836 -56094 -54769 -7365 22427 -31839 -45668 40729 -18923 17785 -42736 -33156 34298 -47367 32482 17802 29897
r131 -1230 64697 30375 43781 27563 8442 9125 -23549 54328 53186 28451 2718 23235 53635 42829 -26029 -47138 -40888 -31855 41640
r132 -11457 -1924 16481 -18347 43429 -46089 -52414 -62872 -5335 13761 -61127 -8696 -38663 -36897 -29446 -28284 -22818 64139 -19429 10096
r133 52990 63312 5366 -34941 -5606 4353 61192 56897 2408 -39657 61295 -27525 -42086 -57195 42055 15599 -57266 -22631 16614 -826
r134 755 49434 31358 30047 32202 47537 -2059 22646 115 -34312 -15140 45587 -63904 -46357 -14924 22604 2342 26022 38111 -59638
r135 -51932 20939 33368 21134 54853 -11641 -32432 -44066 -13515 41171 14875 -17547 -8771 65281 -58443 42199 -19456 33045 -24292 -60775
r136 -53567 -35760 -22992 13411 48893 42954 53500 -13723 -56297 30812 6218 31986 52420 51351 -32306 -14846 18719 -6992 -63877 45315
r137 25800 -36432 19705 -24332 52149 -53301 -52429 33325 -31967 11944 65254 -3286 -12878 39063 -45694 61793 46053 -5804 -58922 -5858
r138 -64689 -44376 -10411 -44699 25211 18953 -39250 16891 38428 -41379 -62616 4595 4990 57298 -11292 6337 -44099 32304 56944 41127
r139 3033 -36951 -40700 11198 7562 -24847 25014 34051 3737 63310 -26055 -53687 25395 -17115 -47509 -5916 -23611 -39132 36134 -7083
r140 -50639 28429 56213 22283 15666 47534 -42534 47409 -37232 3216 -10655 28698 42721 3005 -35407 63741 2211 35375 -11222 30507
r141 12950 -48352 26888 -7551 -53956 6330 33369 -28450 50321 -60910 1827 19262 54156 7733 28096 55820 -5893 45294 -59106 1241
r142 44459 41058 23952 21945 61961 -11999 -39881 -36364 -3622 -63860 -33382 -22308 41672 15576 20288 40445 -43940 46690 -51492 -52673
r143 6668 -8331 -5304 15003 51859 16180 59864 63533 -14393 18156 -10796 -32517 -26823 11326 -25917 26805 -40832 19935 11465 8140
r144 -17516 51807 48528 -58038 -57704 -59994 621 -49862 -13395 3847 -4745 9747 -47612 63348 -36142 53655 6586 -29417 -35302 -45361
r145 48775 -56729 -3337 7054 22963 -34809 6931 -10992 -41508 20745 41459 -53524 -60497 32073 -56532 26734 16020 45204 8226 6787
r146 38645 40185 8977 -47894 -62286 -40016 -20495 32736 36190 -40574 6977 -54605 -35818 18786 9710 -35358 51535 31027 58162 49349
r147 13588 15515 -2978 49064 -22291 30130 30442 49141 47906 -19564 36084 -52993 -8286 -52110 55731 -19901 39458 48657 41641 -51903
r148 16144 -36556 43486 -16043 59388 24085 -20106 -51965 31348 -38696 54674 14829 33499 -3883 28396 -29877 -35423 30122 31340 34168
r149 -44272 -40536 -1913 17893 58989 -6634 -34060 -62884 -18447 16274 15518 43256 7680 -39395 51640 11840 64427 15787 -31940 -30712
r150 50307 -34349 58537 -4944 546 7853 44587 44038 29282 -42101 4803 -53396 27175 -45918 -32662 1095 -65453 62712 -22213 45243
r151 -158 59175 -33076 -33657 33057 43943 -29153 46525 -877 41412 -3506 43194 45726 -34173 -19596 62638 27603 21638 26325 -33190
r152 7408 -11354 -60671 -58267 27788 44706 8758 30202 5092 -47320 -26617 -28737 -32233 7901 15106 23582 26561 -58196 -56080 24703
r153 -17096 -56553 -34493 62964 20077 -40677 4471 -45911 -30033 17366 36352 9434 -50946 -20071 49329 53249 8952 -42423 -61059 -19729
r154 28950 59283 -43667 -12469 -18012 -14511 -46635 -5645 -45844 -62732 -21065 -16384 53605 33275 -54554 51481 -62959 1141 -29683 61402
r155 48741 10711 -32704 -1292 -38355 56900 -8000 -32488 -21952 -21619 28504 14696 19601 -60726 62397 -25218 41520 44863 -8945 -64602
r156 -54084 55652 38841 63887 62766 65067 56074 -1856 7580 19140 15537 12559 61154 44994 47273 -4072 59818 -24791 54464 -43966
r157 6440 -52512 -54785 35062 2456 39806 -34927 -12013 8737 14368 11771 -40618 55219 -51451 40817 48939 -55888 -22672 10714 24810
r158 23690 10048 -47636 44062 -10667 2839 63003 -1395 -40991 41924 -65338 -42068 -29800 62760 65015 -57513 -30657 -18630 -61170 -61928
r159 -63095 30434 60741 10387 38425 65516 10771 -65223 37127 36649 -3920 -65381 -8863 7396 -59068 -37142 -41961 -12530 27299 -59843
r160 27163 -27471 -3695 -9172 34195 4530 -26691 -16864 7244 65462 -1795 34627 49485 -36670 -18201 15928 12861 6939 -19243 8072
r161 60087 -49748 61896 -7989 62390 28472 -12775 6050 -37032 -32151 -63834 -26152 24142 -20177 1829 -46386 63498 -28356 -12332 -39866
r162 -48597 -1785 35971 -8180 -20844 63615 -44618 29325 27077 32711 50262 51932 -6856 -34273 -43739 -11944 -64541 11229 -4675 58687
r163 -45820 -37820 22304 -53157 -27915 54807 61023 -46899 2431 -41947 52095 -61478 41307 59141 -54467 1328 -2012 -6804 52558 -44523
r164 22689 59954 -2971 -53168 -8278 37134 1478 -34058 -13039 8052 4804 -28326 20142 -295 -6669 56458 -40693 14991 -43229 15328
r165 -44999 50898 8936 -8355 -63391 17211 -2873 -27017 -63408 -44398 -46915 -12144 7346 -54225 -40077 20376 -31239 31734 -45761 62772
r166 -2347 -37577 26578 39672 30362 -50520 -47674 -47989 37880 -18924 -10765 -23033 43129 -48291 -63847 50751 42356 28843 18623 -26203
r167 -56275 23053 35599 60162 35095 41316 -35258 -46637 42120 25829 46957 -11539 -2675 -26300 -34473 62478 40456 39954 -14914 60395
r168 27920 64743 -38076 51203 -4155 -53196 46372 26653 -3028 -40637 58510 -14826 -9791 38271 31397 28897 16542 30997 50789 -11461
r169 -18964 58348 -52426 34589 39277 63964 34220 -65434 -49361 -11338 -29804 25020 45469 -25739 26955 -18796 -17778 200 63505 -35458
r170 -9763 -47531 -56692 20072 9822 -2822 4234 2294 -59761 56708 -60461 25180 20059 32029 -42054 43963 -4124 22566 -8753 -51072
r171 10330 63676 42438 57137 5930 -10699 -55006 -38536 19570 59169 64333 44565 -37028 46649 62542 57260 31182 -41471 3048 -31227
r172 -36424 19898 37068 47980 34280 28000 22126 -40607 -49595 -60784 22268 -26204 -38666 -37888 -44415 -20680 61788 -20633 13768 -8744
r173 15001 -44319 37229 -714 -51206 1884 -64886 19548 -3703 29128 58907 64399 -52264 -25248 43074 58120 63154 -58052 -36151 1056
r174 37598 -43109 -13288 10864 -30737 27365 -14569 1300 42574 -10123 -2141 -22111 -23214 -50624 21068 -50732 19656 -24350 -2703 39239
r175 -8134 52808 51413 54623 -529 41858 59844 12494 -28669 -61369 -61366 -10501 -47880 -20004 14641 13386 48183 4002 -8328 44768
r176 53975 -63620 5641 -54155 41329 -1248 -5047 -49586 -40603 59669 8928 13803 -55941 -54295 -51438 -32159 -64175 64000 -62301 22680
r177 -45544 -65310 64434 -1131 10859 -18273 26709 6014 5307 -20224 56602 19384 -15146 33920 12409 -63286 -63862 59517 28142 -58297
r178 -7378 -57401 -7150 4664 25710 34834 -56858 -31801 -3720 -37596 -38361 30411 16925 34750 -4619 17390 64308 -58450 19051 50387
r179 -62450 -1662 28186 22065 -2487 41289 49552 1432 -58436 40741 15052 -50152 9641 38160 -14355 -56385 48924 -5390 37833 -15328
r180 -60740 -52137 -51334 36748 -35138 53781 52730 15059 20908 26508 27005 59772 -27691 -21011 5031 25971 -19168 64181 -41041 21692
r181 -36454 29310 51750 12517 54827 -11595 8694 61547 35501 -53076 -56073 -30920 17658 -20627 36594 58141 -61835 -62147 24843 -27321
r182 -33130 -26402 -52968 -61987 18045 -29034 24043 -1221 -43447 -15290 40746 -14306 15986 40151 -58337 375 12032 -12116 -52572 8323
r183 57791 59167 52555 49028 52765 38510 -24562 -58744 -18071 59901 651 25080 35771 -6857 -26624 -52383 891 -15548 22377 28436
r184 9535 -61275 29988 -45646 -12446 -36051 50153 5147 56819 -50909 -45114 61349 6699 18068 -13246 -41857 15081 18814 -41525 25326
r185 24588 37957 20839 -11474 -28417 -40017 33504 57846 -2064 -62751 -50294 20525 33272 59022 -1629 -17550 -23348 -59437 -6249 -62956
r186 -61076 14547 -61661 -8229 -20659 -25217 63811 -10170 -27309 -12848 -6944 11172 -10157 -3580 59309 -11864 7561 -51592 26959 -54458
r187 53707 -6928 7864 34322 13514 46700 -21284 39568 55578 -55453 -31623 687 -63192 27998 -35427 14318 33724 -12116 -9508 45519
r188 -47740 -37050 -23021 -53 25403 49735 28122 2288 30760 -52618 -35267 41881 -63879 50774 -59571 46052 40528 38954 -22339 -40607
r189 -59355 -11922 53770 51629 -33991 -23942 45017 -31581 -28105 40369 -48972 -47130 -54592 31549 32414 -64796 -61787 29140 22048 22665
r190 51517 58290 -15383 -8226 -4317 -12140 -21531 -15261 -9529 64028 -22222 -9689 48863 1474 -48679 58200 61382 -26391 9911 59102
r191 -18012 14504 2525 -42241 52175 64148 -29097 24599 58198 -3324 -31656 18820 33937 -39230 -21279 25282 -1851 -19187 -55539 -49699
r192 27728 -24080 11283 -16049 21048 -17103 23874 -9171 -55860 -29430 47698 -51405 55221 18471 -23056 -15562 64293 40067 -11496 -52393
r193 56955 31888 -64361 54441 -47036 4703 5269 26632 59191 51942 -62892 49083 12068 26821 47505 3695 -6605 -62003 -23041 -41390
r194 64735 33984 12898 1607 19878 -50370 -8508 28531 -29220 31349 -57569 20840 -49318 31550 33776 -53398 -36130 -28515 52190 30158
r195 -62397 -17955 60544 -23743 -28500 -5625 34511 11997 28688 31089 -10888 27618 -43408 43600 47566 41062 25984 -14955 -31000 14307
r196 54190 48615 -49100 50731 -45534 -29430 6107 275 30751 -56449 -41954 42820 -3481 -30276 -8240 21492 -15898 50688 64004 -15743
r197 34237 -6357 18823 -48153 96 -52414 6638 51555 60277 43607 58111 -47027 -52692 -13434 -62640 26513 -43588 57961 -62025 21150
r198 -36044 -30552 30356 30550 -21964 5345 -10088 46758 -281 -11941 54194 58984 -58871 -49964 49595 -13433 42729 -13496 49822 -14525
r199 5219 -59791 42715 -43048 -15658 -60234 -45166 -12914 15741 9404 -34040 -46314 -61344 -4564 -31911 -41906 -10620 31672 -59601 15442
r200 -21271 20066 65079 -40415 46734 -57331 20730 -12232 42532 34941 19256 42958 5113 15861 34617 -49675 8523 62898 -11454 -38342
r201 13498 21357 61505 -27287 -41929 -22025 -52827 38245 18838 23959 38528 -46967 -16233 -8048 59740 -60118 -18138 43202 -54567 -56173
r202 -18481 64214 12541 19511 -37957 -18143 6281 -12670 15078 -58061 -27306 24752 -23666 41370 -61235 -7957 -6476 60776 48675 22738
r203 -44869 2953 -31596 6333 -58646 -8469 -9016 49238 -17588 -14508 6545 17679 21292 3016 -64759 -27277 -49397 33122 -46407 54244
r204 -35485 -64536 48426 18505 -48641 -15258 -13918 16261 -15722 -38103 25497 50051 20013 -40096 13284 63043 -50508 -1362 -20632 -24978
r205 14217 48056 -19871 -61084 49987 -14395 32427 53731 26055 42659 2823 -32780 -38559 16809 23652 -47559 20084 12569 31412 -25871
r206 -36506 3524 51494 61140 53884 -3940 52339 -65138 -25610 -41552 -36412 61392 31526 -46116 -23790 -25093 -56605 -18678 -27164 40156
r207 -16173 -5984 64880 64228 -43239 43272 -34195 -50957 41187 -13728 -47178 57873 15755 -31157 -14669 -61069 -516 -48826 36827 -47979
r208 -12593 50312 30714 -54594 50793 14200 14684 55360 52754 56268 4792 -54008 7409 -54928 -48439 35158 52032 -46094 -49445 -4955
r209 37779 -262 -13158 -12075 12759 -26245 -15508 -60704 -62946 21370 -33443 12956 -49528 10825 14617 46540 34253 -61190 -3912 -49923
r210 -64348 -49251 -47764 61442 -36588 -6417 46657 -44008 35298 18667 1812 -59822 -37836 56218 27060 50613 -21711 -36456 -46619 34675
r211 -46027 55624 -47386 51748 3382 58268 -30178 48205 -15294 -499 56487 40671 63137 30160 31598 -50562 -54596 -44787 33858 -9435
r212 -173 -20405 320 -31267 9208 16674 57736 34922 10966 -39284 -31053 -19425 -50790 58295 3611 17 5895 43368 61754 -60564
r213 50468 -8933 -11553 -20963 10299 -4324 16042 -57573 27107 -9122 -60883 -4196 -37261 -17493 28154 -9808 10661 18892 -63017 57255
r214 1038 -41771 -8815 49866 26469 39942 42004 -4750 46987 -16651 5115 42684 58705 -36172 -17238 59413 -62309 18248 -50758 -46947
r215 35258 38601 -45657 -12798 -33971 23574 -49085 -18855 -10948 48880 -28389 -3551 -49260 62563 -23657 -19593 -20719 -44755 23798 2993
r216 14954 -5006 21262 53283 62507 -9408 -10391 -16890 -59292 1437 -33017 -52412 -15008 59034 33630 37265 -27481 -15404 52127 -64632
r217 -26600 -70 5369 9293 43840 -24338 27313 -28352 -31964 15265 48994 -40112 -9632 -36954 49064 -48454 -57862 48430 -35647 30765
r218 -13329 14061 -14997 2250 6365 -23125 -43098 -53699 52537 -2518 2561 -31000 12254 -30236 -47074 -22170 -60407 23377 -37988 24642
r219 20684 62300 -51401 -37069 -6322 -55580 -54388 39519 58296 29747 14219 -4941 -19038 54991 -37725 -8507 -4985 27037 21637 5774
r220 -59072 18544 46683 -9937 -1087 -8945 -7833 9504 -34289 23918 15492 -12290 -61884 -37868 -16439 -12302 -57091 -47355 45720 49527
r221 3525 -15588 12238 2725 -30005 41663 -21526 -24665 -46955 32305 3831 -12021 8927 -40873 63155 28778 21790 -27826 -51571 -5235
r222 -37622 49716 55625 55359 56877 -12235 -36360 -45085 21125 -13030 56972 -6117 18258 15064 1317 5055 -42936 41856 -25297 -2406
r223 -13676 -56054 -20562 -3809 13894 -57062 48905 59228 -46710 60017 16340 -20029 -11009 -4099 2939 57249 -44022 -27280 30923 -21650
r224 -62385 -56652 -4803 -61914 -15239 -62610 31506 -59366 1563 17843 -22497 -31965 -9900 -55367 -46771 26049 58421 -60827 27652 113
r225 58830 -2035 -21743 -56678 -35721 43866 22149 -25264 30206 -57403 65094 -35159 -64454 21753 -9665 -23126 -62431 39547 -36416 12880
r226 1464 -13614 57753 55884 -30955 58493 -48201 43367 30169 -53434 -44759 6019 38747 60135 17761 35837 -40943 -44295 -53624 48867
r227 -9241 -33745 -2683 64349 12996 28990 20975 42669 49147 -46308 -46117 25590 -15093 -51732 -14365 34616 866 27618 36184 -5695
r228 55520 -11304 -11466 12039 56341 61518 -49665 63409 -52646 -62410 41604 -2557 7899 7828 -59417 -21672 25565 39096 -20515 56172
r229 9846 -26854 -5620 9702 18009 28899 55393 52324 -62949 42662 -45713 -22404 43838 27802 -17886 28958 -59418 -5516 -2899 -27167
r230 27824 -25508 9787 -33293 -19482 5446 -37685 5059 -8452 50343 -17972 4208 8606 10167 -21130 40918 -29127 -24361 41674 -31541
r231 16705 35259 -52705 26080 14361 -20812 -16536 47293 -53984 -35597 7384 43096 -25917 -50410 105 40020 33603 -658 -1201 -10643
r232 -58895 28749 -43735 48745 -44745 12593 53410 16885 64135 9553 63534 -12377 22065 -60121 -41268 -3869 36889 39166 -53754 36165
r233 44685 5664 -16383 -47008 1657 -14865 58799 22380 -15310 -6825 -26098 -63534 52262 -25177 -5106 31540 -49156 1340 -34256 -60301
r234 -29144 -38196 28541 26137 50178 21197 59107 -52037 -23678 -48559 -54942 61739 49325 8619 28656 23131 -57808 24557 -59137 45354
r235 -17394 22081 15641 -15267 -34403 50972 44840 13678 -16466 37088 35627 22609 -5305 4626 16412 35286 18061 49329 53177 22458
r236 -30196 45566 37026 40480 26158 -16793 15578 36862 17927 2246 54104 28675 -8561 16526 -9884 -43295 963 -31290 53633 60789
r237 -8894 16758 -57367 -9809 -8510 -36955 13699 59631 15447 57577 -61369 31984 30425 -33410 59627 55810 28881 -61528 53622 13964
r238 42963 -37970 -8834 27226 29753 -51865 51992 18625 -49629 -22141 44743 16882 27071 -40029 4873 -46646 -35647 -29628 -46773 -51776
r239 -44097 -55823 -54385 -35449 16993 -30568 35823 -63720 -34162 33747 -17744 -20358 43435 -33751 10348 47537 25969 13895 -49130 37257
r240 -35323 -31787 -50867 54017 53443 9756 55416 -46101 -61710 13526 14237 -61749 1843 23543 22204 40279 26950 -21709 -65515 37598
r241 -42790 31715 62961 -13869 -57033 -63804 46009 -59394 -28651 11802 6585 10108 -41087 -23790 51506 63493 -10516 -12827 -29615 45319
r242 22036 4308 -672 -61599 -23315 -10064 26464 -37785 -62934 -49641 61980 -29830 -55523 -47108 16807 2698 52124 56285 31691 48791
r243 16219 -50930 46879 -37509 63393 -48634 -30297 48717 49167 17771 -648 -26721 -40330 6137 41297 -10762 7538 -55552 -55901 -55941
r244 39962 -13011 54899 53611 -11274 -47688 36948 9882 -55991 -17481 -53351 -62677 58575 -4701 -56149 28306 -48538 -41376 -6057 -51802
r245 52042 -11389 -31552 -34543 -12013 -27930 -16758 -854 63474 -55151 -30958 -11495 -7991 19940 19742 -11625 8807 -54183 -40845 -54214
r246 7446 -3228 39590 -61406 -24770 -60118 -10194 60861 29794 -17721 14693 55234 -25358 -30492 18082 60778 10835 34074 -31877 38639
r247 9299 -10015 -11546 -22512 -41018 -9170 -42902 13889 22022 44083 -28652 -7188 44168 -54508 1392 43071 -40895 50544 -12585 -18809
r248 -41559 -18730 -16364 26553 -13822 10772 -35109 11529 54143 -19421 5200 -29943 -22606 46323 49097 52665 -11494 37446 16499 -11984
r249 -17937 -54386 30871 40104 -36847 -28654 -55166 9174 -53329 65235 -20794 22241 42513 -3904 45327 40495 -18168 28995 -23193 -43902
r250 -8549 -27442 -53567 2686 34918 32642 5651 35133 53097 -6646 49289 53870 952 40490 -3010 -47884 13533 -4455 -8548 -10835
r251 -60682 -52545 -5149 9850 -17558 -5944 16610 17311 -51628 -64001 12573 -38184 41814 37796 36659 39964 -49312 48560 5358 -49838
r252 -36875 -55617 38369 49071 46969 -31788 -13280 -35176 -1841 -55143 59706 -30944 21671 -18170 50461 47282 23242 53852 23 -35703
r253 19752 63294 -29712 -45083 -38097 59818 -20167 -41402 -8950 -22704 -18077 8423 -12160 -13892 18472 65518 -30791 -10814 -27263 -19019
r254 -40378 46098 -23441 16362 -45964 -38653 9690 -41980 -14544 12118 -10602 -45695 23279 -42083 -32295 27883 -60830 -8838 53238 -45338
r255 60359 -35279 -37616 30771 -35622 8024 -47560 37006 45511 -53377 14500 43611 -1486 20134 13151 -21546 -61996 -3979 28738 11713
r256 -22858 -30821 11842 -54573 -10171 59823 -20729 -8055 13877 -60557 -11252 -51242 -50745 35827 28004 61776 45340 64648 -15270 33307
r257 -26095 -32962 64212 -44702 -20587 65113 -1131 -55173 3979 63818 -49022 45320 -11079 -55403 -29805 -30261 57203 40158 -43857 -45247
r258 18673 32987 10664 22517 -62988 37905 -44909 -51316 41331 31362 9276 -37783 32946 -12662 -13071 10829 -16286 -48580 -45414 52500
r259 43907 -44953 -40542 15875 16904 -43594 -34409 22992 29381 29015 27731 -60289 19962 -49999 6077 -17326 -41829 -20321 -57580 -8591
r260 -40259 12253 38767 47464 25325 -20494 57942 19973 54185 -3355 45910 38417 -1386 -28761 -62981 -40874 -8744 -1847 -42053 -9621
r261 52647 33264 22769 -13016 -48907 22188 -47583 43107 48705 47298 -8096 13950 -27198 9462 -4335 41280 -42214 25545 -39704 -6687
r262 -31120 64197 -64361 -40460 60765 19350 26874 1762 -39678 -51310 47378 34355 48201 29932 -41141 -16921 -31740 31262 -27326 17561
r263 -13051 -51691 1329 -6639 -27789 58466 48391 22415 57955 -13064 1139 19575 605 -52832 -21566 30981 -27146 -33380 49059 -21056
r264 -4004 14454 -50047 -22653 21095 18983 50174 -9251 18430 17864 -39182 6993 62719 -4345 65502 -3902 -45531 -34372 -59960 -47532
r265 16910 -15012 52553 -65465 -32157 -59487 -4100 38873 57954 -34753 29308 40826 44673 64035 42623 -6255 45043 -30370 -42091 58197
r266 25254 14093 40830 46366 -13521 -9169 -15528 20099 51795 -55180 58345 15400 -61881 54541 33219 50189 -17978 24938 -18489 -28486
r267 -35304 36348 -55782 -17978 39231 27059 50134 -19938 -50157 -46701 13302 53366 -21829 -27105 63307 59134 -45029 29417 3423 -58856
r268 24721 -40650 -60095 27859 48199 -7443 35686 18488 -5963 54578 12987 41656 -64441 -2550 41848 -61098 14342 42163 9958 62924
r269 -19088 -63437 -10825 31248 -52431 32663 54724 -26140 8395 -62569 -27628 -25290 -47851 57691 -54884 17899 -34045 -63763 11556 20241
r270 -26493 57044 14140 -3033 1076 42705 31690 17202 6066 35711 -19756 53330 -57795 10634 -27896 -15911 -56551 -3257 1049 36184
r271 5989 -22385 -44279 1059 12303 -46087 -12443 -4014 -42189 20979 -43323 -30660 58193 49611 56485 44349 -29628 39272 -62994 9212
r272 -51540 60423 -57451 10722 -32476 9681 47782 52242 -30768 5192 39906 33603 -17383 40244 -33251 -45099 34694 -21209 48829 46123
r273 12780 57759 49528 -65166 -30089 14207 -31358 13011 -58020 -48610 43320 28148 -23428 33757 65153 -45076 -28774 10293 22036 63444
r274 33233 -3725 -17526 -46582 -64140 -59579 41465 -20313 65173 -1854 -16699 41335 -59134 -48651 16698 51994 -22523 -62014 39594 -32731
r275 21813 -54805 4014 49235 7097 32436 -63432 1564 26491 9424 10939 -46561 -53411 -5910 -31843 -58540 -51895 -51615 22257 16350
r276 63621 450 9771 -21836 23546 -42899 45993 -40972 62456 39324 27807 8483 226 29649 -53057 64710 51189 -43602 63403 48927
r277 46498 25433 42534 -59058 36350 -31128 3158 61956 -42163 -26012 -9775 -21151 -61376 60004 1702 27201 -61867 -28023 50481 -36751
r278 58737 33972 15125 -44099 57098 10189 18761 28617 25218 49103 62020 58365 40292 -11975 53322 43464 25467 -21795 -59029 -198
r279 -13424 11138 -13988 37015 -11986 -51509 -54749 -29170 59065 -17457 -10336 -40073 -33214 -24553 16820 7348 -53154 -28395 28157 391
r280 -5918 -9996 -9617 5792 -18098 -31845 37778 -42267 11963 3407 13034 28006 -306 23998 -38955 -12867 -25329 -1882 55830 30284
r281 22769 23904 -31000 31087 51615 -1476 -61800 -54793 -63261 41448 -27592 -30553 30185 -40439 -53637 9005 -43873 57798 62910 24206
r282 -1237 978 -7922 -55742 32072 -7159 -31823 9327 -5754 -33682 21925 -47274 -35092 -61941 -46778 801 17488 -63570 5781 20778
r283 -6821 10788 -7166 32661 42166 460 15890 2783 -37962 -59601 26095 5201 -46498 -54770 -62582 2330 8980 32043 -16884 -5709
r284 -10121 -19841 34328 -20070 -22828 10808 -963 12777 17267 -39024 22639 13891 39601 45804 -28549 22502 4637 -58131 -56346 8654
r285 -7644 35425 38227 17143 -61522 -4773 33812 -17604 -11553 6414 58330 427 -3004 -7689 13126 -28572 -20615 -8332 -29326 -37362
r286 61954 16380 -61867 8003 15998 18548 17865 -36206 -27951 -38658 -2147 -39770 9506 50170 -56208 -6413 -26281 26577 41268 -22032
r287 63225 12400 -30902 -51014 6305 -21199 49185 -27936 1378 -24888 -34708 32230 -29105 -60743 -53834 32564 -28414 630 -13343 -4294
r288 -16473 29391 -57164 13411 -42668 31418 -4785 35061 60119 43875 35833 -1961 580 19803 8041 55448 9322 26214 -50681 32468
r289 -8131 58753 20739 36632 41722 58719 34923 62974 -44199 -32814 -10720 33737 -16643 -43664 -58172 29495 4767 -41368 39697 -16018
r290 16737 37961 33211 -53395 -49935 -25466 -8324 40702 -36491 61449 51405 -56342 -63136 17946 -34325 -9268 17199 -10167 -28088 37953
r291 13252 -28089 -32249 2768 54077 -53085 16392 -23830 7460 -54356 53625 24710 -21229 -38311 51665 -54874 25392 12704 64634 17032
r292 -26539 -31425 14323 25895 -2956 -52488 -25068 -63015 8205 -49921 -6668 -34657 63084 5991 -44255 23458 34004 -33994 -61777 40292
r293 -18738 8496 50067 -45573 -50912 -38604 -42875 -46893 65113 -22542 -53743 -39640 58892 -25034 10441 20762 14551 -29399 -62544 -9966
r294 63244 -52842 29876 28199 -63100 47731 26073 37570 -1382 -59838 29144 18516 59471 36762 41711 58824 26764 -28983 51473 5887
r295 33276 -5569 -51485 8139 -19678 -914 4359 38383 18207 14223 -30826 -38577 -65109 -35447 -61112 19042 59516 4484 -46316 61402
r296 -48989 47723 -27961 -15990 -14901 -60779 -8872 -16128 -35204 -28799 37251 -31269 -4151 -49054 -61555 -18685 -13504 15637 -63592 34811
r297 2310 19559 7119 8198 -3188 17577 -2734 4325 58346 -39694 -14995 -2163 -5601 -13338 -46755 41726 8134 -36882 15252 -26974
r298 -29300 -38891 -5730 -3569 32305 9960 -48807 -35568 -62632 -12372 59082 6143 -50372 19193 -40865 7104 19161 -12473 2601 19247
r299 24700 42217 49011 12363 33076 27605 -11102 -6693 -63652 8224 56557 -14216 -5602 26591 -50829 -40731 23647 28978 54502 -14257
r300 47749 17737 62976 -56742 -25885 -34868 -43777 -8540 12455 -7306 -5717 21121 19655 1963 25391 55939 33713 -54786 -58267 -22797
r301 10255 -15775 17129 -42239 -17156 54621 -31894 -55036 -33405 -9392 14138 24353 12403 48568 -32600 -54756 20543 37253 10319 -21743
r302 -50093 -16455 -31219 -34276 -65264 -58349 30141 35471 2088 21517 -29879 -36846 -28771 -43314 47514 -27727 -27082 -19110 -23883 -25646
r303 4339 22956 -56831 57254 19334 2810 1540 -27199 60970 -19673 51105 -58243 45387 -7838 853 -61152 42875 32775 -21712 -1858
r304 -4613 15024 -12337 21629 60354 -46164 32891 -5499 -50062 -60007 46043 -7873 7369 -21345 -58573 -24370 -38912 38841 -64457 15776
r305 13985 -41335 32662 14098 -51956 -61075 -28231 27290 -27989 -28032 5137 -45234 48540 -55656 -40842 -12728 -46672 -23313 -14974 -14646
r306 -50029 -6345 -24334 51986 30537 4357 -48428 -59937 -1724 -44208 28147 -37655 23451 37149 -59604 -2693 37869 53120 -65486 51856
r307 -26561 -50941 4909 -8244 14082 32214 25853 19134 -36445 3170 6124 -6645 -36660 63968 -62315 -1215 -42943 -39742 41685 -42814
r308 -56850 -24458 -35450 -59185 -937 -65030 -15687 -3008 42106 -38632 2913 63350 -56167 -65178 21988 -59100 -28624 39484 1691 17384
r309 42022 -49084 26615 57840 33121 28540 37898 -51803 50719 60607 -9939 35695 12965 36271 9146 63779 5733 25642 -19525 -50276
r310 43814 -35565 24722 31466 -9711 -39730 -43175 -58261 59270 41196 -36422 -1904 -32103 30536 61702 45521 50531 -21822 15130 -23586
r311 33100 -26055 51558 -13131 -10775 -37181 -33098 11274 -4681 -31628 12725 37652 29259 56771 -46084 54929 17779 22345 -39710 -7045
r312 -23042 32296 -7519 59715 11060 11707 58734 60878 -33508 29543 -2597 -4885 -11582 55325 38625 -23840 -7719 23908 7268 8739
r313 5595 13959 46901 59680 -40705 60114 51674 -34583 64084 -25147 44839 4286 -33931 -22764 33770 35327 -57424 -16873 -7850 9031
r314 -59734 -22168 -58696 4548 21689 -46457 29723 -41946 -43651 19692 -18300 40928 32477 62104 60355 29266 -1593 -32336 -27507 -65077
r315 35548 35723 39235 54798 -49315 -33688 61311 -20995 -17809 33983 53242 -53452 14217 52538 52441 -15757 -28036 -21829 6647 30753
r316 -5042 60068 58489 28705 -19857 -62362 24684 2884 63457 51107 -52691 -57340 -56095 51030 8670 -5717 -31576 42434 -40023 30934
r317 47925 34051 23881 -9359 -1614 15748 7937 -59646 29482 -11301 61102 -19992 30343 -36822 53230 62023 5752 61287 -60970 47302
r318 -26553 1803 -7279 -64301 -37060 -861 -17854 -58534 10157 36341 28103 36826 45798 -31492 -49105 -44736 41946 21160 12248 -43820
r319 23986 41034 -47551 63578 19075 58267 50136 -9429 22171 -52424 10169 -54700 -49252 19389 -35734 65138 61486 1681 -6328 -53762
r320 -10852 -51397 2380 55058 51292 59871 -19577 44267 -23332 -1289 46551 -61586 8585 647 -9288 45976 -7330 39679 8644 10523
r321 59686 3316 52451 -39353 -3297 -36464 -12231 61621 -23889 53478 -36152 -60075 54195 -40225 33938 37623 1514 -32815 30187 -53618
r322 -45361 42202 -17840 30270 -45816 47270 -65502 53606 33360 -27967 -40051 43213 -44463 -13762 28797 -43361 61742 22951 7308 43132
r323 30061 -13659 36472 12128 -29984 4846 45275 40771 65253 50823 16377 61947 -26942 -10538 -37159 -61152 30961 55634 -36575 -10410
r324 -42463 -22199 13246 -12345 -49581 -30476 35014 11446 -25522 -22722 -50421 11786 -46300 59265 58369 16604 15167 59434 -13246 -10586
r325 18537 -19928 17329 45299 -26074 -43270 -3186 -58671 18039 -62340 8734 -33821 24766 3020 56718 -11058 20057 -24889 -6770 35249
r326 -65196 -39216 -52011 51130 36032 11923 52575 -44391 -33374 50609 13813 62364 -17757 -47560 57677 47248 -41644 11781 1126 -46782
r327 43674 -21586 61570 21482 52969 43802 -50143 -22720 -9961 -21941 -39823 131 50271 -7304 -43049 26462 -64109 -61895 -15174 -49401
r328 -10124 -14543 40962 -60759 39983 25315 27400 9543 38791 -62888 3842 30256 -28155 58346 40055 -16031 -64701 -24981 -49513 -61887
r329 51085 -59267 -60581 59089 -1074 20739 58889 49280 -19008 8846 -43467 -28556 -12448 -34777 54259 47031 -60673 2517 -17384 22659
r330 -4344 49933 65429 19721 -23346 57991 11592 -22771 -38449 30002 -29649 47440 16249 63335 -838 60256 -23701 -47114 -25186 -30906
r331 61227 -48447 42275 35016 -54360 -35833 -10761 27893 57835 -35386 -23226 -42418 59261 15326 40470 47075 -41520 49277 -22116 36961
r332 7625 22150 56074 -53165 42710 -8913 -62907 40552 22089 -38535 -21039 -9197 -43006 -13238 -65354 -32668 3138 -17918 48465 35352
r333 -6922 -45340 732 -42264 35413 42044 -29887 -1642 -63289 56264 44862 -44525 -25728 -54225 15326 678 -50328 51641 -33853 -49906
r334 -23378 -50055 36416 57570 5500 -3945 -60159 -29674 -29076 41377 -15044 -16147 -30926 45497 60394 16472 -48644 24246 -63505 -57108
r335 -57186 41317 34858 -7608 -62495 -46469 -27616 -9345 52460 38562 -7656 52319 10135 -39497 -7755 36546 5281 33143 -2405 -10576
r336 54560 -57833 -13632 -20277 4273 64604 38135 -55050 -28212 24841 26891 3451 34837 60296 -51047 -46823 -61807 741 -44694 34362
r337 -31460 19509 63414 -35579 12308 -12426 53022 10735 -60299 19214 -18419 13180 32396 14441 1848 -40096 -33010 5876 -1400 32658
r338 -51424 -2169 9044 6367 -7102 -41575 43227 7375 -34632 30405 12303 981 -54051 -25531 -41082 -15299 -8655 -11277 -54054 -49427
r339 -27961 -22597 22354 -9800 6593 60431 55438 -36780 15032 47637 -30860 34710 -46849 -34463 5702 -48420 -14327 31914 25864 -63295
r340 29536 25669 46267 26213 29485 -58360 -40124 53611 27755 52109 -63874 -29652 -29945 16048 -2523 1119 -57648 21150 -4095 -58046
r341 -47348 34085 -48118 -5250 -65076 44453 -4094 -45125 -15084 42641 -27007 -23536 -40426 -18721 -24532 -25096 30740 -38828 34738 21231
r342 21151 -31605 37083 -60044 -49066 49021 49991 33924 61055 -4580 14651 -7475 4792 -1945 16750 -6136 53213 13925 -63901 2358
r343 -28436 7408 -54904 -8156 -52443 -62715 -19127 -46785 -40558 60249 -24876 -40458 -63606 32436 18218 4750 50851 -17938 11280 -17230
r344 -52687 -51029 -47659 25576 55794 -23229 -40593 -32048 3705 50204 48168 51275 32128 -835 29005 35632 46572 -64139 63438 61072
r345 -37664 -4986 -21066 -13698 -16720 2352 60817 61839 -18216 -62317 54961 -59356 1768 21846 -48266 -15509 -63995 2195 1385 -21499
r346 -40716 24343 29034 65370 15078 58282 35356 -27952 34567 33710 -62566 -51834 58660 -56789 35177 35128 -54228 63801 16204 -41772
r347 -63527 -38127 -24406 49384 -6239 18945 -35531 14578 -20515 45635 57409 -8341 -62762 50510 -32302 -39080 -4532 47534 -49328 -27746
r348 43617 18172 -56285 50185 42957 31710 52164 10369 13787 -30668 57192 17417 -41441 -26324 -51094 -54483 -37669 -24714 -51002 51831
r349 -37884 61271 -23785 53477 54964 -23706 -43063 -61586 -20190 45907 23258 -19013 -62708 13812 60620 56408 45861 63519 20327 24497
r350 23331 -25358 29206 -61608 -27410 -34528 -42560 -25816 47702 -45161 -15237 16727 16918 57035 -24414 58727 -64114 -16608 28551 30824
r351 11459 -7710 -42361 -41703 29360 -38660 -6500 57986 -20461 40146 31551 -9406 9660 50725 21321 -62088 16232 64171 29006 18576
r352 -19271 14574 4599 38786 -7912 12617 61154 38138 7657 42375 -37224 -8731 -31292 40643 -6854 55503 -7082 60252 -50900 -17009
r353 -18093 -61964 -22162 2408 -24888 -38228 33885 -40172 -23801 -24899 18197 56861 -25160 19861 18798 33245 21807 47498 7639 8048
r354 -18427 -34401 -50896 -32665 -48208 853 59753 -35765 -48147 -16742 -14270 40715 51614 9933 64392 -64151 -62635 4396 -34297 -57333
r355 42293 50751 -18340 -23673 51227 63200 54092 3085 44885 60615 35789 -26454 -32417 -36334 40426 -63255 35935 -42531 -2870 29254
r356 17306 17538 57746 37636 16134 -56114 14485 10223 -47475 9883 34369 -8093 -4454 -37262 7151 -57755 52319 -59463 14929 46239
r357 -32337 -43641 32372 4877 -8654 57168 63170 14358 -35706 44960 -63071 51770 -12745 -17460 -57634 168 -22358 -45050 3062 39038
r358 36465 55375 -11334 -35101 61411 -32665 29454 -34850 -64847 -44149 -2796 37578 -19654 16546 17878 -51644 3304 31685 2349 50199
r359 63293 -33824 22706 -47654 455 51562 -29221 23376 -4944 -10843 46046 -39980 -25185 -43424 52021 -13692 -4865 33817 -63869 -59737
r360 39814 60963 34397 37081 19959 54783 -31451 -15644 -41247 -51065 -12049 7989 -15466 25419 -17184 25427 39753 -4677 7791 -75
r361 -34226 33781 -36653 -40114 -32193 65248 50926 9210 18240 -32465 -56829 40899 18605 -32667 18226 -4077 -4838 64533 3 45188
r362 14047 19404 26734 -1566 -29690 -44714 -65027 5531 -36829 47785 11275 -25519 13451 -47302 7055 38469 -21127 -14258 -21911 15244
r363 56581 -2220 -37378 -18319 -29457 -48781 7863 -35360 -36413 -40918 63253 -39073 44590 14988 -53697 -8124 21499 4578 -9822 -48732
r364 -38658 -40092 15884 37939 -15066 -25921 -54121 -13788 17829 27184 45981 -58696 -56675 60680 -23323 -48348 20938 -39641 -17797 36707
r365 8057 -19992 34545 20856 58266 46643 -21538 46106 65421 36887 43622 60417 -55752 -58042 -15636 -14566 -18284 -24618 -23611 32824
r366 19683 40771 37362 -36827 2668 18433 -47500 -10181 -52358 -33939 -21871 -43123 46135 5708 -57988 54252 -22825 51397 24771 -20665
r367 -33853 -45244 -41228 -52944 -61548 37244 22753 41081 -35020 61708 -16449 -33009 -39959 -19388 -48168 6525 -27622 -9302 6253 10367
r368 45443 -10076 -2368 19612 -30288 -5140 -53118 3727 -9471 49539 -26171 -11739 54511 8056 24236 63991 -36456 22456 15573 53919
r369 37419 35744 -60825 17666 39722 -37622 -45452 -35771 20462 4160 15684 -40005 -21421 54690 -65110 6206 298 -11593 57680 -7763
r370 49547 64707 -39619 -28109 42184 -1449 24548 26636 53528 49148 -9632 -58578 29873 43779 49853 58576 53089 6669 -15464 -51875
r371 62863 53693 -2621 -37852 26714 6736 -2417 -55107 -52529 15031 -37565 -22748 -14214 21594 -37259 50728 -26430 58760 -42177 -65356
r372 5658 45304 -44175 48509 -55067 52174 -27291 -2744 39760 -10631 -62221 64178 -55868 7847 -62670 24649 4990 56524 -9108 57374
r373 50914 59273 -63551 23154 -44962 -39278 -37803 57097 -40301 -19968 -18744 -14761 -34472 -45987 -54666 -16746 -51005 16885 -51880 -6007
r374 -57845 -49275 -16294 8329 -29520 -27274 24742 2702 55351 -8898 -50635 30385 -36757 41894 -31506 10407 -27070 4725 -58222 52125
r375 -34789 -18377 -47171 40151 55137 36295 40500 17273 31246 60361 -29464 -50092 15687 55037 -43224 26547 54736 -32394 -6131 -17890
r376 -56355 -24106 59847 -56757 13899 -40272 51141 -19664 3052 -46196 51172 -24359 2455 -64402 20587 39842 -15547 50685 27209 -36664
r377 12777 -31078 -33349 44344 14253 10671 39093 38015 60455 30881 2823 -15623 -60440 -30013 -64862 -53706 25031 -2062 -57435 -50829
r378 -27460 -17713 44431 -36188 -48183 -21323 -34104 -3736 -32473 -17558 -38369 49269 -57601 -21965 -16932 1954 -57626 -64910 -11966 -10277
r379 -40136 -28239 -15220 -60819 -23682 42628 -42887 -26341 60835 56350 39891 21094 13378 6622 -51529 14832 -1965 -29954 -3616 53203
r380 -48308 47932 -55195 56972 -19818 -37312 -22988 15877 -5756 44531 -7804 57340 7436 50265 1391 -48981 -24931 53818 64002 -20933
r381 6705 -16378 -59562 43920 -35362 -49242 8885 -36339 39318 -15397 34332 -11606 55926 -59182 26686 -56599 -52238 -26374 -5089 -24926
r382 52216 -47522 56307 -46379 47972 33952 -35861 57712 10815 38877 -16518 44476 30972 -5600 -50544 -10827 63932 62083 -39171 45004
r383 -32501 -18228 -8439 -36726 48049 7479 9000 -48741 -34636 62169 18783 21161 18422 48962 -27383 59137 53491 -61006 -54333 54382
r384 -11440 -30592 -59247 -49177 56594 43002 -62703 -42423 3694 -45495 -59111 -52910 6571 24667 -38792 -48746 -48869 -63407 -31106 -43590
r385 34385 -19029 57919 22600 19158 41511 -37104 -31973 -17535 32934 -63312 12593 29635 -37393 52304 50324 1322 29702 -57506 12792
r386 23815 -47236 -51851 11461 -20792 -50848 -40765 35197 34221 -46727 -63456 57936 -23731 -62870 44284 52203 33317 -53732 6051 -36025
r387 -11515 59591 29579 -61063 -24588 -61297 -55385 14755 3650 -7427 55115 -42588 -11188 18593 64469 -45731 61520 -3436 44069 -49155
r388 1956 56550 -41941 -4994 -4410 -56805 40474 57680 47384 -6931 -10929 38529 48729 -62012 -523 -64824 -26955 40524 49650 18147
r389 -9166 -56810 27825 -27015 51789 48956 -54634 -4480 44601 31876 -62354 30777 58118 -16970 -65314 -39008 -54800 -1990 -7360 -56669
r390 -19626 39542 20986 -34429 3617 21507 57195 47227 -4528 -43913 -561 -2222 42557 -64202 32390 -4968 -4258 27706 22036 35083
r391 16997 37214 -45834 -24186 59126 -30569 45447 11150 -6198 -4123 28166 30484 -4851 -41434 -60233 -13480 49250 40625 -43252 38351
r392 9493 -39249 -39191 12172 -41330 51670 -27435 33900 22310 37194 -37983 55504 28038 -4095 45318 -23795 -21267 1410 -11039 32049
r393 4364 36027 18490 60791 30099 -58304 27688 -45777 49783 51486 -7185 60369 36642 -65132 36383 34217 60778 -52108 18045 53663
r394 64474 5906 -41475 20692 -84 19899 1699 49294 -49547 -8697 15313 46097 -15798 -27810 -52816 -35680 62645 -15113 14633 -4381
r395 -58452 -10156 -37829 38775 15196 -61611 39507 49091 3325 -40777 -49161 39705 -17860 -41071 -52092 32139 -32378 -16022 -27441 -6753
r396 -48115 23110 -57331 -46401 657 42762 33333 -23271 -25635 -55464 -38403 -398 1569 63864 57093 41764 -39568 41212 40469 -65082
r397 -19599 -39306 8699 -54672 37606 46564 -12792 27569 12803 -35983 23385 -64917 49777 -60732 14002 7077 6254 40314 -41424 4004
r398 48719 58222 63770 -41670 20901 32559 27393 10462 -47516 -21575 36528 12790 -35421 -37576 57435 -28206 14161 11289 62024 -58128
r399 -56190 7574 -9343 60362 21988 -29502 33477 45287 -61420 35957 -5864 -30242 -42037 -61235 -55356 -37522 -42448 13643 -48640 18685
r400 -55590 44201 43213 -20642 26667 30511 34588 35200 49774 -57163 -24081 -10474 -41110 -38054 -33825 -11672 14062 -6138 54514 -7372
r401 24851 -52526 -26207 -13535 20101 25917 -34944 -10215 -46909 43713 38973 -23736 12790 -42712 -17080 -58754 10574 -36746 47669 3302
r402 -24112 17105 21113 -30956 -36631 41294 59842 22946 -4223 1846 -59714 39627 32504 115 4169 -57295 34213 57657 -808 -51112
r403 -52751 33711 -10331 -27738 35577 46124 49291 37808 22701 48485 -53974 54949 -8705 -31403 48028 -43613 15444 56505 56048 56748
r404 -28450 48152 -18958 -31775 1949 -39252 -32886 14281 53219 13329 -6111 16227 10547 21362 -58442 36473 -33887 8378 -43908 -12274
r405 -45968 -48437 64102 60075 37181 -52340 -47653 32919 22427 -29061 -58840 -38797 -11561 -57655 -3694 -34951 -27115 -54504 28446 -53579
r406 -26702 23293 -15250 43429 27908 -6827 6661 -11196 -35146 -8252 34298 593 53761 65022 -39367 -11910 12624 -36412 18586 -37238
r407 19561 -9639 24096 62464 48573 30443 -39623 14431 9532 17593 24375 -33667 22948 13515 -16846 -38712 -13114 28642 -24507 43153
r408 -38220 61906 -16548 35814 56337 -55335 -851 50009 58036 38274 40142 -48952 60087 33935 43059 -49634 58831 36441 44221 7687
r409 -8535 22339 2813 -58006 -21623 17273 37105 -1864 37978 -14433 -10585 -60979 18230 -48581 7753 55656 28447 41764 -19798 6005
r410 -31182 25000 12640 -63321 31000 -10523 -24699 63273 6151 48352 10235 54890 31343 42637 36712 41757 -42814 -15551 -46871 -19076
r411 -61642 16670 858 -5598 33599 -48424 51982 32203 60616 -6913 -56657 40327 -17106 28087 29941 35847 25502 3023 51296 9351
r412 -37270 51409 56723 -785 14778 28400 12545 63103 -43637 33095 -42745 61656 -6510 -1453 -14230 -24746 15106 -38398 -13481 8196
r413 -49417 55497 -64957 -19991 8780 8709 28748 -50497 -7402 -20465 -24686 31916 -29880 -37057 38028 3442 -13997 20153 -59898 60204
r414 -43927 52307 15539 -12906 -24399 -41233 8194 20980 18654 6128 -54329 -49488 -35842 -1449 51208 -26162 15164 -14721 -49909 -9758
r415 -7606 6058 54943 58330 -31954 37341 63084 -21573 50915 -40354 -39566 -20701 -17165 -45829 -28761 -52593 -52889 -46314 28008 -16323
r416 -2070 -12093 29933 30052 -60064 -4467 -16344 -48733 -15075 64537 -51991 -38255 48680 -64442 -28246 -8690 -47808 -27952 -43366 22872
r417 24841 -64877 54779 -58665 -59141 36080 -45988 12390 -62692 28391 2157 35028 -34612 -57645 4267 23800 21532 53745 -48965 -6220
r418 -9657 49399 -31297 -31017 57224 30141 52276 -32986 -38066 58344 -62015 63830 23370 33091 53243 59580 -18207 58448 -57443 5006
r419 53391 -49997 -51096 -43217 -14616 28300 -25526 13145 12058 -17131 35915 -34376 -41359 55981 -22170 -12737 15882 -11906 -62933 43868
r420 62625 -56850 -64215 45963 52925 -50593 60538 47869 -40258 59115 -49444 -57870 39326 -50265 -41780 17293 -27718 -64751 48496 -20805
r421 33268 64180 63005 -42511 -21891 -36708 58107 47544 14554 -4451 -37597 -20278 -63198 37791 -33569 47908 22087 -13393 28846 -25836
r422 58814 -57637 5809 -29321 20302 -16648 21654 -50884 19013 -39315 -62730 22504 33964 -34071 7579 56905 12568 50689 -50519 -58795
r423 -44317 16099 -5915 51073 -28824 772 28018 -52741 -24438 -16339 5870 -42855 -28869 -49663 -17911 -24638 -59079 3749 52912 48285
r424 -3561 24594 36328 -23488 -13153 -44245 -56624 59775 54066 -34661 -25311 21659 -4386 -19108 -9897 33432 -8580 -26078 7232 -36872
r425 -4907 63654 -36187 -32288 28364 46661 -53265 -1628 14779 42858 -21908 43145 -41061 36120 -54035 85 48024 13657 -237 3533
r426 -55725 53217 -54354 -30057 16582 -46021 4509 -36282 -60986 -49792 -14831 -9054 -60565 23318 37605 -57492 15142 62925 54782 54964
r427 9138 52691 -5417 1179 49446 -63796 -65049 -52694 -34447 -23033 -40413 -25953 25495 29148 -17418 58702 -43096 -20977 -9607 -54720
r428 60784 18987 13915 -53244 -3779 25655 -35794 -41914 21526 43826 46403 -23698 -30284 -19219 -27791 -10281 45271 -28034 14643 -29222
r429 -19562 -54138 26523 37176 26708 -29669 52947 41132 -62075 -18205 53916 -24941 62029 -55980 37745 -43673 57220 -10468 -46981 -19278
r430 35679 34873 -12489 18011 31090 -32235 21875 -44290 -64084 -26743 49073 19926 -6242 -23081 -48561 -39723 8564 -15275 5862 54271
r431 40705 29917 -58895 -65122 -8571 -8755 -47822 58637 -14485 39219 -36431 2930 -50140 2700 22368 -14081 -12359 44022 -21155 -62305
r432 3028 -3394 51617 31964 -801 26386 3463 -5370 31905 -8771 -12190 -59531 -55693 -16676 53741 32148 20430 50276 -62527 58307
r433 -56380 -11454 -43599 -5905 -35785 63418 -5903 53654 -24119 49036 -65322 -19730 -4058 -28849 7440 34193 110 28402 -19409 24761
r434 -48975 -7855 -33428 -41749 -13302 64348 48102 55432 -60838 -25219 -29171 62915 51720 51574 1963 34211 31199 1341 23592 29570
r435 -42018 59237 29149 -38600 -37231 8332 -2725 41177 -55770 -5673 11405 -1070 -9969 -1504 -51881 46212 -12706 -51837 60849 -53970
r436 -44017 -12053 -39138 -35549 9707 -868 24858 18297 42765 8555 1440 -27062 -44289 23747 57966 -8613 44696 10553 45995 -40296
r437 -23087 195 -9625 -35995 34306 60342 -25903 40526 -53105 61716 -47631 -58234 -8553 17849 -22921 -25526 -62864 -62139 19560 53605
r438 5792 62579 -64936 -44423 -4911 34554 -4654 4005 49286 59107 11588 -32728 -17238 62171 -14833 25757 -46420 39980 -23640 15230
r439 37490 21315 35254 -11735 41848 -801 62881 -59024 -20557 36153 20414 -20412 9323 34816 -31751 -49714 7205 -59157 35784 -26158
r440 39088 24908 -7443 32420 34679 6910 41976 33137 -59793 -61280 30632 -33311 -42001 -12184 -61108 -64009 63466 50622 32590 36289
r441 -12675 17627 -41920 35004 34814 4404 9565 41110 21099 44710 -37631 -56992 -10898 -41187 -45750 4610 61070 -8565 28012 45994
r442 -14791 2093 44901 -61460 -53783 33078 -14219 53076 -39836 -47970 35113 -33970 -63127 -40882 -49773 -28336 12035 -44622 -54402 -27028
r443 -56972 54530 51622 -64489 -36964 -63142 22745 -1889 -35434 -64123 53222 -15852 -43150 31418 53598 65375 -36202 -17378 16251 64670
r444 61866 51291 -12608 12972 -57614 -11124 12771 21488 9217 -33466 -41575 -24411 11764 65529 -3635 64460 18829 -39199 25445 28341
r445 826 47263 3130 -53188 -29802 -23137 -45900 48050 -51924 43994 9336 -8194 56554 -18178 41772 -12066 -57352 35198 11473 -53495
r446 4491 -56412 35892 -53968 -41753 62201 62761 -57522 -32826 -45976 -39512 30018 45339 -21683 14871 -25399 25910 -41774 -515 50659
r447 -35961 22138 60131 45723 29492 -349 59534 20866 -24730 -45463 -64006 -60612 -34423 25086 -10962 -14390 42762 -716 44782 47153
r448 16379 51255 47608 53011 -34987 -37369 44045 22936 63326 39084 12566 58803 -54078 -52231 31285 -42948 38738 -23170 -45862 -11132
r449 62154 -38304 -32578 -47609 -24295 27884 17647 1051 55904 -16711 50399 61573 32375 56929 65095 3771 -13060 -30997 -37558 -23884
r450 -17538 1571 25263 -6920 45267 -4288 -23400 37413 42612 17971 39566 32699 10497 24785 -36729 -50127 11013 19391 43996 26680
r451 -61119 -23567 1470 38485 32239 30630 37308 -2267 58359 64195 -58505 58386 7541 64962 -64408 -45129 -33759 28465 -36704 -10772
r452 -55271 10885 63610 30410 -44126 2558 -51620 -58580 1533 -41597 -56138 6331 46709 16581 -63691 38708 -44048 20572 58005 59914
r453 30600 17152 54888 -50441 21067 -17991 18422 -6696 -39770 -45298 -36830 -40354 -4401 -64170 -34572 17684 -48515 10851 50708 -10180
r454 1189 -30866 -6910 64742 16637 -51243 46456 -56965 -50768 -26985 -40740 29108 59540 39280 63061 51929 13947 -15607 -42897 8417
r455 45162 28037 -36673 -41745 -26092 42682 37088 -47770 61153 -52250 -17764 39449 14031 28667 33830 -32508 7194 -8656 33370 38392
r456 -32655 43497 -52578 30289 49342 48324 757 -7904 8261 42932 -39670 46527 43872 1817 18991 -30987 20515 39280 -55636 -13583
r457 48240 41107 62577 46872 10707 21093 59029 -25622 -58449 -5840 3681 -48396 8666 64093 -16221 58507 55259 41766 -16036 37643
r458 35377 -39882 26470 -18916 45295 42703 -20712 -57209 59964 -52571 35207 -23134 -61292 32268 -32337 -5944 13655 14355 -11949 -18819
r459 31252 40094 16681 59567 -46975 -54546 -9421 -7278 -14617 -6361 36983 20886 8932 60275 56501 26935 -26017 49071 -49519 22042
r460 2403 1204 40777 44462 -26195 -61430 -55710 -40556 -16598 -42709 -43655 -9709 20657 -1473 -55781 35289 55733 39287 -24754 62458
r461 -31693 -3552 -60126 42215 38943 -36784 -53427 36895 20386 -17210 -42205 -52879 -28213 14527 34177 -41338 -64935 -24845 44938 -2993
r462 -20790 56266 -37166 -38275 60370 43928 7895 1979 19573 9140 37958 -2671 52870 -12675 -9721 -27264 57154 -36641 2327 -2144
r463 35268 -8200 -35971 52170 -62101 -59135 14364 37921 33189 -15264 57508 42838 -54839 -29518 35602 -10893 56358 6046 55888 -16871
r464 -38133 47914 -21311 33409 -3457 22205 -55798 13238 -23823 17448 -19302 1846 28924 25718 41414 -60921 62217 -58041 56683 -53700
r465 44329 10005 46490 -5720 16378 48006 -53153 53152 -40747 -54794 54255 -38137 -29675 3546 -45567 -23703 38608 3579 38209 -3093
r466 41010 65087 5642 -61787 -15615 40717 6118 29411 56863 57097 24476 39092 17638 -47620 -10807 34395 -8036 -42372 31521 -20793
r467 -56936 -57184 55938 -4311 40177 -42177 22696 -30303 64121 60110 5298 -44785 -35143 54411 -49823 -16680 16803 44026 19578 3487
r468 1558 35065 -4663 58061 -42436 15025 -7288 -58534 -58390 -49968 38489 16769 -16224 12017 -15531 -61602 34427 -4239 35643 20208
r469 26344 34005 -22211 -46455 9565 41413 -48830 33200 -41295 -44377 6411 59546 -34914 26298 -61367 4545 11532 5749 -32214 6565
r470 11777 -17946 37600 11078 -50866 59660 -10526 41165 -24241 -11351 -42220 48558 -56063 -27327 6037 4692 -33173 34085 50326 42515
r471 32554 -28016 -13692 -59922 -51581 31941 44668 3576 12591 65022 12499 -24547 29683 -14123 -42740 -14102 58639 -30886 -49324 9412
r472 -15624 -46943 23987 -51803 -5409 5460 -23605 -64604 -60913 -6406 -20908 -55340 35597 -32373 35798 -50106 -62541 -20171 2444 26280
r473 -1869 -63981 -43987 -31678 32123 -11856 -263 -19232 -52399 -28328 64814 -7480 -45249 -26822 -25482 48293 64068 20207 -22627 58040
r474 25524 -5344 -30964 5722 -2851 -64570 -9974 -21672 35843 -29624 -64748 24566 -19060 -53775 13068 -28710 58531 -54318 -24864 22128
r475 56933 28980 -30222 64511 2254 32742 -58757 32580 -48851 56930 26710 51632 -7436 21347 24059 10290 -48680 17073 21587 39135
r476 44727 48108 54760 59941 -7010 -4446 10102 -62426 -12120 26539 -12947 19018 -5420 -62363 15547 -35245 -37754 -62380 41567 57540
r477 -36013 -38239 35527 31726 45567 -20821 22558 20060 -50566 -7323 35463 -29413 -52662 -56285 30146 -28134 7700 -16254 56 -24730
r478 -31374 932 16626 9277 27474 -55276 28548 37557 -43587 15449 -17254 -47571 33383 60978 -33166 -55265 -43367 41940 17260 51324
r479 -1651 -35873 -46687 42365 -13002 59132 39518 27276 -61946 23761 -60227 17823 -52032 -57720 12352 -60656 14453 18537 -25654 -34183
r480 63652 7635 46559 43540 -47276 34841 -36841 -38330 -20258 52360 58378 -1180 -64536 -23483 -26143 -13563 27700 51935 -35624 3461
r481 55492 -40349 -23559 -47503 15152 -12830 -15463 42106 19644 -59688 -49668 51096 -11569 23039 -45915 -15505 50744 4859 37278 31280
r482 -26449 5128 9023 -28788 29865 45396 -43331 -10673 -63468 48982 -31418 52296 -37815 -3443 -13803 -11456 -27051 37957 -29992 -39824
r483 35231 -7435 19862 24602 5558 -35502 54246 12431 55695 59171 52376 3043 63467 2075 49340 12108 -41889 52398 23557 -62351
r484 -11135 -13249 -24967 -14183 -17530 48252 52504 -36494 10971 -41845 -30919 -46055 -25654 -46415 31746 -27473 28437 50131 -27929 48409
r485 -48798 -46374 24467 37945 -59040 -13574 28343 57219 7028 -36880 -49511 58298 -20077 9980 -63605 -34465 33286 -15237 29571 30723
r486 -3881 -14974 10429 36493 -57081 -17866 6593 25623 63714 34449 -32197 -1624 3440 -40353 56221 7960 6320 3888 3897 9884
r487 -6166 -23023 -23739 -27242 -14914 -42383 -47179 31806 17592 -37592 53544 48643 -4773 25737 15253 -82 24018 -10992 -23324 -23256
r488 33124 -30398 -32961 -30933 42027 27231 52180 -59179 -20293 -57982 -14521 -11603 11620 -28459 57715 1875 -41746 46640 19469 -47920
r489 30443 -51203 61640 45107 24900 -44980 47311 -40120 61875 -50077 34290 -39166 48101 59740 61453 -19331 -39227 -16266 39571 24536
r490 51084 45006 -10358 -9477 60478 49644 -39641 -2075 42644 -35254 10590 17552 -63479 -39174 4372 45070 37736 57060 -59927 2755
r491 -7541 27739 34442 45188 7828 -14252 63779 -9760 56464 61924 -8768 46730 -17794 32879 39518 7278 928 61207 50299 -13178
r492 -35677 33492 9981 -14930 -38330 -29610 -1006 -52516 28711 -23167 -56838 43329 -49436 -48327 -6249 1308 6216 5635 16170 22975
r493 -25211 -14533 22959 679 44096 52001 -50713 -14881 -4879 -7047 52797 26196 121 19008 12353 21202 21786 -46707 55942 -33917
r494 5807 30783 9063 51605 14735 21246 63601 58609 20972 -51990 -58609 19626 62683 -51759 43414 -58963 -27809 -38695 39649 -25260
r495 39121 35529 -48175 50502 -9537 18105 24670 20510 15244 -56800 22832 -62109 52454 26382 -29858 56619 55858 43348 54488 53059
r496 60445 32337 -25069 -45356 -31271 -23774 41632 51127 -24683 -57469 21485 -22203 12652 -61667 50849 28421 -45491 61935 15333 51453
r497 5600 -51215 58165 -15220 -25633 15949 24554 -60565 48309 -31756 30694 28705 32056 -59095 -10508 4872 40837 -27575 -13954 -48711
r498 -5093 -33771 5870 15659 -56326 49966 -54571 47514 -35875 49230 26833 42951 -44178 65389 59048 -23551 59400 -29406 -45 -56169
r499 -52500 -5805 -3792 8421 -46989 43770 -55458 43388 9396 65314 -60175 -61838 20607 -59230 -11569 -32171 30932 -63862 -18994 -14203
