mTable19 21
KEY  c0 c1 c2 c3 c4 c5 c6 c7 c8 c9 c10 c11 c12 c13 c14 c15 c16 c17 c18 c19
r0 19842 -11483 -40879 9894 41068 -15617 6070 -65297 62416 37478 -21706 50149 45758 -39935 -27472 25355 44901 -11102 -16546 19165
r1 48541 45728 -56635 12470 -43880 40043 13015 49720 -11737 -57271 -14036 64442 -27903 -41184 -50391 26483 -30459 44538 16373 -64430
r2 25029 -29693 21941 -61465 23240 201 27939 61117 -27145 -11048 -18192 -19003 -63191 -34045 11294 2971 -39777 -7241 42126 13143
r3 -152 5930 41534 57920 24376 -24823 61603 -15808 -53154 -20483 -32804 -50299 -52653 28743 -26947 -12782 58689 -54271 1410 5004
r4 45395 -22683 47582 12516 -9030 45102 26133 -34992 -32101 -32601 -2332 872 -4127 -34768 -5400 -59591 -13471 27354 65308 -55938
r5 31817 17625 11534 37471 -20135 63352 -43320 -21178 29774 -50274 -42809 40135 12373 63303 11420 52042 -32419 10235 -43253 -45971
r6 42959 -48246 41319 19004 34491 -26396 40929 -43829 24241 19298 -44067 -36613 -34382 -36600 -28387 50819 16137 -21318 3796 13966
r7 -27741 25442 11309 -48245 -31107 49452 39210 -53947 -15887 42623 -35881 -46329 -43167 6284 -50129 5467 -10519 -15357 -13161 28288
r8 27441 45257 8031 13074 63626 -34567 -62763 33789 24011 33207 55850 4609 -46081 -50392 -44582 -3103 -26415 -11772 25118 36476
r9 -29453 -64418 -48715 17961 -30626 -8223 46191 51226 -30780 -21825 -58235 -7823 -15733 -42582 21439 1653 19908 -47089 9824 -28573
r10 49730 62457 -31169 -4457 30953 37800 -13315 55397 -28721 -47043 59524 -62335 59904 53171 -6111 48812 5959 -39231 47973 -53122
r11 53922 5185 53694 33123 63559 -823 -22017 42138 -26116 -52421 -24768 34601 -1874 30905 -60944 -50849 -60528 -31553 -876 -16693
r12 62365 -33392 17500 -55519 17647 25997 -16169 -31849 -56109 -33055 34410 49034 56618 45349 40904 -60595 30707 -22645 -17319 38423
r13 -9372 28042 5755 -39895 53247 -27395 -12419 -57437 -53171 -18787 5820 -3465 -57663 -36960 1470 12484 -37118 12148 45788 -46871
r14 1562 -57771 16003 59479 13944 25663 -33647 -34017 15418 24489 14281 53796 -25618 -53676 -42986 22130 52549 48091 34936 -62529
r15 14386 64373 -20846 28337 47951 57292 -65194 -44020 64621 29180 24184 29491 -20900 -27169 20226 26045 10996 7214 -28670 -13325
r16 31951 -46093 64639 -42192 11416 -18917 -61256 -20145 -11990 58126 -34737 -2577 25207 57913 43714 -13775 7227 -49244 -51611 34687
r17 -20910 -64537 -41660 27274 -17367 10313 6749 14380 52370 -11768 48953 -14331 -44670 3975 -25261 7015 -13008 -3211 41657 -52675
r18 -13095 3404 38722 26285 59014 -10361 5291 -32019 -14537 -51532 23712 -56250 -28776 46070 -49018 6898 -3838 41426 18815 -10683
r19 -59198 57046 -54494 -32246 12208 63181 -59 -49420 55667 51569 -33686 -25153 -38915 -25642 -59733 394 29675 -3488 -16259 25835
r20 64979 57345 52337 27949 -25473 54451 -60953 27551 9050 33725 64493 -33760 43554 46354 -18224 45736 -63955 58344 5972 -46079
r21 13935 15974 16258 -32060 -12484 -63529 31370 32569 56912 12832 -26314 39061 41810 -48287 -36448 21730 -12684 -15174 48401 -20801
r22 -59285 -18268 2603 -44375 17984 -65111 2632 11701 28964 40115 16242 -47921 -22263 21029 56742 29234 -47764 46317 40176 35591
r23 56465 30689 -6693 -17870 37114 -22173 -2450 5348 -15074 25563 44985 -53078 22830 -28901 51574 23041 57983 41983 11556 27005
r24 -18371 -38212 -48629 24946 14579 42712 28318 56082 8168 -46087 29883 19765 -59997 33723 -16029 33233 -45458 -45564 -45483 -3326
r25 -22725 -13356 -35510 -27359 38572 28985 -59191 321 -2429 62067 -31558 15850 -41087 -36512 65484 64333 -61569 39892 -34698 -29744
r26 22279 -34665 25640 -15476 -46230 28981 -50726 -57146 57766 35797 -36962 -48045 -35642 4920 -29544 36740 -6623 -15088 5065 -22017
r27 39055 -24504 43419 55065 26195 53017 -21658 -49279 29844 56390 46053 -50349 -58948 -2023 -17189 -23402 19854 39394 16397 6116
r28 35816 44577 44768 16616 49481 -36697 -65346 42161 7772 4838 -7742 -13452 -48458 -54127 4444 -34457 39342 -52691 -44890 -49605
r29 -42718 12578 -64630 -10235 -63411 54532 44402 -39250 63114 -41395 6436 1576 36168 -15965 26471 -30304 9725 24806 -22502 -29004
r30 2237 28714 -22500 53355 -44306 25828 17795 -31976 22705 35381 -10043 51283 64879 -39126 -62244 -13229 -34587 6220 9448 32859
r31 -39232 -23107 55256 -47492 -56059 9347 14672 -52898 20002 -45728 5354 -1282 55889 24076 -59896 -63662 -60597 -14849 59512 -55198
r32 -26111 50818 64522 50706 -55473 -56384 -8566 22944 -574 -62005 -51115 -14975 -60908 42270 -64299 478 -17150 20188 -63172 -38282
r33 -55204 -23144 26955 57140 -14611 22551 -31831 -39955 43959 58759 30741 -29285 -30955 52450 28825 -17363 8197 -35744 -39502 2997
r34 63044 43931 34467 -54584 65441 30985 1163 29981 23992 27323 42416 27369 20293 1371 48401 -53462 57574 -14937 62464 -9838
r35 -39153 40250 56557 8300 57723 18962 -64379 -29979 830 6542 7959 43360 34193 52661 -12979 -58095 14691 17907 24673 -49678
r36 -5700 -46352 37318 -40125 18570 -33032 15986 49537 -26707 -58712 -63700 -31300 20598 -30810 41279 28694 -699 28867 53653 14573
r37 -37490 -55779 -21010 -49316 -49917 26575 -64550 42967 -42029 42356 -28405 5846 56939 -30438 -40369 -31800 -4183 -60945 6640 -21473
r38 -20042 -54100 47074 48355 -6982 -52916 -48821 1723 45448 65148 -13297 -36767 -44345 -38611 33433 61467 35652 59020 -47170 -63585
r39 -16101 56901 39983 -55740 -42534 -12794 -63370 -21819 7068 -17782 -43480 41 12925 -22843 -44812 38107 -7945 -48362 -62099 19000
r40 4360 -30898 23551 -53136 -21394 -39845 -26434 11043 36898 52323 -58568 -59309 -23237 -25868 34575 57321 8000 -28903 10944 21244
r41 -62798 -9866 -16499 -19803 27271 22380 -33567 60798 17515 -39270 63907 14130 10753 38083 64812 65083 56180 -19325 51937 -19658
r42 62857 -40109 -38009 -20298 -14001 15579 -50628 46834 58207 12772 -52907 -24511 37387 -54782 -2577 -55908 -10063 -37658 -55817 43552
r43 24541 1446 -23519 3059 9460 -64893 1422 63834 57276 3987 -30629 -6 -8267 -47069 40976 56686 22551 33522 -44812 33225
r44 36798 -32344 33033 -56827 -4275 -9970 34087 58075 27981 -39182 55750 63867 -7625 57900 -38727 8176 -58952 37663 39772 13939
r45 -54445 44300 -54986 -56100 -44587 -62056 -60370 -26194 -32144 52698 53969 4505 3149 24937 6027 -5786 -31019 -22884 28842 -57795
r46 9282 29179 -16101 -53893 -28608 -63410 3740 -42152 -61496 -30140 28183 3044 62175 -8580 59730 -42594 57047 38288 -31494 -15864
r47 -52880 -23685 -7496 -60615 -43181 -46871 -33146 36015 -25554 35373 21130 -27964 9234 -16806 25702 -41690 -12978 -64448 -17623 28311
r48 -64012 14576 13200 29450 9717 7614 32300 -36103 -9402 54929 666 -44908 64506 -13190 35678 3993 -59125 -9978 -36588 35192
r49 24572 -21021 -4955 4549 -53753 -3675 33355 -57054 -26740 55279 -33701 -20672 3187 -37477 -58702 -23065 52671 42331 36364 12963
r50 -51004 2815 52281 16513 9483 11181 -13486 57224 49428 -40626 -25856 32790 -60392 52786 -60520 6265 6419 8252 29010 -821
r51 26356 -32233 -32497 18602 -35623 23317 -29483 1181 25403 19472 -8079 18149 54582 -23093 -21320 -45784 -22602 -28798 52659 -59633
r52 -58271 28900 -50608 61500 -54086 -48792 -808 -48201 -64794 21643 8027 -51227 64570 -36519 8191 -55511 -7798 -22753 6516 -718
r53 -53356 -39544 -31901 -13859 -55497 -28698 -10526 -21658 -26147 -7043 -14785 -1244 31609 23683 -22187 27180 -55844 51552 -2781 -29658
r54 45799 37285 7097 23398 45705 -51535 37818 25268 -12124 -379 928 -34049 26681 22596 64464 55530 -7958 58275 -57537 -59145
r55 30360 2243 -33479 489 -45659 41486 -14959 7493 11856 19767 33334 30297 -21398 3121 30910 -32306 -51000 57287 31346 -65040
r56 26065 29737 9460 -65120 -41902 -8262 -55143 -382 -36711 55266 -55180 -64013 -52169 41714 62183 39898 34523 60830 35380 -26526
r57 58992 -27700 -3992 -44213 -36373 -49030 1103 55120 17445 8625 18742 -49459 -40041 19765 -17710 4244 35170 -18269 -57309 65015
r58 -18957 -54184 -1152 50052 -39175 -63596 57347 -28519 -13793 -3582 -57143 -33906 30218 9069 -35394 -42206 -8539 26534 -56436 -2927
r59 55257 -28270 55056 -31897 29821 -31382 -12378 8775 40321 -34258 5251 49093 -3188 26708 -3969 -31744 40786 55867 60721 -48414
r60 -6843 -39232 -63505 -40426 -36036 43933 -10373 -15953 -49071 14262 17757 30762 3204 -24426 -62300 19039 -5043 -11809 55893 -9219
r61 15166 -412 59699 -50485 34167 -8575 21911 -2099 -40617 -31843 -27249 8971 -52136 47788 65409 29606 8151 61533 41324 -24837
r62 -12354 -46981 -6215 63914 33319 8089 -39636 50610 -34529 21530 16949 -41844 16683 48928 -19407 56126 -41665 31623 57783 20695
r63 -65261 -22115 28550 -31475 -16294 5927 33399 45857 24982 -31039 -51955 -15025 51956 -815 25750 57420 33940 -17066 42954 1128
r64 -28163 4199 64010 47463 13097 -60764 49769 -28945 11949 -34524 -65414 21635 33686 -39454 -62784 -53395 42049 -34828 -54074 -10513
r65 40418 3549 56085 -43361 -13316 4907 -27983 34962 -42262 -5840 50724 -50477 -31549 42531 5532 16877 16470 54686 24405 -7825
r66 -61276 -9092 20879 25821 24188 -37797 4535 -20002 5629 46972 -7357 -22920 -30031 -634 -34021 59428 -21831 -39781 -27555 47281
r67 58504 44036 43892 36638 5946 34315 -56679 -61814 -11690 31791 -24232 -56822 -53947 47859 52859 51910 20593 -54206 -32934 -44591
r68 24247 32089 -42486 21477 -8284 20163 22698 -44891 -53170 -28378 -21244 -37736 -59807 25389 41645 -59257 6862 10695 -56911 -5595
r69 -31678 23975 62443 19098 15851 28657 63193 -37322 -45345 -22456 6171 -24114 -3441 -43538 52985 -59824 12118 48790 -34630 33663
r70 1855 22874 44284 20371 46458 16772 59959 28015 -293 -31933 19363 -51531 43522 -23544 -54384 -64161 43608 -36993 -28549 -4397
r71 -10913 -30554 -40280 -14701 21906 3886 -34180 -19879 -35954 -35952 -25207 25476 -49206 40446 -39789 17207 -10749 4665 -58478 11044
r72 -1186 53393 -38185 42106 -50679 -53591 51844 -60531 -20246 -36427 51141 -6904 -22920 -50473 18812 20240 -29886 -22311 32733 39869
r73 -37639 61840 -56486 44529 29496 -54756 -56170 -18857 -3410 22582 56558 -19786 -58046 35958 -50529 -346 24183 -39683 -14263 -18248
r74 24511 -62632 -15244 54189 -28423 -26303 23699 13708 63144 36847 -14202 -16274 -33694 -12758 49140 -24389 25897 1742 -39528 -22739
r75 -43251 8935 -56379 -58039 -8547 57431 19429 55990 -24111 -56616 -52218 -49240 -19616 23078 -54507 38761 20802 -57788 -53582 37425
r76 27465 -14788 63421 -42746 20548 -34281 -30909 14988 -6590 -48113 -29235 -19709 51171 55665 41351 -39134 31401 -45524 47242 38314
r77 49833 -52958 -59194 -23041 -6843 35459 -55555 -21878 -23813 -36951 37906 -40962 18324 15310 -27985 20804 59182 -44253 -52141 63401
r78 -61102 -38252 64125 -61223 27558 -43155 -63073 55741 49842 21274 23763 -65374 -25820 570 27445 14661 4270 5599 -25363 -12358
r79 -44433 3017 -9145 35018 -39427 26866 -2315 36791 -59763 8593 33168 -33280 59889 26526 45937 -257 -62327 5807 45657 -29187
r80 52178 -39625 -43724 -23856 -28523 -21086 -33638 -54233 18872 24833 59532 20552 -48198 37735 48855 -27486 21017 -28377 -60666 11532
r81 52350 -50238 14159 15323 -28599 -38965 11516 -31037 -59871 34066 -62955 -13349 -45589 10097 51674 12666 28785 15234 -47583 45637
r82 45085 57429 -59165 30029 -22634 23201 10564 19000 -7558 -37795 24822 -29445 54287 27780 476 -33907 -3605 15171 -7149 -28559
r83 35026 10617 -31551 -63514 24961 -23575 -29690 -33996 59704 -6714 29789 64005 -9180 -51040 -31379 63803 52774 -16560 60990 7802
r84 4595 -33945 -56145 8690 -50543 35014 51640 -41559 60728 42855 -48293 -31751 -38861 -46001 -24447 13471 -30402 -38418 37129 50445
r85 -4665 38885 -16468 -6687 -10285 33528 -12180 59551 -46091 -59536 -38449 7174 -9166 50860 2429 28155 28927 -16255 21403 -52951
r86 18448 33121 -11304 -10974 -29394 -51944 -48030 -60042 -58476 59753 27331 62660 42163 -40766 57216 -40734 18881 -48961 -45486 -65142
r87 49064 20344 37739 -63365 -6715 -60887 51030 -7482 -46320 -27446 -56312 -51116 -11608 18846 62852 -26787 -167 8743 -2899 503
r88 -14743 -43635 69 32892 38450 18622 -17512 46656 62709 -31341 -28330 -13984 -7702 -16489 36890 -44486 21426 -51362 -41127 -8332
r89 7404 36647 -2280 54356 26208 -29018 -22352 -35497 24025 50071 -41731 39004 -2481 34653 60520 -17574 -6981 -29863 17746 12307
r90 -47743 42708 25951 44609 -763 -39906 -23231 53745 39638 9781 -17084 26557 -5703 -38543 -51584 -37568 -975 2751 26358 -7294
r91 9801 -59629 56655 -47223 -46862 8406 -7173 34033 -14933 29114 41198 9596 -62990 -56109 -40337 -2103 3675 38653 25544 -17862
r92 -54435 63884 51788 -3690 42405 28963 -1068 -31773 57659 47933 61464 44185 13769 53834 -25043 -58600 32122 40456 -11638 -63811
r93 -47427 -50187 -5158 -5372 -51066 -53815 -44266 -24562 -40147 -12636 21431 27765 -58691 39587 -33179 -24061 -57051 -55945 43207 -43787
r94 -62696 17459 -12359 14332 64290 -25539 -58866 -17585 -56641 -31016 31380 -51924 -21560 -3074 -56191 21151 62079 -16921 62239 19448
r95 24360 8130 40247 58672 -34563 64707 -23045 -32452 51808 -25376 -6982 -56727 573 9791 34925 12796 19305 14102 -39539 28454
r96 -65088 -52799 -50399 13194 -37459 15867 49538 -52833 -17087 -18071 -25510 32240 -7974 -5504 -4804 -11506 -25979 59007 20870 8813
r97 55636 43489 65106 7906 -10425 -525 14545 -44793 -7951 44257 -49010 -10028 340 14093 55310 27328 -35970 11007 -63767 13984
r98 62264 22186 -28183 48397 33745 -61314 -17990 -47327 -4660 65348 40235 6565 -64154 52520 -34651 36534 -6759 57594 -17027 -50544
r99 51614 43606 -41850 -7756 12612 -35750 -37310 -23465 23282 -5650 1818 8984 -53336 -31714 -44992 1046 -59320 -33123 -48597 54706
r100 18142 13683 25035 50176 -13330 25754 -53550 -30045 46052 -45836 27802 -44688 3843 42776 -10151 40015 50929 -52817 -61678 -21140
r101 52318 -9588 57785 -15587 -31995 -17977 -35360 -44101 25203 8492 5187 -42509 -33881 13342 -43605 60955 -49818 32508 -52010 -36882
r102 15308 -23750 -39024 18559 -733 32327 36138 -11093 38042 -56306 9616 -61091 -58813 62466 17567 -26836 -61316 14515 -36031 -2875
r103 -3815 18638 52539 18388 51590 -61250 -16824 -5206 -21707 -53301 49349 21074 -63357 -34848 -43671 -32639 56439 -48730 -11040 -64056
r104 -54762 -34147 63565 34260 -434 8707 1093 31589 32595 12713 -29189 -4227 -52029 55699 16966 43847 34132 65498 -6005 -9554
r105 -7642 18593 -62383 -32992 58232 -61708 23657 33291 -48808 11831 63660 25955 11924 -57837 26918 12550 -15841 -18435 6878 -55595
r106 -39648 808 -52318 15417 -20540 6366 -1481 -8306 -28025 -64191 28612 1494 -61027 -43939 -30684 -14619 42136 -25034 -8917 27130
r107 27396 44758 46108 -15711 43984 -42671 -47882 -35035 44314 12434 -21285 23426 -40282 -9235 -5353 -21057 11583 25132 -45063 58122
r108 -5163 -55235 15254 -26050 -16803 -23569 59093 -55668 41692 -47046 8520 29673 19434 36581 45883 26863 -61261 -20718 -12960 29038
r109 56430 35903 30837 27773 -64634 -14631 50603 63914 61600 64664 64984 48998 26418 -49084 31713 -56394 58104 -38214 -56438 54055
r110 46167 60849 -53649 -27425 39802 21558 -44045 -59222 -49407 61070 19566 46862 -19191 34960 -20542 -32062 36806 -2436 -38272 -52493
r111 16692 14636 -14904 -51059 -25431 -30383 -19204 57716 -25745 10587 -2582 28500 -26273 51849 38499 -44808 40354 -1979 28102 47464
r112 56068 -26868 -33560 -13881 31010 39060 19384 53679 48300 2886 -49269 -51479 8029 16917 11840 -9082 3102 16537 6039 -58336
r113 -23025 1412 -60705 37586 -27138 10132 -61005 -28398 34271 33360 -42721 33801 10282 9234 -54734 38080 53297 4021 24559 -55917
r114 -28329 46824 63493 43020 1605 42020 59196 15062 -31061 13678 -56882 61027 -33966 4319 -33627 -17626 -58949 18554 -60118 42607
r115 -3683 55685 -56676 1242 10802 -21001 -13193 38005 6571 -24381 60362 65419 42196 29664 1133 -58414 -28765 4427 48300 3316
r116 20027 14789 639 -39393 27765 -36404 -3410 -18374 37994 -60537 11499 -6344 60700 -29762 63492 2707 43822 -62554 -8954 34356
r117 -27166 -9035 40121 39563 44710 64051 -36341 51330 -48718 25775 57960 35092 -56497 -33974 -2181 31394 65250 7216 62448 45086
r118 12839 21974 3203 8178 27102 58337 -52546 14062 -32474 6840 -1676 897 -49695 10519 51929 4465 -30587 58353 -29505 28295
r119 -38219 -47106 690 -34223 -8418 -26648 -65344 51556 17498 52481 -49561 -54264 -2746 58388 -36897 -11182 41093 -59010 5424 5782
r120 -56526 56130 7116 62287 23549 -4705 -42575 26978 -2698 14272 42017 -54300 -61083 -54099 33918 -12288 2136 -48816 59438 40233
r121 -26611 13729 -27130 28926 345 44332 18900 41463 45322 39176 -51966 40898 14095 11776 13986 62172 -1836 -33512 -24232 -43932
r122 -49051 -44752 -136 16410 22174 48003 -49416 -21184 32432 50803 -33886 -43751 39552 -33464 -9642 2700 35188 6830 -8700 60695
r123 7544 45943 16878 36897 7959 21005 32970 42303 -34335 -52006 -32941 -46673 -17276 2946 1652 39377 17464 38952 453 -12031
r124 57058 -37918 5654 33796 -10408 -42971 -47430 -33409 38995 372 3283 -63208 -65134 47713 35715 61020 48385 -33106 -35900 36322
r125 -12363 22291 -7404 37598 21653 -25818 39197 -3646 55439 34058 -23106 56751 -30611 55439 31160 -38011 -42481 54863 -20940 -42422
r126 -64620 -40677 -9210 53419 1882 -59309 -38654 25456 -30418 -43415 52885 -47493 -47869 9225 -64627 40638 -29391 46537 60095 -34669
r127 -29882 39156 40838 15946 -44340 -60060 -60478 51691 9853 -48216 -39185 51815 -39215 40373 -54654 1054 -51762 -61455 -64405 53461
r128 -38073 -5334 -31707 62243 -52645 10135 -63204 -12662 44562 61744 -24351 -60720 4099 13281 -2903 -38660 -62419 22765 18520 -33028
r129 63688 -28037 -48786 -11619 28705 4060 24560 -33652 -23643 24155 30647 -15991 57556 -29852 -32583 -58469 -21778 -46279 7788 -25460
r130 -29811 30280 23898 49025 -42812 50071 8661 -56642 -35711 -40803 11530 22509 -36961 -41062 -23729 56284 -51374 52769 28349 26129
r131 -15280 3547 13157 -53780 -607 43443 -40917 48293 6873 -41555 -11090 22479 19392 29254 -6720 693 -41155 -15617 9194 27193
r132 10642 -33025 8250 48143 4038 22009 43327 -26864 4917 -27279 -14738 -16389 20066 47519 -9856 -14592 -48181 -62214 -52621 -49141
r133 16919 35266 60094 -36399 49107 64421 1475 21686 46728 -39391 -18347 63036 -34189 -796 15271 51264 -23228 -54312 -470 43424
r134 32832 -32484 -44152 37176 -46963 -65465 -7520 18357 24681 51224 -32919 62492 21011 -4730 31504 1300 62039 46927 -45759 51131
r135 10001 -21774 -20292 45154 -56559 -29298 27036 -56903 33596 -54358 35253 12708 18924 -60195 24750 10039 11527 58981 33870 -56696
r136 -50187 40310 48449 7575 -25739 45223 15225 59597 3086 6681 47467 -37446 124 -24371 59460 -60741 -34320 27302 64197 6324
r137 12568 31064 -39087 23657 60265 -17395 30565 7173 50582 -37558 -45074 -29747 -61580 56489 55755 -62043 -49303 29814 32341 54643
r138 -28943 -4049 19891 -35479 -19348 -28582 -36607 -4133 58835 3224 2078 -41045 40308 -7247 63980 -22945 44904 -13937 54835 -6842
r139 48688 37955 24536 -46393 -25790 7502 -37121 20004 -22286 5050 -25241 32654 -32582 13393 14583 -49983 -38195 -47854 -1372 46204
r140 -14870 55945 56294 39020 -47887 -2272 -40690 -65251 15050 -30249 4018 20822 -55281 61406 2304 -41875 -30144 -3098 -58116 23637
r141 34741 -1366 59641 29171 3847 62854 49645 -41032 59047 -34705 60074 -2325 -60041 17601 -50046 -32519 62724 15102 -51601 19301
r142 56015 33688 63330 15155 55783 63737 -47269 -4241 -49658 17214 -5028 19798 60527 45151 -47989 -47142 16061 -20711 -46998 -43602
r143 -33986 -11385 -53505 -38001 59710 56214 179 -3692 49531 35897 -30312 -20350 26146 -43914 46750 -5106 -56019 -58285 23239 -172
r144 45835 -29719 41054 4958 -7206 27238 52336 -8339 -50828 -57004 3310 -54758 11030 -33389 -18069 39893 61041 59337 7732 15025
r145 21092 14901 49917 -37835 61423 56710 -52684 -33636 -306 27841 38509 -25624 16562 -6296 18861 51503 -30251 11513 -727 5957
r146 -19729 62242 -51168 3752 48576 55954 -65426 -31629 -24478 -14357 -20080 -34904 29517 32914 65026 -23749 -30909 -32298 -39977 -43815
r147 -52285 52192 60541 52242 -27466 62222 -46682 -61986 16725 10095 15550 -47281 22130 28056 -21683 -5656 -40590 23197 44163 62
r148 41645 41306 -40972 -23311 4906 -54328 40566 -45395 -47937 28005 -50549 18606 -49668 61410 -44243 33713 -25247 27962 -8045 12579
r149 3745 53672 -9356 -20741 40920 -58401 42830 18150 -61214 2714 13297 -21393 43523 41412 37465 -13106 -21978 28948 7537 -16093
r150 -43905 -23122 -28837 -65421 -62444 -4374 -16146 -10915 -5805 -30764 -53321 3974 17912 50685 -30026 -57452 25270 46850 26755 -8904
r151 48635 -32276 -5469 -24844 15339 3917 -51179 44635 -5533 59599 -47663 31994 1421 -44156 -57336 -59438 -34653 17122 40327 54590
r152 59121 -39313 -39988 44334 50355 -22585 9774 -33387 21288 -41892 -60160 25437 -36757 -55280 -14260 47877 23647 51789 -2519 6227
r153 -43869 43010 32310 24234 45405 65154 -41621 -49760 37712 -35023 -1998 -40590 4199 55078 34169 38917 -5043 56153 -42769 40152
r154 -39777 -6878 -63391 -1875 49189 37021 48707 -53795 59667 31283 14715 35082 -21289 23508 -7832 -5294 34771 -53707 6433 48601
r155 -33580 -25447 -22219 64251 44112 -26565 28230 -54288 19764 -47917 50333 -21593 -10613 23032 55629 62414 -41820 17504 -15838 60312
r156 3071 37606 -35387 -38799 23174 50800 -61251 -41265 -59944 -62402 42557 1475 -62500 -4395 -40926 -43716 49739 42452 -23423 44589
r157 -43416 -60380 -44805 -31395 43568 34005 -12049 -6397 33261 45983 -44060 -16848 -25608 24216 -63385 -14426 -43000 -42247 -51141 -19463
r158 -22892 12218 -28481 -7498 61279 -20878 -12957 14797 11647 1919 -2230 58751 -57832 18843 -5797 5357 -2226 -48744 -8940 -45122
r159 27057 -13516 33874 32372 -29785 -24145 -6193 -51844 -29331 5694 -5261 62122 -35040 -7634 49366 -23707 183 -52655 -2347 -2016
r160 -17790 -7781 -17635 -18908 43820 -28913 9089 35563 44458 26467 -21860 40762 -38874 -29323 23999 -34980 54368 61201 -32119 6572
r161 -44866 7341 44388 -9124 -35156 33555 24703 -52530 13468 -29451 -42744 8380 -13324 21538 -20806 16397 11747 -52691 -26298 46688
r162 -8125 -13576 45977 -60384 -49982 18653 -9795 -6857 -314 28121 -45963 6215 -38968 43841 32159 14305 -29716 -43316 38665 47124
r163 -12353 -42833 9039 -21797 27570 60146 47695 33445 -52497 -55430 -48333 30118 49916 4057 -18190 64889 -40997 9135 -23184 -21263
r164 -46115 -47195 -56902 38610 -53093 -25445 -35219 -18640 1489 16836 57186 -11703 23028 -41678 11558 50142 -44507 19290 -15614 24011
r165 47557 -13382 -32653 -9976 43641 53097 30314 56107 -14149 -17589 -21126 63468 -13187 7505 -41478 -25980 34259 3187 -27771 -49183
r166 23457 10879 61991 -6057 14870 1830 21072 7520 -60680 -48702 -23142 -19633 -37656 55600 -57375 53276 51543 40805 43673 29235
r167 1053 -47328 65208 20955 36423 35637 -47515 50400 -57083 5221 -55676 3275 29642 -50524 61045 -29612 60870 -31341 22353 32957
r168 57098 62293 35532 17425 31457 -30638 -47342 10104 50939 -8422 -25666 -3260 -7238 54385 33366 18265 47294 -15877 -29497 55805
r169 -11699 21282 24399 -37833 16897 -29650 5822 -53804 3576 -49292 -35204 18657 17528 51484 42734 -33296 26918 -59431 -18299 -64301
r170 -2717 -55925 -21183 -16370 3298 15390 -43000 15523 8989 55957 -5721 -4803 21573 -22364 57826 -25896 -60041 -3101 44270 41360
r171 -47926 -322 56523 52130 -39216 -150 23302 2290 27946 -3537 -5563 -57487 48642 -14992 19616 -6744 -51321 1329 -7596 -62773
r172 -53961 16635 -13588 -54594 -59544 34136 31717 52016 -63888 -63986 50546 -43483 39771 45385 9348 49947 29968 58362 -44418 43632
r173 -32138 63555 -9113 13517 -23474 21238 -22962 -28069 -50444 -64729 -46596 42405 -59920 -55773 -1230 -47169 23521 59562 -16413 -32282
r174 -6684 3238 -15131 6550 53638 21555 -37888 7891 -5067 56180 -60904 24258 4407 -6278 22998 12942 -51271 -26606 58153 -11430
r175 -45776 52634 24240 45951 -27977 -8456 -23521 31082 -42394 -2861 59903 -31421 15359 50477 27718 3543 4692 47156 63432 23708
r176 -18768 45265 17618 45024 -40411 -6160 53216 -29228 -11969 49185 -20314 32672 -47436 -4374 42697 9393 -49404 -29377 -38833 28206
r177 -36830 -8204 -39473 -61964 -24657 5043 2729 27073 -62790 46242 -57373 -10674 48193 -28411 63259 -4625 -46782 -22661 -40101 61705
r178 21110 61284 -27064 49736 -30964 30983 -23650 56301 3809 -43526 -43377 43060 -40893 33888 6490 48038 13395 -9474 -63459 16828
r179 -55702 33277 -11565 -299 732 16645 -26577 57582 -57980 -38133 46962 39493 53313 -63343 -27391 -4872 13635 25436 25314 -51890
r180 4613 -48517 26386 -120 49196 20651 1668 -50881 -33335 -38738 53546 -49764 -19351 10261 -55649 -62225 8228 -10336 -39284 -60728
r181 -2448 23897 -34987 -40110 10921 -5242 -21872 35895 -21174 -30099 57134 27669 -24825 55736 -9537 42708 -9694 -64061 38436 32226
r182 -50483 1196 -58409 31216 19840 32237 7968 48997 -61260 63799 17541 -51034 44298 2452 6818 -27924 51451 8727 33152 47209
r183 -10054 -15401 -32704 55670 -34659 -27221 -25902 57533 33605 -14820 57979 21246 32527 21688 46705 25675 -38429 -4611 -38966 32571
r184 -41782 -56113 19615 19783 7759 -1352 -41887 -8147 57474 41132 -44499 44755 50349 -16682 17190 -59481 49864 -86 47189 -43059
r185 -24093 54608 30167 28441 -8108 -62649 50075 -46139 57493 -53934 -57828 -2193 -54988 31519 5299 63354 -20829 -23051 60196 -26990
r186 1340 15254 21202 -62990 -13453 50172 -37418 10791 -32497 -28161 49177 8041 -16365 11665 64554 16159 -64542 -55326 46351 -42226
r187 -27540 -57916 -62712 6404 -61101 42297 -11947 12448 51593 -35016 -26104 8265 52063 -63608 44425 -7827 18360 29938 2481 -30769
r188 -30222 -59068 -14072 13046 61955 49280 -48650 -51216 -18991 62562 25693 29253 47329 57895 -34382 15915 -44784 -54610 -37051 -63427
r189 55122 -6162 55202 -7083 -45447 20243 37516 49861 -33361 22804 -3583 39728 60045 33386 -23205 46160 -41764 -44123 65177 -8481
r190 -59874 -52741 -20913 55614 -44767 -19624 41169 -59689 -41962 -64139 -35909 21300 54424 -33117 36776 5246 15600 9159 -4794 -39596
r191 -53034 44291 61841 16455 23361 -29303 54335 -24053 -37772 -26596 12825 -44404 3685 -20545 53323 -1003 -9238 44952 -24893 -51452
r192 -6006 -64298 -10220 36194 -15985 -30661 43300 -50237 -1235 -19097 59031 31165 -12208 -25024 -24996 -17136 58371 -22344 -45099 -56123
r193 6721 33123 -40044 -19727 3522 -43718 35469 -50802 -55384 -47507 -5824 -24507 49937 -21735 -32927 1585 -9802 44884 8893 59047
r194 -43275 24346 30329 -9586 474 10340 57401 -42819 -54709 -28073 -24268 -24062 -19456 -49928 -22922 -5705 7980 62232 -51620 56615
r195 -24686 63862 64561 40686 24634 -45977 -8585 5016 -5723 43691 34493 -22180 -46373 -44418 48792 16465 40895 -13861 -63122 25851
r196 -32774 18247 7409 41709 36695 -15244 33886 -33791 55045 -41200 -35618 -8364 -51508 37759 -49558 -65071 -46449 22272 60936 39518
r197 -19845 -14613 -6397 -60872 -25041 -15210 44702 20141 -21524 -13767 -62712 -34669 44892 -39683 -27942 -51907 26909 -40748 -64596 23034
r198 -47500 -65200 53878 -61487 59442 -14570 7228 5699 -51673 50243 -50292 -57078 -48515 8718 -24971 -48921 -44766 -9184 -16262 -43568
r199 -63645 50891 -49505 -55166 -59838 -26992 -56537 -35290 -21443 -65316 -43807 9536 26922 25649 31837 -28702 8366 46721 17229 -55194
r200 19146 51586 54938 -61180 -60538 -64630 28088 36378 35458 22974 -35475 35762 55314 -45233 2739 55253 41331 31200 -2242 56420
r201 16826 65207 15620 -8003 56443 56895 57072 25758 -7396 -29979 -48588 64104 -4931 -30115 -3621 10738 -34866 59353 -26817 -32383
r202 14441 -7253 11866 12615 -6406 8069 38052 -57972 -33625 -46986 -3485 -59364 14184 -28957 43817 -25447 -60362 -38516 31892 41325
r203 -18055 -26170 -61791 19860 -28550 -43841 -56562 -39371 48465 -48122 60205 -7675 -63447 61667 -58276 29999 50511 31818 -60212 37980
r204 13110 -12373 41578 -18558 -39911 -51893 -26825 -42390 18018 54260 -54490 -65054 -63685 -53393 2168 -46443 12606 -59131 46328 42464
r205 10567 64913 -62250 60763 -27315 9651 -51377 -36134 57482 -52712 30639 22801 -7040 22536 40656 57194 47495 -19330 25734 62094
r206 -4629 -8726 -42319 53130 42697 -17504 -44415 -62179 42819 59668 -62637 -31142 50734 -50609 65220 31726 5814 -52433 -50675 -52521
r207 10178 6665 9836 -34061 50882 6528 7866 36220 -63935 56968 -46940 -5086 10081 -29089 27597 -63290 64797 20517 -61046 -22344
r208 -1709 -609 61865 1047 37538 -33536 -60267 40116 29819 52879 -45059 17805 -40222 6360 52024 -21949 16502 -15329 16842 -36468
r209 4030 -31299 -19862 4198 -42422 34364 42377 -64541 -2156 -38507 -14082 61603 -22054 -42146 25393 56464 -29216 -27294 -36904 14763
r210 32019 53069 56900 -20201 -25778 -38380 -25686 -58459 -43773 -6224 20338 -10589 24869 18489 -41238 44880 26270 4440 8239 -60119
r211 -48955 39407 23184 -49841 26811 46412 21922 62055 38669 64877 -40648 38160 13181 -61670 -4939 -27819 -23741 -15016 -1068 26183
r212 -62108 -42208 5948 -11719 44834 -60964 -30465 -61832 20970 -24518 30168 61647 58834 57795 -41174 -24436 -23861 -40562 -34415 -23480
r213 -55991 -60011 44689 -38032 -34038 56134 -10618 26837 -46011 3528 64546 43992 -17818 37093 -63348 -11454 58138 -29578 -32821 17456
r214 -63101 -27026 -45009 -54001 1913 -28733 33116 30771 25485 -2665 29204 52637 31317 -55422 -23817 -55553 -14622 37234 -31572 -16993
r215 -30688 -39323 49708 56004 3431 -38692 59163 55476 -44692 -41627 -23482 -48186 -33902 8591 -1779 -14195 -15888 26476 -56949 -18209
r216 -17110 28654 -65256 -23601 -2846 53870 54860 2221 36192 34454 60769 54379 36211 -48000 16441 -27977 20045 -11892 42699 23740
r217 -32567 -14170 -49863 28476 64030 48512 -36479 21632 -61458 44562 29541 -6150 -18257 -25756 57353 -36070 37077 29993 20039 -61253
r218 -24695 -29672 -31219 -29665 65211 45210 -7606 10129 -39652 10236 12293 -48594 42746 18435 64436 -39342 -60050 -4751 -26001 46137
r219 4354 -40501 468 3642 -43253 25958 12175 54376 -23518 -34587 59088 -60043 2218 -48809 -11863 -4955 22855 -20318 -61856 -8548
r220 20060 10245 -31841 0 6899 57508 7398 39132 24529 44835 27902 28166 -21118 -1222 33660 3149 -61448 -20144 11116 60094
r221 18169 -60026 -18293 14284 51796 55113 -53808 64732 -41048 -4145 -17307 -49387 30823 -52149 -53716 23792 34847 -52329 60233 -40420
r222 -27161 28367 6087 -51350 63365 -37478 32394 -25350 48796 34747 26862 -57511 32101 -15043 43211 -36873 -26613 52707 37799 -51274
r223 8796 44727 -49383 -8353 17950 -10297 57276 -56243 18614 30446 -56627 25404 -43620 -9883 17069 43356 58895 -17974 8486 29125
r224 455 -12135 -33627 39582 -60581 -38499 47604 9826 49599 55515 52733 -33313 -61952 -30743 41327 16835 39881 -16831 59357 -57155
r225 11642 -5257 62887 54377 396 31198 -27893 47907 23958 47450 3309 -60671 37899 -41914 9926 2621 42387 40590 -58856 54329
r226 -27267 -29991 -5433 -10884 59952 -13867 -17870 -49889 8363 37101 -6963 40864 42000 22353 3165 41358 -32036 21924 62485 5417
r227 55788 -1451 -45231 -62103 37667 62050 9214 36119 39582 28091 30764 26901 10102 45583 -24222 -21128 -40564 13260 1366 -37329
r228 13168 -5261 -53133 59188 -57996 51558 33411 -11706 5110 39241 14557 -45566 4694 -59877 56078 -16157 -54631 17864 26682 57609
r229 47043 -14673 19896 4717 -36252 -27812 -61169 -43840 62911 -31439 27159 -9554 -16661 -61732 32798 57965 -39452 58116 60600 -15593
r230 5151 -38869 28019 -53762 -34122 -60529 -30454 9380 -25608 46541 -24593 37888 7477 40516 34183 -57198 55339 37907 39 -40705
r231 -60409 -44721 38964 -41407 28129 32076 -57273 42769 29675 59879 -40290 -50124 -52890 3000 -43823 -43898 -43815 -2159 31414 -31991
r232 38653 -3035 -13493 -2499 -65027 -35594 51255 31958 -2671 8651 42901 17673 -38099 6526 26476 51326 -46560 -9630 -62699 35411
r233 1845 47484 -8482 -20034 18295 -11274 -41432 -27089 63886 53644 -16951 -19790 -57367 -58334 10341 -37133 34583 10295 -36455 12162
r234 -7884 -55248 22683 -15470 43087 8885 53737 57052 -42895 -44725 -45870 40486 -65397 45028 -9711 -38107 -19387 38026 -59568 10941
r235 -56776 12406 7310 20796 3846 -62487 -38944 -27644 15066 -49146 -37418 19169 27766 64512 -49733 -4631 42797 59636 35831 -4382
r236 -43805 22220 6491 -31688 -42255 20440 -23133 19524 -5270 -2738 14609 -35036 2180 -30603 -19830 43241 -26503 -36997 1446 -12205
r237 -23642 -28164 17537 51897 44234 -2423 -46697 -35759 35842 -9835 62301 -61175 -63963 -58258 44787 -23586 -65257 57033 63177 -46478
r238 -34665 -25310 25810 -20961 -23765 -29595 22614 -1683 -11344 56511 15525 -7597 -21335 21068 -51325 -3483 -4662 21853 56915 -43757
r239 27824 -33446 23803 24708 13033 15748 -12779 -38326 49939 23991 35460 26405 38514 -46808 -55143 -24350 20781 8543 22098 -40120
r240 -23531 17832 -51968 63914 44278 -5154 -63387 62981 -15996 -59653 -6021 -7064 -4649 -43682 63886 15380 556 -5938 -1896 -22036
r241 28051 53212 -1119 -18178 12152 3076 42664 -7477 -57717 2681 -8653 -61941 -64242 -22233 19170 17831 17542 5062 -61483 -5966
r242 -32188 52579 -24448 -64645 8078 -63547 -889 -22147 54168 -31212 35801 51880 -27719 65502 -33901 16139 -22162 -15980 -38005 64095
r243 -5742 18023 36385 -35162 -28039 -60364 44022 -48968 61546 1523 -12636 -46769 -33959 64527 7619 -22031 -61383 45024 58846 2457
r244 6099 40667 -44400 37616 -10438 50263 -31927 6149 45139 -13389 -14493 -44160 -6071 6515 22903 36543 845 52562 -43760 -30834
r245 47576 7480 47600 35178 61346 -62993 685 36372 -22647 -12726 -46127 -39962 64191 38365 7078 63394 51871 -36803 26430 47292
r246 45623 -43318 -54774 27823 8432 37804 -44638 -3344 -4220 8768 -27337 92 -50816 -2625 21379 27233 55814 33322 -49859 -54696
r247 62426 -40602 9230 41678 43640 32974 14357 -19713 -60238 9330 -18827 -22746 20764 4338 57073 -7383 43011 -2671 -48564 63421
r248 -37790 -175 -24809 50361 60635 62619 -38793 -31519 -61508 13377 -4750 55358 55872 -48695 56693 -41810 40259 60375 -62773 -31401
r249 -59768 -63617 16825 -27228 11722 262 -56694 -65495 40683 5217 48364 3916 -65003 64418 -12811 22652 4652 -49641 -51566 50182
r250 -52923 -7172 -11735 15678 57820 7523 20023 -35967 30844 -52012 -1000 46651 60715 47314 55423 -47141 12195 -13236 -45921 -6462
r251 -42853 -58280 -23173 63638 35788 9235 -26783 56810 2319 24918 -6486 39439 62220 -39244 3022 -60355 55340 51865 1898 -64654
r252 -14679 -11264 -30303 -60177 -62556 26472 51275 -23281 49427 -37302 59282 -44434 12491 -63395 -35038 -447 20046 23040 45721 26631
r253 -11482 14612 8963 -47436 -19380 -60458 23141 63694 -36286 53652 -21071 45832 3680 -16204 -24162 -45380 48570 1504 22928 -14237
r254 -44978 9598 13904 29849 39166 -27736 3443 -59638 -13088 31122 26378 -42978 -35541 -32310 13187 31040 56084 10657 -26575 -37755
r255 -32159 58726 60567 -7804 -13454 -19477 -24283 -3854 62447 48791 15202 -45062 1817 51357 810 -61913 -22054 6949 2389 -44555
r256 -19070 10077 -64870 46919 -44016 940 49530 -62597 -55459 -30645 41308 3363 13860 28477 -37649 -57183 19750 58245 -14396 -27751
r257 29161 16721 50654 28856 -56176 37651 -43072 23861 -4961 36449 -30890 25862 -51421 -18796 -55524 23201 247 -19805 31518 -38010
r258 19075 16176 47434 -17385 24708 37810 -55971 52279 -6578 13711 -50867 9097 -30730 -27215 -56206 53812 -23017 -41998 -20184 28627
r259 -56857 -55863 57083 22252 38185 11979 39347 13224 -43596 -62366 -45668 13435 -26559 7738 -43448 36521 26823 -20670 25552 -51276
r260 60381 50989 41132 -17439 3954 -58396 -48169 -57373 53061 16916 -42851 -57807 25791 14553 -31505 21653 64187 -7858 -36831 22431
r261 -39578 -33905 34865 -14622 -64284 59388 -60128 28617 2927 8279 -28185 46748 -36512 12597 3257 19071 -49213 -12590 -32336 63521
r262 -32669 37222 -9217 -43992 -26914 53472 48211 7014 44585 -29008 -10456 -18837 -967 46644 -22563 49438 8230 53998 -34654 -32069
r263 -24933 15798 -23330 -54357 28726 -12659 -48021 63590 38986 -17178 -39671 11309 -5628 -45738 33251 -39675 -35376 -31113 -8790 -33542
r264 34191 -333 36638 57930 52701 -11585 44955 -62063 25707 -13663 17515 -15193 52617 47006 -64401 61503 -33856 46091 32088 8785
r265 32215 -24212 47574 12934 -2409 18871 36171 -46402 -63301 3403 45914 48660 17054 -63906 10208 41222 35525 -44028 -651 -4230
r266 36782 -56876 24004 -17874 46221 -52235 15492 -14884 -37330 25577 45829 36761 12853 6219 -56185 -12785 -11505 32063 -35540 -17866
r267 18823 11207 -63246 47899 54559 -62640 -12052 63512 -15412 40312 61609 -8714 60213 26231 -61473 -18371 20220 -40302 29416 39590
r268 46300 -39750 44694 1358 41334 -10139 45571 2001 -33342 950 -58332 -15654 -7657 12409 -1480 -1297 -64121 -52918 -48756 -58652
r269 40712 -24087 4858 45587 24705 -40741 53428 34114 -48594 35273 23421 30092 8727 17676 46613 -33618 13966 63895 -56855 -10005
r270 -1168 55422 -62094 -65525 -19088 -62097 -1429 -54233 32594 -305 -18124 -42780 16403 13052 -17424 42395 -10560 54182 2161 39309
r271 -3793 -33201 -19338 50380 5050 -64905 51090 3868 -16977 -57354 -199 10846 -29304 5169 61554 -63422 -49860 44349 -48255 56132
r272 10233 45233 47782 43542 -21335 25427 32198 14404 -7671 38512 -30241 22463 47814 -52183 -55660 39858 -51874 33134 17640 9780
r273 -3279 -56340 61113 30675 -54994 34242 12672 6159 47641 26326 -897 65061 -20258 2361 1198 49820 -30586 -56271 58441 63040
r274 -52069 -47853 -2261 60391 -34836 -56689 48928 36191 -21354 18666 -40872 -47211 -49102 35122 28186 -28780 -37499 -40664 -29485 61341
r275 -4064 -62441 13542 -18020 61089 -58393 57569 -50117 -31231 -44416 -13888 49263 -44829 40905 -10749 -44007 22793 28693 -12437 46676
r276 51801 -23650 -795 48217 908 -65523 -64548 28813 23818 -58745 -19930 59271 -36992 -35542 -57748 58564 -11782 -15803 18539 -22951
r277 6351 -44134 -19183 10161 33048 5908 -38205 -36414 54052 -558 61288 -42718 -33215 21204 30974 -2141 -12044 56585 -64048 -52485
r278 9559 39132 50045 -9280 26781 31366 -37615 -27872 28590 -43375 60390 32017 -44467 23423 -5715 18321 12552 -22832 -55182 -56548
r279 2579 -12556 -35048 -26534 -55669 -8214 50696 46462 -36283 28732 25819 65514 -62476 8164 7803 38962 -60524 -13789 -12049 -56009
r280 63562 14161 50763 9610 -48217 -54767 -34645 -27959 51355 -35340 42629 2653 28305 17489 -37444 60831 -28579 -53346 -63908 -5708
r281 28959 2909 51275 -48310 -33660 -50453 41726 25646 51751 54185 -59364 27170 -64313 37834 45087 15767 -47561 56377 -50895 43446
r282 -6172 -4509 57035 25141 -39207 28543 20378 29758 1405 -39012 -42117 23563 1564 55213 -23360 -39561 56425 -18912 5761 14109
r283 11416 -32255 -36034 -63934 2735 4684 49681 22082 46031 57471 11372 9964 -20445 54508 9501 28228 -29459 -26471 3141 758
r284 -50728 4119 -9063 -58829 -60774 8473 -29516 16768 -43750 -8308 -38508 26419 -41862 -20769 -7323 -49126 54469 35020 39609 53370
r285 -15377 17652 3835 20966 30784 56747 35476 24919 -2712 33457 43482 4123 -23505 -13911 60119 -26794 39801 63600 34749 53452
r286 22848 64491 29440 -39670 61612 10626 -25098 -45568 -23033 -9487 -19823 10842 -60745 52163 35821 63584 -46222 40030 43463 22779
r287 28435 -43428 -65025 -49966 5416 38407 28229 36294 -17287 -59365 -40554 3032 55432 43032 50503 62021 -59496 63755 -6992 46523
r288 60633 -12363 43828 56057 2801 65140 -48240 -3206 41914 -43499 -21058 5295 14247 45189 -42749 52126 -9886 -48509 -13260 -33265
r289 -48731 27921 -12427 -30241 37696 9347 -42600 4723 -49571 -51485 -7814 41968 13944 -4537 34498 -46604 -35155 -7732 -57571 -54708
r290 -14946 -53028 44539 2119 33169 -29004 243 -21048 4350 -50148 -45519 -22468 -24588 -21510 -61836 61513 30829 37406 -2209 -38313
r291 -7980 -23958 -40137 -40056 -23746 -20940 -28049 19752 62482 -37344 29783 -61354 26137 28268 19273 63491 -55775 -63140 -18184 46839
r292 33543 2685 1225 50228 -64280 -14178 -18764 -15490 44487 48934 51521 48215 -16080 -13565 47864 -49358 -53637 37287 51223 -3381
r293 8842 -485 -47157 -18346 8115 53915 -7157 -12757 61145 -30749 -1519 -14551 -4826 -28753 -15941 51930 -20889 7424 -51674 52897
r294 -19055 -41760 25583 -59901 61830 -34056 45867 -60602 29654 -28337 23673 42974 -1144 62396 48000 54450 3744 62533 23530 45998
r295 -14185 -64486 -26873 -54209 18842 -7085 -40915 -58881 5772 -43279 -10577 -28228 39926 -48979 -42158 54774 56009 3566 14667 32254
r296 2254 -22372 26209 -35906 -4423 -43482 -54889 28938 -60702 -23936 3743 23304 33128 38617 63018 -1078 46470 -33377 60741 -34514
r297 38272 -35684 11354 -4938 9680 6205 46363 12310 18462 -26282 18825 38090 15566 3659 9187 -32880 42803 50120 44934 -59043
r298 -17894 -37215 -35676 59896 48851 7742 44069 52689 -1650 -24140 -22446 53608 4486 31744 54870 -39827 -47333 -57883 32980 -34772
r299 17601 -9324 5313 -37923 -40987 29065 -879 -21739 -22811 -1377 -51737 -46160 60187 44082 39504 46067 4974 55115 43405 64903
r300 -62375 10477 59656 -57567 -192 23233 39477 -25598 -41150 38838 36301 31644 506 52791 62112 -50076 4250 -16137 2768 57343
r301 11871 -20525 -60806 29240 35075 21232 11026 49393 -59654 -20270 57772 39852 31160 51183 30481 -61249 27567 19349 -21730 33589
r302 -34380 -336 22829 -17691 40270 -53916 -10351 23761 -52360 53244 19238 41798 45435 -16704 28161 -36718 14221 -40851 7095 64004
r303 58342 59113 39780 -7257 28944 -2697 46424 49390 52885 -27795 30747 -35735 -25246 7141 47262 -7162 -59058 -61878 -8373 -43460
r304 54254 33368 58710 -42434 -32415 -57351 -52171 -51228 191 10496 -64527 -35866 28068 17069 -42124 -44028 44260 35476 17544 10328
r305 -25633 -27789 -52270 -42033 -19688 46383 55255 24527 -24407 42179 18059 -21376 -7327 -25038 55493 37676 -60838 -1193 -39474 -30461
r306 -9563 -5635 61295 -32192 19011 -21525 -45105 49551 50733 43481 -30897 46951 -7921 40027 27240 -37946 -55841 22876 20605 57132
r307 31288 65474 -9440 46061 -50169 60726 3534 722 -18733 -2897 -30496 -15584 44930 -541 40532 40975 -39202 -26168 -4103 15224
r308 -6645 62089 43441 12606 -24889 -27626 57225 -48057 -65388 -13433 16452 -29479 51014 -40291 47238 -34452 -49937 35786 -43486 -12223
r309 22039 38654 -9380 4156 5344 27163 -3043 -30936 -13201 -33331 -54863 -49469 49554 27036 -54369 5518 -5323 49096 2491 -63178
r310 -6536 -59366 -43594 59988 8742 45713 -10393 -23710 -32232 34012 23342 -51905 -12526 -62179 53006 33664 -59596 -20474 53022 51123
r311 -52522 17642 -64332 -35904 -23636 -7458 62963 -11813 20901 38315 30905 40765 60028 64388 -21378 16054 26088 18828 -20445 4634
r312 -32567 5714 59111 -52447 -14856 53006 -57739 -24133 -5466 53589 -64150 53351 -12900 -33142 -2275 60604 59662 56814 53030 -5904
r313 -47355 12213 -56682 59717 6 -1620 -63173 -50811 43757 23665 -26837 58546 -4800 -48787 58113 -25800 -23353 -36811 -35416 -8275
r314 -48806 -65227 -10841 -56712 19700 -808 59762 -53190 33433 41194 6853 17008 -56256 -11977 -41509 -42591 36324 7981 6667 24833
r315 -4119 -27800 -50592 -54083 6828 -62139 34318 10015 -24181 -14859 2292 35735 -14553 -26450 -20028 -36319 -32047 19052 50719 -49000
r316 -155 56502 24495 17714 -60703 10569 -48037 44861 30941 16272 42367 57361 26068 -26468 -26120 -4965 22255 -56232 3457 24241
r317 49304 -39907 17803 27133 42140 18088 27003 51647 36596 -60771 21000 -63308 2707 -3507 -2274 -36674 -50873 1353 17554 673
r318 12551 -60037 14729 52958 -13095 -39118 24727 -40286 -28022 22759 38125 356 31153 57131 50193 48482 62240 28429 3173 -62738
r319 -22475 -7385 -34343 -38202 -33386 19682 53312 3537 -56783 -60044 11565 23325 55954 60276 64067 44641 1553 -7852 -39201 15280
r320 -49523 -5603 16578 13386 -33213 -14443 -3985 2317 46044 49652 4722 -47914 44547 18645 33555 -6285 -16540 -22602 -14367 16192
r321 58803 -45032 37599 -23098 33217 -30912 60846 59657 -2185 -24659 -24044 -43536 25296 -37157 18413 45636 -50641 65081 -53626 -47701
r322 21947 -3721 -5936 49511 2301 17634 4066 -22952 41271 -13759 10522 -17259 51765 -54030 -20696 13694 -1767 19154 -29832 45579
r323 50322 -40565 -21742 -60842 61447 -7738 -5292 -29940 -52476 -29455 62785 -37502 54070 50729 -62306 56801 -15935 -40360 44784 -33434
r324 45363 -54887 31276 -65504 -48991 -33898 -36496 31766 -52957 -42238 -9646 45585 9562 44544 53883 42638 63504 34517 -36759 -6990
r325 -689 57607 -1884 -20353 4458 -28982 -23026 -51158 28851 32651 -64492 27593 33593 39744 -61438 53954 -65109 50806 -60316 -23451
r326 -61454 20587 -65490 -33802 -58569 -31443 -14951 -43490 -17194 55190 32367 -26912 -50812 -55289 -37313 -39260 26622 -4937 -38825 -17930
r327 -26945 46744 -22263 11619 46382 -62886 30629 23061 -46078 52856 43739 49790 59334 -10473 -33661 -18632 10986 -35360 58912 -58688
r328 -870 -19452 10932 1147 19641 40957 -20565 61817 51906 -31593 -13850 -11255 4211 46668 -20023 -12791 40001 -27197 -32840 -17078
r329 52059 23818 31859 43824 -38618 -5742 -35964 18811 42495 21759 -54738 -12682 -21635 54026 -59489 42529 27097 -60791 54502 62124
r330 -40959 17048 -62454 -50473 30738 -39781 -40105 -959 -17898 -25946 -16475 20189 -16335 -45490 -28999 -59817 9253 -50667 -59672 12613
r331 -12328 2931 5359 61934 11944 10395 -55074 -37501 64385 15677 22688 -65372 -18105 -48904 23551 -63929 63413 -44473 -54852 -20072
r332 58483 55351 -63582 -15405 25972 -26071 15584 44715 28448 -28070 -27298 14421 -58956 13332 -48895 36572 -36181 -47620 -7995 7426
r333 58517 -43874 -46032 -32064 -54190 -64997 62490 -23809 35337 -36898 -28564 -55198 -35190 -120 -43121 6669 -15356 57022 -42540 -8187
r334 8241 6728 63033 -12529 -63371 21902 55372 51364 -56327 -60825 -31368 -5786 33646 -9393 5068 179 -38359 -61245 -23559 -58310
r335 -17664 -9387 16895 52193 -52177 -31780 -60468 42662 55598 205 4348 44434 -17068 42658 -26064 -20973 -60897 -63043 -1820 -15919
r336 -35380 -23407 -55186 49010 -19437 -34441 26924 -33410 39002 7233 48782 266 -25053 34960 -62517 -29052 62796 23038 58382 16507
r337 13936 -27471 36266 -58760 -17646 32833 -57553 61934 -26603 32050 -37877 7675 40182 -4798 -48903 17058 -38971 56319 27708 266
r338 -51313 41216 20765 28790 -25028 -29030 -13426 -31358 3398 -40182 3424 45408 -20968 38988 58787 44549 -56554 60951 47555 15553
r339 -10074 5292 52930 -56686 -63998 19598 -15974 -37622 -6240 25157 -58374 52637 -12147 33638 48338 -14742 -2417 43913 -24956 6142
r340 -61401 -38395 -3399 -40973 -15951 -50362 -7265 -51180 -49282 43056 -26639 1129 34685 -39502 -32056 -54857 -17164 34917 -2035 2626
r341 40478 46631 39837 51779 -58713 -63004 56960 41651 -60654 47930 -4187 -64261 44616 26878 31345 -49296 -8720 5891 27573 -30659
r342 -668 46394 -7238 62404 13802 -42744 -48115 10473 -60501 -22741 3953 42633 58106 -7905 31599 10920 -51992 59366 -5492 -26293
r343 -18301 59176 -7006 54998 47973 41188 39681 -63473 -52009 28797 23559 -40524 -45448 -11058 8052 -20318 -44580 -44704 -6827 8440
r344 20995 31743 -22870 -27300 5681 -57490 57516 -12009 37308 -60552 5201 -63619 51297 2307 62896 41143 -56728 -9412 -32211 17181
r345 -64001 62608 32441 -54264 36294 -12545 57584 36791 -52044 7293 -6731 61024 -55540 37759 -39857 -34610 -42971 6662 -10229 -13463
r346 -38433 -13000 44332 -26928 55763 22010 -56829 14536 -52735 21736 -60743 47656 -20481 -58220 4813 16827 -18412 41655 -46522 17584
r347 34621 -28242 60517 -6595 51755 1864 48214 39733 -28561 6293 22012 17261 -50308 -23853 56816 -17235 36805 -22456 26756 -58720
r348 29141 8216 -32749 -38827 45230 -39233 -43406 -11386 29816 -57132 33292 38605 -32376 8000 19239 -4174 13128 24548 55529 -58244
r349 60312 -30013 -44317 63696 -31916 -46649 41167 -31118 -42495 -36718 -23708 12875 -33568 -26637 -60702 -14623 29570 -29527 59310 29564
r350 -486 -10966 43422 5356 -32092 -29444 -35440 7030 -10676 -25470 -25185 -5627 46603 28682 28132 -51231 14622 4356 -35442 14962
r351 19596 -39895 14873 37905 62399 -8861 61575 -50690 -11932 30953 -14986 -63183 -37467 -36600 -42957 60091 57471 -16676 -13063 9468
r352 -54402 -45666 55204 60326 17836 60727 61491 20682 -50225 -44258 35907 43519 -19976 17809 25040 28728 61097 11703 -58930 32787
r353 -10571 -16713 -35136 -36684 45055 -23952 42834 46513 -48631 39713 1831 62816 42905 2693 32272 -62324 -57509 -25158 -4516 -47428
r354 41266 -54980 4688 3222 44146 54801 -10156 4695 -65000 -28743 -55461 -43103 -25647 64383 16264 -49019 -63778 64359 28990 -49982
r355 64402 34880 44382 -54046 30771 14584 -19226 13242 6549 34705 -6654 -63790 -13124 35734 -25525 -40775 57814 52431 61303 16226
r356 -29482 52500 -4346 -51395 43091 7918 -58744 -41537 -19968 -16745 -4020 -13650 -25852 -9746 50510 61896 -7701 -10307 29945 -50452
r357 24029 32912 -13896 -24870 47801 47760 39861 41978 38789 -20757 39799 40555 34062 -42780 49669 -3974 44997 53707 6882 -30227
r358 -33937 59587 43828 30512 34524 64411 -1072 -47511 57155 28737 11212 40250 30689 -57762 29455 36186 -42364 -19707 -37197 60938
r359 -851 20821 -49650 -57937 -59984 16426 -20176 24628 -38441 16429 14033 9174 48179 -38552 -5192 58848 33695 6133 8141 30883
r360 -33048 545 44394 8558 46783 -32246 -4601 -57166 13740 56100 -51143 25161 -25711 46173 -60509 3556 35810 -42031 7547 -23105
r361 13634 50546 16740 16384 -46384 59666 53585 -59726 44927 -44012 -57967 44979 -51203 50227 12104 -12260 59994 57094 45662 -48815
r362 -41926 -14332 42768 -46424 -37749 6492 -2102 32016 -22830 16436 -35670 -29908 -31446 42306 4021 -65190 64173 -16511 -30222 -32164
r363 27896 -11901 59722 27280 27989 -64440 59375 -10873 -48636 34650 -41488 897 -32388 -40145 -61303 -30127 -43976 -30828 45523 2522
r364 -60468 27264 -48552 53575 52769 38925 -22932 12602 41916 43016 15280 -53509 7330 8776 9420 16321 56485 -1766 29737 -29382
r365 -51515 -26832 46715 -15587 38859 -12934 -39217 2220 -36240 -4330 28016 -31665 -44952 13502 -61200 -54042 -19482 -54327 -35466 33903
r366 45711 -52471 51445 54062 -9817 -5921 15091 -10980 7238 36838 -40854 3573 -2136 -52135 -19425 -8344 62095 -15548 -34533 2111
r367 23150 -64360 -29246 40895 26568 -52452 -64665 -42140 7650 -35666 -30414 62904 3100 -59133 -23366 -25828 34808 62630 -62153 -3568
r368 -12977 -52648 -61752 -21078 3537 57929 51192 24087 -55493 -2611 -14163 -55517 8651 41376 -37069 40714 58087 6941 -62246 -13864
r369 -28192 -49297 -1390 -17456 9460 -63630 -23529 11603 11480 44912 -33577 35349 4476 24619 -20198 -45248 61096 -1673 60916 26087
r370 -42082 63984 -61508 20352 27432 -251 53700 -15126 -12984 62241 5248 13440 -14361 17235 10935 52136 -63759 8781 -34300 -57475
r371 31350 64099 64679 18500 -6659 16312 5765 -22504 8731 -61430 -51616 24392 24029 -60627 31683 21472 30522 54364 -39303 57222
r372 54113 57656 -53062 59194 -10157 42291 17612 -8112 -20145 40819 -37133 38535 -2444 59930 -13452 -10894 48608 10971 -26447 -59565
r373 -64632 -30075 -45124 60027 18720 -60899 -21127 -58591 -51237 21018 -45277 38133 -32776 -44207 -54672 13722 -63527 39816 50157 18736
r374 8024 57151 -62603 35773 -8358 -6278 -55070 37452 -51573 -43067 -49805 -18129 9006 1953 38318 -22421 -41432 23731 -12543 22373
r375 -27821 31906 -7973 -59280 53336 -34974 -23193 29352 38964 10487 -59898 -6626 42678 40172 51040 24701 -839 47763 51458 64747
r376 -22860 -62894 -18894 -11711 52767 -44101 12680 -41041 45413 -22309 -39281 2484 -22733 -239 -57283 -16192 5268 -45441 18295 30130
r377 56817 5026 2071 60541 -28962 28882 16791 11221 -57589 21025 40738 10305 -10505 -29646 -4631 40740 -24773 54802 52594 -1743
r378 31400 42609 -40923 5964 -60157 -16024 -10511 2865 59009 4780 48049 64816 59149 1284 -54745 1241 47678 58870 64333 -16401
r379 33898 45637 -26857 13838 21771 50713 3986 -61783 35300 39730 -52207 -13656 -47251 18619 3954 51844 -39600 -31694 53811 -21608
r380 23322 -7923 -4299 38416 21144 27210 -5485 -21345 57191 21532 -29662 12535 -29774 61601 -32863 60008 -20329 -55547 33769 -38065
r381 38975 -28529 -13627 -29089 -34182 18578 37949 -64550 -26500 -48846 -42311 22904 22003 -42522 13179 11198 -42932 -63763 58025 -16472
r382 -60389 -14592 -46068 58767 -40098 -19405 -59272 -37562 53992 16184 -34089 -57103 -46132 -50560 5475 -17105 -2854 -33245 12523 35448
r383 -14752 60175 37610 -46391 -18618 -6256 -30695 59850 659 3105 -42104 16157 37647 16101 15548 -55576 -43960 -45648 -59438 4508
r384 63847 -23667 64925 -49166 22220 50131 -311 45176 -15706 843 -13438 -34196 26362 -30049 18078 -26613 57619 -38100 -39818 -63365
r385 47622 -2145 -32952 7780 -37631 18607 2774 -8958 34977 -19020 22173 -21820 41552 -14758 -9193 46150 5006 3054 -24025 -58934
r386 -47369 11290 10232 -8306 -9874 53963 8693 -18351 -44366 -21095 -60 -64084 -45370 -54468 57037 -56992 -29591 58603 41407 34212
r387 -16599 54822 -21294 -20898 -8016 -32426 28739 -25533 -41276 -24814 18844 64396 -60891 -15246 49864 -20485 27796 59954 -2790 43390
r388 9436 36051 -20910 -8143 -12201 -60738 60379 -22538 9360 40802 29611 -52435 -432 46590 -55897 -19994 7784 -22188 464 19290
r389 47062 15718 60944 57742 4060 25536 32626 -39710 28082 70 -44067 56382 -51732 -29354 33970 16881 23411 11953 -30981 -37629
r390 -42263 47663 -20848 -41642 57607 -31662 20218 24327 4074 35199 57931 -64438 -57300 24642 2496 14878 -17076 33862 11659 -47935
r391 6209 52417 40202 -48155 49618 30538 -45127 -15955 -52430 48016 19522 8221 9575 -3834 43108 -63245 12680 26519 -6986 -1372
r392 10846 -57193 17634 -32942 48635 54805 20402 45614 -30406 34921 41156 -22791 21669 -19411 29257 60307 36392 8053 -37814 -44036
r393 60396 28740 51086 49057 21668 9117 29159 28862 -61915 56557 -44771 37243 13522 -12501 -45644 -49679 57664 -39162 356 -5632
r394 -38066 -47669 -51373 64744 -32158 22685 -60691 21709 20933 -32426 -29971 59712 -30482 -7489 45074 -31574 -7014 -1200 -43317 -18226
r395 28821 -12595 -51397 -59495 16289 -54042 -51561 -37647 -706 -47655 -52605 -7417 26812 -20818 -30636 4318 38413 -4354 40906 57746
r396 17931 20777 -10517 -24579 853 -51835 11 -63191 3074 -57736 29803 -60759 35353 32992 -4292 29311 -50225 9873 -55430 -32118
r397 -8993 63767 60042 -64513 28790 -5088 48849 -43230 -29132 35421 -32544 -30253 14505 29942 -25155 -61984 -28245 57541 -65286 -6065
r398 39491 -46633 -62823 -51501 -53478 34412 9304 46506 25110 -23429 62056 10067 37139 41896 65183 5373 24049 30429 35208 45487
r399 57533 -61736 -46212 -35561 27956 22184 61238 -50656 -35051 -17658 -44147 -27890 -32157 -28477 11791 -10551 20932 33705 -8790 -39779
r400 30721 21467 23846 8631 -22087 -21741 -53006 -28594 54181 55954 -61184 -55390 5346 -53482 7023 30689 59433 -12941 52132 -55307
r401 -30471 -61895 -33564 42861 63986 27291 27492 -38776 13439 -42767 46006 -6323 -50637 -45637 -49478 -53945 -5954 -14764 -45730 -10758
r402 34253 -37219 -36919 63527 42682 8017 -63374 -29612 -20717 4080 41530 22605 -28451 46703 55710 53882 -55452 63188 -50851 44711
r403 -26655 -22379 1549 -29393 55854 -4647 36148 4516 -52172 29885 14742 21222 -30183 -1110 8608 11451 -52658 26069 -54763 6086
r404 -5591 -20245 -1633 14539 11253 39982 -10482 13672 -3880 44308 -49597 -47470 7016 -55917 10082 54607 -15668 -7906 -43376 -32581
r405 59439 -8328 -56485 34362 28567 14738 63651 -31506 -22678 44409 -17404 16727 -63146 34659 42950 -21846 60004 -53710 7679 50492
r406 -29809 -19994 -58557 20859 -7220 65427 -5992 -10747 18829 -52471 -55898 -26595 59293 25364 43023 1814 4012 -5683 53375 14125
r407 -2645 -3912 3261 14985 -15145 52655 63704 58924 27324 -65044 33238 -21485 -11161 3108 -44206 -28337 59356 -64900 -3666 -10359
r408 -11362 -53935 -18897 11603 -12529 -6943 52267 32285 -7305 -4185 -8114 -978 26602 58604 31624 10088 7371 16576 19731 -63437
r409 13899 44825 -6629 -6951 20437 17738 12586 -59583 52872 -4018 57741 43445 -47512 9891 -36552 26330 33779 16073 12804 35458
r410 -43410 -42857 -36533 -18543 14802 12613 -290 13721 -16598 10517 4408 10709 -14825 31473 -33193 8844 -19991 32010 57166 33435
r411 17206 33560 55091 59442 -54430 -8906 34000 57480 49438 2028 23740 -56285 27203 26389 49240 50042 13113 46253 -7438 -11684
r412 -16853 -27083 -27585 21117 63222 -34528 63041 59375 30992 5711 -16735 37845 35086 -18073 -50618 25053 -56501 62308 19295 -39184
r413 16733 -60897 50176 47878 -32398 48868 -55932 -48841 -52919 58094 -55648 -32219 44528 -49987 -11409 26025 8605 38551 14210 56873
r414 -58964 -16529 -33846 14293 -48328 -56701 13452 28312 28969 -48109 48824 15259 48314 59442 -8667 -5015 42045 63309 25749 -59078
r415 -40803 16869 44186 -51514 -37547 -32016 -13074 54511 -35739 -51697 -22801 -31843 28310 -18842 -40102 -377 56251 -4190 53793 35482
r416 -57284 -10307 -548 -57208 29938 -12201 -2738 48082 -16157 -35290 -26490 9776 65017 -6294 23419 16538 -43379 41847 -27571 -37092
r417 36550 -1302 36468 -8370 -17228 -19194 -14631 -18407 51110 39890 59516 27184 43883 -30620 -9580 60743 -26404 -59498 21916 51964
r418 -51379 19995 -48462 -36021 -65063 53130 32950 1170 3763 52533 -36322 15503 -35831 16140 -22438 -40125 41774 2863 -30197 -59158
r419 -37968 62121 38858 65301 -30485 -61537 65170 -6459 53667 64814 1654 -36190 51816 -52822 13662 -55237 17808 19939 4843 19130
r420 16312 25598 12830 -47563 -52934 1183 41716 16686 -63797 10605 -60482 -53893 -15541 34877 -14522 13963 -31422 2033 -35885 43200
r421 -61969 -35352 -53655 -37335 -47948 29958 34054 11609 2661 -41172 -18638 -15146 -24587 -22988 -40894 39699 16817 31309 -43131 56842
r422 31466 4652 -13580 -57846 -16066 -32836 -7420 -44790 49824 13385 -27812 -46032 58867 -8104 -35129 -63785 62881 -35008 55374 29484
r423 -3909 33714 -26377 46118 52508 56402 -6838 -14668 -64463 13540 -16783 39419 24546 49782 61782 38002 58755 44003 13677 33123
r424 -43131 -10208 -18537 59875 -50397 -49855 13527 21870 10002 4092 -58569 10383 63557 -45464 63464 -6813 43178 -38305 3938 60477
r425 -57032 17312 13773 13448 -54933 -42787 -26830 18421 -10392 -12492 65213 -2791 -42310 7103 -58925 -33033 -52771 -7502 45822 17984
r426 54036 41119 -34090 -15842 -53441 -15203 4469 -30534 -40080 -36900 42247 38908 -58692 49206 26621 11460 -11685 -6086 8080 -8106
r427 21570 13165 -1600 -35499 3653 -57625 -4837 31671 43189 -64830 58388 39630 31529 -8028 33691 -2293 -12570 44467 41009 -18040
r428 -48247 47175 28281 -53466 -29885 -5624 -8124 30160 -64005 62515 31930 24716 -59456 61340 48740 11144 -35019 -6631 29125 -48069
r429 -37349 39283 7828 8665 -45308 -29468 45957 -8037 33309 -56377 -52435 -40370 -16768 63328 -30584 57647 -30495 -7525 9029 28648
r430 13849 -36712 -7424 -25920 55467 -40729 -42472 28282 62994 -16078 8837 -57496 -12686 -9094 52973 6087 19257 54130 -23845 -32954
r431 63616 7626 42582 -37588 10766 20753 -41591 57844 11588 20453 13444 -34281 -37744 -50976 -50040 -59851 27447 44746 -13097 -38294
r432 58759 63852 -43114 13875 61177 -6131 41287 -41551 49369 -19622 -43018 44104 33949 57238 -22601 -58972 -44412 -11507 -34128 -19658
r433 -64205 50962 -35742 10947 -21724 -59283 -35363 -9635 6114 -22364 -36994 35186 13908 15610 17142 -62883 63540 54193 53361 7167
r434 -42029 22022 -22557 20920 -63826 -29419 28893 -54294 -35717 -39802 54662 -22826 11405 -22008 61606 -63348 40914 32624 25078 -36356
r435 -11422 -263 -7883 44026 -10440 10858 -331 62383 -39030 17664 21526 49621 -36691 -11125 52816 19974 53537 -18937 61186 -43638
r436 -39351 64024 26918 43323 35382 -53370 17580 -3643 12052 -12510 31068 -6965 16935 -63786 49310 25842 14401 -309 -64072 -11331
r437 -59512 -53799 -15830 -25593 -24537 -62005 -49156 49952 46615 12737 56896 39848 57418 -63771 -30828 17382 25683 54006 50644 -17378
r438 43482 -6940 4553 -22657 40363 -50046 -15329 60737 -48829 -45367 -15563 -22130 42823 20023 37005 -45244 -37114 -3353 13498 29376
r439 -3582 32164 -48150 -36085 -27155 -60382 -50480 57704 -51075 10278 51951 37997 -37438 15146 -22693 4094 -43235 10724 -40403 35325
r440 15746 1984 50673 -2077 -11919 -46524 27735 -47184 -41999 64819 43378 -13604 -24049 -25399 17803 -599 -53469 15100 57967 -48759
r441 6284 -31861 41705 -62243 -47216 -56655 45313 14752 -8669 -31226 24186 63355 -2773 -56545 47370 16170 26870 -26900 16384 -52016
r442 30533 23575 -54365 -53614 25543 -26385 38451 34469 33476 -7046 -41022 -10240 -6727 -43827 4810 26827 -57055 -61768 38568 -8571
r443 43139 -18448 65073 38683 -12104 -29424 -33921 -15184 57244 30551 -36850 -60865 -17471 10624 41152 62279 -323 33475 -13478 7339
r444 -35209 -34518 -23972 -30179 -18606 -35474 -36910 -52100 16631 19597 12726 -40917 42725 -54763 -9914 32042 -15092 -4229 32849 -41231
r445 62900 -46814 54404 -15472 -26684 -6721 50906 58294 41379 -35261 45290 -19312 -19749 -42472 -25684 -27178 -37973 53311 -53754 2985
r446 7015 -41399 -40631 -14367 14946 51012 -19811 -40210 16377 -9485 -50730 -36925 -51252 37727 57693 -47383 20291 -46636 -44668 56987
r447 -14688 39798 7134 -29884 54082 -23093 -19253 -62580 8816 26226 2063 2340 44091 56612 -12257 41866 -39483 56260 18623 -34956
r448 -55753 -26292 -31664 -34739 -36501 61914 45037 8708 40394 -33577 -31147 -58773 18706 -21894 -27227 -19723 -39614 -8277 55078 2460
r449 -45407 50788 8626 2101 15910 -62768 -58003 2448 -20688 -46577 27021 3947 13475 -47332 -10757 37749 5849 8782 -19209 -40912
r450 60199 13413 5665 1124 -39619 -22939 -44308 -43879 15018 -48303 -2065 53969 50177 47764 -15023 19062 -15605 58275 30597 21294
r451 29428 -19181 -30925 13879 -23778 -28690 62439 -24308 -54615 53920 41563 58685 62699 -36763 176 -2591 -30382 -33340 -2974 -46409
r452 63369 -11505 -60212 48507 61632 -64203 -23766 -47559 13037 39018 -12053 -9179 -49449 -28294 -2930 -49720 43413 -50948 -22944 24983
r453 18680 -24939 -24894 -9406 -1033 -33506 3183 -3563 64581 38004 35603 18669 -12079 -45694 44376 -38996 4865 43817 13801 -35841
r454 32388 40531 56941 -56627 -8394 -61609 35609 -58553 20924 -25778 -9208 -45785 20022 -20002 -12735 4264 -55638 56166 -51159 53805
r455 -26531 45920 22761 -38295 15112 34878 48160 -2373 -64044 12398 18395 6724 -29718 -20081 -29399 24758 -17836 -4972 49916 50158
r456 35215 -31955 -9128 -18462 24155 26953 58144 -48135 -40137 -64989 7727 45250 14203 -35451 -31472 -1086 62470 -23122 -57518 -2731
r457 55879 -60656 -15387 -13319 -32125 -12389 -17447 29968 -45813 -40875 31814 57328 50146 23637 11450 -60013 8950 20360 -39002 9700
r458 49985 55359 18259 48485 46791 -10800 61437 -33359 36643 37482 -29560 50230 -9820 55954 15913 -53175 47080 -37337 42209 -53864
r459 46328 -40548 62059 48518 36340 -42974 -63160 -42084 -62300 -1698 -34388 30500 -6873 -2492 40001 -37224 56736 -55298 63425 35762
r460 -27792 30142 12822 -3347 -52864 -36406 26205 18973 -30647 46815 33884 -27984 31616 5599 -31950 3630 57259 20829 52378 -1768
r461 27695 -15917 -35181 12490 32645 -2061 29072 -31832 -61887 -8552 44980 -21192 -64646 -61930 39929 -31268 60436 -53853 -33736 55344
r462 50273 4714 -22027 -32652 13552 -33588 62174 63327 24280 56797 2943 -31773 49771 123 45816 24103 41152 35294 13028 23658
r463 -49179 -38653 44344 50108 50441 -22573 55268 34618 -57229 -25048 23784 21662 -23337 52708 19380 -58939 -7114 -42037 57321 29881
r464 17145 -25316 19065 -10109 -45270 39299 58572 -43683 34191 -14295 30486 -22399 15010 -8011 34033 -12069 -25709 57225 -47021 -23926
r465 46547 10949 59651 -62766 -31945 -34716 44214 29786 -19197 -23791 12043 -53923 -1483 -31001 32055 -13383 -10076 49675 51156 -31175
r466 -13672 -8688 26789 -62459 23182 57275 983 -26604 27099 28160 -37421 -34780 8629 -43730 -51839 62002 -32039 43310 58536 9361
r467 50689 24522 31587 60712 -23198 -49248 36175 36876 -32815 25169 28764 28022 7450 -21310 -14010 65181 -37215 -56670 1845 -29267
r468 -1298 60342 -47609 40398 20296 -24239 -10337 49114 64929 65200 34881 62156 -44203 40944 -46291 52159 46133 36 -35002 -12566
r469 -19375 -42170 13557 -6478 57679 -6776 15353 39332 10194 -45075 -38808 62813 55336 33565 12614 23145 33792 -49019 48037 33475
r470 -48633 -8208 24837 17448 52091 47162 -28378 59077 37009 45248 1466 17689 -26126 -48066 -28843 -26831 -40220 -42389 -41718 -2181
r471 48064 51974 561 -9864 61520 37887 18768 -44606 1958 62343 15518 65028 34310 36700 -40160 -42968 13993 -28388 -6219 65332
r472 64467 -31817 -1791 31991 57930 50534 -41187 6748 11760 -21244 -10473 -20982 58110 -62808 59559 3845 11841 59511 -32548 -38967
r473 -57152 -61837 28779 28479 -5404 43391 -46921 59883 10942 -30002 -34003 -6116 47314 -2668 -49113 16010 58186 -52826 42683 -51089
r474 1266 12262 57047 10736 -41071 -32057 34838 -65454 28878 1788 2490 13821 53249 -58180 -57268 -3964 2353 53302 43017 58148
r475 59774 60305 48128 32809 49055 -29705 47739 -28181 48896 10041 52615 -42245 44374 -12482 -53272 -50829 -176 -50022 35808 -38303
r476 -65519 -22955 57048 32046 64230 51408 56772 6059 28687 -30537 1050 62985 18889 62917 20305 -29805 46458 3021 -61016 16808
r477 20079 10248 22528 10963 51479 45207 -57015 -60544 -35166 2516 10433 -20584 64451 -24521 33876 -26877 -17501 4444 -24923 -20487
r478 61267 -50794 -38722 -24876 32208 22724 -3762 -6203 -61557 -58092 -19038 40407 -43264 54874 -30663 -14048 26668 12713 39415 21971
r479 -31299 19908 46006 13388 22195 -50259 -22827 5751 -24718 19724 58662 -23365 32575 41124 33999 40277 36688 15333 -41742 -23338
r480 25436 -34118 -56890 -52502 -56818 -25083 40655 21757 21865 14635 -12027 33381 -41974 -60662 -337 33956 49635 9367 -49359 -15572
r481 -61965 -41058 32999 23804 -30445 -20749 36863 37359 60830 56831 -45101 -31386 -54755 -59049 50940 24265 -7472 -30330 30 -13687
r482 -50909 -64320 19355 -27215 -51355 -25316 -62859 59913 4002 -58417 -20394 -44778 59121 -21090 57492 63742 54600 -40302 57524 25971
r483 3644 22653 -36317 7234 37576 11094 11850 12476 48721 60613 -53967 52376 64956 -64076 -33771 -1340 38411 51018 3963 46434
r484 -45728 31493 34340 37740 50243 4586 10704 43167 11950 -42136 -52720 -40823 22735 31945 36178 32163 -7191 30647 6364 -23162
r485 -9116 -6047 48763 -1797 12971 -7200 57214 33581 8165 -4056 11743 -41506 -56904 9663 20961 21154 -21455 -20131 -6735 21186
r486 -62742 -30480 19283 -20381 55481 26468 18729 17865 29970 -42064 181 -3513 31028 -18415 11697 -13854 -45052 -191 -22057 12461
r487 37074 -18371 3212 3651 4029 -58791 19024 -62961 -48397 33331 39687 -27077 -25691 -22237 -9026 46675 -2348 41508 12916 62836
r488 -3696 58138 -3698 -46858 -11029 27377 -3751 3767 -58798 33872 -30908 -827 7085 12156 -29199 2818 -37194 31662 6609 63498
r489 -62220 50924 7243 27203 30449 42478 20587 -35406 34523 -27173 -54584 -19889 -48947 -61168 -6306 -16335 -56648 15189 -48612 -20660
r490 -56109 2388 29229 -26771 55050 17377 32917 -38014 -46232 -756 12089 36621 39677 -39671 -14374 -56813 60900 22838 34565 52906
r491 -20695 -25962 -53711 -12092 -16805 35223 2453 -34061 -45585 3133 7565 -24338 21584 -34188 -50154 -33896 41355 -47997 -36484 -18619
r492 -64310 -40648 -27155 8282 -46404 -56826 35479 -57599 6078 -32774 -50780 -52011 -62529 63327 -60671 36855 -44422 45779 -64739 38086
r493 15746 23290 62205 -7181 -5000 -118 -48448 -47064 53016 -38611 -19622 46163 20925 -51700 3872 -52203 -46802 35493 27866 -53549
r494 -34893 -15953 -33863 -41702 -19731 -19332 -23113 40855 42045 32511 -54723 -34522 -46876 3112 -24296 -64088 2078 29035 -7422 3977
r495 -4614 18273 -44041 60925 16647 -62636 12292 -36365 18328 9164 -45297 -40478 -4626 22280 -33406 -34277 62287 -444 -13646 54612
r496 1244 -10287 -50700 10415 -561 17298 -25498 -20576 -52449 -34206 17481 18562 32490 -64999 -37438 48939 16730 -10403 -63175 -59459
r497 -18609 41480 26418 -5484 51550 -7629 18328 -10666 65413 -23566 55412 21479 -54153 45183 -2845 36835 -14276 58589 60247 -26633
r498 54541 -29909 245 56385 5713 56079 -47686 29555 28113 471 24455 8237 53782 -48999 39478 -18275 -33478 21003 -20090 26504
r499 -60371 -30299 26282 50439 -11785 -63463 -36296 -20894 -64843 48686 26500 -49613 -39276 16400 18364 10974 19444 -62305 -43960 50281
