mTable8 21
KEY  c0 c1 c2 c3 c4 c5 c6 c7 c8 c9 c10 c11 c12 c13 c14 c15 c16 c17 c18 c19
r0 24582 -22254 838 -54104 -22602 -43441 40464 -52337 -39928 -34261 -48600 -48323 -1699 25092 20021 42012 10235 4633 44265 -34414
r1 -14956 34422 44148 60347 43318 -33635 35353 -21574 17470 -12043 -43322 -27584 -7915 47550 39911 62078 10707 -19066 -59211 1927
r2 44360 -52329 15268 -32311 21189 -64918 -52730 -25906 -47014 13716 26422 15540 11934 14058 31447 -25349 63899 -60342 -31217 30604
r3 -33499 -4888 23780 39013 15749 -19502 56610 14847 -43547 19271 -58686 13768 -7534 -31745 -50118 40285 31313 64721 -12733 -53835
r4 -50220 5415 56790 -27610 -65290 -19991 -16606 44927 30990 -15015 -60963 -3476 -2461 -49982 54917 11287 65315 31970 -4144 -36474
r5 58303 1249 42214 -21392 21682 36878 -47968 -51121 -29056 27232 -1426 40173 -32393 152 -65307 23967 3108 59940 37381 13460
r6 46610 -45884 20722 56506 4216 22926 -19782 62588 -13487 -8193 -30734 -48367 -25210 8028 36244 -53744 43837 -44466 50386 31255
r7 -61861 -728 -35604 -44172 -1586 20335 -63360 -351 39316 -23106 64217 -2440 -28693 22944 -43801 -2113 57407 -1042 36994 -44796
r8 -44352 -48253 -60639 54120 1285 57958 33344 -34601 63411 10642 -44870 16430 -44141 31457 47203 -55114 -56405 -32485 -25192 31552
r9 63188 -1950 25817 -14202 9788 50411 -22302 55143 -49542 42457 40547 57769 -182 -31520 65126 65030 4256 920 7099 -12960
r10 5538 -31953 -21148 -22578 -8202 -44836 -38189 34617 -47400 38914 -1957 -20419 63990 46274 44944 -39293 -11565 -56516 28490 28433
r11 29289 -53552 -18427 -34394 18575 -28463 -3343 47208 -32749 -21131 59926 49915 30714 10970 -57906 19546 -33800 -2738 55432 60375
r12 -37416 14145 -34944 -3210 -20967 45829 -28370 -43242 -293 -45201 -7263 62671 44376 18682 -26003 44469 39518 60219 -14977 -7767
r13 53862 -49789 -10272 -25827 23930 5641 27145 -46278 -57012 -43742 37427 -32367 -47272 -11878 20016 -16050 -19099 -40630 -21694 -38814
r14 43196 -3192 51034 -28788 55420 30934 40978 -47028 7320 -60984 25740 34048 17850 -32398 7254 50939 -62445 48497 5201 -53443
r15 6658 10024 38305 -53806 -20085 -64388 -21791 21619 -33645 -43539 -25964 13877 -48917 8116 27907 56376 -48292 43866 18936 48238
r16 -46863 49014 27523 -23824 -136 -11870 18603 61921 1398 19933 31071 -58177 -31029 16160 48510 14614 33378 -37322 65102 23089
r17 -37744 -4621 -20958 53986 48196 32192 -60896 -63573 -1973 38173 -55785 -14089 -46459 -27116 -47894 -37385 3472 16672 49986 844
r18 53448 -20008 -55287 -36240 -44771 62609 36703 27046 28451 4123 47469 24006 39363 -32409 30490 12070 -58661 6554 -5318 28901
r19 39860 -25703 -61804 -22974 -53212 13394 5365 17867 52258 -62713 -43366 -34241 43483 64082 -54432 -19878 -61293 23048 39174 -9400
r20 34813 64687 -40437 47853 -37335 22003 12089 -15388 -48465 64904 -21373 -61958 53115 -28738 8812 -10064 30071 16285 34556 -46856
r21 -38211 -25988 36857 -15005 -27356 25855 14254 48720 -2637 -17198 410 -25859 -51653 18483 49321 -40810 -50597 11099 -11282 34545
r22 -12234 -45774 47193 50618 3681 -63644 -32963 19848 17566 44994 45893 -24680 27697 4524 61397 -25001 -17908 6152 14114 33980
r23 -38377 38070 24839 9356 -42020 -58810 -1679 -49445 34827 38872 15280 14855 -39823 63093 32443 -32699 -7909 6798 39867 -26602
r24 -58787 -33206 48902 -36084 36761 64392 -45090 -29514 35891 -58048 48155 -8617 -35630 53494 43177 -42479 -9889 28440 64971 49046
r25 55963 12205 1985 -43949 -42010 12974 -36634 -35125 -30500 55734 3358 -35941 25539 -14786 -33270 -56206 -46831 5395 -14121 -18889
r26 7676 49927 53799 52053 60455 -60608 57563 45421 -30548 33270 -11712 -10638 -19927 -55345 -36808 -11830 566 16433 -64190 42238
r27 20123 50654 63885 -50616 -27432 -8465 -48407 24547 -40058 -40304 -49351 -33664 -2204 -479 -387 29548 -48014 4647 37480 46215
r28 53921 24743 42952 -32501 26223 39772 -23927 7348 63259 -8892 19599 27755 12514 10525 -62757 53662 -12759 44510 -30227 -30847
r29 -62450 -43900 -17555 10635 18969 -8777 -40540 62916 24662 42753 40244 30927 29085 -44835 20525 -10519 29974 -26166 -41359 -6288
r30 -49563 -20306 63772 18582 48629 -17653 57843 -25245 -32257 -56544 7170 56462 16286 -46404 19354 -62152 -8866 12972 -32706 50047
r31 36030 -2614 -31950 10962 14281 -9995 6829 59462 26864 53645 46581 43621 13414 -10727 -19696 58739 17366 -8023 12653 15189
r32 -40256 8234 -24637 -41014 -44910 44653 -7674 -35987 1484 -51521 62248 58930 5511 -13245 -63890 -41180 -53035 -44685 9996 -57762
r33 -39515 61787 9680 -50961 -14209 -17472 -28402 33185 23066 -63198 16216 38290 -25454 -21832 56301 12994 64144 -49258 47923 -8046
r34 -4549 2727 -6923 51494 62747 -42683 -3216 5676 11184 25947 -12210 25614 -57928 9162 -27666 -13638 -41055 2105 44925 57010
r35 57483 8275 -38864 -51261 -45237 9552 -29310 -5916 -34829 -5245 -43575 -23815 -25047 -33391 42750 -14346 -13607 3829 7779 -26217
r36 -60101 39526 -37356 36624 3601 38449 26197 64794 11018 56922 -4816 22590 -62134 62002 1612 -52251 63501 47338 27571 -2592
r37 -53746 -42505 -44554 63183 -21088 -46694 46729 16874 15688 8902 -61273 29282 -14897 -54917 43274 11198 15708 -50222 -65295 56124
r38 -56294 -25918 -32246 -8915 -38404 1487 811 -37186 -15951 43889 -18036 -27252 28593 -56306 9174 -28802 -9419 -11291 -45963 -47188
r39 -39022 -2877 -24071 -17673 -42915 29494 40353 42702 -43730 -42240 15309 -55366 -27471 -51145 -43493 -49616 -47930 -65099 -37186 -10837
r40 12455 -54490 41975 -40062 -22204 24463 63890 -44267 -55119 -61268 -57813 -20460 14179 -52758 19304 -24274 -20434 -17572 -61825 59908
r41 42102 -54400 -54695 -62755 22951 10864 -12783 -10892 -7758 49598 -59450 -51141 -26313 -22242 46833 -36681 20290 62985 57693 60547
r42 5093 -39766 60923 50892 43484 5092 36196 24184 -43345 42726 55683 -35542 -43127 -12781 13093 44898 43906 -27690 -63391 41930
r43 56715 28185 -7665 -16530 -51303 -27690 60980 62950 60498 6887 -6571 -64135 59309 -7690 -61669 37254 -522 46560 -24439 56858
r44 10463 37934 13353 -14438 -50045 54753 -41438 27619 31602 -2303 -65332 -26026 12572 -4581 -5444 50335 -52894 -55495 -61352 -38187
r45 30629 36660 -36375 4325 -13722 -49356 -23793 33785 58616 51907 22463 63712 -27283 -40850 18040 64719 -46683 -51465 23921 22931
r46 -64815 48570 25393 -46369 40682 -4476 28278 -48641 57333 31636 -46463 -21477 60869 -53063 32998 64147 -56865 5416 -53946 4313
r47 -41289 -49907 14992 -44451 19778 -4595 -58978 37379 -35720 26331 39545 57396 -17993 -64277 32825 56082 -48989 -1171 54489 -36093
r48 44784 18560 -52964 -15855 -25401 -57510 -195 48970 52404 -27950 -41516 27734 -50225 -45153 16547 46956 24710 -51854 10760 1813
r49 65431 11382 36858 16515 58099 -43419 -64854 -45066 51302 6614 39105 -41889 48440 55405 -39821 64583 39554 -23034 -45802 40867
r50 -8494 -32004 6011 -42143 -63971 39738 -22185 29754 5779 -40024 -753 -13657 60289 -14480 -53691 61869 -40448 -46220 -40549 8453
r51 7808 -40453 33343 -13222 46037 -23838 -61039 -9961 -12475 20691 -55898 3033 -11608 -45077 17628 2813 -45061 -60241 -14407 -38431
r52 -54125 24378 -17243 -25735 37648 61189 57353 -35079 21892 6911 -60688 22984 -55525 65454 -58882 -13095 -20778 -56137 57568 62192
r53 16455 -27706 -60569 -14993 22775 -10702 59003 19535 35970 31800 -35345 1445 21164 40216 -18634 -25429 3093 -11371 -38443 22668
r54 55345 -28780 52023 -33120 -64910 -55396 14338 -53040 64974 3227 7781 21635 -2649 -29989 -44619 -32578 12289 -13488 -63771 -39584
r55 58138 -99 -36977 63503 -54592 62342 16251 -54813 -65477 8271 22026 7346 -11028 -9177 -31039 -58355 5305 34183 58037 -17855
r56 45700 26647 38280 3149 4949 5745 -4621 9567 -61106 62143 -50677 3530 -21998 -23409 -34385 5631 20262 8962 50541 -33590
r57 1673 -42017 -4018 -138 3326 -55842 -62862 -30214 -25522 53325 -48321 -15446 -11994 2799 24651 -40698 -37880 -46326 42519 16934
r58 2892 -41882 11771 43554 18779 -8867 -51122 -32001 23757 23177 4444 -31450 -52140 11436 -31266 -46609 56085 49664 -4360 21475
r59 37857 -65288 -25232 -6594 -12234 51593 -46122 -23736 11496 19873 30456 -42230 -57083 58161 -15407 -43773 -16339 -37347 58814 34865
r60 -37622 60729 -18740 46801 -30837 11125 -43931 -41486 -58451 -9807 -53018 -12790 -49586 21378 5606 44032 -56389 60811 -40161 -585
r61 -47700 493 -20735 -28401 -3198 44730 -8242 -11990 32003 -10669 -61960 53198 -63242 -56493 -24563 4998 -56558 28233 42497 20308
r62 35738 -56935 -56526 29408 14306 12252 3378 -50202 -8559 -50511 -5107 -51074 3518 -60873 -49514 42272 -50572 21271 12895 -33819
r63 51139 -8930 28867 30455 33240 44564 51901 -45728 50160 -26264 -32481 -60547 40724 15277 -43356 46689 10533 -4797 33471 -55693
r64 -54501 47876 9532 59710 51041 -49295 -27016 -17685 64688 58003 -11644 431 21234 -43613 -48399 -16866 41416 20542 -5356 28052
r65 -33603 -57498 10991 -53579 31953 28755 62011 13896 -9196 10357 36482 31710 -61077 23091 46440 -43001 -59413 -59418 24991 50429
r66 -35171 -29873 49646 -22231 -22617 -12565 -10932 -47826 13065 38365 48164 -46476 -63785 -5263 32407 -10016 23920 21530 -7739 13116
r67 60792 -56593 -36797 46071 36880 -29794 -62581 38629 60731 51913 -1337 -61590 11595 16297 -36813 60117 -49662 21241 -4433 -63652
r68 -16837 38389 44457 -59132 27084 -17715 -3782 -17347 25292 -26822 -1260 -43838 -32187 -24713 47071 33087 -7962 -63171 -14243 -42565
r69 -28472 -26041 -12651 37558 44327 7314 17997 -8064 27415 24718 -12694 17827 858 36909 -31520 30872 51985 44061 29170 -41577
r70 -42326 43610 -6789 14676 4525 -45615 -12609 -22644 -37585 34638 1714 -19196 10279 6128 20724 41919 6561 -42920 65082 50245
r71 33481 -19499 28650 -20674 -58875 -54722 -59527 -44215 -21672 56388 -63457 -35710 -44546 11262 12767 17203 24453 -48716 -27099 -27784
r72 -35982 -2693 -35697 -57030 -63056 59722 13858 31355 9447 5976 -36918 -64720 -50093 46450 -1364 -15445 -62039 55460 -33719 23719
r73 -26381 31960 -40985 -14609 -257 -7925 20141 -50785 29364 47501 8267 -30530 -41134 8181 -12237 -57397 2336 43948 -60438 -39621
r74 -4365 -13282 42493 -57988 -21939 -65247 58849 35431 -45716 11405 -60284 -48573 54941 -62455 33393 -29469 22815 43947 -1841 -39441
r75 4515 4531 38530 -21139 10411 54066 -10849 16862 9461 -11459 -35323 32403 43179 59959 -35930 -39285 19463 -9855 -44324 29975
r76 6966 10493 -65063 15505 15534 -57872 21885 -15982 -43630 -42575 2529 -27652 -60636 47473 -65442 9411 -15674 -53519 54640 -54753
r77 13022 48494 -56863 62370 13672 -20630 -53863 36703 41566 508 -10170 18640 49707 59371 -55760 -36805 39223 44651 64487 33917
r78 -51578 48878 -52305 12394 2840 -38650 -13832 -31527 4761 -38362 -49341 -44713 -44040 -50184 42277 -21007 -38061 -61070 60580 4450
r79 -1721 13604 32321 6339 13499 -58684 10856 39758 40360 -64328 49194 -3564 -47380 -55425 -34991 27942 -63876 17664 -43908 2584
r80 -40963 44053 -25189 18449 -53858 -57575 62031 -2976 2569 33087 -41701 32807 46305 18963 35311 18438 16931 -21542 22194 -38595
r81 -65264 32730 37076 -17257 -40102 31927 -25202 45652 -14498 -10656 2157 48025 32269 -1907 -22986 25468 56324 -32313 47206 44151
r82 -1879 41310 -29766 1374 29182 -7977 -17990 -16361 62786 -14291 3022 27755 -22222 14756 29267 -7845 -37013 -45052 46148 -4441
r83 -33372 -44029 7509 -52505 35016 10338 42951 -11760 2955 -41937 -58989 -7755 -28861 -62582 39663 -1644 -41357 45584 60272 43410
r84 1820 -38284 51877 -3839 25666 36171 -30699 -49788 -27019 13243 15216 30897 53468 14409 4629 -32417 -7257 -62466 33718 -27649
r85 46381 -9871 -27499 -21166 38258 -30066 40639 41293 -40930 42582 15005 5507 -59596 -51909 -47600 18232 42286 -57321 -23382 9323
r86 58833 -1493 -40955 18639 24594 55779 43321 52269 -48562 16151 65414 55053 -42010 44852 -4202 10661 -24129 -33435 -31230 65115
r87 -21738 -15564 -53656 -51880 59096 -43197 -31382 -27288 16257 -51714 53449 -17869 -42103 -13343 -14635 43772 36522 32243 -4591 23097
r88 25197 -38685 53283 2856 8631 19710 -6818 43386 52904 -3724 -34854 -32439 -15945 -33571 -42785 10439 -2896 51931 -56466 3685
r89 -35524 -48352 -52091 -63669 -1757 -63632 14741 -17883 35521 26420 28988 40694 18849 -56969 25049 -20242 53514 -46808 -9486 47058
r90 54174 26209 -29098 -38522 25825 39303 24352 -61954 -42777 37678 46587 35931 -61033 39856 -30927 -15963 10704 22567 -31521 249
r91 -43406 -43756 -22873 -9566 -56650 13380 -60118 57520 -39446 31307 32256 -57500 -64970 -23518 -648 36274 7329 3506 -64109 19728
r92 39327 -7804 11583 -45305 -47098 39346 -24974 -65255 -51243 63088 34072 45503 -1851 57905 47551 -32046 -20886 24180 -56098 -27199
r93 25551 -34197 -58968 23414 60136 57754 5443 -1255 57881 -36323 -32063 -27739 51732 -24805 39554 -55074 52593 56580 14792 2185
r94 25160 33946 39197 16924 3273 20402 43313 -23068 -32521 -57369 38890 -59695 -17587 47893 -3101 41815 51466 32097 -60329 -48897
r95 32968 32394 -31246 12710 34243 -11698 -17553 -6416 -14265 -49512 -37172 26270 25656 19075 -17654 36793 36192 -28076 34963 12528
r96 19600 -1835 48900 -6222 -20291 -36124 40953 -24307 36858 -14902 -17778 18835 -32007 -59892 31501 10034 18502 2667 -40760 -46853
r97 -27309 -39521 -6907 -54197 -33070 59364 44191 64549 39673 -48789 -29795 -12310 9781 -10822 -29314 -60540 -19142 -53506 -50417 53775
r98 57178 -7385 -51086 23208 57955 -19441 -18402 -14340 -46027 34504 30016 -23182 26500 4848 -24583 47799 -27560 -20535 9620 49656
r99 30070 19608 6505 -26902 -22644 22814 -898 -44402 -43427 48474 -14443 -50518 38133 -62747 55943 39911 54555 36532 -43647 -50085
r100 25425 43931 222 -51696 -52216 302 58601 -4363 13911 -20469 7515 -40215 -55668 -27969 4770 39486 65011 9478 -34726 56120
r101 -26744 -11202 29567 34374 -10626 -33549 64708 5909 -26981 -57773 63711 35312 51007 732 -44822 54813 -34238 -53661 63732 12287
r102 -25166 -63050 3562 44465 36296 42206 -55314 -44065 4293 -16644 61455 51359 -29125 7000 -37609 49674 -65218 40446 -52244 14938
r103 -37614 -10749 52691 -59184 29206 56301 -38124 -62754 -31491 -656 -41920 -32114 -51251 5042 60647 -49280 -9387 21844 23855 -5553
r104 4893 21823 41060 2952 -57931 37228 -15044 -38895 58506 -6824 19709 -36170 42010 -60946 -28089 46967 22769 54743 -51249 13012
r105 -4964 -7274 -37337 26601 9884 -29574 15468 -22796 39036 -12578 -27188 27190 46630 14053 -8818 -51960 -38975 -54441 15898 -65267
r106 -53423 -44332 44276 -57138 -37462 -32688 49160 29881 -23551 -65212 -43535 -28776 -35788 43317 -24761 -29353 33457 22048 64124 64961
r107 58668 6124 13986 -8061 51016 -56000 27778 4568 -28621 -36114 26181 13829 -47956 11601 -34598 -47190 32256 41721 -28609 -36890
r108 10365 24280 15181 -23998 -16308 -62141 -19852 37289 23814 -12654 42795 49714 27095 8467 29446 64408 54161 -19393 -30988 -927
r109 61033 -7008 -15395 27496 -15808 64836 47060 60323 51546 61562 10244 15892 40932 -4372 13088 -46333 8367 -5552 -54968 12684
r110 32472 -43240 41294 46471 -35844 -38995 -33662 35671 -24920 -47591 44086 9345 -47069 -37280 32107 -5405 22989 42077 -2680 47600
r111 46607 26176 40501 -33536 17332 -38249 -61056 -27188 -993 -2678 -10929 31959 -1021 -33415 -53635 -28057 10598 -31108 24776 -2125
r112 6840 -23134 -59028 49774 6535 -61313 63655 -9584 28617 -2602 -43938 -50992 45736 33624 15688 -12047 11426 -58213 23424 29355
r113 25917 27713 -27688 -44478 -3809 -29302 -19883 -47307 -11504 -19787 15781 -37733 -44381 35979 -5320 56429 29791 45285 -25231 480
r114 23580 -22018 32760 -43573 -45777 -39688 -53324 -43592 14907 -47812 -33796 29543 5587 62751 46958 17041 33512 -33456 56316 10099
r115 -15 -27646 63366 -35140 43059 -19810 -40253 4891 -4925 46685 -55798 18552 -24270 26563 -31984 -62939 -31489 -33619 -62141 15935
r116 28538 42794 23791 -40318 -8421 -45214 49635 -16009 24440 -50875 -9952 -42359 -60963 27720 -64518 -45743 8548 55571 18091 -52709
r117 -19849 -35494 -1018 45664 57731 -34781 -56875 61821 -54665 20875 2838 -38094 -33454 -43639 62318 -50483 -10715 26515 -27177 -32357
r118 40874 54534 -31210 48661 -20093 -14835 59632 51810 60776 -23701 20248 -13584 -48912 46517 36678 -36987 -9276 3580 18049 4528
r119 -12267 45548 -18692 32636 -62123 -8231 -34148 55867 -40978 65123 -19358 7893 -56936 -28933 2220 -10723 -2086 33205 10328 50543
r120 48734 -41592 11122 -19777 -17304 51357 48012 -64270 -33279 33389 -36857 -34322 29508 33894 11486 -25431 -29158 -27673 35899 57449
r121 51061 63869 39294 59260 -52001 59605 63419 -52755 -21301 -55628 -15904 -3682 63002 -31177 -1230 32711 -15959 40469 36629 135
r122 25959 56562 -33033 21292 19753 -51403 -59071 12331 20818 -38267 11392 -18170 -48692 53124 -4607 45201 -8384 -56353 27062 64384
r123 -31881 -44257 -8695 -51924 40099 3405 48777 61884 -61086 -31716 58871 -11590 -27470 -17642 -39842 14849 -36814 -16676 64563 10895
r124 -417 20208 35632 -57271 27636 -44246 14859 40189 -65441 -9753 24199 20159 22777 40727 -60920 61706 32307 -57221 -30765 56636
r125 56476 57312 -26848 55316 -31454 -64604 -22835 -12897 26816 9506 35648 -32501 -27748 -64314 -22169 -36012 41499 -30418 40394 -28480
r126 42538 -52493 30162 49344 54886 7345 28608 -21923 -44464 2539 58266 -8029 47719 50771 -62701 18922 -20186 -18114 44085 61768
r127 -37499 -63215 -2628 11184 40297 21899 -60007 1797 -29334 47726 -45853 43209 43786 35107 -47760 27533 18686 -9625 47593 -24369
r128 21931 46309 -15472 14633 -60441 -57142 55573 -26135 -10374 48901 -34263 -39628 18897 -32325 58770 -13265 -64577 15450 448 27502
r129 62357 -44964 -46679 -25215 -34751 -18143 -60656 -4017 -35677 59983 -10159 56074 -34586 -3514 -42579 16427 -65375 -40509 36039 -18360
r130 -32882 -8168 -9178 51306 -38534 -61421 13320 -38626 -19260 33212 -36892 37765 -48910 39508 -18631 -1263 40191 57782 -23093 -16471
r131 45926 -10054 14127 -5932 -50636 -36675 43394 38393 -50454 60222 12150 -11649 -38700 -63872 6267 57513 39815 -23733 -23578 19516
r132 36415 63670 9316 -46836 -11450 38634 -28894 1457 -31541 -24840 -13647 41193 -19391 -3135 -21731 -11827 -44115 5510 17923 -23451
r133 46562 -3354 -58645 -35377 9424 44965 34411 -28494 -20951 41856 -35616 33040 -11959 44975 -31454 58893 -26125 -47123 37118 -22900
r134 33436 -909 23009 -61747 -28524 -41248 -47778 -28801 54765 -63975 -44090 58000 30009 -39819 43139 -55002 -16737 17699 57967 5605
r135 -416 -37350 -197 -25420 43544 -15607 -33748 -38154 21362 46740 34455 -30653 -49762 -57951 -18568 -41152 60710 -27195 1542 -62893
r136 38335 58939 42615 -47861 -1732 -7816 -53955 45714 -47447 -22055 58082 -48126 63503 -56559 -57987 -34923 15290 -57622 22270 20265
r137 -15643 -15974 49722 -36889 60920 -63621 -37703 19759 21679 -26955 63327 15536 -36854 46197 -46629 2322 50564 54 58993 -60756
r138 -12754 45688 -4298 5748 12367 16715 22421 -49242 -32905 32216 -29515 -64937 -47890 19765 24363 -50843 -31584 -19393 25336 -53523
r139 -29959 -18606 -19246 19824 -15399 -19384 64010 51743 7129 -14679 46794 -21184 -12555 -5123 -6754 -27063 -54189 -9938 46029 17015
r140 -50012 -22040 -37010 29450 59691 -15432 -29148 -56643 21669 -44653 37950 -26784 -58375 -10570 -14008 64695 -20361 58454 26241 63650
r141 -10804 -11562 38592 -6550 12288 -54977 7085 1364 -6602 -44944 63583 -50608 -41944 54562 -801 -18128 42552 -33708 -33009 -23238
r142 33285 -33132 43931 55185 -7903 -54343 -6028 26345 -52912 26375 20806 1317 55439 23087 4501 4115 -51338 13541 -52182 -46094
r143 56542 52309 49305 19966 11926 26670 21708 -10956 29501 -37748 7051 -25717 52415 41136 -21478 -58736 63272 -50601 6576 -3561
r144 -31484 15901 27635 32277 11403 -30857 -21418 -4503 43104 23071 -29799 -28714 25869 -47436 18178 28016 -5731 10851 -52407 47230
r145 26717 60587 17111 41392 57240 59652 14865 -40159 -8175 -55 -36416 -16457 -4511 -24672 -45979 -13418 -15042 46593 22848 -63014
r146 -13257 -61180 38660 62953 4844 34140 59538 4771 1652 -51144 -11893 -6232 -10516 22336 42100 41980 46983 1955 -60749 -43144
r147 -23373 -61884 18747 42333 -45401 59199 31982 30009 -24697 56649 -24769 -48596 24242 -36686 -403 -3819 50661 -43361 16506 43877
r148 -52133 -16993 25150 20471 -53650 61629 -41094 50738 -47211 26131 40780 39474 -57715 -57908 -51023 40380 -4656 45351 3760 -18254
r149 -16717 -63456 11133 -44623 35467 -21104 -23601 6108 42050 -9121 -8938 62161 35514 -11259 16711 40490 -8030 -46401 52084 -43591
r150 50572 -17685 -44332 -55749 51675 16550 19133 62843 1427 46009 49956 -17214 6168 2260 -9788 21144 -58795 52357 61109 -37120
r151 28614 -29874 -41658 46384 42848 12132 -32710 -5114 50770 57156 59296 -21911 45213 -42878 7645 49883 54847 17069 56955 17989
r152 11329 25383 50801 -60707 56419 10862 44602 -25947 -38518 -49602 57929 -48932 -36146 30280 43088 -58962 -54388 -29510 -30153 25595
r153 3763 -8952 6803 20718 4704 -54856 26566 47141 28495 -34176 -26768 -39061 -22308 -53530 38853 -9144 53332 49567 -22689 33878
r154 -57963 3151 -49155 54669 -25199 52144 16161 24579 11159 -4669 44760 -5309 -49647 28890 -24002 -13389 25318 26570 -32922 27683
r155 -39003 -59110 -4854 -43938 -55576 7708 -21564 -9613 -19019 -31664 -37517 -52103 -2442 -38576 -27879 62476 2704 -40793 -39685 30619
r156 5653 28361 -46058 61551 -61242 39675 27277 22982 -28527 -51107 45799 -50188 -46053 -15720 12515 1177 -21305 -6880 -37770 62216
r157 36948 -52641 60655 15520 -23770 -59169 -5296 -63158 -37546 5913 57526 -60634 51067 -9774 -39910 -17046 -63250 33063 18169 -51250
r158 40871 -10595 -20516 1462 -50897 4862 -45354 -51051 18133 -42737 -65247 19469 37474 5104 3537 40037 -22285 -30170 -62131 -13589
r159 26833 57391 4411 -65276 32928 -29957 -45826 16763 -32339 -15819 57524 50749 -48497 -50781 27183 -34786 -64476 -4270 44333 9499
r160 8873 26217 29118 -43740 50293 -4000 56558 -15305 -27267 9216 -54795 -31305 -18987 28931 -11789 23036 20127 18263 60377 -30180
r161 36663 10577 17159 37914 -14484 -31435 -15083 -4706 -60246 -48229 56950 20346 61057 -47035 52557 -32668 29740 -40414 62117 6282
r162 -65339 14205 55843 -29531 55142 25003 -68 63125 -18334 37216 -6890 -15730 -40486 -44767 -39927 32327 -12429 61474 36860 -47444
r163 3322 -52973 -43041 -30873 19070 -64237 -33799 -46804 -43196 40737 -26662 32197 -27131 -42508 64223 -59562 61469 64515 60878 -15043
r164 15455 -20203 -6185 19979 -41880 -25200 59548 53188 -38215 31273 47244 5450 -7765 9110 51140 -40585 -15064 52482 65409 59366
r165 -64382 -5872 -59838 43092 61525 49633 -19163 38039 -26008 -63500 39882 -10280 15568 62614 -10044 43640 14991 -46495 -11392 45035
r166 -61759 -25539 32387 52578 -54124 -33049 14221 -43867 -45420 43126 15847 -48718 64732 45222 -59121 -3021 13436 -194 12980 -6222
r167 45373 58988 -44159 -19860 -20102 -16666 39694 40042 45466 9562 9605 28584 -4945 -49297 -53986 -3284 -6757 214 -17952 -24663
r168 44444 31435 60707 -13522 55035 14441 -63242 25473 -15121 12899 -13429 -43963 35174 27392 65424 -40064 -29792 42464 -56711 36367
r169 -3791 17218 1703 -1972 43031 -33095 25125 5949 -26084 -26764 40511 35174 43941 -32055 -1767 -41143 18400 -46560 25025 -23575
r170 9146 -19692 -1116 -2795 -5423 54946 42776 2788 -17624 27707 -18200 -54340 -36003 3944 -32503 41484 -46879 3400 46626 -38378
r171 -17526 -18397 61848 54068 -31430 63967 16770 62004 54350 -46879 -19429 -42557 -3369 -47762 49517 1139 -55567 59207 61815 -65430
r172 49502 12124 55588 -56999 -60396 -33894 24583 1480 -62637 56560 -14880 49869 35552 -2834 49860 26935 -1468 -8552 -37719 -15792
r173 -11845 43322 29846 -19097 42385 53594 64332 -60921 62854 -50142 -32839 -1907 -35105 23327 -12684 47810 50133 26481 -21789 -53934
r174 -6736 -54962 58498 -8928 28952 34208 64400 -16635 -11111 -35309 26464 3071 27444 51643 34166 30190 22523 37768 -17179 54737
r175 -58148 17505 39544 35733 -29957 51118 -35907 -28717 12230 -8944 -18798 51316 2210 -6688 -24108 15518 27319 -32264 -14524 55899
r176 -65168 23260 -53908 -15415 -16226 47811 6030 -49834 50306 6120 -64355 41581 -23092 65417 21855 -15890 -60529 42694 8373 -10840
r177 14077 -61760 -39093 42617 -25835 -10125 52059 -21775 56293 6189 7558 5864 45269 -10806 49372 55900 -41550 -1811 -58857 12162
r178 28431 3533 8272 11264 39746 -863 5575 3103 -26967 5743 16275 36097 -55483 -30317 670 58629 11062 -48988 16805 48067
r179 -63540 -63871 -43190 -49242 -37967 513 -19088 12483 55944 -59592 30862 2171 42155 19014 35963 49867 -6926 -22902 60954 -34970
r180 -59254 46065 -59432 -55267 49841 27472 34941 19014 3083 150 -32646 -9868 3649 21758 -22985 13977 50814 42970 42688 43347
r181 2692 -46311 -9959 -50273 56554 -19216 -7134 -9502 -19467 -3708 -7812 64054 -63558 -8125 -7821 -16478 -60740 -32109 -7865 -8957
r182 30157 -25486 -6770 -19698 -46660 44316 -1930 -27809 21838 -2750 -16417 -38170 60773 21182 34254 21599 -28400 50794 29290 3636
r183 -23144 -3570 -47409 -12693 -35623 2374 46571 -5994 6833 -38533 50965 -18416 -34414 63355 -47747 -37310 -45387 11291 30689 12018
r184 -54943 -46796 23182 20102 -47926 -31444 2432 16196 3060 10125 13905 -52286 63654 38424 -25324 10615 61058 -34343 24629 -61858
r185 -43049 -21656 16995 -53237 62405 52732 46204 24195 -6345 58152 44031 11161 21401 12846 -20398 59751 51468 -28846 -47430 49946
r186 -14042 -5760 48764 -2689 -58633 16350 -48123 -64969 50231 -29120 47346 -23 13417 24002 -35965 7863 29656 -32866 41 -12022
r187 -57677 -35818 -60688 -43606 32087 -58708 -65511 37600 -52821 -983 17953 -37294 38018 31151 33965 8060 25469 -21282 -26170 54026
r188 47991 43990 -46781 -18729 54040 -13440 -43572 19047 -31020 -52830 16772 52917 -43687 -11247 22924 -60557 -11994 36738 28834 -23575
r189 -9133 24940 32611 18229 38527 58848 -42460 -44296 49358 18974 -21800 27391 22010 -11176 25730 -17832 -18131 49001 51026 -60817
r190 54691 -15504 -58818 61430 25361 4444 20607 -15528 63754 26381 17757 -15008 21239 61616 -49324 5600 -28307 34451 34219 -133
r191 -41670 32641 63425 -49182 3807 -14781 20963 -25495 -51018 33587 18663 33364 -29841 50037 2927 -2484 -27200 18573 -59951 2923
r192 -43801 -58302 25510 -9338 -40739 8620 -36310 -47892 -64620 61989 14086 -38688 -1362 34113 60220 60798 -34021 -37597 -825 30438
r193 47156 11780 55459 -345 20302 -10983 20470 60165 -15584 31502 -43756 59499 -3096 22506 -36391 22338 21005 17076 37356 -30931
r194 60241 -52284 -28065 14935 62240 23715 -39893 -55275 -39321 60737 -51016 11915 58000 64003 -24355 50642 32265 8911 -8447 64363
r195 -58570 -20397 17079 -46114 29324 21884 21180 -6163 51994 -64505 1911 -4164 10978 -30249 -7459 -54873 19074 -10766 -53334 -15172
r196 -38730 -37557 43580 -12094 -54517 -16136 -13267 -36420 9176 -33445 26697 -33344 -18883 -17926 -45739 39602 59442 11656 34385 -8995
r197 -21150 -15765 -5466 21610 -52542 -10616 12162 10185 49182 12846 34375 -51712 52709 48056 -37163 56966 -43676 -44039 19043 -44595
r198 48110 -41772 -14867 27127 -24883 52025 23490 49317 -20306 -42890 36312 -64561 -55989 58225 -5117 -46430 47487 37263 -30602 54473
r199 -40074 -35677 51330 20248 1381 -51604 -10278 17809 -1815 21414 28172 15421 11212 -49471 8145 -58414 47491 -15132 -17244 34433
r200 43450 431 17141 11034 25927 46253 -34820 -36267 5198 53958 -1181 -60409 28373 25538 -47838 -58413 53857 5971 15468 1254
r201 47293 -51865 21422 -61207 -63274 -44172 59211 -33938 -4448 42346 -12187 -56603 1805 10060 22051 -45395 -30607 -61936 41681 -42102
r202 50730 -32138 25960 -46154 -48279 62506 41656 34626 -3462 -62226 19780 -58035 16057 13232 279 -30981 26046 -52889 41470 7942
r203 -33037 16155 52495 37189 -42072 24880 -11560 -23946 -18044 42254 1018 40828 30536 -21868 -1838 50673 38693 -62743 -57226 15297
r204 -51804 58521 22268 39802 37799 -57869 43325 -39429 54173 -29200 46873 -713 42158 58331 -28674 8697 -65308 5084 17289 -27635
r205 42526 42728 26108 58356 -41333 22185 -29170 -62597 -36223 -61139 -39249 32704 9530 4903 -43115 35867 11461 3711 -62896 26519
r206 54842 38460 14086 42993 -90 -14823 58020 -2650 62960 18167 -27682 -55590 31927 53212 19822 -31928 -41445 16254 13520 -14245
r207 12171 -61540 8171 -53281 -10083 -2595 37381 40481 -24779 -60852 59003 -6907 25898 -52202 -42004 57874 16190 -49254 15343 35378
r208 -60337 -30780 42572 18851 31151 -3909 15906 19033 -39254 -1735 -37677 45945 19459 -27980 -61464 -53782 -52670 57111 -49053 4391
r209 -50966 49459 34363 -30365 17047 -17662 61250 48194 54143 -7090 17799 -31606 27869 -54197 57921 38703 -51013 -65178 25482 60086
r210 -27894 -29365 65479 5830 -64999 -23208 30737 37038 -61266 13151 -27956 -64080 6508 -35590 -43562 -46663 38629 -2618 -10848 -50041
r211 24616 -51938 -31254 -46831 -47975 -9059 -56973 -59756 -867 -14933 33676 39720 -26121 -30529 -35501 -60895 30040 7030 -62946 12132
r212 -45378 -61806 31751 -29575 -30932 15526 55513 -39321 -25460 -12300 54035 8149 42985 3775 23472 -51583 -25707 55492 52165 -14222
r213 1577 11003 39454 2981 60333 -5771 33393 20840 47783 51635 -28120 9162 -26815 -31109 30875 11991 7987 19403 -43717 -19562
r214 25678 12357 7004 -26507 2387 -45651 -37958 -43650 5480 55373 -49764 -45936 9764 -47360 57506 26598 40053 -20972 -29524 41926
r215 -52866 57517 20384 3357 -34921 -41515 47852 -47951 29194 -42719 32397 -34943 14181 15419 56204 -14085 -44249 -2290 31420 30668
r216 -36286 42801 -50982 31596 -64583 -38931 42323 -32361 -11693 -56869 43310 -15728 -31098 4902 26904 -7845 -38356 26004 -56267 -44641
r217 33853 58686 -33423 1594 22685 3371 60281 -54420 48334 -12291 42492 -58715 -34877 -35891 -54050 17702 -28246 -36444 -59906 44148
r218 -54707 -31743 62392 41525 13805 -43604 1791 21279 50602 -22432 17037 -44759 44495 -42764 31956 -28428 -35236 12155 41126 -35410
r219 -11179 22706 36116 55777 64133 36842 -45306 -42246 54687 -8706 -38044 23290 65372 43107 1356 11814 41542 40809 47344 -61214
r220 -14918 -31470 64556 27076 9724 -46324 39448 -64325 -64179 54534 25924 10503 -60624 -43063 -24684 -18192 -22041 30764 38284 22299
r221 54274 -39242 40487 36558 -7600 49980 -45765 32508 49357 -21017 48432 -49587 10311 -21362 48593 42677 63176 19943 -52224 -1288
r222 25555 33984 -8733 49446 -47422 -17222 -50369 56306 53805 -44187 27346 53199 -22540 -32134 28288 -64926 45262 21182 -44491 43572
r223 509 39590 21284 6122 -52392 -36134 -15084 -51473 -57197 -31889 -45585 -50292 -31628 7012 -52179 -25076 -59889 48001 -42656 24401
r224 12139 58310 -8800 -7019 42232 -6093 14702 22127 -32998 -31363 -60419 -41522 -46293 -36971 -52903 45911 44372 -33102 -18890 65102
r225 38117 -39318 -59936 25233 -34007 -20229 -3657 39224 -12003 -52146 21666 -48678 59022 54881 5767 39753 -57858 -63392 -50377 -61265
r226 -25411 2934 26966 -35366 22310 42490 7171 52696 29888 3546 35362 35377 25487 -32296 -64084 11700 10968 -62267 51956 61812
r227 -588 8653 -63161 -44238 37877 -64579 61599 12384 -49452 -41582 -11847 42964 -10836 -64794 -14561 183 62411 5537 -65246 -62097
r228 64280 -20280 -31623 10410 15027 13798 63235 21357 58074 -55183 -9244 6437 49688 -41761 247 -22256 -52019 -21413 59192 -34506
r229 4803 -62167 48109 4386 -47811 9912 51866 4890 60873 -49679 -28197 -36920 31880 -48690 61380 25806 -29477 -20942 -39590 64387
r230 7579 -56404 57898 39891 45534 48246 -6165 38383 -50672 13442 46403 763 -51356 -9051 11148 36442 -18595 339 21041 41441
r231 48591 -28387 36867 -19398 -25048 -20434 -38528 -64861 5471 -7407 12264 23395 -658 38775 49731 36948 33593 34794 -20772 18668
r232 12884 -64828 -42345 892 -21442 -11543 56884 12453 64781 -2728 -53275 3229 -65208 -8079 53392 -13900 -4675 23374 21701 27038
r233 18922 32758 -741 -17197 58293 -63676 59785 -39933 -29116 36116 1668 11923 38848 60121 -62001 37353 17583 -36475 -17007 -60892
r234 -47082 64073 -14150 -56887 -46866 -57560 -22158 39836 52444 52758 -10298 14868 4370 -7132 -63753 -33076 15536 -38117 -47495 51645
r235 -23731 -12126 -46776 52956 -26177 -40962 60762 34812 59883 37012 7904 10244 -13460 47710 -36420 -54110 -35740 -28777 -12922 3866
r236 -49741 35600 -22795 -63983 33620 -45796 64941 -48344 48163 -7519 37842 -40614 -5504 26472 -28891 29033 44683 -51779 -40286 47283
r237 52920 -23502 -6678 -1265 -12439 30657 16448 -714 -28895 48468 -21356 -11071 -27791 -35209 61010 46571 -38574 -25330 20349 43210
r238 43523 2293 -15089 -30636 64173 -59079 -23161 48846 48600 -30839 63771 60257 48738 -32719 14589 -3829 -1918 -58449 -35057 48309
r239 57114 -54802 -51761 -62071 -20491 47195 -44628 -12896 -32151 -35335 12509 11571 7915 -2102 -41805 -61654 -38004 102 -55383 6705
r240 55595 44172 -64433 64037 -4930 19346 -42952 -15812 -42652 5024 30781 -2865 -62255 56340 10138 29927 16842 25912 -17228 -19662
r241 -804 45824 13976 32336 -45907 4991 50141 -55842 3460 38970 14838 6419 -30171 8860 57410 -10695 -10493 31164 -52348 49157
r242 -36437 -10344 -49936 48619 -1610 55574 54426 30802 12329 -64862 -15834 -24515 42501 -19747 19391 11669 12049 -1018 24703 10407
r243 -33451 -24130 57163 -24147 -6265 -54262 41624 38207 -20433 63280 12408 -20961 -10396 -34013 -24674 64808 13340 3008 32623 18718
r244 -1308 47419 -51866 -13599 -56769 7546 -18158 -5868 -24440 59519 -49806 45079 8870 8668 61427 61139 57136 33108 -52471 58529
r245 51225 -56960 -3976 -12686 -11583 3596 13011 23231 -47414 8122 33863 -17670 2770 -62264 -32950 58614 -57709 -50770 64236 -42460
r246 -25396 -62085 40146 33959 -34006 32133 -38594 50337 -27937 -25025 33737 -27684 38597 -53109 1847 -49484 59304 31856 40481 -59182
r247 45421 -51083 -44996 -22907 48847 -36785 17352 -54822 57738 14731 -1449 -37195 20845 29291 11067 46319 -44274 11524 -41380 -16963
r248 -37409 -34408 -12397 42877 -44796 -31576 -9590 -49457 -48350 23222 45306 17427 50298 -24357 -59426 50553 38838 46392 -12905 -52885
r249 -50572 -12241 33656 -30479 -41644 35656 -22392 -1085 4367 14497 22416 -49158 -38680 8724 51591 -4483 36142 -24750 -38387 1218
r250 21637 16558 -19411 -14173 26897 65436 36634 44089 -19304 -1466 38390 -38089 -14885 51849 -5086 -9852 26825 46507 4760 50409
r251 -19712 50249 -36321 42023 56904 30835 -43063 6068 -38581 46798 -37148 -49712 6696 -35966 -20776 -23026 33105 -19363 -29153 -26752
r252 -52069 -63681 27217 36238 57202 12323 23675 -52260 40959 -51246 13257 34018 -48257 30693 16302 -29111 6950 -76 57356 19263
r253 -26341 4056 -4018 18604 46789 -49004 42610 -8352 46809 40866 1836 3506 16487 26554 8319 47121 3542 38380 19086 -23938
r254 -45519 -63806 -41193 -11109 9336 -60112 53978 21759 -61 21171 -17171 10106 51 -4773 51430 2995 -36717 -29222 64237 43409
r255 37381 16208 -46125 -50580 65135 28416 63552 -22808 -61674 4200 57012 64937 59663 31751 4648 43955 6010 33048 37743 -38167
r256 -62677 34556 37250 51563 45668 26905 -34086 -19475 37673 62696 37034 3232 -35743 33618 49978 41311 25322 -10002 -40978 -11063
r257 18211 12227 12354 -62950 53538 -56892 -13656 -23575 26766 -3154 -44391 56467 343 -5602 16147 -54449 -53013 57581 -19989 53067
r258 -50747 -34469 48805 -61196 6337 -31372 29684 -12519 -44558 12542 57626 63776 23689 27070 62888 55966 43339 30790 50373 -16053
r259 -6411 58432 -56336 63582 -27563 -27197 -60029 59287 27854 -39324 41813 56342 25909 25230 -14688 -37901 28874 -40145 -54828 -11444
r260 47284 11812 -8282 11331 58216 -1035 -46115 37262 481 -22731 38590 -6433 9291 6942 60557 -23591 -52032 1729 -7275 -52334
r261 -43811 -24504 -19759 20925 -48344 1234 -17704 -26394 -48451 56353 33590 -43853 31022 56093 -35163 43909 7723 64872 -1915 -62804
r262 62510 56959 34812 -34107 61025 36214 37113 -688 -36955 -17395 1402 64397 -53618 27879 -6563 -12091 -25710 60675 -56676 -50149
r263 -13662 48266 50423 40905 -34203 23437 59021 -16929 -49531 -54332 -18268 -7018 62732 -27704 -44882 8585 -65202 40919 8931 -44744
r264 -29980 -10230 -39396 -31097 -17538 15662 -20849 -47659 -34221 -24474 15085 46805 -32667 28786 -15438 5150 23062 55650 -17305 -28872
r265 -53596 -59130 42615 14546 -17013 3497 2806 4702 -61146 25857 -47047 -10264 -39078 34 21019 -64786 51635 9848 44398 17796
r266 57038 -35900 30325 -28119 34066 -36163 -470 -21524 5355 -19539 38092 -5853 34058 -31507 26721 -65206 61387 60041 -49897 -50872
r267 14091 -40883 31795 -31967 15625 487 -41790 19871 41746 14617 14343 2617 60981 30797 -21063 35184 -49788 1873 -10877 -48368
r268 18259 7344 19971 2775 -35278 21523 -17953 60318 -53406 -51445 9026 37458 -54596 38360 -15204 -6774 45580 33721 21008 -32963
r269 22651 -28873 46820 63209 -7152 7593 40011 -19623 24148 26434 -63231 7646 34912 -45902 -51021 43656 36203 48670 -56871 -36008
r270 -13893 55364 20372 -40136 8494 117 34004 10120 -46798 45967 -62970 51384 -20069 -57050 -14237 -59850 -34733 22348 -58580 52725
r271 -3622 -23897 -62594 55110 -49250 51474 -51195 37461 -61952 50104 -15829 -13228 49044 52303 -36839 13771 -39480 -31326 50893 58206
r272 -59873 -64647 -61024 -12189 -30459 57591 -14047 5945 24472 -19391 -51705 -27879 -26797 24848 -41192 -62931 19936 32590 26567 23657
r273 4886 -38329 20888 16590 55506 19938 15373 36114 60709 13242 12566 10485 -47060 -62110 -13011 50748 15899 62849 50337 -17375
r274 14372 8199 -25186 20475 50343 -16344 -35196 28132 -32471 -45022 -52548 18806 34164 40083 2856 31851 21653 30585 -11911 6834
r275 45389 -14661 18844 -55998 -47081 11336 -57893 52178 -17115 -46115 63241 31305 0 -49495 23136 -46547 -20451 -19369 28476 14711
r276 -465 -737 2475 54294 48438 -12077 -60698 48028 -62865 13634 54134 32397 -42479 38574 -5266 18729 -59503 60932 50730 -42491
r277 -31272 -24764 -23695 50522 24787 -5834 50544 -37713 -14507 -31761 -25491 -41390 -12790 -49314 -45419 31351 1444 64924 -3856 -44085
r278 32644 1604 16756 16635 36271 31710 40272 -14147 40125 -61481 2831 54551 -16705 -23431 11336 -14238 5899 30638 27783 23283
r279 -2456 -6110 -13252 64976 -5558 64526 -56420 -3172 9888 -41930 20913 51857 -1712 -14415 -43047 -51115 -38299 -33800 -18732 -1904
r280 -19558 -33244 -1233 -11574 45648 -24674 48816 -37758 -10440 65072 -57135 -58778 -2832 25527 20920 34737 36393 52842 -7061 44294
r281 -21397 50699 27445 -27330 3340 55465 -57473 9035 6631 -32118 33778 15439 -18231 -44347 -32694 -1677 -58880 -4528 -24985 -45312
r282 35113 -15348 -35345 -21191 11204 44539 21606 -5032 16221 20120 34222 -60945 8660 1189 -10960 -33040 -15822 10264 21534 64928
r283 53069 29386 -37584 -20711 -62625 -53038 1140 58653 44551 -2067 -38795 -14283 56095 29371 -21822 -1171 -46431 13120 28664 35219
r284 11815 -40629 39411 8997 58480 20760 -16995 -40998 61598 33528 34477 -10509 43706 3585 45207 5638 -9357 -21540 -9583 -40012
r285 39885 18608 -58170 28121 -52934 36602 54826 -44091 40593 21208 -6221 -37783 -9520 -34342 -47552 59380 -35422 34479 -9350 35623
r286 36909 -6479 63127 -42582 -62411 -25263 25250 778 -38411 -45459 51991 -32442 63508 -37776 -55613 -11564 -64227 -40789 -34595 12298
r287 11341 22565 -26275 63972 32636 51672 -34805 -27174 25069 48546 25989 -16642 6920 -64472 -64929 -51513 7145 60958 54718 -61406
r288 -4877 -43642 -62944 -45022 -13706 -37945 -1880 -2162 33804 61625 56819 -54853 -52904 -3576 -65000 -11431 -46701 -51408 10421 9688
r289 57205 -13327 -4130 59908 22325 8165 -25340 -22684 44769 5958 -63468 -29437 -28733 -23198 14995 2209 38290 18998 -57250 -61374
r290 21168 31479 -46210 -6167 -56285 42289 54265 59627 57515 -805 18024 -64104 61801 29148 44080 9568 -6683 63721 19497 14949
r291 53118 -52045 24532 38932 -38096 -10973 50176 -32815 -13680 -41685 22251 -25697 46972 -25623 -30595 45148 -63986 29637 64209 32328
r292 -6842 -35548 64412 2395 54025 -22456 1038 33279 -36094 -58398 48644 -39044 27520 52986 58103 42231 65443 -25983 50472 -51973
r293 11148 -23602 -13343 22913 7948 -57390 -48924 -52001 35049 31021 -360 -49097 25590 -55381 -18358 -2075 -34981 40481 -18909 26059
r294 45479 37961 31813 -7621 46363 55765 -57535 49870 -39932 7044 -46974 58080 3748 -40751 50454 -37049 -16341 43160 -11073 -49999
r295 62369 42989 44447 -45491 16238 -64616 3231 44836 58015 -33972 -626 48029 30603 16879 -46686 17362 -55246 -35907 -44542 -32425
r296 -31240 54459 16401 -21191 4760 38279 59668 9120 26901 25716 2881 -21954 -26608 2124 37198 -15043 59974 -16874 -54209 63539
r297 -52277 -10693 4891 -24529 42155 -36420 -45535 5110 -29673 65411 44914 -41081 43712 36961 -51923 -41659 17817 65515 15567 37608
r298 -58000 -57801 -20673 8531 -20776 -29711 14579 -20542 -23903 25515 -56647 36560 -18648 59045 7095 22264 -32997 64373 2347 12326
r299 29305 -65390 -44456 40909 27182 55748 -60056 47850 -7982 -35268 -65 1902 -17417 -730 12053 1339 -48605 15834 -13473 12845
r300 -3857 -63757 -33584 -53918 56462 45573 -12975 63194 20074 -35266 54654 17405 38131 26801 -22294 39139 -50754 -41542 45717 8510
r301 51235 61499 -17061 53733 20139 -26938 -24455 64852 46389 56663 -27063 -42961 -19305 -65035 -5559 80 -54363 54491 -50200 22948
r302 20481 -63565 -41958 -4032 -15844 -13880 -11215 -40851 -12438 14434 -31851 5127 -49607 17748 20914 -61057 55179 -42315 -12812 16985
r303 -44183 54361 -8293 3520 -16970 -29348 -56410 37902 -59675 46388 -43668 -63301 60108 23737 -22357 43721 -14277 8413 41888 12778
r304 -64157 54414 -52223 -57917 -36865 -39456 1305 135 -56564 21412 29332 -15120 -38742 50821 -27566 -18846 -50423 26341 62910 -59745
r305 -60790 15153 32950 17577 32040 -4649 53091 -27755 -60257 39352 49999 3841 49712 1913 -52374 -35348 -10849 51600 -26298 -14450
r306 49977 -32406 23458 5629 55918 -63340 -42315 -35162 -44368 30407 63893 57376 -64923 30467 -16553 60608 32051 59052 -16830 60449
r307 -26655 51602 23281 30488 46543 -41471 -14651 16727 -58375 -38329 30858 -48489 5324 50705 -39285 -12759 -9257 -49060 -18455 -32527
r308 18030 56097 15446 11314 -64954 47276 33652 -49790 48395 28157 62428 11345 2280 36675 -12323 10019 42855 46269 -24696 5024
r309 -24209 -41479 40178 -37921 -63466 8840 -26362 14740 48974 -56005 -49567 6572 -6115 9189 12931 -18396 37560 -16624 -62593 50598
r310 -15753 43554 -52038 -11984 40466 44952 50525 41560 -18150 33844 -3892 -61935 -9271 -63985 2053 29497 -48487 42601 -15348 31266
r311 -12403 48190 48868 -6823 3757 -46794 -39832 -17481 -25567 38872 -41198 61621 -2858 9585 -43601 55304 -36604 40965 -2921 5997
r312 -40689 -50561 41596 27712 1255 15868 -21900 35291 17081 -13880 -40559 12180 -39150 -6681 -17367 5891 -37722 41434 -3089 50901
r313 12869 -40240 -43018 -41087 -56668 -15835 37160 -35077 43978 -54946 38395 -11772 520 -31102 -6945 19847 -21499 -16933 6276 -37515
r314 -26364 -25452 30707 10197 -19862 1324 -258 -11549 53925 -35450 -44448 -16340 9815 -16003 -3865 -1812 -60215 -45305 -46589 -60195
r315 -13885 -10016 1525 -31377 12587 -41870 -33595 49890 49814 -4408 -2772 27468 -30016 18795 -31531 48955 -49042 -26281 22319 16120
r316 31747 -35384 -37196 9041 35228 3134 29632 5463 49819 -49268 -3644 -37240 43814 -20322 -17212 -51791 -53842 -22813 2238 49549
r317 9478 17490 24411 -33504 -55626 6378 54339 -42702 -49192 40417 -48497 33772 44070 19915 13222 3811 -37791 64646 -32518 17590
r318 5604 40657 -33355 4364 34543 54371 -5400 -6094 -47192 -37136 54614 -55685 24862 477 -13469 12750 21745 -29577 46503 60475
r319 -32607 46571 -17980 7415 -25983 -51545 -20235 -25733 11246 39938 -37702 26667 11462 -64745 5810 11892 -57667 38767 60861 41766
r320 -47581 2312 41857 -11088 -33248 53987 44454 54233 2313 -27573 -31028 24850 65212 -13003 39944 -42265 -22896 -20488 -12573 35347
r321 -20633 42222 -55443 -25220 46015 7312 25644 25158 34510 36158 -58555 -55143 49200 -27447 -26729 -16279 -63066 28364 45155 15471
r322 -31232 9570 53049 37260 -16059 9035 -29153 17607 64707 -64644 -2905 -3217 45957 52868 39332 29122 65411 31137 -52331 34362
r323 628 8237 -8420 18203 56263 25341 11897 -65363 -6792 40342 -58348 -45795 30553 11502 4848 61435 24327 -18988 52435 40354
r324 18625 -47698 -24730 -21286 13610 -14524 31265 30008 -2780 -24077 42200 60717 -9178 18482 52106 62991 44470 6218 54014 -52841
r325 4558 -20989 -37715 -26728 -49749 26341 -47247 -28628 54688 -59353 55336 -51248 19033 1353 -24436 63322 -51123 -47656 -56914 -41934
r326 21367 17400 58452 34370 37552 -55719 53871 -26801 -26073 -19340 14741 60033 -32899 -63240 26698 35578 62287 -750 12685 -38300
r327 -10540 50692 51250 -11254 -61707 12384 -14933 17369 -4310 -62640 -14864 5895 -43528 865 -64796 37846 -26502 -37103 -24391 58457
r328 -53140 41963 -36111 62370 -2957 -2729 -55521 43985 -31384 -54846 16820 62429 47780 -15850 -15684 54101 9167 38554 32621 -41756
r329 6029 -50818 -2046 14718 -6983 45177 40258 2122 -26512 1956 3140 17132 -57940 53987 4400 54452 48690 -3070 -30058 3014
r330 15357 51086 4465 42831 -21664 38742 -1415 -60319 47837 65356 -47225 4609 -44317 24559 -19760 -62768 -54223 4228 17311 -20360
r331 -49496 63727 -58870 -29316 -47600 -65227 -40889 -56762 -59785 35597 -3716 48381 54413 -28000 -73 7570 -51597 -35776 25732 -25192
r332 -6486 -40021 -35188 -14028 16966 20636 -39643 13179 -44759 35261 25055 -18984 -63515 -25266 -39601 12139 -59031 41390 48143 -3008
r333 -11965 -33547 33484 -44503 23883 -51511 -37032 23350 -4264 -52524 30587 2203 -7215 -25479 -50971 33852 -46976 59768 -40151 -12539
r334 8659 20718 -49952 7835 39849 58217 11946 37589 24666 -44807 57728 46033 41429 13801 -28321 -11137 53242 61113 -44971 29472
r335 -33677 -461 14185 -13079 -62786 -5083 64949 25814 -49093 39589 55287 48663 63589 -18580 -3023 -18841 1056 -15063 -12334 64529
r336 22411 6854 -59933 -16943 -52607 2354 -48677 23358 49307 59192 9393 43074 -17988 42824 46737 -47333 4648 -51240 -56545 -43435
r337 -46117 -13458 61304 7286 6948 -19448 -35908 1056 7071 -16160 17801 28851 -30628 31354 4652 -59231 -11483 24576 17894 -28419
r338 34191 28500 -34198 -56815 -21327 30313 20733 -56110 -54587 12448 -6869 -56419 32550 49009 -58721 -20559 3487 -65112 59951 57845
r339 -35117 9988 57316 -43535 -3465 -43169 37901 58235 -12701 -4365 -56245 13996 -9181 -9568 14354 50893 -26413 -44048 -29622 -32679
r340 17348 59830 3072 1851 20196 22060 4655 -63536 9908 7229 -62400 -13629 -35168 -21438 -45172 -21457 -15737 -34827 -19763 9310
r341 -54228 60996 27381 16057 18075 20833 35258 32479 -26506 -1807 -2616 10241 -149 30499 11298 32334 -12907 46603 1991 -41587
r342 -16424 12174 4542 41609 -61182 -43731 5358 -13066 762 37231 -48036 -37027 56403 28786 48100 -20503 15616 58262 37312 -12544
r343 59615 37843 -15026 -52930 -44453 -59336 17750 23393 61250 -44416 42692 264 12320 39841 -9714 -42941 10039 -11036 -33438 -64108
r344 2145 -41457 -14583 64437 58733 29317 -63616 36741 -57490 -29393 43189 -59351 -7883 -12260 -21726 43465 44902 37133 -32312 58186
r345 18919 -42492 -60056 56927 -19878 46405 47844 19575 -64008 -1958 16555 10378 -50613 -29354 49979 -17753 20600 -46678 -34565 -23914
r346 54156 -37818 -31206 64907 59870 20317 24016 -28566 -40889 46412 21220 -26368 -18386 2854 -50542 -59569 -43402 1773 23805 8794
r347 47470 -12901 -54738 11449 53699 -33936 54695 -27461 24785 -36038 -36792 -3254 -14920 -18462 10551 -29637 23975 28965 -31317 -8925
r348 -56619 -60216 -30380 36503 3827 -6865 -54757 -36770 8229 -36180 -26797 54906 -60318 32047 -52275 -40500 -53709 51971 -34615 -22360
r349 -20600 54587 -27584 -44726 -7158 -32507 -2251 35714 63660 -12237 -13673 43208 -11917 4310 -59481 -16862 -20989 60662 58750 58545
r350 48272 -61873 -22367 -34863 -344 -17212 -32586 57813 -48715 -52498 15683 -22787 46015 -62805 -61554 55073 7055 899 -15264 32927
r351 -46706 60969 -64317 5183 -7322 -16014 -5021 -167 21372 -28058 31200 35876 43916 -9093 -31434 48109 7431 -34250 44220 -29621
r352 36885 -43742 -44622 -41298 50399 19559 -34223 -250 -9775 -57704 -52485 51496 63758 -4549 27899 53472 46297 -37543 49966 63731
r353 39014 -15679 44562 -57071 -24393 -28535 27323 -54568 61993 24586 39222 -58575 28521 27192 14788 54934 53213 -40538 -54126 36846
r354 -29433 40238 -54910 -7297 14430 19746 -30066 -15539 33008 8625 -10491 -12181 -50398 19875 -53864 -47687 -8296 18332 -417 -15022
r355 63087 -46077 -38225 -35893 -20004 -37331 -1266 59631 -14852 -51906 19207 44926 -53062 -86 21980 59309 6810 43515 30579 23892
r356 -36427 52530 26089 25140 11673 61237 49676 15654 825 -30843 -29656 -35276 -49775 32274 -57296 -15726 41877 -52616 48739 -23785
r357 -4202 -11097 -47965 -33165 -14527 47579 -45188 -55804 -57663 -20672 -62865 29270 -26212 8826 -53980 -50531 -3710 -40073 -37538 -4336
r358 -52902 -2363 36719 13896 41904 63378 38713 -50732 32589 -65511 -2962 28405 -60220 33904 -47677 54116 -56122 10529 32606 30664
r359 -26255 -36885 -15042 14160 -10528 -24278 -5551 -32333 58094 49880 29493 -48876 52075 31392 36000 -17626 13916 46158 62078 52216
r360 -26057 -52321 6182 40912 -64062 31222 63786 31160 52163 -56365 29731 60626 -37533 55399 -49872 -43891 7660 -44162 -7834 -42660
r361 -898 -22342 19747 33042 -59260 -51017 45642 44637 39163 60847 -12742 -60806 14665 -10402 5283 -58224 -60960 -58048 64050 46435
r362 56864 4184 45630 42934 56135 -4977 7322 4363 -7921 33100 -22716 -6636 -51384 -46430 436 -11863 -34962 -23984 3830 -63194
r363 -43975 58709 27051 -29826 -33403 12189 -7472 46751 -18196 -15905 -48534 37497 37006 -951 -16349 -50038 -24632 -44459 -30438 64314
r364 -57258 -55502 16046 -26365 65163 46801 -44018 28062 35721 -13823 -15873 -48767 -1451 -53808 16320 -16527 24242 28174 -29698 10858
r365 61116 55135 -16794 44474 -58409 -5313 36547 63559 10593 23517 61550 -2115 13563 17066 -35661 -34856 -9911 -62005 18394 36725
r366 7614 -62575 -24624 26252 64113 -1601 44709 -61357 64138 -43243 -58715 5981 -53490 26369 -37019 -40177 -23005 41761 -25815 53617
r367 -56585 -20382 11677 1807 60610 61862 -54105 -18743 -39116 50859 -46835 -38393 48259 39016 59447 -64088 -31625 7958 7908 47767
r368 42563 -58263 44437 -63792 11886 58283 39916 -38628 860 42581 -11063 30355 -40077 -37767 22842 -46016 -60513 1687 -26398 52026
r369 30674 4423 -42747 -269 61339 59122 -27022 -64700 -11660 54120 46063 -65122 -38920 -10047 -49485 19620 30707 -58691 64208 44455
r370 -5578 54536 -54873 -56158 -35385 -22028 -7348 27136 -4632 49525 39290 -16041 -1082 9631 720 50335 42984 -16479 21342 20338
r371 46466 33207 8827 -24255 56851 22312 -975 -30033 64018 7695 -42085 -35719 -44898 -13259 57999 -16655 -54385 53889 -20139 -56189
r372 -27864 58692 15273 15787 -17297 40017 47326 36273 65021 -62350 45626 -6280 33305 -2741 44838 44691 -15591 14916 48459 44731
r373 -5638 17082 -32356 -30373 -37408 -57147 16154 -47253 56511 -4176 -23316 -14544 61599 23872 29561 -41973 -25455 4080 46010 -57721
r374 59098 -49945 -14607 49998 -62587 -21849 -48851 33929 -3388 12895 30280 47271 -7894 32846 19017 24088 30345 65515 43443 54202
r375 37633 -9643 -50591 -60777 3638 41741 29393 2946 -14896 57212 58875 -3383 48725 -60088 61997 24054 2881 50411 -3446 -27455
r376 -58005 50154 37485 20353 -54650 -50105 -31442 -27439 -37877 -61280 -59783 616 -28514 -56553 -13838 1202 32082 54438 62812 -37482
r377 60207 60066 -35386 55279 -39154 -1097 6351 36000 204 60906 -55186 -49268 64743 -35052 -36845 -3624 -48245 37942 7436 -6075
r378 -4422 61167 -54380 34012 -59104 -36838 -22665 -19428 -42333 -34357 48787 -60027 -45522 -53340 6493 23121 -64952 24114 42592 -18347
r379 51269 -9992 -40400 16037 62862 -8888 -12827 -19150 -57149 -8895 -63359 -39395 4431 -51507 -7723 -22774 -41883 -63997 -41878 -15210
r380 -54980 -28033 -53558 -36171 49270 33480 61109 -62684 19716 -16959 19108 -47039 60798 -38237 -42630 -31079 65058 -55257 39138 -15621
r381 45654 -13847 -53142 5822 4399 26314 -26784 -59297 -7735 60254 -57438 -33781 54977 38865 -44937 54480 54452 -10001 -13976 11753
r382 -276 6148 -1007 46764 -36542 -15792 -42590 63240 1612 -42559 -45015 58204 59083 -4852 48176 14275 1477 -29155 -16693 29270
r383 -1554 -26594 -33242 39720 -30410 53121 33074 28568 47667 -27756 198 39332 32235 -41878 -22908 -17781 10796 -983 -18847 -26959
r384 -7634 -45724 -47743 35481 -2232 63083 -22939 -19433 -3444 -22421 41428 -5683 48126 10019 49420 32456 -47890 27542 -47949 -17717
r385 49254 14886 18493 -26680 -37356 5875 -59953 -32539 34459 -3106 -27376 -7191 -39877 29527 -63874 47594 -15258 -54313 47215 33687
r386 -14242 -31718 -60029 -50819 -59159 55925 1243 12098 5532 9769 55628 2693 -9250 -56144 -32402 54789 10324 48638 -62313 -63665
r387 -20424 -21765 -42185 -38263 49024 -53297 57306 20040 12365 9223 -48053 63581 -34382 23573 -34241 -54231 -34414 -423 -47477 -39900
r388 19601 3418 -17339 -63353 37685 -64780 -1204 -21999 -57653 33272 -41342 34569 -31754 -52269 62506 350 -44211 42731 -36530 -24061
r389 25987 -20139 64180 -52184 26507 -37730 -46747 24344 52240 46931 21507 -10025 37472 -19773 -11807 -59977 -9313 12783 23120 44820
r390 -58223 59765 18022 -56760 18454 -20072 33448 28433 21034 -41799 56299 -56677 -3014 -47119 -31913 24123 49909 32947 -57908 45359
r391 -51255 22160 -57814 31721 50065 -12528 -19317 -37382 -40607 -49253 -26186 -40983 -46635 13974 63456 -41956 21192 -45639 64554 -50909
r392 -58127 5254 -599 57463 -54904 4793 -55625 7353 36358 27169 2947 -3792 62714 57239 56597 -23468 -48575 -60971 13053 -12340
r393 19660 -8895 -3120 -40576 58740 -42949 -2422 9953 -29614 25683 -37179 44097 -3033 45263 -50228 35814 -45941 -52484 -19486 60370
r394 19879 -12676 -58813 -47912 -35160 1497 -19730 29091 18160 10238 -33377 28168 -64637 -16595 32408 5033 -23891 -56504 -49154 4703
r395 -16852 -43557 43670 49853 -34076 -22120 52472 46320 -60961 -1901 37464 -31574 24736 -43592 -8724 -58593 -46216 1568 42300 38588
r396 -57788 -24752 28066 32243 21112 3538 22468 -42550 37111 37710 -31111 -17033 59969 52457 -24389 -14037 18899 -149 -62757 -62028
r397 64926 8739 -36235 -55988 -16922 -35877 -28042 -51374 13245 22570 41083 -2289 -39417 19043 -47664 9718 -33150 -46925 -21410 -18074
r398 -16044 -42432 14563 -53089 34706 -34068 860 -24267 33410 -38774 -63334 -7125 28977 46782 45201 -34570 -37355 -2756 36178 -27362
r399 -49316 46641 -30375 35828 20603 -41806 3996 42792 -10390 -36197 1385 45015 12051 31855 48914 962 25623 -52387 -12058 -63964
r400 10048 -27673 25776 4671 -55281 -24958 17668 19588 11668 183 31073 11561 -51101 52560 -59238 -55002 -50805 -5623 54384 27505
r401 -25891 -34277 7860 -48343 -29686 -12580 43470 -25646 -59008 24122 45855 -8305 -37611 44570 -22300 -54489 -51071 10580 49932 47526
r402 22677 30529 58972 -24037 -10007 -43016 -42390 -22526 29433 -9931 42432 45079 -8401 -23228 -32585 -16303 60549 54798 26201 40615
r403 -3919 20831 -1849 -5306 18469 -58827 -33251 41436 -1651 21225 8877 -48879 -40686 32053 -30863 -42176 -57092 -53612 -10035 16087
r404 39821 -26778 -14214 29429 41412 -46263 13850 -65414 -44425 -4169 -36382 -50477 -54104 28179 -17802 36934 -10310 63375 63863 -36888
r405 -22456 62285 -55778 -2964 -58515 48322 58344 11334 -62285 -4103 54095 17353 -13101 57933 -58473 -39027 29306 -38952 -56022 16533
r406 1883 -16554 -24112 -57122 42800 11649 -48167 -61451 19247 -36811 50692 -6299 -34502 17987 26751 -247 -33994 21688 23356 49
r407 36084 -65498 45389 -21143 -43652 55120 -51001 -16720 -53366 -6317 56524 10899 -34683 30639 -38023 -26727 -23229 -13199 19925 -11792
r408 -9927 26613 -43260 -41925 -31547 44461 30065 46263 64016 6430 -15167 43170 46730 33554 -54559 8043 7340 44038 34073 -61666
r409 58462 21345 53603 -32599 -51476 -14766 13018 60246 -16766 -47109 20014 -3194 -59363 -58502 50803 -25052 -51379 54042 -54855 55614
r410 52453 34059 1731 -7749 -18383 35159 40894 56842 43547 -51884 -11812 -55138 -54756 -53073 -55866 -16958 -11516 -56071 -47459 14774
r411 -61104 29068 -32883 -46113 53373 57822 -27703 28784 39846 -58595 980 -54620 -19780 -49752 -32451 64612 -55314 -12845 53761 -33232
r412 21199 3055 52614 39789 10696 35167 22425 20886 8983 -59315 35532 -54957 -16433 -7881 14833 -45054 63370 46001 -14136 -58422
r413 58542 17064 -24844 47478 -35112 63015 11630 62838 60320 -6843 -60487 -19289 -17116 30657 -39083 -6021 4237 -45887 -25409 11449
r414 -15490 -4433 -16030 44289 -31671 25751 55474 -2384 -20241 -38122 49292 -43072 16951 -62404 28414 -56647 49930 -22646 -24763 46484
r415 -53606 -9406 -30124 58076 -32814 40414 11990 -58578 14744 23995 19075 -40901 15897 16401 62597 -23712 31840 45200 10398 63553
r416 -3519 7990 -1645 47768 63664 -47539 18124 -37720 28208 19982 -3357 -4432 -5628 22418 40924 16998 46436 17638 31408 38938
r417 35464 5577 24046 53307 39039 -11941 35693 -61039 36230 -43320 44281 23052 43886 -29936 17787 8155 60143 33825 -1181 -17087
r418 -10708 31371 45044 -60984 -1729 27656 -27247 -42542 -1977 40621 37983 45770 -62718 25154 40645 58931 63968 50678 22249 -51310
r419 57039 23929 -37747 -27560 18097 -45425 -31185 -51779 -16459 -7350 59319 38133 31629 -27704 62018 47899 -43351 -38365 -730 60799
r420 29156 35635 -47117 -25955 4582 -31295 -17877 21610 25283 -3818 -810 46889 50127 -59614 58864 54764 -6988 19401 31680 3015
r421 -32394 -37091 -44677 -42396 4889 -60236 -42707 -8152 11661 -48956 -36725 3720 32009 -5973 42578 -20684 31619 -21420 30147 -55961
r422 -57561 42355 6562 -50464 26899 -64711 14502 44831 -40798 46847 -36441 25797 25187 -20650 -7485 44443 41355 -63195 -52197 58443
r423 10630 10920 -48047 45986 64284 -38827 38287 -7145 48550 -65430 -43583 -39666 1753 18482 53176 25949 -60151 65099 -8778 9076
r424 -15209 15707 -3846 6388 44881 54993 20396 -20909 -7894 58613 11406 14046 6844 -37307 -19008 -32462 47208 -55566 23267 38594
r425 -2645 -36151 36998 -26692 57700 23386 -1855 54659 10757 -13412 -38558 -14539 21635 -14762 19274 55031 32355 56491 -62493 6863
r426 910 -51090 21018 -14171 25057 55049 -58629 42317 -51123 61616 6848 -41415 -48803 12341 -33067 64902 -52490 -4870 15430 -63996
r427 -43876 50240 -54418 22 54572 -54813 -51544 -8092 -55968 64275 -4847 12247 -34906 -19845 -27020 -22714 -4187 23881 -21162 -61480
r428 -19207 -43236 1500 40538 8724 6178 -46517 -40186 -29391 43761 62925 24470 57641 28512 -5017 -23522 -33493 6628 26209 -24024
r429 14868 22886 -45851 -58648 -6076 -53868 9418 -54247 -42403 58298 45513 -39387 -7478 -47701 -12539 31590 31345 18244 33811 39318
r430 62707 15591 -24589 -43925 60899 -54520 -38416 29744 24017 55582 26123 -34327 -61986 57981 47928 8248 41806 -51252 14546 57821
r431 21326 40842 25889 15813 -56230 27096 -19010 -26834 21494 9915 -37778 -14720 16315 -53671 -17916 40259 52753 -51192 20410 -16875
r432 11454 -45264 -53293 -29440 -25799 24026 95 -50278 -50088 -47726 -22688 26029 23139 -45262 -973 15326 41029 25102 -33464 56366
r433 45369 6509 -63350 31429 -35097 59751 19905 31019 41294 -29407 -5739 -48935 41402 1991 54633 -13717 -21496 32517 13901 -41127
r434 15660 -64121 40420 -34136 14841 1275 -48423 -10556 8613 40121 -37009 16110 -30098 21742 60188 62601 25490 -44142 2523 3816
r435 -11240 -2930 11897 -37776 57537 -44483 -14386 26134 8174 -55129 63337 1561 -42207 -47927 57563 -55546 -8848 -48707 -48686 20637
r436 14396 -26668 58311 -31538 -51723 18527 26604 31752 -51063 37997 -59515 17426 572 -61449 -46752 8886 19908 -60828 -61963 -19013
r437 -20210 -39488 14745 57441 -3011 39042 25258 33492 -41398 -53844 -36556 41489 -14187 -13079 53842 -6828 31764 65094 -18720 64580
r438 -45188 -17771 39049 -26405 -8007 18661 48842 -33597 -31689 -57709 -57115 1907 -47865 -60415 -21422 20530 -33522 62043 -22200 42564
r439 -56898 -19899 13816 -48259 26238 -3853 -9257 61066 -18910 -34950 -34997 -26758 64191 -2094 14071 -48374 -63537 13240 -52272 -56823
r440 52890 40738 38877 29448 47178 -35656 -3591 -9271 -21830 -34088 -56459 -15906 40693 60086 12423 49483 1023 -45701 -7629 2768
r441 -37462 -21119 32410 -59314 -31628 65097 61158 21920 36487 60863 1301 -57075 -64918 15303 -53376 32938 18053 8770 40136 57351
r442 13359 -56615 47113 -62504 39777 -20999 -25451 22544 -62736 58899 -33662 30485 56578 -10810 -31519 -53334 -27268 -49551 -23124 -19067
r443 -14347 13798 59240 35689 -49655 -40473 -4722 3836 7554 51283 65490 2107 -16413 -64931 -18714 -42026 -44696 -53231 2309 -36318
r444 59640 -24059 -14096 23200 5034 -56119 29602 54923 -61182 -37456 -12339 -10401 -10960 2336 -32507 -8588 38537 -51841 -12286 -49628
r445 14715 5286 10273 57817 -32428 -7577 49415 32375 28665 -41030 -43220 54259 -11364 9083 -24646 -19323 33175 -7911 16726 -1455
r446 -54223 -19721 33695 -39599 26732 27033 19315 -24859 32676 1292 55787 -7589 7416 41454 -58809 27425 -46632 31106 -35401 -56983
r447 24848 -28136 43476 48294 65487 441 -8945 -49683 -57588 65218 -65288 -13894 -31850 -50810 -12322 -31328 32073 7328 -19734 15142
r448 53465 48654 41383 -28161 39385 35306 -31392 33357 6071 50625 59354 -55172 65500 -7897 -27398 31741 9621 10476 -5864 6340
r449 -63716 -2020 31317 -53355 41666 -1675 22451 -64620 -9860 -11717 -21811 -361 -54826 30810 -31628 -23882 -60443 7110 40853 -8207
r450 -64015 -25447 56401 -34819 10746 30404 -33889 -52417 -2398 -11160 42081 52982 55575 -31486 28420 -35567 11177 -20945 48626 -54335
r451 3753 58647 8450 17085 7211 -58016 -54125 -23475 -2327 -40754 9379 -52899 23737 7670 -49740 -19397 -8280 36938 30758 -19918
r452 -12079 -11857 -60118 -27489 -23408 -34668 11529 -45884 49450 35718 -59427 12473 -21300 -58243 15576 5910 -47638 19657 39098 29071
r453 -35761 24341 35852 15370 -50778 -38513 26449 5234 26830 59341 -22302 -21870 27689 -49519 -10185 -13140 -23770 22566 -29768 -5438
r454 25573 -18362 -17595 39546 -23157 20934 55728 54386 -45000 -57536 -6375 16699 -11762 -5788 -23361 -56308 3673 9499 -15690 -21225
r455 2346 -51105 -17689 -21538 53862 -57991 -39966 -22244 -53178 -23285 -11066 9704 -59011 65445 -56432 -57229 -23439 -2227 -5082 -53107
r456 64632 -40967 -46429 28999 29241 -39263 40737 60414 -38052 20306 -40066 -2148 24633 7989 -46150 -11667 -39697 -25390 28428 -5395
r457 42539 20547 38677 -54138 38599 22646 45762 -21313 -24424 25668 37216 -54856 35492 -22608 24632 32235 46274 46917 -13704 38863
r458 7701 -1667 39385 -55825 -10579 8479 14122 28240 -8952 10221 -33251 -32158 53573 5686 51542 17511 25931 -35604 24018 -33781
r459 -64905 58518 37347 5577 61974 -22578 61610 -37123 35900 13900 -16587 7898 46425 -1282 16425 -7674 25187 3406 -63763 43337
r460 57375 28175 -40361 6894 -40237 -11528 23940 -7729 43364 43284 -6279 44299 17336 -1583 -32476 544 46915 -38438 -33934 -50090
r461 -45081 -53428 -43869 -57263 47450 39968 -23140 -48529 57275 41752 -48319 9564 19651 -51739 -14585 -8127 -7863 -43765 -52644 58343
r462 -44021 -7607 7516 -14760 39034 54642 32357 60671 -21964 -52935 -38335 23723 -5736 47385 57430 24568 -2754 -22865 47954 -64527
r463 13618 30922 -38042 -5622 29287 -29825 26969 -58563 -53034 -35183 -56397 40496 -18553 -47103 30170 5203 -37023 55977 -29414 34686
r464 -39578 40797 54464 18559 12998 -62071 31468 -47267 -58883 16086 17322 -5249 -54437 49564 -50160 52988 -34 40247 61982 -58480
r465 -29121 -7922 53797 -59308 -43402 -28010 -53209 -44816 55266 -56189 -14656 27219 -46250 -5825 -19149 -55746 3644 -60611 63283 -21797
r466 -17860 14243 -41632 22844 22322 3245 30139 -61062 -62285 -40295 49309 41550 -56234 1989 -19149 9981 47407 -55247 -4204 -15439
r467 796 173 56171 -37997 30880 -43979 47292 26809 -36427 -13914 60010 18270 -12578 59295 -45692 60910 -40677 -10478 60539 5312
r468 11332 -49 -53503 -19647 7159 36403 -6740 50043 58190 -23943 44752 56872 -39058 14086 30436 -10288 55255 39839 -56367 -55428
r469 -1801 63898 -5640 -5966 15368 37412 57214 4293 -16895 -43120 42211 57877 41032 48842 -8793 -50756 -36262 -15998 -26056 64446
r470 -14501 -14522 39814 -37110 -61129 -24495 54403 -39072 -59506 2227 9331 -44983 24945 55783 -47916 -22351 -9372 -48565 -37273 -53764
r471 22575 61990 -7039 -58567 -60109 -32346 33427 54128 -35829 42326 53937 -36748 33542 50636 31333 24099 26269 57522 -9366 30828
r472 -46592 -23162 -57000 49463 56310 -42830 -49724 -11964 38745 63663 -57930 51874 32073 -62720 54940 3127 -15266 14011 27514 -30549
r473 -64475 56305 13724 9107 -64190 -19189 59326 -49508 -28947 -8205 40301 -51780 -21042 51192 -47507 -39615 25052 6990 -35347 -25012
r474 -522 7691 -57945 44791 54779 -33807 42786 34010 34105 -5934 6 4068 21151 -41325 -44078 -38579 -47603 47764 32420 -15796
r475 35527 -30016 -32752 -64354 46382 3992 -60607 45519 -28000 45057 22514 -12429 -26066 -29536 5801 24608 -2763 49912 -11206 38471
r476 42856 -44474 -44442 -35 -39255 -24484 19537 20714 -35132 15371 -62415 -59241 38953 41318 40203 -11021 -53615 51745 58996 -3308
r477 58791 -3648 -22789 -11032 -4140 43683 -22863 -17299 -3641 -20504 9825 -14703 -18802 -7220 33716 52873 7242 36201 -53077 -38354
r478 -15200 47411 -52627 -33351 65162 -56571 48974 16110 -53852 -2990 38882 65023 45174 -46773 -56850 -20800 -46904 11354 -21457 -17362
r479 64883 -3028 55459 46228 -53932 41575 19688 53480 -43017 4437 32209 29925 50901 21128 -20996 -26013 63964 38100 -40603 64552
r480 -40033 59636 45766 -45880 -56034 39452 -32770 61486 -59625 52704 40676 61402 -18286 58903 43654 52944 -43361 -54164 6387 -21187
r481 20728 -48769 21734 61935 7333 -11877 41936 -42354 -36090 48160 10095 -8358 -23489 -48846 26873 62726 -41016 10293 52626 834
r482 -23246 -54983 44865 61385 -31631 -54840 -21088 -7927 6071 -44934 25203 65318 44343 29722 -52777 -13394 -34734 -40549 -6477 10007
r483 -58380 -37198 -5293 22217 -26454 16973 -47958 9556 -30969 19812 46605 -36352 -54670 58453 -24824 28385 -24944 48636 59277 39851
r484 -23542 -21840 -6925 -12178 -45660 43463 33823 -40041 -45283 60426 35574 34470 61442 -56414 15672 -12912 36164 51569 -60202 33817
r485 -36154 -44725 -61839 -16791 42271 -59491 -50571 -30341 13470 52633 50405 -61856 12375 -52060 -63799 -2223 47526 -28084 12902 -62314
r486 -38021 24193 12675 -51163 -49857 7522 -55738 37989 45475 -41979 426 18558 -50492 -50097 -31010 -33498 53152 -2157 -20552 36086
r487 -14180 8910 -18893 -30931 -2497 55958 46283 42485 54341 25008 58946 -27125 48430 59352 -48388 -6552 -63319 38271 41762 32242
r488 18730 -42918 -24142 -3186 -39180 1423 50694 -43821 -9317 -36812 29179 -23622 -3904 264 18272 16751 -7175 -12207 -40073 23582
r489 -33075 -30349 -40898 16630 8279 13537 -60083 54984 -52058 37080 18545 29272 56815 -31549 64229 37414 57526 5248 8734 57369
r490 -32432 24346 34296 50763 -25533 63969 -42519 27386 -64631 -29081 52954 20618 -21367 29408 -27537 -60659 -36146 -28731 44858 4663
r491 13286 -39765 47253 53831 -21851 30004 13721 -31977 45520 -65421 45236 25846 63037 37894 6088 -29055 40017 2071 -54122 -46743
r492 36997 -26967 37808 -57186 34273 63214 6726 -7255 -16660 -9725 36555 39669 20956 3583 -61761 43618 9630 65290 -29372 -57295
r493 40598 -60703 -8688 -2358 24527 -14963 32384 19163 39114 61347 -23402 38688 -41401 23375 -34145 -6518 -30684 22479 63030 11313
r494 27410 -15867 -21874 -5604 -4948 7040 48311 38018 -43977 -42633 35166 -29940 34637 -27737 5250 10172 45564 2763 31685 -45774
r495 -2884 -10105 55188 53837 -4800 -16860 -46111 58112 3234 -41026 -2793 -11365 -16716 64483 4070 -47731 -64738 -26859 56303 56729
r496 -27864 -41349 8499 -8301 34387 27633 31358 60391 13442 51825 59911 -38803 30668 8991 8908 -5534 -56519 1196 -49673 6851
r497 44684 44715 24124 21836 -64998 43112 -3987 1047 -25580 -13215 29508 1561 -50976 -62289 53072 -12300 19701 44042 -56066 -37961
r498 -51139 27746 -32857 -31336 31769 -34263 -52307 14078 -25768 17610 -44545 -27207 -10215 29356 -12210 -5850 -8102 -63662 61646 -38306
r499 49766 -40361 7457 37970 -28214 -24149 23537 -25872 20004 61472 12682 58347 4592 29195 -20914 -3677 21989 45425 61895 -54828
