mTable12 21
KEY  c0 c1 c2 c3 c4 c5 c6 c7 c8 c9 c10 c11 c12 c13 c14 c15 c16 c17 c18 c19
r0 20202 50845 58264 19671 54079 35906 -35262 45041 54375 65099 37893 -2308 14725 -22175 -18167 54994 64338 -44618 -40748 60605
r1 -16092 20494 -27238 6288 39297 63010 -8176 -10257 44520 -47602 -56352 -25727 51299 49552 32890 -55774 59542 48721 23877 -3027
r2 59903 -43676 -19652 -40323 -34186 -30042 -26571 -19625 -15894 -50109 32272 -23276 -34455 -61974 38940 21842 36405 -29204 51739 25373
r3 -37383 -39430 49619 14576 34521 34434 -62432 9543 -42009 -4015 -34467 8301 -19710 -55912 -13097 26784 35374 57304 -20582 -15163
r4 35452 64612 19554 21344 27522 31398 13005 15669 -47535 51280 20135 65392 -50424 4828 17179 -26496 27771 62932 -51851 39210
r5 -62301 12540 31706 -17751 64198 -50874 -34958 32523 -6661 35895 -18688 -10257 49971 44951 53205 3951 36280 1829 -35978 -62950
r6 -35467 -27295 -7052 -29075 -4901 41214 14358 -51740 -14962 -43883 13719 58894 48866 6740 -5995 26476 47700 52319 55417 29566
r7 39789 17638 -1139 -18147 -59204 -47478 21000 64276 30493 19320 -51865 -55838 15481 60854 -19886 -46867 31120 63708 14035 -65391
r8 -3317 -56523 58216 -56161 61784 -53249 -12175 -14746 -17477 45474 -4073 24344 22604 -62879 -31660 -33994 -14467 -13739 34355 -14014
r9 -49570 -33927 -41853 -38077 19655 -27996 -64823 23571 -30394 18164 3080 -20071 42652 -439 63748 46781 -47299 -22701 14307 -8233
r10 23956 21868 3988 -39330 33110 1806 9566 -56468 50744 49890 -36183 -15194 -57088 46127 -14707 -41191 43133 -47598 16189 31682
r11 50118 -35736 1910 -34698 -44532 -1718 -22109 -59556 63650 -30848 17074 -21924 65373 -33452 -48313 63573 22538 56400 -7280 -3502
r12 -14713 20319 -53412 -11390 -63896 64209 55098 -62985 27981 25761 29716 24152 9282 39219 -23025 -26139 38455 49121 51992 -8096
r13 52554 27762 25199 -62121 -50572 12199 -9713 -5460 -17977 9991 -8837 -48953 43098 -21001 13959 57850 23494 60165 -37282 54848
r14 -27024 37695 -54570 22588 4569 7753 62511 29286 -18093 -56041 -64797 -55685 -37531 -15326 -12685 22740 -28544 -4679 27961 -22113
r15 -36560 -65092 -20356 37480 51817 -46219 -53563 34734 21669 -42680 -35512 -64139 57960 -64942 9466 11773 43698 36192 28554 29937
r16 -46006 19593 39620 5939 -41171 -55387 65157 -626 58174 35111 24138 -55506 52206 27734 64467 -12740 -31828 -41481 21895 29651
r17 14822 -6799 23897 -51627 63438 -40781 -58031 -43066 -39470 32878 -56663 26672 30822 -26642 41128 -61258 -53951 58286 -50744 -22594
r18 64881 -55823 14642 47584 43267 58174 10979 -23689 19686 36387 -23423 -8831 -29394 46609 30655 43177 36101 -19134 -24987 -44947
r19 46112 -41429 58578 -43087 -17402 -42247 -13449 -45786 59561 -5168 -62372 -17262 -13922 42447 -4555 -42017 63377 43345 -56281 -34118
r20 13748 17732 -32702 35351 60394 -19706 -11112 17578 40273 -31571 19097 -3821 -36106 23545 25238 58921 1823 -20969 65142 -47133
r21 29308 -26918 63079 -11404 20185 -19577 -43792 33904 -31446 -15597 5251 -50004 -33385 30356 28641 -29908 3554 -9968 24975 -55330
r22 46191 34253 48440 26531 -17501 39204 -62605 -56051 2057 -52487 48982 -53954 29512 36093 -55879 -14224 -62310 -55604 21075 -25706
r23 -40336 2154 64037 23637 -51352 4266 -2423 -31260 -23037 -40135 58214 34135 -45786 -27880 26806 22075 -51217 55220 -14849 61156
r24 -10594 -16042 -33835 -19292 61438 1838 -45439 22372 -1752 -49846 25944 -61193 -45605 14465 65472 17576 21531 -8834 8306 -27536
r25 -43277 -44541 -22965 -39307 64336 60887 52856 -48707 51260 35209 43378 -52463 31486 24272 11094 18433 1996 -22305 6348 48212
r26 -10226 -26821 9666 -62676 8491 -11304 -20818 62252 -35912 -20169 44110 -23648 11434 -11568 4166 41411 51414 -12237 17957 36794
r27 -22783 -13337 -15660 -318 12859 -23683 50033 -64616 63733 -1997 -8903 -44398 12816 54253 -54724 60580 39505 12855 17787 45564
r28 -62169 -40851 -3143 -22625 19309 45963 6685 -52192 -63760 -5806 50624 -9421 -23949 55753 -44936 51720 -44624 50981 -16886 -17377
r29 50197 60488 17158 -16758 -51167 -28832 28531 -9078 16664 -32408 -103 -62212 2859 44628 -57359 21289 -54508 12531 55898 -13106
r30 -64580 32649 8780 -51514 -48290 -11295 -37796 54016 -42519 -31030 -60782 18837 38690 22407 -8616 -14632 38886 -13007 -62440 40859
r31 64949 -713 34022 10427 55053 34281 26140 60295 -24644 -37703 5752 12206 14090 -22895 -49944 6377 -8238 -30511 40191 63958
r32 -48746 8753 -2438 -19445 44094 -52965 -6652 -40878 37142 -10778 -24261 35909 14888 20035 51227 54790 53727 -54516 17244 -42823
r33 -63313 25346 -8809 41418 19201 -29468 -20616 -26045 -55222 -9331 5721 60420 16149 1874 -48573 52893 -21901 -15069 6811 5000
r34 7535 -29883 55850 30719 -288 54838 -22696 -53629 -26479 4155 -11197 31406 -1534 15213 36978 15649 17819 -50497 -55238 42101
r35 -33610 23649 -20517 -312 20732 -551 10979 59125 -50497 -657 -28121 26005 23442 28210 17522 -52465 9104 11291 -61580 6821
r36 -64061 -51345 38054 2881 -31070 11100 53548 7921 -6229 -52365 37124 -32931 -39790 2123 18637 -57863 -14578 65348 -49459 27210
r37 39042 55622 1702 -35489 -44592 16505 12302 26829 -25150 3688 22140 -62327 31324 42066 -29683 -4279 11814 39543 18631 -24472
r38 14374 15311 -15834 -16276 27913 46739 -30016 -30537 -22799 60796 1801 -29724 -28651 5360 -33215 -22401 -26436 -4690 -59938 -30154
r39 -29428 40178 -41557 18633 28869 -54217 21804 -56582 45810 -5436 63516 61381 -54835 59384 51030 -26979 56777 -8349 35643 51253
r40 -55710 12071 50961 -12129 -6346 8048 45386 4016 -20145 -54708 52971 -43790 49327 26750 -48524 50179 48127 -12553 5798 11304
r41 47995 -20420 25514 -60746 11235 59088 -34931 -63942 -64476 50763 57932 56613 -23794 -33902 50827 -43448 -38025 -29074 -49354 -42097
r42 14561 58865 37967 -39753 -39133 -8638 49102 26290 -5630 59152 -60596 -3585 47617 19979 -49311 -41325 -61525 -17052 -7771 -4579
r43 -42927 -28388 16673 -30004 -2221 7128 -27195 -4643 -45781 -18528 52502 7592 -60326 35304 32072 48402 -4068 -2001 -10034 45888
r44 65050 59016 -12146 -34236 35533 -61906 2147 -14410 12508 14021 35553 -45137 54811 17928 -21642 3762 -22932 -38101 58749 -34305
r45 51016 -17458 -52208 62984 -3013 6303 41636 34095 -16725 23515 -45793 1155 -16395 -42267 6944 -13640 52231 -38440 -17126 -30574
r46 19162 38351 5079 57944 -55590 -40867 -51004 -32872 -40857 51962 26136 53228 -16997 17019 -61794 -4625 866 43585 -34267 62411
r47 -60410 -19706 26738 -39333 52933 -27487 30718 4093 13661 6396 -13366 -51004 5942 -7438 23864 -8827 -9651 16563 59305 7396
r48 -14514 58623 -18798 -16513 42760 7359 9338 -28811 -490 -14859 47662 30138 54362 -60616 36447 -51088 6850 -65474 50075 -61314
r49 -43059 -55067 54348 17518 -45919 42464 -58531 -43477 -64944 14358 -23379 7175 16979 30587 29853 8543 21961 -35920 -2331 -29923
r50 -41300 -12922 30748 -5365 -25610 -64789 147 11627 36943 22926 -48420 61489 4634 62743 7105 46125 41951 -58419 54873 -61733
r51 -52119 42332 -13270 46432 7978 10693 12918 -13619 61482 -41352 38690 24868 -1569 48794 -58467 24630 -9318 -44383 -53641 12510
r52 65014 -20892 4584 25634 -27920 62169 -38573 -45612 -18444 35017 -24301 -40226 49820 29419 58630 38100 -19124 -57687 54922 64137
r53 51578 -2987 -52465 13380 59656 5883 -16079 -52284 51554 -321 -58358 5272 -9629 253 -50087 23111 -45789 50048 9001 17537
r54 -15787 33655 62635 63318 -40441 50398 -1229 -63964 -1893 54598 -54649 -63743 -62545 -27400 -28542 -32635 -44914 17456 55750 53160
r55 48261 15278 34100 38460 -17282 -41519 17731 34691 40931 -59488 -52094 36704 47881 7387 55451 46582 -50714 5328 -9714 56434
r56 -7625 2229 15532 -11375 39074 -7863 21740 13056 37505 52237 -17873 -34060 43113 -32592 21505 36284 57152 7473 51590 -52106
r57 -9246 58851 -42929 -18469 13905 62469 -55521 35345 -23066 -61613 61387 -5945 -7475 34831 39158 -21014 57602 -63357 6997 8146
r58 2515 -2476 26777 -15983 -22051 6885 -14297 -56674 55305 -40935 26563 36966 46146 -19849 53251 -413 -44480 -29900 56780 -37220
r59 -15956 -58640 -6396 -55902 -20635 24894 -54880 44524 14628 -30741 53753 15305 51967 21144 -4958 -27930 65148 -39561 29800 -30660
r60 -19702 -28911 63271 -58781 36129 28063 -12318 -42735 -26436 -43523 42851 28327 -9892 -29720 -34106 -22185 43074 -28845 -64368 -31117
r61 9303 -9377 -65186 -29174 -32720 -50551 10910 -36264 18528 25952 8524 -32772 -19141 28421 32851 -47368 2158 -53677 34504 42481
r62 -38814 -17605 33985 -17243 -10114 -55688 60606 -14500 35642 -44173 45682 -56494 -529 57780 -42453 -25945 -31860 -58127 -46234 -56556
r63 -37824 44831 -17159 44845 19915 30870 -28174 53996 20141 -38305 -23713 46131 65287 -9551 -60820 36269 -3324 -55968 -81 -5711
r64 60129 -49469 -6197 -49672 -28403 -3562 -35512 33816 -4345 35415 -19220 -9848 -50011 -53330 -2683 41786 -52698 -23502 -2783 -16494
r65 -29138 -14257 -43328 -21290 1237 -9338 -57672 -41968 56470 26991 9002 35477 28213 -20578 52509 9242 17433 -45473 -24745 57465
r66 -62963 -21701 -24956 1948 -56186 16555 17070 37118 -6200 -27674 32990 -13956 27366 1627 -5483 4070 18012 37181 -15850 49273
r67 33179 63376 -407 -49142 12489 -30603 17330 23337 -21485 -33510 56698 -51373 58755 -64847 31129 9827 11516 -62503 -17912 58674
r68 31739 -12137 -18694 61633 39812 -35741 -64009 47789 -7980 6093 28952 20778 35247 -32570 46914 35013 -45059 14152 55992 7488
r69 -31989 -32672 4691 15410 5595 56803 40096 -6962 -11823 64841 28336 60216 -16152 -18318 -44826 17546 -40259 -41247 60420 -36892
r70 57376 -23657 37372 45336 -15462 9727 -24410 -2613 -16509 64160 36492 1639 18268 47174 61617 -59061 -4268 56607 25830 30765
r71 12639 20728 28781 -24979 -1801 -38106 64979 16087 -41851 -58553 -5283 -60718 -34580 -2861 -8006 19024 39302 -17973 14087 38914
r72 37797 -45476 7810 -37387 41663 -25088 -22528 -24999 -18293 45789 -1461 5548 -54079 -25476 -59879 -17896 -31228 48719 21054 -58365
r73 -62603 -61215 -24626 -46119 33429 13717 -62639 46326 -30489 -10091 -63707 2131 -41277 31862 -12372 49286 17044 -40652 59886 -37852
r74 60150 41196 24408 7187 25848 46500 25500 -14373 32028 39413 32088 6293 8219 2600 45062 65514 6871 8513 -24849 -9187
r75 43139 -21102 5996 -53821 -10552 11234 -56650 -53400 -24533 -6601 -6559 43976 -54060 41490 45454 -11636 -4586 -53885 16251 -35225
r76 -41698 -61887 334 -26411 46973 -5430 28316 -49097 -50726 60944 -1205 -43451 43916 51262 -25501 37141 42393 -47195 38042 996
r77 -6487 -56812 -18730 24594 -51872 24570 -39784 58966 56282 35991 -12325 -20097 -20812 822 6320 60795 -18819 -54764 64671 -10085
r78 10954 22526 -4989 -52585 -36041 -47187 2121 -52176 49827 -61379 35241 61839 -43153 9523 -2782 -27304 -17270 -57452 -38486 55193
r79 -63368 -11691 -8548 10731 37773 -38281 27384 4038 -47909 57968 7815 18284 -33620 8563 15618 63901 -21901 6268 -43022 -28651
r80 -51467 -26136 12153 -63045 3017 25299 -40543 41877 -15656 1826 -11098 -37343 -25383 -46851 12547 23965 -20059 -57235 49243 62638
r81 -37289 44311 35900 19529 40988 -7135 -25065 48085 -11538 20759 56420 61489 5542 29788 64505 55965 38006 -12565 41052 -41191
r82 -23111 -14525 -63689 38929 55148 -55788 -3826 59469 -3234 7717 64394 -36084 48852 -37155 -40272 -13801 -15436 -6992 32116 -26475
r83 14317 30773 -32792 33372 -53311 56960 -63155 48988 -11988 -36890 -47435 6311 -55135 -36148 -63847 6313 -13936 -15591 -46060 -63464
r84 50341 -22870 -5563 -12284 25587 -64935 -24494 -19206 918 -9987 -40133 13363 -47587 -52409 -43237 -39909 -13242 15291 36213 48391
r85 -26999 12687 -60862 36912 30746 -65079 -24623 -50491 -3367 -53237 10967 11411 -20846 60506 48223 38596 9717 -49653 -41649 6808
r86 -18619 22735 33249 12298 46031 -17896 50590 46401 28815 -47119 49234 -57887 -50735 -14903 -8166 -65101 64202 32049 65467 -41722
r87 16183 24825 -24639 -59582 34509 -13787 -58228 9610 -9191 -5733 65168 45689 35961 30385 -13295 34501 46511 25053 63568 55649
r88 -59218 29412 47123 -57221 37405 60801 -30946 -39527 -10707 -36829 -22688 -32208 -8011 41885 -59579 -22405 -43064 -20062 -23460 25102
r89 17391 9824 -30410 19126 6794 -1704 -6615 -25953 -4750 64290 55985 49364 -61760 14531 58814 51861 3234 5207 36578 -19014
r90 -6721 632 -33223 -34464 30744 -55878 3278 23393 56892 -48454 34780 43348 3105 -37214 59795 41421 -24750 -36737 36214 -40728
r91 41303 25516 -2043 -57120 -40584 -25745 29552 -40464 2689 37989 -43049 16696 -38999 -18023 43444 -43654 1096 21491 -34731 -27521
r92 21462 -504 46094 32065 21485 25027 28470 -42285 52821 11527 -47520 -2850 -2732 62506 31111 32622 -1356 15985 11609 -32505
r93 -53688 10144 -11243 -48638 31098 -26221 -39709 -7870 45607 -39426 4633 43188 54689 41062 -27769 -37339 39552 53564 -25613 -55371
r94 38543 6479 -16514 13250 -62522 -12908 -61701 -24090 5039 42328 -20619 37125 -49937 40436 -32847 -41507 -16031 -31491 -46350 29899
r95 58592 -62954 -31414 756 -30710 -1079 -49998 21646 -19328 55443 36667 29146 2527 47245 47441 16865 37660 -59126 -55272 58786
r96 -45890 44521 18857 -46888 30465 -33814 -53221 -8915 -9421 10220 48515 -26051 -18681 -19052 -31135 45442 -41552 -63143 65508 -39858
r97 7865 49435 -8199 -15736 -57386 -33188 40389 62201 65118 -35887 58011 6805 -8783 -37033 -25433 -5385 -5747 -51626 36496 19225
r98 -25937 -7112 56534 -59833 15041 -23796 -56683 -35278 28585 37967 6519 8607 49895 36293 50504 -38063 -39205 13548 -12828 42068
r99 58663 44080 -38114 58789 51583 22653 -11666 61333 37248 6833 -11583 -31594 31810 48829 54982 -21730 15032 -42438 55736 34379
r100 37045 -39428 -17277 -37861 -62925 36562 -65027 58017 -60271 15340 34798 53282 -20459 56834 47099 -28808 -8059 -237 24648 10978
r101 41825 -22059 -3232 -31381 -51327 50727 -31143 35515 44648 28037 -55911 -49713 -16469 -43107 -61662 -17045 32773 48301 17379 50909
r102 -62256 -62644 -8623 22269 -49461 25937 62694 -42298 24117 -55080 24440 -49221 20123 61527 -33090 64064 -3994 18827 12960 54425
r103 22892 34540 63729 19207 55982 15815 26728 507 -23085 -48065 62890 9602 57520 37617 45859 45984 -40678 -28521 65255 10114
r104 36507 -39294 -62356 -26731 17413 -20135 -54585 -20780 54127 44507 54415 -50641 36746 -12904 -64352 -11296 -54867 23155 52947 -56074
r105 -56783 -317 64453 -17156 60375 1685 16860 20846 -58584 18376 -55980 36946 -6333 31588 -44522 -45816 21062 2717 -24383 65399
r106 -37396 -36536 -43901 35104 34393 56038 -24562 53554 -34544 56847 -16460 11913 50251 45900 41320 42996 5240 -62453 65125 -26024
r107 31721 59141 37882 39440 -61314 -14038 -8235 58110 -45726 16221 -615 8985 37343 -63811 56647 -17425 56510 -56554 42479 -54622
r108 -60136 5231 -23531 -59017 283 34501 20741 -54958 33833 28631 61456 -33566 22032 9810 33943 33370 56440 3653 7571 21477
r109 -25920 39483 25593 9652 -27195 20932 -41323 18325 58916 -37346 -48894 -56500 17727 -31561 -10829 -27830 -40561 -59643 -4859 -3676
r110 -30899 2163 -33671 -9633 27905 47727 -23347 -39744 -38271 40624 52882 -4196 6792 -47846 -63952 35829 -48149 -2756 -12330 -40559
r111 23802 -23343 -57553 55850 -63442 53039 11394 -61944 -41118 18320 -18568 57492 45105 -3178 40393 -14970 -24392 -15830 29560 -59212
r112 -58119 -24684 -62577 23375 6798 34959 -24237 8466 -52112 49457 31444 8824 751 32743 -26724 48825 18232 10881 6238 -49870
r113 64100 -46054 -44674 -59580 32146 26255 5576 -60985 32544 2714 -53889 27791 -34427 -10629 -14814 23203 -5570 41909 -857 -33037
r114 -11462 -27840 40392 -22976 44328 -32731 46398 -56148 -64516 -18601 12107 7173 -44757 -26528 59968 -14355 57909 -52504 -54039 -2609
r115 666 28331 -49475 46188 -30032 -45114 -42950 31769 -11958 -39266 18431 -54143 44860 20523 8429 51575 -57723 -35920 -51060 28605
r116 -56478 -59885 41344 39296 32405 -48956 42291 27703 27349 -48047 -26687 31369 -5008 -56461 34526 -56879 45372 -19630 15914 8128
r117 -57914 26240 7567 27816 -29043 -30316 -30710 -51036 -50177 12151 -56908 29542 44318 64718 56302 -41538 -59871 48600 -56162 -56268
r118 20886 -25142 -54570 -28597 -64108 -384 36389 44596 -44838 58641 -65488 -20651 45445 39314 -65158 -46138 -17261 49573 -9407 21437
r119 -42571 -46386 -8943 -11573 -48178 43416 27936 -51543 36676 25853 39464 -24874 -44870 -54462 -58451 -45426 -17465 1533 13292 30731
r120 -15493 -20224 26760 33654 10824 -10866 -1288 -57783 -51563 -56241 28724 -62467 20749 25943 -46610 19404 34517 48065 -34275 -21864
r121 52532 -21640 46500 14032 -63498 -14683 -57494 16229 -3883 -42386 -16973 -63171 62809 -14827 39055 42296 -65351 -6469 56374 -16283
r122 -61578 51337 51952 -29263 -1680 6820 -34857 30051 -3866 61198 -38316 -12372 -55259 -14239 42845 52485 28470 -12439 6629 43165
r123 8182 -14352 -11685 -4847 -10302 -64555 7688 -54386 -39021 -16740 -49018 -30610 31722 -45949 23284 45920 -65107 -41930 2300 -60175
r124 -21092 -64758 -47644 23078 -28167 4315 -60200 -2344 51319 42144 47639 23337 33107 -39113 41758 -10215 9192 17097 -43343 17587
r125 1953 -57577 -54693 -26583 48589 -23871 -19936 -33205 -58371 17943 -33701 -31122 -821 -32125 41701 19035 -42578 -17426 -49721 3335
r126 -29720 -30165 -17466 17208 63837 27052 -48118 48485 -44960 -16638 -20724 44742 48987 -18698 33529 -52300 21071 11996 -57749 16993
r127 -43242 -42642 -63009 30059 -40879 42510 -36373 5453 50212 59558 -48131 50108 7356 33168 45874 62060 54934 29988 -42720 8772
r128 31567 -30967 20081 -25763 -42780 29182 -48875 3103 25786 -50394 300 -26788 20494 63977 -43101 10539 41069 2560 29663 -7652
r129 -42856 15727 -49749 12759 58362 -58351 28921 44750 36553 64417 -7012 -54200 14856 -63465 -2179 -3116 56652 -60862 11821 -7239
r130 -27661 19945 -17505 55044 -57098 -32132 7871 12336 14857 1455 56361 50209 8011 -18790 -35798 -2630 -26876 56858 36619 -64556
r131 49509 64873 65343 42308 -61600 5858 -60965 -8733 -38456 40489 31994 28330 37662 35299 36846 -30231 -14577 44383 -18138 31881
r132 30258 39834 -56569 -19191 -7067 17012 153 24288 -46307 -11252 -18872 44096 -20902 -33771 39911 -23210 -30060 -22807 -7168 15222
r133 -36069 22231 -29382 45081 34045 -23825 -5383 39427 10819 15513 -3522 4185 -31885 -25810 28077 -42189 31110 16394 51601 17496
r134 -4631 10164 32864 -11973 -7982 -30257 -2836 32979 940 -3178 -52788 59966 -12979 -55736 -57946 -7582 -42678 6927 63300 -55741
r135 -17219 58114 8196 -20866 1498 -39703 37579 -36180 -33785 -8377 17656 57732 -48271 -6705 -34396 -1063 -31602 47568 39224 60410
r136 -63013 7678 -61015 -60268 21039 -12318 -8849 19792 -52423 27668 51344 -7939 -13845 -26477 16144 63285 -12661 26231 -15318 35371
r137 23402 -32237 19560 32095 -2692 26317 -5944 13661 -27760 54288 29986 45808 -34937 -60601 29345 -37749 -34342 13433 -6673 42076
r138 28717 -60745 -27984 40172 -62924 40705 -57477 -16708 -25770 -19197 44329 58943 -32742 10826 -60078 10585 32559 -38276 51766 59764
r139 10156 11959 5239 3246 -40150 28469 6125 10538 -19979 61903 -16111 42566 -48408 -64655 52253 -41132 4198 39955 -35971 -18449
r140 5310 53584 -7909 39130 -23905 -1570 38007 -24063 61113 19789 -27823 18696 -30587 58559 31420 38798 -1950 -53886 -18365 -49867
r141 -10318 -28758 -24952 -6270 -34245 42992 4570 38331 53122 -60544 3896 19073 -51340 23678 -11311 38295 -5133 -46705 22288 7525
r142 18637 -63750 39932 25835 -37445 -20477 50398 52315 -11161 33822 -12879 -49994 -29188 -35370 64952 54578 26299 28302 -28035 21412
r143 12983 -28773 63264 -47606 -4076 -42567 -14515 -37170 64141 -20395 37090 -45818 -12025 -31408 10580 1794 8554 52370 11309 7275
r144 27900 -29912 5137 -5534 12782 -32509 60392 -5966 -31453 -21853 14202 -31425 63309 -3092 -52816 11782 28355 12327 -21425 -36401
r145 22269 10159 -46024 -28259 58019 -51046 -61889 9742 4959 27604 32136 15096 21360 -42460 -48667 18259 44697 10778 -12758 -13150
r146 39774 -44124 2278 46650 24467 -18275 -56726 -42143 26813 41229 -49434 -53067 16208 8525 -27076 24536 -43971 6905 -49824 13253
r147 -41363 -42575 -59802 -27409 -35823 64575 62764 29314 -29801 -1662 23076 5691 14889 57768 714 -57957 16845 -9941 -63299 30921
r148 -7516 19692 21500 -65530 34269 -61222 -2855 -17191 -64671 37281 59140 -28363 -19806 55092 16845 53143 -5670 -29083 -5973 -45224
r149 52077 -11409 -54070 46525 35174 -22209 25088 51952 -50213 58074 -699 -51443 -37282 -44287 -55208 14175 22295 -7464 -39927 -37331
r150 8865 -27950 -49783 33925 4969 19265 38451 34339 -56062 14071 2028 -61421 -17978 8482 22834 36890 -39703 2290 -17467 3591
r151 7 46841 -41669 -7733 23555 61504 -6831 -49495 32846 38971 4689 -9420 -63548 -44033 57272 50274 35323 -18960 -23246 59445
r152 -11618 -42282 -12642 -43869 32559 -37421 32781 -9238 -4367 -11994 23350 -53765 -33769 40510 19766 -64608 45581 12068 -6593 -29623
r153 -9915 -39020 -168 -12921 32237 -32118 59136 -18911 -44143 -30140 -11357 -27262 55893 112 -5320 7934 1264 -13074 -46154 -36747
r154 42616 45917 47792 15559 -55243 -51699 57606 43094 -61828 49808 13014 -32710 -25394 52929 33507 -46731 44222 22447 -15589 51530
r155 29463 27413 33078 -3133 27564 -30028 -35799 -38750 -21448 -56988 16069 -42742 53862 51828 45197 -54581 56026 -10360 23676 -31440
r156 18174 36376 -45481 -54260 17952 47574 -22597 31539 17902 21677 -42033 -23046 -48884 8 -48129 37650 -52356 31401 49137 27224
r157 55430 -5058 -58120 -64533 -43970 -22243 -25903 54563 -24496 14352 -7129 40359 -26287 39763 -32505 8692 -57694 42069 48685 -42476
r158 -15708 -60087 -26620 -24959 27109 53226 -10826 14714 47712 -38134 23124 31332 30892 -26585 -34164 -23033 18910 40091 32859 -15958
r159 46451 12791 -17589 -42447 -39297 7336 -29461 -41427 -48447 35189 -10767 -34246 31886 34442 -36076 -56779 -25687 36274 59497 16625
r160 -21283 27482 -65203 14353 -60568 -48159 -45632 -51270 64973 21158 19492 -10050 17196 58273 -24621 -62261 39719 36115 -2773 -50549
r161 -37446 -58272 -31792 56516 -49602 37827 10303 -28383 -56742 -32607 5269 -25053 -30443 91 12278 -44009 -27301 51873 16101 -47051
r162 6340 49703 -55345 22843 58408 60999 38277 47615 -40802 -54719 47030 -47427 -10262 48216 -24237 -32064 -35343 -61020 -31792 23415
r163 34241 -23075 -64812 41250 24176 44234 -15614 -58940 45027 -36515 -12670 16078 -28455 5051 39607 9878 -55626 -41936 -45680 40940
r164 -11107 -63984 34190 6821 40429 -42044 -54008 -41415 56572 19743 -35702 13593 -42312 -64340 -61030 61118 -27504 19177 9672 -15073
r165 -16439 -55430 -26153 -41976 -7966 47129 -34688 16994 -11706 -21640 -58891 9411 6815 34647 -37949 -58739 -11741 -58002 63930 60048
r166 -62392 -1303 64060 -63327 4076 29435 51367 -37981 17104 22316 -59346 10309 44771 38266 -27650 -25192 5990 -26486 -54823 -56848
r167 -48456 -3674 10416 -25298 40668 -58539 -43826 57842 -18686 -21246 -26165 -18142 -57288 -20362 12578 -56122 56352 -2417 64810 11289
r168 24484 -35772 -52288 -17995 -54169 16424 30932 -39942 24192 4718 20432 23761 28826 -47601 -32354 -63708 -59452 -29486 -5236 2600
r169 -28018 4983 -58427 11524 -64842 -26066 34248 -29709 22059 5780 63731 -49257 -4149 58846 -34917 -35479 -21589 43036 -40770 -7145
r170 -32820 -17449 6541 22081 -64812 8915 42835 -30103 40506 -33260 -55799 52191 853 -6158 17959 40957 -20572 17123 21144 45906
r171 498 62153 61319 14200 20788 15492 -51669 -12650 -24938 -26906 -20434 -27994 -36621 16442 -22455 -30724 16420 -35604 11872 63007
r172 25690 -32958 -2205 -3086 -41423 23350 57428 4243 35051 26528 -15526 -45497 -43919 29756 59485 -48542 19616 -46145 53002 1660
r173 17240 -49919 36392 -34362 -49608 39870 49812 -64789 28045 9478 27751 -40812 -14284 47415 27773 -24323 25622 28654 31425 58226
r174 -25755 12269 -2625 39368 51522 -60495 7026 -63156 -24972 -13610 55618 25485 52208 48462 -50464 -7717 -61708 26647 -37498 14981
r175 15153 64437 59842 38182 40764 -34430 -45478 24080 26643 8191 -40747 59282 17597 1114 9538 14315 -22808 -40722 64008 -51506
r176 15596 -29324 -40950 -2898 15707 1346 26522 -5060 -26878 44563 -38164 45956 -17458 -1482 -13022 33276 -23778 6930 10833 -11172
r177 49448 24020 -26945 39137 43324 269 -43244 26216 28095 52981 -16266 -62864 -30554 -5519 -18128 -46744 10770 -42599 -25783 -27522
r178 -30781 -28796 48839 32102 46359 37799 63015 -2235 52401 -15596 -57206 60481 58719 -26586 16923 50788 55539 -58791 51621 -52768
r179 -3005 5174 -46558 49989 11326 -37133 -57192 36868 48527 -23413 1487 -60808 26957 -32254 -64523 48080 -52484 -43414 -3213 -26920
r180 -35540 -64195 -23087 -53597 34230 -20989 36447 -53645 -48689 -37714 -6120 19176 -35787 12380 1821 280 -48196 39176 -44467 50865
r181 -44759 -29134 -10720 -26619 60882 -44912 -23763 31314 47040 -312 9008 12619 43381 -11887 -48056 35752 61176 3215 -32899 1999
r182 -64668 -54860 -40632 -49266 40225 63312 59797 46332 -16916 -25016 23674 26971 13754 -59302 54316 -8966 -6023 5404 37912 34059
r183 8543 -32266 -21918 -38764 19231 -60035 -40967 -22343 -14337 -26073 24553 -49514 -12796 -7048 648 25988 21438 62301 -54277 -15219
r184 50985 60630 62192 -22254 14707 -4570 1501 -34915 30122 52975 19795 561 -40331 -13541 34640 -62123 -14338 50659 25059 -57979
r185 -29635 -56657 -60772 32006 47916 -37840 -65453 26309 53229 1806 -32532 -35225 43033 -61502 -33398 26639 -40452 -5706 12935 -6996
r186 22811 30876 50471 49679 -30201 35327 -24997 32990 57637 64721 27440 34389 -24976 36886 -28189 19671 -43739 24094 17545 24505
r187 -31673 -4558 19608 10541 -10197 -53603 -26573 33660 -11327 38040 -25572 -27694 58578 554 52458 -49815 64434 45083 6242 -19757
r188 41750 23329 -9694 -29584 9671 56226 2531 2447 62763 58707 35325 -30406 -29917 16977 24393 16247 40828 -49261 -10027 25093
r189 -53401 12082 -34737 21807 -33152 61846 14190 -49047 52752 -60164 19770 64147 32666 -12318 30507 -18736 10255 47455 -3187 61455
r190 28695 -53122 -4707 -24199 22382 -3842 22965 16578 -34272 24709 -49689 8060 -34664 -25309 -11061 25341 58323 41359 -61081 52255
r191 35217 -37975 33624 -52061 -15237 6331 44678 44182 -42949 37380 -32754 31856 30419 -63946 -8435 -11106 -38058 13362 -58026 41361
r192 18109 17860 -9081 64513 -14000 -25536 23849 -11190 32948 -14991 43432 2447 -32949 29805 -26922 29340 -28419 64418 1429 -5346
r193 -5967 26075 3989 -51332 -29618 450 4807 39214 -64767 60960 47113 57893 53854 3800 7268 -24398 3708 -46481 -10695 49201
r194 -5109 -6441 -30956 -13990 -1551 -4747 59636 -19000 62187 63175 -27738 62423 23932 -53667 -50854 -44611 60234 48167 33412 61038
r195 -38653 -27685 -236 38699 29528 7974 16627 -51117 -52612 -32869 11741 13319 -8757 -2494 58831 -20495 56494 -5641 9941 9753
r196 -39299 32491 34161 44457 -27975 49511 -52893 -29549 -17385 6206 6792 28666 40440 33271 46716 -27401 6242 15851 35553 59483
r197 18970 45277 -11064 -3658 -21928 -13117 59568 -54112 1963 42656 26807 -14672 9153 -10831 55198 -40862 -46339 29195 38101 41311
r198 25445 15090 13220 -12912 -11543 39686 -2851 6769 29420 6524 7228 -53301 -14946 -28167 -63028 -43593 -23114 25405 35157 46332
r199 -48870 39911 9547 19876 -7010 -8555 30384 -41112 -11359 -10778 -60576 -60871 24271 29528 64465 60823 -37582 -16709 -4202 -54648
r200 22113 40576 -37819 -16554 -1991 -14870 58370 47511 -32380 -10725 -20850 31699 -36866 62759 60042 -27024 32712 -11775 62101 5359
r201 4903 -1891 -19141 26799 7944 -33137 -14642 -34069 27465 24216 40838 -9156 -12760 36328 27514 19686 -47408 63784 63149 -53096
r202 -31638 -15846 14273 37801 -45650 31355 -10753 -14681 65135 -50091 63031 24890 64111 -17130 -13188 -48177 -16405 32904 -1504 37018
r203 41384 -62680 47004 -14848 -28965 2532 -42405 61962 -17610 -58666 -36445 -36385 29777 20352 -48770 26740 38595 19664 -19158 -33937
r204 -18844 19454 -58931 21423 -13687 4701 -47727 -44069 -12664 -5542 -9732 -23804 -11375 44263 -63679 -7186 5597 42863 1042 -24230
r205 -52343 37067 -52215 -10891 21559 2237 -26947 41077 -16015 -30536 33990 29434 -15019 55261 34622 6742 -8072 -57088 -33773 56055
r206 29293 49969 15500 30922 45352 -28279 -62618 53221 -63727 58295 -41108 14659 62638 27822 -54232 30975 52884 -46825 -45919 7600
r207 39414 4072 -33407 16029 -16163 38461 -4847 56179 -15693 -62514 -57430 -21521 -24536 576 -12693 47649 44829 -826 -62354 29817
r208 28958 30156 -5510 -44045 45623 60851 -64184 19434 -34879 37369 7230 -46998 -48961 -3549 -50906 -51362 -6364 -32926 33416 13917
r209 12440 -6548 39352 -40197 -20086 -60491 26020 983 3789 51846 48002 12841 -61781 64013 -3481 -16642 -16069 -51114 8784 37394
r210 56359 -52461 -17991 -45281 -9964 -19028 44786 14516 5619 -60447 -50954 -38800 60968 44090 -58393 -63076 15894 -28653 -17029 -34615
r211 -31475 55502 -50489 -31867 6125 22573 36253 -35170 -42488 21094 20448 28066 -26434 -45569 -44286 -12650 30820 5991 5254 -26065
r212 -15529 46110 30482 -44455 10968 -56949 -36469 -2348 -54077 -58045 16253 -62324 35578 20330 -48267 61202 5629 -36671 14332 -65381
r213 -9892 780 20904 46206 -20974 -13490 9844 42504 55011 8186 59965 -43177 36410 4461 50123 -19431 342 -41256 -47431 32885
r214 -1332 29792 -53751 -1143 2051 38802 4147 59275 -10628 16452 41384 -34166 -11945 -30421 -25807 17535 56679 25916 -22674 53620
r215 50532 3512 60005 61307 -17118 34906 58012 53642 33815 62818 -61426 276 55639 -128 -64823 6194 49268 -143 57295 56319
r216 -48608 58503 58241 749 -62196 -65386 -20013 22971 18768 -47323 27188 54148 -21769 36468 -42884 -61358 -34376 18397 8398 16415
r217 -8894 7790 -54386 14242 -3826 -8206 20640 -51237 62871 22236 -29959 -41810 53169 -7273 29603 -60152 17404 32270 -32843 7520
r218 49031 61853 -59762 47346 23755 28466 65011 -40334 -23813 -47302 -26812 -63175 -2329 -5535 -2883 36529 48043 -21724 -52074 58597
r219 32409 -62574 53257 -54534 -6597 -60171 -57588 5430 -31917 53795 -29401 -6187 -30366 -17645 44950 42018 -26511 -4778 -63473 -263
r220 -51199 -54196 -13980 -36800 41208 -24508 58792 16712 44781 -53338 -38327 -23852 -2825 25115 58036 15299 3815 -41767 14161 -1204
r221 -64622 -57129 -7516 16532 61129 11365 58653 4789 32793 11007 -17421 37536 -3464 18355 -14045 -52486 -62614 -46497 20068 40209
r222 -2809 -1800 21695 -59923 63100 -61919 26037 61206 38366 35869 19302 -23616 -28868 -36912 42913 34496 -10108 -56103 37147 41552
r223 18705 61982 40767 -35963 27685 7515 -16361 -6642 32426 37714 63320 27243 -5020 54374 53063 -20024 -62905 56906 -10664 -38345
r224 -34309 -56799 17224 2132 17215 -5983 -34046 33247 8614 -23615 -42915 -41202 -33624 4302 52744 1 -48735 18227 10902 -28566
r225 -206 -65108 18027 23690 -46644 -15795 34626 -34600 -33954 47272 -57599 -36815 -19607 34429 15684 -13940 31790 -15516 -28362 37003
r226 32017 -50150 58138 -38496 -40795 -2288 -56370 49196 60153 52334 64021 -49774 32316 -61233 -9659 -11152 -30078 25688 -37854 -16482
r227 -58635 9753 57804 42361 -22390 3437 38994 -33587 63282 -48868 -28901 21764 50413 4378 44958 -40076 -25267 -13375 -39395 -53898
r228 11325 -45250 -63212 40347 56712 14151 19586 62716 -2 54598 -8314 -58526 46196 -34218 -18239 54325 -33443 -16747 61082 -52068
r229 -31239 34742 -46126 -18042 -7294 38157 22725 -6011 -64197 13051 -20592 14200 21495 -3559 -52190 -5713 -54936 20622 47935 4603
r230 30134 48760 -5048 56864 57982 -41385 781 45752 -59004 -35730 -64357 52625 27907 -63814 -23737 32453 62899 -63455 55071 28122
r231 51137 -60152 22342 21678 -64960 48973 14288 -58504 -63039 -21146 49326 52235 58066 15196 54903 43950 -3495 24415 9747 18172
r232 4144 -1522 26061 -18836 -43737 14345 48498 3559 -43864 21443 -46597 -55311 49943 7111 -17292 58450 57806 -25389 7516 -2668
r233 -18583 51655 32354 -5977 36795 -41572 2751 -13046 -7303 7741 15593 -40219 16649 -51091 -19349 58731 -48219 -63346 35004 -50914
r234 50514 22852 -18248 37779 -57859 -1045 19512 -45681 -18580 65503 -17203 10102 29310 -51990 -3970 -64161 -36816 57753 49342 -32214
r235 26254 -50203 42427 -16845 -7494 -34890 -21368 33590 31682 17266 22188 -39044 -58615 -2006 1166 -18641 -22802 -64476 -45957 -42261
r236 41675 5437 -7754 22408 24247 62449 -20875 20908 63949 -55239 36284 -19303 41830 -39902 62529 -58196 -32070 37108 22545 41132
r237 8064 53450 -57188 -21145 50583 51446 -34679 9360 1971 -2559 29990 29155 -44037 18414 -19098 -39318 33740 21743 25468 -21153
r238 -32739 -36655 2517 -48071 -59932 45541 -32157 -2898 -20263 -22977 -3386 30015 528 30411 14900 -57008 55127 1381 60936 -19373
r239 52748 -3418 22589 -65220 -49453 43610 -3461 47210 -16852 -56195 10439 14574 12422 -55637 5818 -11888 53979 -39989 -62466 -25253
r240 53845 -33887 20015 -57736 18683 10770 -3121 -12116 47416 31009 -10170 26871 -6410 -48357 39849 12538 32644 -18870 23153 -36863
r241 -25466 -36103 63659 -31368 -28048 -5647 49448 -14355 57776 62908 25934 40946 38984 -52195 -40854 -64757 30932 3443 -7551 -40894
r242 46805 51036 -56295 7243 -33307 32046 -25541 -64262 -20860 -43936 16480 -14197 -50006 28910 -51420 36391 15079 19240 -42437 50462
r243 32207 11161 42383 64963 27554 64216 53783 -47344 -35856 50427 -5486 54889 51689 28185 36445 30622 8743 -61679 -53021 46267
r244 29977 -60103 18169 57042 48094 63374 59167 -6555 20775 -16097 18148 -25590 -5813 -9384 -17212 -51547 56390 -23558 8646 21011
r245 56751 -20880 41563 -63268 24955 -9717 48597 -26386 -1398 -26242 -30142 35018 -39026 -40631 -52735 -26150 -25461 -4024 -14253 39600
r246 4062 -1328 8682 -55340 -1012 -6249 15034 -1322 38865 58871 35977 58203 -51364 -60114 36719 -49296 54470 6974 -47033 36547
r247 8293 18378 -52049 20948 -17242 51826 -45871 -64472 53738 -28205 44987 29988 10894 3426 27068 47062 23765 -4197 46307 28899
r248 -32959 43724 -47149 24220 -21509 -44280 55186 -45115 6323 35362 -62910 51115 47613 -37981 -10517 -18897 43132 -17695 -25958 62030
r249 -12542 -30591 -5556 54822 57538 -24186 56060 -44492 47905 -41873 20694 -34071 44856 36844 -5596 -29998 39423 -5760 -24806 51312
r250 -46698 -45031 -60850 -37177 37615 28133 37462 58436 -39060 -26222 -46528 2609 6842 -41194 -62334 19867 -22515 34790 -32222 28631
r251 46353 -55931 43658 -2029 -10139 5130 17871 1645 54965 -56597 -3864 17473 -62756 -41690 59865 -23501 -4948 57687 37318 19286
r252 9760 4920 -18677 -32574 3947 45201 51119 -15763 -38989 -47645 48486 45431 61183 -62809 -42214 5130 16049 23503 -3910 -35311
r253 64734 44586 35737 -48436 -3856 -805 -51665 -5374 35344 34233 64982 -762 -62623 17886 -12494 -35760 48837 -40787 -59732 -39813
r254 -52056 -32018 -61304 -1586 40924 9410 12742 -10304 -9278 -26966 10882 -53447 20752 29738 -31392 11095 56635 -10904 -54603 54588
r255 -13630 1106 -45811 14580 -36888 19423 -15885 21350 34625 26648 -9486 50738 -60336 -22542 -35599 -22549 53150 -11225 22694 5644
r256 -53655 -21609 28339 -19809 16195 -47784 -49055 13774 43666 47206 17542 60 56112 -11761 -25317 -26650 34720 -8671 -28222 5615
r257 -10993 -22364 -52335 49713 -1450 3074 37454 37301 39264 26446 33962 -5756 24052 35070 -46775 -5199 -43627 -55229 42632 10786
r258 -61901 -28801 -30133 -57871 -46050 10808 -36229 -23385 13940 -20785 8376 -36639 -20510 -21684 -39785 48999 -36664 -53612 20984 62456
r259 35960 -28611 -8365 20630 61160 -41936 -63328 -60983 39918 -17147 -12129 -64840 58689 20896 -7802 -41322 -17846 -59521 -44815 6775
r260 4146 16574 -39479 -62181 -28792 -64696 5594 29790 21419 -45349 53236 -41303 -13169 -64933 30602 3175 49696 17142 59316 26900
r261 -107 -22977 -62291 41179 -52208 51921 -17393 18406 -37925 51491 46820 -61390 -54545 26444 -14296 65106 -58591 53026 -56868 -61954
r262 -36267 -34163 44343 18747 56541 23146 62314 47311 -58095 -3618 61992 -62096 -146 -6981 50280 4557 36535 25582 13355 -44031
r263 -21111 -64229 48516 28065 -34764 -57529 -64154 -31496 -32798 28001 14747 -55859 -112 -18203 28991 29397 54780 -35329 -50293 41835
r264 36062 19668 -18054 20484 -21320 -5160 -2363 -22655 8082 43270 38199 41491 58421 10495 6905 -22516 55772 -46892 -61790 -48562
r265 -41396 54386 -58896 -3134 -22492 -63284 18820 45669 3479 6945 -23351 -1588 9148 21132 -30426 -23849 -22916 -61478 9539 -42560
r266 -60419 13257 -21351 -24420 53871 -64776 -14211 2048 -53078 56181 -43227 -26125 826 -28345 13222 41890 -10068 -26995 9937 31376
r267 -7923 -53429 -31415 20593 48905 -19891 6201 -51618 -25443 5006 20662 46607 45024 -19324 -12681 -34788 60227 -31763 -56424 -55788
r268 42997 -11921 -47853 -55411 59880 58665 -39449 23260 24892 57149 -55516 -29982 49560 7044 -833 -38899 38455 21041 -32431 41320
r269 49019 -62380 -17884 -53934 -42347 -20833 -56276 14311 -40865 -63401 -41502 13807 -27380 -41911 -24790 -21359 -10053 -47623 -58775 26288
r270 -43583 -14598 42882 7780 46017 -57152 -24450 -63099 37946 6846 -45191 -4303 65390 -26602 -45999 -29614 -30461 341 63793 -46823
r271 52086 39471 5713 24059 58266 30605 -56232 -25090 3281 6281 -26220 53696 29367 -32584 2058 52276 58965 48360 50062 -45055
r272 -17447 8979 64986 -41182 54100 63528 -40935 45203 -61964 33088 31640 -57513 -36648 -19314 43226 -18027 43880 -28076 -51365 -37079
r273 30661 7540 27515 19618 62475 26183 -63276 -19165 -35086 -65313 -62577 -41476 -11132 55762 -47470 32828 7886 26441 30888 23744
r274 33454 -25948 52973 5890 -35039 31333 -9329 -59151 -31892 -19268 -22491 3275 50263 -32200 5873 6261 -1652 9234 -13013 29226
r275 19098 48747 28591 -7394 -16294 45109 34951 4242 -13351 -50867 42255 64630 -41747 -43371 9669 -35873 47114 -9330 -51330 53219
r276 53217 -21492 11972 -52822 -48304 -6355 -8384 53831 -50735 -45613 51962 55443 -22975 -64510 22290 50712 -54682 -14206 48418 12243
r277 -58473 -22213 12669 28820 -34903 -42517 45631 38326 28679 17078 -41695 6449 61010 10160 -61333 -16509 -17490 -18305 -28547 41789
r278 -60015 64619 -25656 33788 33137 60123 51542 -8599 -25917 -5914 53150 -62904 1797 -3999 27735 35903 14180 11100 -53848 8840
r279 35143 -39820 65370 64408 30561 41226 32221 -29775 -60863 4600 2429 52334 -9159 -28979 35149 -37886 489 61567 -47668 50479
r280 28549 -33154 43842 -6171 -34705 -25309 10435 10318 -19913 11944 -25537 -24350 5143 -62847 25470 30770 7333 -1228 6022 28110
r281 -43363 40327 -36639 -5474 38229 55303 47984 -53215 -13952 -21688 54654 -13796 9242 -51975 -5328 -34681 -7518 12332 -20068 13819
r282 52364 704 -62883 -2390 -12071 -61554 -45758 31824 6086 48552 3632 -14759 34285 -53698 -22178 -50730 -15118 -26059 -27494 11814
r283 3808 47625 -16298 -39234 49843 18916 26506 32908 65383 47541 -62538 60274 31419 -7405 -8483 13657 -15061 -34190 57201 38786
r284 -46130 64285 20717 -11094 29791 49546 32173 42020 -56887 -36390 49383 3557 41663 13240 37981 -43630 20247 50347 -20626 15109
r285 -55487 55830 -13354 -1010 -36919 -65041 -17976 -15358 5967 24417 -41800 -65363 21391 22569 61536 -51784 -13102 25109 18803 10005
r286 -30953 -18721 -10072 -29544 -8909 -51189 -10318 11664 -19497 -12073 14662 34240 -28724 -55003 -37942 26768 -33137 55032 -56933 48755
r287 -18056 36045 12982 382 40383 62388 -34944 52069 29635 -56654 -38137 -29785 -877 -35385 -13618 -55482 29154 4199 -35896 -40302
r288 -27905 -55514 -51646 9832 -10382 9978 2334 -58870 -6578 -11710 18768 -32947 -57148 50743 28692 26007 8303 -37925 -8238 32277
r289 14651 57743 -28447 52899 -31706 -42626 35584 31387 17088 4825 -50589 23068 2959 -59918 4080 -45036 -29094 -50157 -27463 -26534
r290 -59476 35284 51316 -24423 33789 5765 5104 17248 11555 28478 61033 -28954 -15258 -48088 26952 -23070 292 -64419 1582 37821
r291 49206 44546 25546 -60876 35416 58491 8116 31903 -44331 -7358 -15179 -40745 -48538 6078 51807 6498 -32626 24652 44439 -48789
r292 -25324 -27888 -13558 16270 -54433 17881 56930 13465 20332 -20397 -22675 57480 -40870 48480 -56215 -20444 -25820 -48513 11078 18987
r293 -43498 -9843 -59832 -21360 37861 33799 26167 59262 -36149 -3364 -34445 5110 -63290 -39790 9191 35150 -27072 58424 61960 44338
r294 -58019 -18015 31939 -28849 -358 51835 -51855 -24710 6607 -30477 -37521 -29929 26705 -6984 -14827 -32645 -58847 24641 -61379 -58204
r295 -45119 30182 11400 -57713 54285 41219 -42599 -14199 20677 -54370 13780 16721 -45916 -49309 -9427 45932 -12946 49021 -48047 -46701
r296 -57001 46088 -30356 29290 18059 57796 8913 46133 -19777 -33584 14866 20012 54347 -17709 -55747 -10807 -17854 -24003 -54923 -22583
r297 24310 -50075 -2497 5832 -60425 -38242 20894 -2343 38181 -52103 31911 -30223 -29655 29821 28951 57698 -14825 30174 58245 -61119
r298 5870 -35579 -31155 30537 -52590 36657 52803 -8682 -51059 -13363 23777 57270 -62140 -7150 8188 -15538 -49296 64547 -50131 -2335
r299 -59366 63256 44141 -45021 53935 59767 -15535 11772 40718 41484 -49865 13211 -51897 -16514 29791 54310 -5448 -32924 49383 36860
r300 -11144 57853 -7767 -44423 3187 -9808 2133 -48827 -44483 -21984 12187 52248 63213 17157 63005 60884 -351 31603 -25323 -22931
r301 35397 -53184 17101 -12445 -62800 56829 55498 57400 13062 -4871 56872 -30841 -3602 40945 6015 -19517 58018 38609 -17302 -3740
r302 -14175 -9675 50138 -44329 7770 6468 806 -6656 -12134 -8734 -37221 7077 7243 -39149 -15996 24941 -24959 -59406 46473 -29638
r303 24380 -12715 -26864 23237 -17597 2590 25070 -37697 20854 -39725 -42505 -35560 58976 63001 35271 59969 9535 44379 -52862 47956
r304 22348 -29936 31973 12784 -65033 -63315 58272 15762 41826 -24479 23856 62533 -18811 -21613 32677 -40376 -29899 -54410 62807 50924
r305 -29105 -38736 -39767 26364 -61808 -10236 -34180 32224 -11293 -28622 58639 -60790 -24556 -42249 -17380 60755 -62422 27594 -30250 -56365
r306 61672 63385 21034 65062 54170 26348 7240 8416 -29994 -46203 49843 -38790 -9850 32798 -38081 16357 -48067 -34058 -46911 21337
r307 10318 5895 -24029 -14929 10556 -41664 -49875 -22758 32157 38211 -19941 -63666 -49901 -35248 2535 21652 -37676 38688 42611 -32635
r308 55839 -23871 877 -6856 -50682 55690 -47838 64468 -31132 20048 61914 -13760 62347 -48832 -37295 -46780 15932 -31873 -47088 -30930
r309 -57410 -5746 35730 11425 -56110 13963 -14457 34528 21612 -43761 8698 1321 -30738 42242 63432 60806 33802 -56699 -39012 15969
r310 41403 -29718 -63288 852 -25038 38781 -52353 -15315 39631 -36519 -28363 -57832 -23524 -50081 30782 -11814 21018 -45246 -51743 -65510
r311 44018 39239 60747 -42661 63798 29924 21149 41983 -41176 42095 -38772 50119 -59780 62051 -18694 -4624 24675 25543 32350 46885
r312 56815 52473 -50407 -44108 -48042 58450 40541 21895 35253 -60756 -41280 65525 -14645 34702 -11056 -58245 -59203 12246 3497 -46058
r313 17676 -21086 -4176 -23178 -19125 51523 -11130 -52717 -60944 11218 -26375 16383 -27732 51023 57327 -14705 14401 -32194 46000 -909
r314 -1510 -14747 -22263 24339 -31556 14752 -40272 30068 -60362 -32242 -48504 59977 -21959 29943 -46317 -39664 -4204 -14535 -35502 -10376
r315 -48347 7261 2598 -54650 57428 -48010 65225 -35621 59447 -31259 -35120 -54837 7972 -64497 -15762 -20266 -62892 -31704 4414 64787
r316 -62753 19407 51695 -27999 -8057 -21902 -22048 39026 -39449 18491 32910 -28139 11624 53822 -3657 -6459 36590 8260 -605 -10078
r317 -55741 -16227 -31401 -46947 41572 -31557 56520 41826 -7894 37385 57709 -1085 24704 -20702 38592 -14553 29150 63010 14558 3680
r318 58822 -56703 -61553 35441 -57864 -14500 -4549 48746 -5853 -15395 -49197 -47567 -35389 -40433 32496 -31511 55914 -63855 1121 13767
r319 -44685 27018 -45023 -40564 -14470 19190 -30568 -35389 56263 31142 46383 30145 8948 -7200 52877 46797 -38911 -55220 -45318 61504
r320 28791 -37344 -60835 -48362 -24502 -4380 25388 -30200 42734 12693 -29200 -7119 -14349 41582 57333 -25632 -29602 -37236 -2720 -43119
r321 17405 -9404 -45357 -541 49852 58914 -43018 18387 -54601 2667 14996 44589 -32690 21545 -13320 -26805 54755 54826 30368 41796
r322 19301 -36808 -35687 46072 23819 34939 31968 -44538 -61134 22130 -6408 20713 19452 47340 -14602 -49933 -49166 33080 1744 28915
r323 56777 5808 11259 44339 14732 -55516 -11170 19410 24406 47357 63422 -47878 -11318 34768 -30170 10486 -42125 28543 -5569 -37771
r324 -62882 30497 -53972 34058 12460 33437 -51066 -30989 1284 56751 21356 60679 18478 4584 -60534 -3562 54100 -42350 43727 37231
r325 20833 -3567 -61648 -22470 -16919 -31126 51643 -4539 -11474 53806 -26760 2519 57386 43953 -30293 4226 55699 30796 33496 -51851
r326 9104 -38833 47186 -6544 64609 -51382 -16788 -36504 8222 22594 2355 -24953 -17372 -44016 29960 -42065 -29616 -42567 65078 6338
r327 13820 18168 -37554 -59097 39211 -6654 -18703 -35378 23155 63432 -31439 -52263 57817 9326 -49430 -40152 61918 33494 -12049 -43840
r328 42907 -36781 -48767 15100 21223 -52752 38704 36552 -63755 51460 51035 -39287 50815 -57320 -15090 -17753 4292 -35794 3505 -47455
r329 42740 -2125 7746 31851 -14540 16235 -34779 -31156 2236 45212 -27810 -53758 -20606 61117 -38949 4024 44943 -8249 -3507 -27981
r330 -35702 59617 -49414 -57589 -39125 17299 -5332 56680 18394 -20139 -43105 -7914 -40752 -32658 26324 -36656 5086 49975 33630 -353
r331 63292 43593 -58677 42488 23894 -46848 11947 -63685 -53686 5485 9330 57175 28383 -23042 47130 -10783 21261 9518 30625 56041
r332 18512 -18060 -49959 -13503 20341 -1182 -50827 -56848 22046 27167 -2079 4451 -50315 -5153 13379 57386 58026 -116 -47694 -41676
r333 2345 63065 -7125 31392 -12150 50438 61648 46785 60425 24289 51741 20678 27799 39546 37725 -32997 -28313 -23270 -14090 64184
r334 -34599 8449 -116 6036 -26726 3434 -38520 -35911 60526 -14701 -31293 37380 58056 51924 -17729 6676 -37483 -34394 26801 15929
r335 9892 -39579 23682 44100 54710 20702 -38877 38132 52815 -42153 31170 -34725 62804 -9933 -35895 -1184 3190 35421 -37040 58291
r336 3034 -53778 -29289 15566 46282 -37131 8965 -64626 16683 40109 -32694 59739 -16214 -29427 21385 -1516 -19795 6603 -24359 -41589
r337 51385 3295 -60535 -27331 -41012 -55745 65262 44379 52596 13960 -47313 -26358 -10605 16189 49082 -12555 15897 14168 -53723 59037
r338 65094 55152 -42807 43478 -19512 63508 9266 -27719 9019 -62607 38981 29287 -9272 22892 591 -31835 -37154 -16868 8713 -21395
r339 25777 15773 -57959 -5094 -52063 62151 -7110 35143 13732 -30982 -13690 26620 4654 -57267 -2738 -63560 65410 38912 21371 51620
r340 34812 19314 54150 -56473 64657 -26344 42751 -18818 30388 49452 57980 -32708 -35802 -24341 56681 -32801 58367 34880 -48563 1920
r341 -9408 25812 -4084 33923 -16012 32807 48257 -26487 27508 -62516 -56346 -52766 25670 -47699 -43091 -51741 -26956 824 21111 -57914
r342 -30906 63869 17466 -30548 -13714 6708 -8389 -25641 -63462 11919 9262 25742 -8885 64435 62115 -30586 -4179 2079 -18507 -46303
r343 9097 12673 54924 -34821 -17391 -32635 17601 -36460 27562 -34012 -44127 45575 41830 -37701 -16293 -38593 442 4680 -30171 -41648
r344 51699 -52464 -27541 15567 2944 -46466 -63711 16722 -30283 23347 57183 5935 -56417 62164 -13525 37218 -34684 -51965 -59002 13443
r345 -12268 -37661 -55235 -19405 5392 40759 20194 6324 17667 36769 4690 -35206 15248 9565 11742 55218 41135 57024 -37168 29183
r346 -6388 46123 -63210 -22924 -3958 -63182 -3423 -15309 -27033 -34952 14622 55602 -51167 -7114 -60357 -37133 -10130 9247 24108 39344
r347 43441 26578 -16260 29343 24425 -41498 -41791 42219 -44063 29734 -464 58550 -60362 -52011 -62887 -64378 -39994 24080 -57903 20052
r348 -11033 -7537 -42085 5327 679 63356 60328 10218 45108 -46878 10526 16959 32832 -46780 57343 41846 -48206 51490 25421 -38362
r349 24880 26495 38914 -41565 -8761 -61051 -15603 -32881 -59130 -24499 31011 26148 23132 -11224 22404 -48266 60220 9754 59762 19692
r350 -5201 64017 15902 62866 -50582 -17928 -23470 -2990 -35148 5957 59722 -24438 -11285 23919 -59619 55927 63762 51902 24840 230
r351 -36467 36219 -32878 -23624 -12959 -29191 -6738 -6684 -8332 9712 -55755 61457 28943 -13874 45180 52035 -60584 1889 -6668 -14139
r352 51777 27894 -40144 -3195 -39627 -5419 -34570 -41718 -24210 31107 -52639 -27191 -38673 21768 37272 -13045 20697 12151 -51356 30809
r353 -62646 60190 -57122 11703 -43877 62396 30047 -3058 55698 -53528 47644 -34373 4209 57567 -9590 40130 -27542 10334 8590 -34683
r354 -47036 -24815 24659 -7249 -35443 2833 -40225 48713 -63147 9546 -31703 15744 14404 24432 -26403 -41864 -36646 -13632 7527 43073
r355 47212 -40079 -53655 -29447 -56693 10938 -52015 51054 -25196 59255 20810 55067 39522 63815 -47469 52058 47607 757 -28345 2023
r356 61238 -44584 -14719 -37015 -27380 36018 62195 -49086 2451 21206 -45377 -56390 24521 -14763 28896 60632 22372 -62156 -35929 -30335
r357 -9143 -10646 -46623 -53054 -5928 31627 65039 11429 -35144 -54623 -17079 49618 9367 31187 24553 1146 -55496 -6862 42477 -14858
r358 24357 19420 23000 65478 -27550 -16576 -61574 6972 -11552 -21995 64889 -41974 -31036 -10814 28320 -5942 50321 -50896 -13117 20207
r359 50052 -29571 45202 7076 -33490 -28177 -56933 -34178 64127 3117 41996 -65015 -16417 44745 36723 -321 -44639 -18822 -39316 3998
r360 -4617 -21077 3415 5500 35268 -61050 -14400 -62488 60098 -43779 -8379 -64128 2436 -43944 -24333 -24010 -31912 27057 -65104 57268
r361 13774 64796 -10800 -58910 -31255 -33140 -62916 -60077 -14135 -22141 16210 -63931 57825 -18339 8249 -20810 -1525 2948 -22880 -9957
r362 3081 56920 -43179 -63417 -63516 59326 18915 48530 -48693 -22451 10668 -52912 -11663 -15970 -23910 -47637 11247 -27401 37686 65451
r363 -38754 -40403 -37151 28791 15248 58493 18827 -30412 -63616 42060 64706 25485 51772 -33294 59785 -7684 36921 -45008 -31853 63556
r364 57708 7691 -17281 -26501 -63684 43234 51262 40063 27569 37974 17242 9122 -24428 -5793 4747 18487 54331 -15053 61413 -14209
r365 19892 -17988 -40767 -65127 -10156 -13412 -61319 -58147 3778 -28147 52580 48239 -52080 28485 -23829 -28772 -31741 -64990 -3477 9275
r366 -45671 -26246 -46855 -27271 -10563 -49267 1666 60918 -39962 -617 47124 -47109 -1365 52835 -51192 39046 -62789 -30118 -35364 25984
r367 -986 -61507 -61510 19798 -26327 4676 -21562 1996 219 63766 61464 3465 28907 64954 43037 61437 -11854 61058 -13139 39582
r368 52719 -35262 44701 39714 42599 -21811 25952 28656 51829 52009 60182 -52902 21820 39863 -36681 -27618 45836 36232 60874 43046
r369 24091 9838 49027 19569 28708 32587 34970 -50595 61496 -41054 -8713 -23940 13858 9876 -60748 20228 -59388 -57713 40883 -20820
r370 -52920 -63602 -19775 -28232 7609 -25824 -1648 52273 -42818 43877 -30888 -19101 14306 -44707 40560 12754 -54240 -31075 37881 20703
r371 36685 41038 -60692 -44002 1131 22096 -34622 41086 -20786 25518 -1533 36324 34916 39298 48959 -54896 -32584 -45809 -23512 39383
r372 865 5106 34810 2116 17854 64477 -43500 -40312 -15582 -29320 -58492 27923 24154 -54497 -26938 -51994 -32336 -36892 -43344 38946
r373 13077 -51456 34794 -21604 38586 -13539 24574 7357 27599 -61575 10820 15358 -27763 27058 13368 -17068 24500 44063 -3958 -1728
r374 6600 -17561 -47684 12399 54696 -7380 31464 -31833 35279 60135 -21922 55034 -50487 -17964 40634 -6031 44306 19009 -50118 36753
r375 -33517 -59174 41661 -7313 37670 -42953 22588 53099 -61325 39650 31702 1871 25913 9909 3738 -31484 -43083 27369 46607 4815
r376 -53141 -33538 -51490 5836 54554 24954 -42872 -30549 -25520 39417 9630 410 26549 49690 -15854 35441 64088 -24297 41851 -22998
r377 23816 -21243 16264 -48656 33365 -38364 21627 -12182 6942 29089 34437 -20374 -53699 17846 -45710 54289 65065 492 -23038 -9144
r378 32481 -49110 33591 9897 41280 19277 23654 14260 7000 55855 8314 49508 -24084 34418 -14258 -65073 -42262 -44917 7632 -17098
r379 -39583 -28822 23013 3426 -58012 60360 39809 17959 64323 -39951 -53365 -42986 12027 62783 -9102 13238 16240 -45482 50803 -62222
r380 64261 -57331 -26295 -16719 -53855 18770 -30864 -51173 -54954 34994 -42864 -52185 12337 44785 -62158 57978 -2941 -59720 56195 -60129
r381 35471 -62776 14910 28058 -13676 -12495 29653 -14575 -31689 -10529 -3583 60014 -61729 -49170 16204 -29423 48222 46167 36501 -35498
r382 -62356 -54134 -61832 37654 33135 10740 58450 42238 -25341 -32812 -2114 36208 52242 61602 -5064 -15967 15104 -31809 23059 59961
r383 51402 -31386 8834 -51764 -22782 916 39110 1346 -37110 -11337 36195 -9303 24928 54429 61180 43430 30174 16780 62348 -9608
r384 -45485 25891 52906 55557 39336 -57313 -62956 14443 -47855 -26987 10828 38064 -61431 -32376 7143 -31403 -33546 17326 -3734 28694
r385 -32971 2215 17034 -20729 11450 -44313 -9779 -31584 39485 -42464 -34604 50250 -52844 -3181 -24631 -4379 46077 -47688 -37495 -3575
r386 -7725 9274 -13617 41146 -276 64075 -32094 48650 -13934 -50669 8169 -44830 -40236 24341 -14290 12039 -21452 48012 -50312 10402
r387 -18935 -60264 43586 5228 23528 -50528 -8638 -43643 44347 52525 9862 -52084 -41498 17862 -34636 8883 29499 -12350 -62198 63469
r388 -19793 -4507 -15046 -2757 35501 -28120 -30030 -19684 -25976 44851 8611 -38483 64994 -42329 -10056 41966 59499 59464 6951 65196
r389 -33581 -11989 54681 -42506 -17241 53715 65188 -63985 23354 65292 9070 39954 -42800 -52805 2293 35728 29831 -45349 -47063 12869
r390 36099 -25909 56580 -53704 20 29652 17372 33393 -25654 22858 -62 31677 38036 -29643 2294 5486 26532 -57055 44934 49285
r391 -51884 -30367 22402 2581 14122 -52878 34140 -47967 56689 -21291 26266 -21363 4493 43047 -14297 27884 42937 -31583 9096 13611
r392 12216 22914 -8735 36524 -16620 -48265 -25384 64705 -50757 30946 -18698 40767 28399 -19018 -26460 -38833 -47265 33266 -32459 -9069
r393 62900 -33293 -40359 17488 -34252 13405 19707 7491 29495 -47501 27432 8895 -28056 -24204 -466 -56502 -28165 -47606 27274 -56966
r394 -8142 -26576 -44516 10224 -6385 40875 35670 -6272 60805 48518 11657 37199 2355 -38672 -9244 -37452 -2456 -40864 -34416 46317
r395 -38733 24680 -36371 12464 19155 -17337 58860 1767 7798 -50153 -62141 -36355 53386 29474 57249 -52715 25095 -3518 -30865 -41808
r396 -19918 44969 -17053 21316 -25916 31518 -64878 10785 -47304 36261 -16406 2643 -43660 52461 1865 -54420 53095 53631 42913 44050
r397 -34450 10796 -51574 38972 -43196 46561 4954 55330 7692 33641 47570 47190 14477 42776 14307 17557 47149 9440 46273 -1267
r398 -53097 26516 -31100 57278 -12392 57849 -51940 22488 28382 21427 -59328 -32740 -51493 -53100 -17955 22908 34880 38376 -46177 23382
r399 -50460 -48047 -34609 8531 25947 -34468 -15594 28491 -41927 -31045 64627 -21295 53927 54808 -6258 6385 2372 -49377 7968 38234
r400 -51352 -45396 -48588 8450 -17288 -37834 -23267 -53799 -14702 -64920 45247 40960 -35396 -21910 -52226 26469 -59452 -58245 41435 46285
r401 -13219 6371 57810 37481 48400 33910 -457 30344 -13487 -55884 13175 64623 -64634 -39336 3764 -20934 -62726 51997 55870 -31931
r402 63276 -60006 -60229 -45047 -41074 -39138 29453 -21147 -4889 -18329 27127 651 -29151 -55960 50392 -57896 -17114 -42331 -18590 -18515
r403 37886 -35153 -33893 -43949 -5737 25742 39109 -63593 -12045 -13710 -7920 -15354 -13644 -13574 23770 8393 -12320 -24480 56529 44360
r404 9168 43205 13276 -47502 -1944 -4292 -5374 -62107 -39798 -21628 -39281 -31049 -17135 37268 -64786 -19667 -32009 1930 40309 -23599
r405 -46861 -39047 -7157 -28604 7076 -2369 -10003 -52819 13922 -55281 62833 -63701 16035 -61484 35560 34702 -14276 21215 -1691 9583
r406 -18715 -42748 -19545 2777 -53532 -4754 12494 -15378 -27745 -59958 59520 49983 33004 10234 -9363 4854 39226 -9213 -6192 35556
r407 -13839 -15394 45391 20220 37366 43795 47726 -41639 30191 -6070 49085 23118 32929 -63106 10483 3512 -61337 22473 -47313 -7584
r408 -6684 17964 -49482 -40181 -22391 -8091 -49365 -43104 -625 -65491 -25970 -35641 10081 -40178 -61121 -3153 -49423 -41805 -50707 11157
r409 -1334 -28625 -37649 -21011 -29709 65082 29566 36166 -9282 28259 19218 -62637 11455 -20498 54308 63400 59882 -44321 -40754 9896
r410 241 -44010 -18890 36054 -50432 -46521 -27262 -18028 -5464 -12080 17619 -29265 -4691 -52049 -48041 -65066 22609 49508 -3620 38098
r411 30567 -4489 5042 18912 -47459 -35289 20084 -6722 4593 -10390 -59543 -47342 -32220 -11367 40664 -7546 18846 10042 10996 -45747
r412 -33211 61372 59490 61096 63082 -34399 27869 21264 41381 -41397 -5151 7486 37280 -56871 41658 -31177 -6455 -36710 -39239 49133
r413 3090 6011 16312 48227 31360 -63716 9053 22984 28555 16401 -29293 -33142 508 44535 48318 -9515 33076 -20806 35945 -51572
r414 64554 29230 -51156 -1425 45889 -13963 -44931 48119 -37741 -29216 -12862 26121 39005 -25765 56220 -53737 30714 36003 -41951 63657
r415 -831 63672 42032 -61670 38581 3176 48858 17768 5881 -9985 54923 -17941 -42710 -7975 -36579 17229 -2001 62162 -60419 -48121
r416 11481 -62601 2053 -54410 54106 64099 -39819 -26278 3050 36641 -16483 -923 -59306 6619 -53516 24113 -26019 -3766 37552 25321
r417 -17153 -56571 62421 -46009 28319 -9854 42024 -13936 14760 29917 54645 -25675 -3043 22932 -37707 36496 38682 22235 38184 -35912
r418 42203 42061 -25474 12679 52124 -28163 31730 35760 -42428 -19909 37053 38877 55724 23066 -4142 -18644 -61180 -30734 -43478 44316
r419 32394 -5631 145 19829 27499 50718 -20206 -60765 18999 8289 20530 21315 17666 17491 13777 -16320 65439 62606 38917 -61855
r420 30843 -40562 -40583 33231 -44460 33113 -34713 35257 -15814 59176 -52288 21810 27497 53172 -65393 -17438 -6813 -16089 61497 28381
r421 46139 -52688 41762 -4861 58083 -61297 -59141 19377 11755 -54242 -8663 -38761 -5489 42885 -26471 -28896 -25136 50441 54909 -33266
r422 -36494 960 58273 -44530 -36651 -40866 29782 60220 23404 57418 -3292 -37594 15100 38035 58301 -3339 -12390 -19350 -42844 51546
r423 -46902 -28908 -62502 45752 -9744 59689 -38270 45627 36534 14854 -46801 8375 -28841 -63321 -43689 18718 -11915 28169 31596 -51961
r424 41303 53530 -61531 -10046 -21873 9834 -54949 31376 11076 37580 43365 64093 -62094 35461 -64715 -38151 16255 -25271 50128 58978
r425 -30475 -843 22541 -44433 -28413 48080 60929 44173 17699 29928 65060 -54868 -37518 45938 -57367 3991 -18650 -51077 -55620 25059
r426 -25422 62555 23158 -30321 27100 4162 41732 -41210 -39262 -8 -42960 29686 18243 -2897 -1824 25155 -23330 43391 30509 -38248
r427 -6885 -30701 55111 -35511 -48218 29482 -39795 39437 -15672 -20177 59269 -44259 -57328 -56997 -48646 30340 65358 32714 -415 -46238
r428 -23996 -20728 -56380 26136 -49037 14857 -2482 13043 4541 -514 43587 32941 -38896 52832 -44844 -595 60958 28404 -14267 42070
r429 -1258 62928 12741 29142 63984 -20164 -17046 8308 -64180 4119 54778 -3316 -4735 -25015 -6920 -29719 -29028 54978 47554 25596
r430 -21605 -38517 1016 -54679 -59050 -25388 44447 18015 6338 -12269 52611 -52726 -23336 38604 25346 -53010 -23836 10641 31242 -37718
r431 -3510 26665 -54475 22298 -9546 19565 -33687 30716 38464 37463 7244 10684 -11410 35037 980 -59966 -47544 -51505 -32649 41863
r432 -3026 -43705 -1988 45380 -48563 9990 8820 -53376 -48242 -63464 62681 -3641 44796 30705 -1117 -424 34762 -46818 -52694 23901
r433 -48843 -36153 32594 60900 16466 -143 -11879 -33882 17372 42214 -25212 -9862 50963 11894 -23272 -20850 -42231 1553 53602 58632
r434 44458 20637 -45347 19444 -49073 -61603 43064 24742 27563 9047 -22554 8983 34064 -26424 -60872 24523 15361 -60230 65362 20103
r435 21426 -37638 -26993 24183 55996 28442 25068 -42254 46303 -26810 61679 -14462 -35658 18131 -26670 -57203 32552 19996 -32510 10804
r436 -9478 33572 -53578 -38817 26112 -45285 43241 3566 20006 -3123 -5606 -23084 1743 63625 -56807 29581 -48829 -45064 19388 -10528
r437 -42906 3436 12177 21639 -54058 -45373 31401 12296 47322 -58685 -27143 -53347 59432 56853 19883 38003 51465 -23227 26859 -24221
r438 -33272 -9077 40922 -16565 62492 -17475 32611 -43644 -58229 -44163 -37511 -36490 -24738 -17936 -37877 -58338 34909 -57966 -13094 64777
r439 1751 37855 -47782 -4358 -40538 23332 39035 16942 -40910 60597 -17403 65508 33020 -30188 -14309 -36998 35455 -62757 -21689 57553
r440 50578 -16135 -43683 64268 -32855 47631 33690 -57408 63759 45608 9452 -60763 6749 -32987 -65253 -37080 2002 17879 42329 -11072
r441 33014 64077 33742 63180 -65078 -16325 51836 -47198 -34173 -11972 34619 56755 -44888 -13151 -26328 44392 46311 27475 -24064 -25954
r442 -15265 -18509 40273 -29228 41278 60276 -39429 -7020 6535 -21717 -40396 12053 -46225 -39882 -28442 -729 -63655 -51655 -7047 -15549
r443 -36437 55668 -61541 19375 -9059 -61949 -29270 -27491 -51219 37840 -22201 25602 -10173 -497 -6243 22019 -51142 38173 36605 42151
r444 15544 -47565 -56397 -36097 9437 -39562 24440 -26577 20631 -42064 33724 63720 -21523 -43106 -35274 -57355 -53293 7772 11291 -29639
r445 -24668 -3148 7226 -24506 -25517 -40965 -51634 -29448 -11439 33430 -2655 63999 63140 3224 -46927 -29248 -12529 -2485 -18811 -35457
r446 -55948 -13035 24178 63804 17231 -42568 -19643 53813 62068 -33397 32861 52829 -23594 22741 -37518 54861 -25770 -19826 -59717 -27564
r447 -37555 -35048 -21835 -56187 -35095 59978 -10955 -41793 -46268 62806 2444 -28444 -41455 -47379 -20997 -43391 64948 64911 -15754 -32374
r448 25217 -60603 7496 50665 15567 44830 14643 -40871 43388 -64555 -42172 -36955 27045 13643 -28650 40322 -51610 53907 -33263 -51794
r449 42348 -26914 240 -6007 -783 -14648 -60123 -778 -46097 -6203 -56906 -29889 -32279 -14799 -62901 16508 -21572 -46559 -21355 18851
r450 8129 6350 18430 32466 45351 -13814 56696 -49390 -58760 -23776 -40706 14683 -17751 -59885 45610 61403 -60252 -2170 -23981 26898
r451 24382 5816 -53341 -14469 -27351 -6259 44004 37383 -38958 47389 -38825 -1943 63937 -16352 -40419 56891 -48193 -46540 47559 29228
r452 -56124 -56977 46560 -44940 -24140 43890 -8115 -61702 -39096 4112 22717 5800 -39585 65372 26207 18666 -37566 14392 4103 12482
r453 -16859 -6200 -22457 28598 17489 -1486 -25095 42108 -27818 58383 35112 53495 -17652 -7526 -24224 -1271 -12049 -46739 -7287 -28818
r454 43903 -47824 32354 -42476 18679 56012 28982 -18864 5900 19583 -52126 19342 55576 -21524 21498 51102 -51163 35500 30419 -64888
r455 -24745 39154 -47579 -40830 -61762 45165 53929 42790 -18095 46777 20696 58650 26727 -60706 15150 10899 30433 -11559 -16305 62454
r456 43464 -45096 22370 31222 18499 -60356 -45514 -21790 2929 -4654 -16474 58962 64178 -47625 -56305 6788 -58394 -1764 42003 -22593
r457 34847 -52890 -16164 44991 -64055 1669 -41836 13309 -36342 61791 -35585 18190 10332 642 1623 -30482 3196 -27890 41274 -22721
r458 -41419 20914 -47456 -43472 -23855 31328 8161 -34435 -15120 52920 -3672 -51317 19488 -52006 19820 48966 -7430 -8720 -16362 -32193
r459 58472 3695 19853 65442 -10316 -3970 -41402 52470 -64993 51901 28661 -58927 -33208 5350 6762 40782 -65337 50942 40983 36123
r460 10135 -44184 43264 -17137 -5350 -40274 -35812 43408 -23766 -23004 -51514 -28687 -37762 -24293 7858 68 -18233 38407 -56008 -31271
r461 -3018 25223 20879 -24839 -35979 -53594 -33269 44020 43456 563 -8503 -27159 -27752 -33218 -45532 -14682 -27690 -4491 -48425 -3069
r462 -37450 30859 -39623 -49525 -61460 24360 -39688 -34081 -30300 -11196 64335 -14540 54945 5296 21506 10606 38304 3434 -39193 -43829
r463 7265 15003 865 -39472 -54805 -39666 19013 -47414 33143 55568 33158 -37309 21848 -29969 -34700 2408 -10312 35919 -55713 61400
r464 -49524 17570 60071 30175 -43722 -1051 44585 26877 -15023 6516 8763 -6664 -12964 40541 37185 -39158 43013 -19871 25386 44652
r465 -42461 -32372 -1569 6958 18101 -3906 13909 -25293 58274 -34664 -50942 -11195 -32320 -54183 37065 -52159 5900 -32553 52170 -16426
r466 41025 29023 42857 51501 -59756 60040 -27567 54478 -33611 -5177 -50473 54585 -48802 -7836 43622 -35958 63533 28548 -52636 7501
r467 50198 40954 -53324 -28616 -15809 16642 -15412 -57195 18981 -16986 49758 19924 -11700 -57900 -43224 -52756 -56018 44228 64522 31608
r468 -15107 13576 24054 -22213 -58621 -2952 -46456 -65233 -6336 -43383 -4775 -47739 -15512 8308 -45452 -27223 54145 45152 -52301 -48952
r469 -55799 -35013 19202 8327 55691 4646 -13720 -49602 -16008 56994 7753 -14991 11988 -43741 -11950 42016 -60714 38849 -52119 -11340
r470 47395 -21094 -23849 -49497 -38682 64734 -1167 -12229 42476 17876 -48105 46143 -6860 54224 5577 7107 -21126 30718 -33464 21264
r471 -18143 -27121 -55438 -9211 -42099 57177 15347 45028 43142 -11129 55423 579 -1921 63850 15911 -39520 -22715 -42459 24562 41157
r472 16024 -1824 -42113 36390 7976 -49459 -48448 -33164 41548 -45773 -52861 -52235 -64819 -42937 -19017 53437 5757 5831 3758 9731
r473 15890 -14082 26852 29187 50761 -39889 -27134 -15979 -12472 -15767 24738 -11868 -6848 55434 -14331 8083 33150 23145 16358 -4177
r474 -61705 -40438 -46033 -40159 41166 -18040 -41623 10288 -38542 -50668 56866 -44115 11414 14220 34761 -19871 9483 -6710 62535 -112
r475 -58652 50111 36270 -9222 50723 -26511 41353 -10085 25757 64588 -52654 56230 37957 -39526 60722 -59748 -35542 48185 3211 -57619
r476 65205 8265 -35900 -52105 21009 -52932 2846 -11389 -44867 12918 -22584 -37037 22234 -46302 54075 -27760 31828 9108 -31497 -11961
r477 -23768 -23766 12453 -5265 -28002 29531 28858 17944 10842 59279 7149 40777 8026 28768 44148 -42084 -59080 25554 55334 -5583
r478 34863 40239 -17744 -53259 -13329 25469 -11121 26353 -2195 -48243 -65298 42266 12071 -340 23656 22264 5034 51745 38253 40896
r479 -63636 4777 2599 8956 46120 59701 27936 -4505 15180 53149 18468 -48611 -5857 -33307 -5295 17144 -64729 -47180 -2934 30211
r480 47987 -2248 -19630 5488 54392 -19577 -48572 22189 -60379 24694 49154 24868 8105 -41397 -21086 -25033 41290 57087 60912 12864
r481 -15255 6651 -38359 -30800 13782 -2403 -59965 -45181 -10658 14513 -31267 10281 7142 -59426 -15525 32147 48283 32597 20812 -51494
r482 12640 -64894 4381 -31476 9205 -62018 4715 -64197 55005 5855 31703 12999 57116 58890 -39576 -31379 64135 -46443 -41516 -18131
r483 -39104 -7543 -53605 57264 -14205 41997 44987 24719 54331 10937 15222 -28452 54475 -30302 7610 -13411 48740 -24517 -63619 -38490
r484 -61365 36717 6934 -55474 64885 54081 32058 62504 2129 12047 47545 -2572 -41186 -32311 -59919 -10306 -19336 65200 62935 -52101
r485 8399 32374 -46645 47045 -33029 -2121 -22932 5813 -28592 46674 -42333 -2771 35080 20875 -19282 14670 -47910 -9222 52348 3526
r486 -53635 46853 40498 50391 -1696 -23612 64862 26071 -54643 -50948 35222 33028 20971 -48606 -24455 45205 28288 -30580 -22254 2696
r487 25917 27478 64178 12718 -26014 48497 -30253 45162 39546 -10876 -49948 40046 -343 64780 13005 31581 -14947 -5625 -37105 -28901
r488 48654 -11290 50559 -17704 -49524 -20173 -44670 3749 36172 17709 38321 -8477 -56166 -49861 -46725 -59402 7229 29498 6640 -2085
r489 57671 -908 64610 -35153 53793 -53890 57841 -28815 -22564 -58506 49656 -35774 41639 21344 46167 34573 33860 -5405 64394 -35797
r490 -49976 -8810 39521 42486 42431 -65234 -18850 12289 39353 -30346 22117 14567 65074 -37231 42274 53201 52933 -7109 -44556 -679
r491 45648 45017 -37859 -646 -50223 -59019 -14002 56256 -1021 -17910 -7973 -23001 3742 -1545 -32170 21228 -118 -33785 -8964 32037
r492 55542 -35922 42209 59237 -45524 -55352 25494 43812 -61700 57742 -23001 37710 -36908 30279 -41796 30803 -41457 -10255 49713 4084
r493 -23124 63352 59322 36962 54861 -29788 43724 2838 54606 -45922 -51909 -24074 -31977 17805 -43657 48021 24093 -41511 -13226 -32884
r494 -2127 50234 -40199 -59769 -23925 30846 -55007 35631 58608 -7609 23584 48618 -15287 -61273 6701 13642 53713 36000 -5426 44873
r495 -43588 35070 -56097 16386 -19580 -35556 5920 1090 -51819 -53052 20259 -33793 11409 39455 51232 37384 60323 22698 -53259 -36274
r496 59888 16852 -56896 27234 -18014 24929 43753 59537 -47690 37175 -21750 -51166 45925 -41101 9691 -53817 -15381 -65224 8973 17151
r497 42502 39613 22145 41913 -63702 19774 1086 44191 39527 -14537 -60605 -46745 35010 53187 -48755 -26801 13090 -29832 -48560 -2094
r498 -53491 40531 -4874 -17665 20067 42830 39283 16579 57901 -37539 11171 -22211 -34123 65216 -47812 6282 -7219 -16412 4434 -7887
r499 53567 -65200 -54231 -60327 27004 11299 62332 875 -23905 -28489 -3765 41641 42960 -2600 -39892 21777 25307 62793 57537 -17088
