mTable17 21
KEY  c0 c1 c2 c3 c4 c5 c6 c7 c8 c9 c10 c11 c12 c13 c14 c15 c16 c17 c18 c19
r0 4154 -13969 -41449 -36248 -15793 35206 -62565 -64913 7676 -48733 37584 -62751 13042 -23576 36585 6808 63869 -14066 20680 59334
r1 35 -48852 -7156 -56220 38969 -40938 60120 26655 -33114 -45522 -7316 -24518 54790 -63883 -57360 25627 -47887 47447 -61565 50776
r2 -36538 16281 10281 -7546 -48600 -5726 53703 1937 17910 20932 -5886 -29729 -43729 -50643 7953 -58931 28252 30832 54806 -47934
r3 -42430 -35094 -25891 -52155 -17820 22724 3274 -7809 -65417 -13917 60613 27546 -49131 -24190 -15366 64628 41356 -39305 19681 -21192
r4 18982 -64652 15776 22571 -13812 8956 -35042 6714 29885 -14500 55711 1124 12213 41045 32580 35858 -18791 -15503 -50121 -10550
r5 34986 -46114 22162 59133 57427 -16128 -40602 16506 -29909 -41446 -38837 43410 32911 35405 -31703 43151 37949 64779 -28186 39286
r6 51130 -28966 30082 -15919 12490 46738 2382 51721 35279 -18190 -23322 16969 -55148 40636 10420 -13564 -7343 57772 -63264 3758
r7 -39867 -3647 13045 -3546 43651 19294 -11954 10554 -58841 58933 -27521 25679 -5331 -15061 31422 2954 -24956 -1136 -57013 -65522
r8 19565 -32113 52834 -49525 24282 19416 -17405 53123 -22736 35939 43357 -54567 -17813 61349 51477 33846 -63294 -54480 36626 -12848
r9 -28400 19742 -45730 -15691 56581 32615 -22109 -26402 -44258 -25659 -47228 1594 54784 14060 51909 -8450 21450 -18030 11278 55598
r10 -58162 -54282 -61406 -29575 56048 18160 49066 31720 10991 33168 27797 -31304 29034 -28685 -34679 45564 15566 8990 -35676 -58986
r11 29724 -39617 -17000 -43608 62704 -56838 -2205 35501 -2790 9532 -11319 -23608 51121 37200 -6906 -5768 53675 -10661 -2777 -48614
r12 -41176 -58670 23962 -2523 -47933 11983 2642 35839 22071 -10662 53460 31219 30637 38805 44917 45614 -48502 -15660 -44523 6749
r13 -16026 -39816 -56937 -25247 474 -2959 -1787 -35387 -11329 25938 53155 4615 -58042 3879 44499 14879 63609 51507 -64321 58156
r14 -56348 -32661 -41804 -7166 -37455 22978 28355 3377 59358 -44976 -21383 -12757 3109 -65095 26043 26943 46329 45676 7000 -25199
r15 10688 11087 -32895 6990 -5110 32579 42144 -41235 -14689 56444 11874 57207 -31256 -29626 39167 60098 64015 13672 52318 37719
r16 5707 23637 58867 -60906 4261 -28625 51852 29260 49031 -50298 3761 52606 55452 -16801 -23621 -30703 -6312 35707 -20486 25302
r17 61214 -28582 -62167 -39964 -50795 -52594 -59596 23360 -17151 -51315 -49406 -40403 37751 40937 -45560 -21741 -7861 -25742 -34920 13086
r18 46020 48240 37364 -29669 -30764 40233 -17005 57122 -16106 44315 28518 -50994 34222 -18943 -17022 -50590 -37647 36371 -21902 53261
r19 2459 -3252 -5755 15799 -50542 29357 24385 -55284 62936 30409 -26489 46869 -64733 -46094 33896 37275 -54003 -27167 -23821 1421
r20 10946 9829 -28201 64450 38314 -24655 -38225 -45723 -49110 62077 -60878 -35432 2405 -4463 43563 -42145 21352 41485 -2895 -27112
r21 -37817 62388 34021 -23857 43334 -40035 19402 54650 -51362 -17732 -62981 54502 -1429 -40638 -50896 -35165 -6788 -30111 -28008 -23411
r22 -3216 43150 41952 -39159 -11911 -42509 28218 19267 -42053 -22300 14236 63016 9077 22367 22099 -11495 48420 54407 -55762 21884
r23 -6803 11029 -6385 -29612 26873 -42126 26942 -29340 57578 -65202 -36331 -22204 59590 55610 -50443 -22314 13304 27429 53291 -20496
r24 -23962 -20585 28110 45072 -30863 34012 2783 -36938 -43251 45526 -34646 -63723 38508 -20482 -53128 -36827 10555 3024 32167 -16321
r25 62906 -27366 11888 59769 -19438 51407 -14847 -23873 49997 62098 -64625 -11488 54569 -63122 -27779 -36967 -52544 -50218 -58750 38769
r26 34480 10153 -44418 20003 61198 10868 -38909 -39828 1942 -37771 -48030 61348 -10663 -19352 53813 -57083 1681 -29838 33798 38588
r27 8844 14202 44949 56021 4821 -40058 -13693 58163 -52352 -5663 -41769 -40974 -7029 -61453 9307 45831 -23634 53220 1836 -11407
r28 44372 -25848 31887 39475 8249 -15873 -29762 -39925 31089 35132 38033 20969 -26902 -12036 34302 62800 49852 -63920 58816 -17198
r29 -5478 -16875 -49627 -27271 -39435 35423 389 26501 22845 24616 35406 17209 40163 227 63037 -27208 -27565 -24217 16827 10354
r30 35979 -13871 -35298 31916 33780 19148 42184 -19923 -62190 -61588 -48841 53070 40552 51442 -22433 -42781 -54807 -6252 17879 30126
r31 28705 57365 -45287 -28482 28216 -39623 61892 37204 8352 -16366 -63434 -60569 -51491 16946 -13936 -51563 39670 -24150 49162 60782
r32 11852 -59799 44204 -40053 -52403 46577 30518 22063 -55921 -38133 -56400 -35908 39074 -57084 -19194 40017 24266 62649 14015 -40184
r33 59674 29731 45877 -40663 44730 11338 55919 60090 11976 -56315 31825 -54243 -491 13402 50203 40122 65082 39468 10578 -13011
r34 -15334 27942 9378 -39172 40383 -45512 40739 44951 40888 60628 -52090 -49748 -38288 54290 -24546 45267 -45905 -37579 60584 -61327
r35 -35847 -24463 43752 -9930 58763 -63955 14297 37337 11203 -3021 -24778 1950 58721 41645 -11010 8410 30974 19275 -64219 -222
r36 36022 4242 51228 -50807 50761 51528 58613 42088 -1216 -58149 -50686 54777 -17330 -40037 31664 -36987 27292 35169 -46080 -28559
r37 -26701 -63281 54776 7745 -47376 65026 8095 -10146 32485 -60654 -40659 -52197 -23741 50117 -2262 46557 53120 35782 -8679 4328
r38 -56048 53176 22256 -11835 50596 -18677 8340 -36355 -48445 -38572 22488 60731 -37042 -12474 -47791 46478 -6489 48773 -12837 -15151
r39 -55348 18291 -7724 -49335 35006 -410 -36634 -57316 -51745 11023 -22608 -20902 -57657 61514 -27661 10641 -6953 23670 -63753 -26865
r40 47548 -40501 -37550 41030 28247 40688 -65464 -40652 55767 52551 -19721 -7799 19059 54368 -13225 -26890 11990 2814 -60993 -37194
r41 6695 -35152 -46542 -800 8844 50180 23437 19642 16232 -18582 5416 47453 -48042 -1323 -63202 17274 -29975 15030 -29191 59401
r42 -46793 26495 -63424 -5710 62073 45521 -64740 20418 46932 14755 -42109 -45627 36250 -6719 53422 58607 31762 50391 -62701 34376
r43 31147 -12942 -25151 36403 24521 -48636 18318 -34149 36197 -27738 -41152 38093 -62132 56576 15643 53954 -4737 30889 19790 58184
r44 40302 2986 -60221 5974 19019 -61393 -58719 -42951 -9460 -1291 42069 -45961 45640 -56807 51708 23340 -49974 18213 52368 33525
r45 -19207 54831 20371 -61432 19952 9097 35934 -57838 14226 57928 -57431 52932 -48277 -15668 28860 27834 -55907 61374 -38243 -18700
r46 -51777 -16556 64380 -61970 -6005 7952 27685 23323 -30097 2453 12377 -48937 -42501 -58554 1557 57843 -26486 57969 26393 -38315
r47 -58608 -59514 15439 214 -25979 -14028 31969 59409 8752 60068 -37230 51007 -39630 61488 33379 -41707 18831 27113 52790 47335
r48 -42338 43762 -49650 57530 -54457 9809 -62881 -38751 -48642 51468 -22896 -48183 62775 47512 56872 -42454 63106 -33075 54313 62049
r49 42332 -56256 -8269 378 47151 62468 37591 -14924 -60078 21063 55556 24282 -9402 38600 49205 42666 57769 -61548 -23297 45532
r50 45243 -9284 65056 -17443 13981 -47593 18997 16448 -49781 8515 -15886 839 36634 1784 -49797 -1263 55638 -2521 22683 28924
r51 -50887 11015 42055 3100 -20232 -32611 -39909 45946 -40676 -20972 53744 -64202 27160 44673 -62560 30405 -35042 -53464 36361 -18507
r52 -64462 -22656 -9573 -24639 -23647 -64630 43099 60482 -42418 -42652 15129 5047 30005 36073 -35400 -62600 -51623 -3919 -46456 9385
r53 -15469 4529 -26554 55645 -28951 -32464 47575 18763 49807 12254 -30438 677 -63867 53767 -28510 29690 -31836 23547 -33522 -587
r54 31956 -57349 25033 1366 -42419 38615 -55372 -25076 12117 13620 -17125 48075 60563 -63409 -4522 -28477 -49095 14644 -63446 55553
r55 55420 12511 47745 6214 57695 47688 -44544 -52036 -12108 20957 60487 -49101 53314 -23831 7100 -2405 57057 -64351 -42537 -47758
r56 53862 -28754 18704 9752 -50903 -50509 -4517 33349 -5973 5534 18137 27367 -60815 -54402 -58940 -8569 -40472 -14676 54696 -16751
r57 62616 60067 37449 -14916 -12168 -42704 2752 -35407 -34304 -45838 -22175 -53902 -64880 -48336 -64167 -16178 18813 -62723 -14324 -49035
r58 40060 -32313 -8994 15685 2411 -11216 14513 -3573 -35647 39712 57109 -46325 58509 49665 -59214 -65030 31880 -51844 -3049 -4768
r59 -49412 39103 25432 11574 -46138 34679 35172 28505 -12642 -8592 7887 -39453 -40525 -48196 58308 -5713 -47249 21003 -23036 38911
r60 -51311 48035 -26667 13025 43420 -775 60077 -49464 12156 -24965 -1120 -59131 -31927 -38992 -33893 15926 -28556 47215 57430 -11564
r61 501 10952 44969 11534 4691 32726 -3900 22510 -63590 -62302 -3038 53851 34164 -36171 -4609 22233 -48247 -47772 7729 35401
r62 -19475 26632 17113 43693 -56917 -31785 50417 -2329 -24073 34747 -41520 32972 -23891 52151 -19653 37832 -20640 5239 -8517 -57272
r63 -64100 -2479 -24900 -55113 -58593 -36537 40195 -24482 -52217 -57476 -65395 57279 11256 23527 51812 -20625 5425 34025 11370 -1427
r64 25843 -56063 -22671 54305 56574 6690 -29250 25645 5543 55927 -21883 -37073 8720 -39728 -35287 -9244 -61881 47682 41894 -17003
r65 -11521 -37802 52418 46667 12519 -22869 4192 44859 -33103 -19555 -8068 7961 -16860 -15955 20240 60818 -47997 43093 34572 2781
r66 32804 63206 -30340 -56965 18732 -57052 -22724 56806 -25393 -50116 -31279 -15782 -36835 9556 -3002 27523 -26586 11577 -16647 19722
r67 -12874 8533 55816 38727 -43598 -62696 12694 -23764 -43152 -59571 64827 38119 -25143 14269 40292 12880 -49318 -33441 -2086 -26901
r68 61340 -28399 -28760 -19574 34332 -11910 -51584 -55856 -7749 30760 -58003 -57583 -18776 9913 -48633 61230 -26701 -15145 50125 4358
r69 6149 -44176 -12515 63439 46495 -44877 -1633 -10573 -58581 46884 55242 -25243 15326 24240 48658 -27788 6879 -44026 62904 3549
r70 -39488 -42626 -11498 -11399 3522 -37017 16191 -21933 -8346 -44071 51772 12923 29777 -17388 -59558 -42355 -4508 9829 12729 33705
r71 -23767 -50154 35435 -47138 -9 38659 64424 -29043 26412 -53180 -62707 54712 24243 -50771 -18272 -38420 28150 -60576 -33770 -6092
r72 -2754 19855 -35736 11136 943 -32506 -6606 -15067 -4306 -29271 22243 -33142 -50656 47150 -46637 10591 -44316 -26236 -18266 57934
r73 -55081 -45261 -9902 63295 26832 -29615 6916 8064 -22316 1737 -25217 14516 -10565 29935 -45396 -25227 14426 1817 -21723 -35589
r74 -52016 17976 44782 -14802 21003 -2136 17468 32384 17507 30501 41485 4090 261 -11675 -51200 22074 -52683 28549 31921 62782
r75 -1749 -36558 49679 30044 23202 38820 23117 6976 63148 -40781 -13261 -19246 -15108 -10566 946 55630 35408 -23506 54982 -46681
r76 59817 -10127 24466 44727 61276 39089 9687 18027 54995 -48134 43417 -32540 -2249 -32502 -42689 -5961 -49167 -47957 17327 25470
r77 53994 -34816 -3218 -22965 -4571 -5700 49224 -13986 29634 -64906 2009 44325 56992 -39460 -13079 -709 12073 -55415 15477 -13585
r78 -8032 7942 39685 64601 -2213 -58807 -24878 -15088 -50940 17470 -5486 37655 36971 32753 19713 -32523 65327 -51429 22164 26435
r79 -52247 45089 -5938 -18239 -22136 -204 -44210 24746 -46738 -45687 -11948 -14352 49437 22691 34362 44794 -25962 -30067 -22132 -4389
r80 44123 -22399 381 5785 4669 363 -40034 -38237 40108 -32310 4301 -42998 7023 1623 -12823 42819 -32250 -7040 34728 22386
r81 -40246 -64262 51218 26999 -6805 33727 22128 11491 63632 -23307 45142 -23617 -51290 35139 22030 48973 58519 -1142 -35399 27989
r82 22282 61696 -6496 11784 59749 -58338 -65427 53980 -13542 62064 50920 -118 -7881 35698 30591 -4574 -41510 17342 52817 58041
r83 31773 -48360 -31972 -61339 6075 23644 11578 13936 -38289 61822 6827 -26092 -31194 -49139 2364 -60421 9976 -61713 -27160 55224
r84 33587 2540 29324 39893 -50001 1406 28901 -19473 5021 -38691 -54607 61567 56847 -3425 -42989 23329 -18653 9806 9640 -3001
r85 23856 -14468 4289 58911 47497 22090 10191 10486 18418 42981 -36328 -11053 -5530 -57329 64538 50981 -54046 -11175 -20248 -12794
r86 -51255 59664 -24219 38293 -9082 -15336 56777 49077 -5181 -47766 -38380 51253 -37013 65364 -49626 -57867 -57499 -35028 53621 45757
r87 29633 -3015 19521 50838 64833 25626 -28742 20652 -54639 3131 -50653 49242 -64358 29893 13382 26019 30827 -33735 -65216 -50747
r88 47621 64226 -24896 -16270 -16928 42239 60241 -15385 12570 -697 -37378 25540 -293 22678 18471 40905 -45371 30306 -23800 -13468
r89 30186 36496 -8738 59905 -11981 52826 61184 -11165 -52157 -30931 27353 -63352 32878 -64848 41450 51697 -32181 -21810 -51957 34710
r90 40218 -54028 22647 46322 -58455 -10292 -6300 56958 13253 -14611 -65408 53369 26284 13904 49034 59839 -6727 -3487 -52362 25472
r91 10500 61040 -9101 62830 29251 14337 17982 -50556 53433 25401 41963 -19357 60636 -9939 -23862 -36400 -42334 -40421 -47183 2464
r92 -47854 -37179 15532 53997 -42973 -33674 -39519 5782 -25749 -29087 -32265 2842 53077 25160 -64475 -51286 -36807 10745 -25686 -29241
r93 -26714 -13894 -65264 44673 15979 -57287 -15848 -3797 57555 14157 25944 -52172 47824 -18034 51062 10825 -3007 -27 32290 22446
r94 -27760 -23 -44149 36843 36277 34931 45749 -42191 24940 -31530 37394 -46490 -60505 -48442 -39984 -45894 22449 -17050 -50922 43473
r95 -41453 50937 -22645 34829 62954 17028 -46766 45892 30645 31773 -11842 -56783 65238 -46875 16101 -14805 -28926 -4464 -17907 -26382
r96 -1486 -30972 -48856 20047 29823 -45644 36607 -53770 47689 49532 56923 3123 -4938 -23867 -19104 2583 60710 5458 31148 11433
r97 37066 -8859 49346 47185 37144 61428 -18941 852 -43280 -22288 8682 22070 -64319 -30947 28171 9720 -19987 10616 -1387 2322
r98 65249 -11551 -50795 26689 -60718 57415 39245 -43523 -27920 -14746 -25508 -51525 -37818 25322 42957 4789 58860 15394 2390 -22736
r99 -45076 -5611 56482 41280 30086 35570 -52701 -16863 24820 -40771 51577 -60294 -38683 -24853 -53850 -30134 -27762 -16226 615 32987
r100 41273 -61403 -41817 -42223 21444 1131 12081 42416 28171 -6491 -45023 -13242 -22077 -30782 39889 -63795 -64945 38909 -35734 -41492
r101 3484 -52430 62964 54602 -2917 -36033 -20655 -23582 -48272 30547 -9100 -63982 7473 -21807 -31987 -60826 1042 -700 -53434 36940
r102 26170 -36327 11674 53315 -34212 52859 -37689 -22860 -9349 1272 -54958 -42385 20853 56281 -22920 -41919 35517 -63358 -63571 17804
r103 -56342 -53982 -62772 46319 45040 1365 -35933 10924 4405 13276 55229 -54394 -12961 43447 -18522 7050 63232 26616 63462 -22882
r104 -4401 3549 27052 -53828 50794 28634 -8430 -7710 9847 -33539 25591 37327 12127 52027 -62468 -13930 -1143 -6300 45536 -57202
r105 -14893 8542 -21760 -9444 34088 -12140 33730 -32737 53070 -29441 26203 -15659 -51121 -40765 -56386 -40113 44664 57479 21097 44993
r106 2684 -59387 -29218 -15251 13401 -34909 52969 -29291 -51503 -13039 45931 -44989 -55675 -17898 -29035 25289 4252 -42772 18397 -47680
r107 682 40653 26347 -26481 48043 44564 -29579 -38692 5546 40940 44326 37692 57040 58465 -40240 -39790 38553 50405 -61269 -50967
r108 -10853 -21217 -38022 -25757 -1372 -11187 -22991 -4731 -32617 39564 27927 -54295 -7053 42540 42927 7715 56863 29156 -46883 -61866
r109 -18088 -23645 47395 40435 40085 -29617 -48469 -22658 -6829 -54886 56098 -7441 -2621 50737 -11559 -33382 33190 37769 -50960 -41789
r110 17010 64670 23374 -23717 -58547 -31843 33570 -11705 60798 51718 15212 -6703 -10728 -27604 -31467 43430 24917 -10970 50006 12628
r111 -36661 -15656 29607 64100 8284 -8367 -29132 13579 28730 -24626 33802 33344 -43542 61932 -24732 64777 18638 -27386 -29269 -58515
r112 -18387 6442 5682 -53722 8926 20239 18750 58582 -60625 -37722 24507 30100 61683 -46160 -25448 -3061 63824 55972 -63163 -9331
r113 59375 26154 32505 -24447 5351 1971 -34936 -24415 50089 -22031 -42409 -28057 62801 -1201 -62034 -24946 28895 39935 61486 -42980
r114 -31753 -54376 -25400 13777 -2214 -44378 10137 -7218 61642 -16212 53187 27605 -23260 -38915 -49767 -12827 -45219 -39265 3753 -586
r115 -6959 -4608 32685 -51550 -922 8060 40006 25354 21836 -38730 2268 -62607 29934 51507 18230 54924 44871 -12964 26386 -1235
r116 -55606 36842 13110 38889 13082 -64206 54138 -45767 -9859 -39600 -27273 16606 24501 35717 8304 21870 56985 -61024 60684 51068
r117 -5595 16515 48696 41609 -43700 37675 -25969 50576 -34392 33720 -28133 -53434 -57690 43167 62497 8174 -16894 -49972 32328 13989
r118 -60680 -13170 46480 -15831 62425 3917 -60928 -47839 -50216 25401 -18198 51733 -52121 25611 -20320 15232 -14772 18295 10189 61647
r119 -61283 34890 -60757 -36916 -1603 63128 -37950 -51192 -49713 -45195 -45931 34713 48120 38444 -33680 -16257 -48316 -59770 48781 -51655
r120 25406 -64833 63880 39382 19970 -47966 -62576 -44609 51237 43968 -45883 -39726 -62028 49587 -36729 -47585 40632 -29908 59216 7517
r121 42816 -48765 28199 -44517 34712 65040 -39359 -30109 -5526 -44056 11850 60108 -38119 -32426 -32294 10937 10120 -43918 58908 60508
r122 -14745 2732 -61989 7229 24634 7545 30017 39651 -9076 -45490 -23047 -1404 53736 1668 12829 1474 -23448 -58727 30465 23457
r123 -2453 -35298 50441 -22155 -53157 -62223 8416 -9433 -64330 28035 27344 -45127 5121 -33454 -14699 -13626 10931 -50565 -41197 -27957
r124 36871 -43783 -48617 25568 -38435 -47024 -57988 12370 -45832 -59348 40098 38044 5340 4522 33980 -44967 62368 1022 42722 -18390
r125 29609 -39577 15677 64783 58724 54701 -59469 -31161 55045 -37262 -1788 -50297 -22927 -50451 -41897 -1313 28846 -34486 -41276 28143
r126 31383 44277 -31925 -32718 30824 7235 -635 46099 -27537 -53692 -6492 20391 35679 -40472 -44673 27448 41856 17558 2682 46550
r127 -1676 -61500 60273 -22132 -64722 54610 -44132 -5418 13811 -12728 -41979 -51692 53314 -33438 -26686 59609 54128 62793 47948 2261
r128 9398 -34297 -39558 32807 58753 -63668 -36522 -9248 63390 -28247 -38177 50563 -17611 54993 22619 58557 8843 -47778 -40419 31212
r129 -27919 56849 -23961 49614 38894 35345 19173 10921 -48964 46891 53480 -18263 -34379 -48217 -21298 -25598 18115 21837 -25411 -25412
r130 -56653 5986 -46643 10615 2013 -53736 -42385 5198 -61807 8323 -12995 31337 52120 -24578 16986 -14938 57046 56175 34335 -14020
r131 -3094 27249 40488 25538 -2744 50540 1662 3613 -53995 59171 10680 35572 53918 -30479 49775 44449 -5257 41733 63437 22032
r132 -24815 56134 -8110 30851 -57531 -5584 39480 41863 49418 32300 16614 21118 -3978 21646 24567 -54116 43540 39399 53372 -18192
r133 -46151 34447 42897 -48574 44099 -49759 41003 17039 5499 -33419 61591 14588 -5894 44535 43590 -27909 23924 -17383 35500 41316
r134 54420 -33607 -44711 -3816 -19710 23413 3383 29338 42874 48842 44929 -35756 -3473 -51381 -35252 43156 -61643 30133 50841 17295
r135 25945 10881 -35702 34283 -51209 2444 20580 -43416 -24376 -29939 -49543 34825 12062 -6157 16327 52004 41098 23722 -56597 -1118
r136 17503 -20826 54033 60915 -40284 48275 -60786 9288 -3363 33036 -28620 39445 34340 -62055 3801 -55957 27885 -54683 -51446 3055
r137 -25110 -59573 24284 22949 3118 53391 -6840 -35926 -64056 15806 45069 51482 -33816 59544 -31000 23163 -28946 35908 54343 -33721
r138 56093 7770 26994 -33911 58930 -47777 54620 -42959 40292 6938 -60390 36485 6000 -9202 -19181 28181 3294 -57322 1923 52469
r139 29892 -47602 10965 57056 29135 38343 -28001 11749 44104 -48183 -6640 -2004 -39954 63155 5246 -54770 -31783 -32096 -34893 5458
r140 28178 -58431 -34966 -12095 36224 10486 -56794 -50207 -5796 13654 11140 -47360 -25451 4828 23102 58284 21035 -31507 -57829 52973
r141 -55492 -17587 -2640 28601 -11681 -51766 -24362 -54438 25052 -49481 -54779 -41801 27451 -15163 39654 33779 60156 65047 45638 11223
r142 6963 -42103 -32534 58607 34582 6617 54566 -23137 -1029 2304 -2950 6614 10118 35747 -161 -20621 61027 -28443 -53196 40270
r143 -33568 17054 34665 -26708 -16852 -43766 6077 -7494 24668 -2405 -46022 -6541 -33257 19130 -49611 -24362 -51561 17512 -11665 7758
r144 -44083 -56832 50969 50098 -43706 58597 53221 -16621 -52517 63254 -9520 59472 -12242 -8227 -64103 -63093 -13707 44335 -20587 46758
r145 3402 1454 43855 -40067 60683 -10064 43769 8016 51881 14648 64153 -58944 53781 -55013 49764 -53078 -46763 -56983 -52003 -57319
r146 -22192 15019 43247 -61539 37996 20778 23565 -64771 -41855 15724 -45961 -6708 45501 -32195 -30272 14810 42784 29909 14606 -27377
r147 33578 -55968 35310 -15038 -43716 -2825 13221 -45651 9786 -4202 53027 -28125 -19967 5738 1968 -5766 49893 -47588 -30058 47139
r148 7824 32882 -11190 24721 -26920 -18902 -46029 7836 -16208 -1449 -11381 3726 47987 -632 63344 37987 1653 -35538 1522 36050
r149 -42230 -50095 -31864 9062 -5427 59581 -18856 44828 -41448 35991 38438 -62431 3691 1045 6719 -4479 -12423 14988 -22103 -5884
r150 2920 51043 -39263 6155 -32026 5011 -36006 -12886 -53241 28872 25678 -13447 10434 -56078 -31442 -55408 -15483 -28120 -57772 -26336
r151 -50178 4427 43976 6368 4657 38408 8364 54732 59219 -60949 10923 36201 -62303 41019 56062 -33640 -36383 48482 47552 -41866
r152 -32477 30387 1009 -31226 -52620 -33347 39533 -30365 60918 59361 -23354 23726 4083 10742 4026 6093 -47211 -50696 11888 -39154
r153 -11727 64419 -40271 55062 -65417 -53402 52190 4694 -47809 -20360 342 -19852 42805 -38608 -27964 -3010 -44314 17231 3848 -19203
r154 43695 -11041 -30284 13557 42141 -47109 44931 5367 -32076 40170 1997 -63449 592 21081 36009 14169 2057 25722 -16377 59913
r155 -44169 26444 28764 6464 -46669 -28096 -56890 22320 27920 17304 -35010 -45746 -46283 -16220 17033 -37796 -60839 -36169 -59662 -34434
r156 -7092 40107 -25761 43901 2260 25639 45313 23861 22234 55147 -34438 60911 54672 16705 41815 -59475 63109 15399 -25829 -19890
r157 -52441 -16591 -1041 -16829 -22331 48777 -9017 -42307 36888 -48434 49881 32021 -43768 8102 54021 -10343 5757 -52284 -32457 44157
r158 59673 2278 -10198 -1661 -16034 63477 2275 23235 -32041 -12179 -62277 6933 -2412 23974 -32752 -64099 11419 4807 -19741 64845
r159 -36332 53630 19853 -46245 -9149 10294 42420 18791 -10285 60338 -43765 -5098 61701 -51821 12068 -51237 -15246 2593 -53599 -44769
r160 -36270 60121 55097 39721 11731 -50181 39760 -31260 -29084 3382 -16686 46541 42862 -35666 29405 -51981 -53714 -16626 -24176 -63891
r161 48272 -17937 -49377 -2209 40643 34443 29600 54064 -39464 -11931 63626 21243 -61058 2989 6053 -53961 51372 24071 18455 -7568
r162 -59552 -56385 35470 55622 -57263 51542 -12955 -61606 1016 37573 26421 -10128 -63920 -15192 -39903 -51140 -40728 38572 -60605 57918
r163 -62751 -5026 38653 -35311 18232 43866 6612 62365 -24462 10508 -31179 31982 43178 21955 31101 65124 18340 -13958 -64512 -62346
r164 8921 -36899 35609 16278 -30632 -51264 35139 61353 -30381 39602 46122 -50241 -56367 -7547 31518 -34678 52340 32692 -5078 54001
r165 54198 58624 56951 -42086 -45613 15284 19226 -46366 15509 44990 -8158 -33030 14810 -55637 -56857 24313 -5934 -31905 -44338 14741
r166 -13947 -13973 13580 -14560 -10007 -52334 6053 43516 59002 38834 63016 1871 46098 39867 52325 -17102 10214 -28094 63705 -62051
r167 44078 -1242 33423 -48637 9783 63091 17783 -51634 43152 36938 -60977 26764 -10572 -43022 -10477 -10672 42811 -28909 -13167 2798
r168 -26153 -11922 41143 -22238 51267 -22783 -54031 41822 -24462 -35889 -28173 20852 55984 7716 2372 63440 34988 65218 46256 -22963
r169 -55895 63082 -27508 45444 -2454 37713 54512 45536 30123 306 -10901 55390 -22742 -55101 -15245 15729 40797 10063 -5267 33664
r170 13073 45732 13515 45911 10544 36684 6500 -43087 59728 17724 30833 46603 36973 -19368 -57829 51774 -48672 -22644 49284 -12651
r171 -10111 -30605 61745 22378 -55210 19988 -776 -28267 -25729 56315 33323 60565 26010 -10840 -24175 -59130 -64799 -38013 698 41734
r172 -40383 24518 -23497 -41352 55401 39358 -30899 5331 -26424 -62783 26161 50940 3816 -18154 -33629 23528 -41078 -22265 23777 -39450
r173 -27943 -10032 -37116 19291 -8496 47898 51750 48293 3337 28325 35084 25657 -23297 -21713 -31696 49 -55293 32389 19186 7027
r174 -56595 4041 -1023 -14832 -5765 442 -43645 -39705 -4791 -18482 -32505 -4737 -29081 -43887 7511 1958 -53082 41145 47890 38977
r175 -45362 8407 -59925 -22186 36318 25585 -28963 45224 15537 -60334 17682 23405 35734 7660 -23049 21729 -39278 8824 -42112 -31341
r176 -13631 38423 13366 -27845 31260 63262 13917 63817 -9853 -17921 -20946 -24632 -18905 27635 -50837 -33284 -42892 -23625 15614 47989
r177 6387 5125 51863 -52477 -59091 19998 28451 20713 -54706 -45458 -18656 32933 34442 31888 15623 -43060 34804 -19549 7975 54234
r178 -20413 36779 50771 -1779 -57632 47134 -65053 58292 36618 17796 43303 -38955 34921 -11262 -25570 62726 46358 23159 20510 57717
r179 -3324 -65412 5677 51666 -12993 -48162 -10128 -11890 48123 -59338 -64744 44185 11190 22695 55315 -35927 -45731 -63449 -1175 26047
r180 14822 18194 17975 -40170 -21322 37844 -51001 16151 64978 -48631 -27619 38860 38853 37753 21751 -5303 31167 -13410 -34579 -24621
r181 -56727 -60090 -34799 -65499 -55234 26127 -32467 -62515 7663 -29379 13073 -8276 29152 -23878 -35683 50237 -9703 26318 14223 58286
r182 1436 -31741 52884 -36404 51069 -985 5990 -53052 -63480 -62355 -32676 -35863 40388 -18184 19847 -26072 12208 31297 -30005 58599
r183 30379 18014 -45378 -65292 15783 -2465 55899 13070 23037 -59572 -42273 64238 65172 64139 -54305 20459 45192 -23091 21493 -19348
r184 -10225 17628 -30264 43897 25547 7937 -33199 20756 55213 39621 -8399 -13343 -16442 -48577 13818 -25801 54078 44488 -62047 -36225
r185 -41385 20117 -37648 54601 -4140 11937 58156 12346 -1438 -39273 50408 -15276 -25312 -46767 -43313 29578 -53889 -35162 -62751 52985
r186 -6633 31842 61982 -28862 46197 -17473 -55360 -35081 28388 8945 45680 -50316 -42915 50287 -56155 -58972 -51987 46672 -7595 33175
r187 11609 21368 704 -58888 32102 -23328 -52903 14494 -61504 18114 1615 32724 -12306 61280 46624 -14258 -37258 16935 40812 -1813
r188 -22346 27465 20183 27612 35614 -20467 -61184 -22043 -31694 -6581 -29078 12846 6182 -42032 20289 42293 -1284 -23556 58892 -35021
r189 47318 -40171 32129 -22289 -44997 -9164 -10716 -13559 43925 43333 -8998 14192 24097 2725 -58936 51634 24804 -24301 10831 -46093
r190 -8007 33559 -3564 38567 -56335 27791 -21751 -58856 11598 -53403 -52868 17233 25826 -42566 23457 45858 -13024 34399 12467 39248
r191 29312 -57850 -52542 -57076 -38154 46490 -403 -37846 45932 -51847 55002 8077 -59772 -58132 -48507 26582 -37029 7968 -21645 44108
r192 20927 -9958 19692 -40967 61746 56984 -14213 35335 63410 -12732 4095 24491 29884 49055 -15005 -8111 6575 -10570 -33549 61923
r193 -35490 -65246 39518 40303 36427 59335 8685 -55978 -37782 -39650 -61027 -27443 -57677 8385 -59623 -63861 9795 29037 5586 -32490
r194 -40844 -50154 52709 -25089 -64870 15254 20530 40672 6980 -14713 -63770 -46617 -7753 -35093 -35447 -7871 -54582 -10481 -52580 3389
r195 -32348 34927 -43552 -8262 -49815 -29206 64114 -59002 -14831 -43874 -46417 50974 -51031 -49306 3067 62625 -21708 40036 -27859 5658
r196 29954 -37422 37953 -54926 2253 25596 -1537 14647 -17540 32311 21095 -30329 -50858 -42620 58407 14564 59834 -49827 49952 -11709
r197 6640 -9705 34569 24510 -38102 -45986 -33542 -64730 31142 21895 -62141 42801 -14187 -31038 22959 -63290 -4130 -39544 17350 14563
r198 -50371 16224 -25926 -57186 -64822 64644 35637 -33161 -22893 10796 32664 -58813 51039 10591 -25776 -12675 -32900 22398 42803 -39132
r199 42280 -42033 2885 -5243 -34553 12266 -9884 56863 -15835 -6740 7407 11905 57771 -34165 43274 12419 60290 -11023 -49724 33768
r200 25764 -7434 -12453 19311 19727 16186 -632 55236 23799 -41756 17870 1891 -6606 -44566 33335 16445 -53151 45773 44777 32550
r201 -41079 48235 -50819 -32055 9149 8756 11034 -45164 13976 -61622 16769 25473 -57587 -47966 55894 16319 -30795 52399 3927 9199
r202 -38130 -59500 -39604 -59522 21893 -46842 2074 -1162 53300 -8761 59737 24829 24422 -52531 23894 2199 29378 41078 -31372 -2810
r203 -51805 43977 -24768 -19353 -20502 27931 5006 28049 -32479 -7494 15375 -48949 -42710 -43896 2577 -45396 -26280 -42395 -51786 -15263
r204 17709 64431 62213 10369 -58346 24430 16506 7025 48923 -5474 17965 65322 -49685 28476 -42465 10125 5895 -65476 53785 24437
r205 16007 30341 -10866 55258 -11155 53799 19074 46597 -6269 -16301 -27187 -8391 16403 6143 -17704 -37258 3924 -20292 9340 11341
r206 37083 36413 -47849 3222 -16250 20236 -45156 -59180 -22623 6014 -50332 63172 7751 -44810 -762 -49700 -44975 21422 11128 3027
r207 50878 48729 61433 -29279 79 44410 46816 10600 -49362 1715 -19622 38088 25147 -39537 -49682 27276 49801 42680 -10272 -7817
r208 -42392 56701 21779 -11791 21073 5631 -51583 18195 -7963 15257 -53649 -13508 -56298 -58104 -35240 -1673 -53064 54296 22270 37113
r209 61369 14499 -9661 45017 22249 42715 58048 -48915 -5149 63244 46092 -37108 48616 8067 -21732 3386 60889 -8847 -6560 34634
r210 39838 34848 -57618 23709 -44806 -20470 -16436 -45501 -60057 -17505 -57598 -61661 50109 -11861 -54450 -2367 5855 46764 58773 8168
r211 43320 57966 7809 48792 -38403 -53134 13331 -36932 -12124 20349 -38227 -17218 12671 20863 -7712 -30195 19896 25791 39543 10446
r212 -50304 -62228 44466 16663 1570 -4738 20104 -55358 8392 -23694 -17891 56765 57 54390 -44652 53790 -32357 23832 43364 -14833
r213 -43721 -43391 31131 20954 -20842 49549 16419 -31671 18513 -48621 -21924 -10516 -23916 -56880 -5376 -39050 2429 28617 -59686 -2109
r214 27762 -25949 -45648 12402 31940 59868 -63888 3694 -16243 47588 42707 -3725 59066 -2779 -16216 51037 -31371 35576 65506 53094
r215 -53521 -64164 -45206 51610 -40151 49966 32286 41478 -40295 -14597 55595 14831 37023 -25104 -16173 -47040 -43110 -51985 -10399 -21529
r216 -39301 -21144 39097 -17715 10466 45143 -2073 -11707 -34023 22259 -11207 -4701 8890 -34688 -38431 -28689 -51820 -3917 60248 31148
r217 -23922 -9517 -17785 -8935 65325 31087 -23805 -36798 -42902 -54332 -25523 -36664 57701 -42183 -5871 24799 -35097 30025 -57028 57343
r218 20507 -58374 43290 -3092 33920 56733 -2751 -49985 -42146 -49241 7171 35370 29290 32628 48305 -37598 54504 12241 -54751 -28569
r219 47604 4861 -55055 -13156 581 -43153 -1330 23447 18127 -16897 -40339 6801 -9455 17759 -60421 25808 -4353 -5906 -33746 -54758
r220 44147 -48570 -31540 -20753 -10247 26105 -60787 -44120 34478 63762 27450 -40512 12412 -62938 4519 -6828 -58518 48172 -26103 28378
r221 -53454 30442 25878 -60991 2472 -58891 -27365 14217 -19294 -26184 23833 -40243 -29829 21477 -41872 38269 13259 -25386 -30053 -16868
r222 -7977 -60924 707 25889 -4197 -7431 -59650 29616 -64768 -16741 9695 -4460 -50737 27812 11305 59072 55459 -61526 -21358 15002
r223 19095 -21853 13823 -52553 36353 43646 -57970 -26202 -49111 -14194 -3997 -26854 -62255 50281 -14261 42107 7824 -58666 -42478 -36514
r224 49075 -18256 59037 -46612 -61512 50042 -28332 1009 53978 54726 38422 5746 31708 41716 -794 3647 13190 37842 -11680 -30809
r225 -22288 8272 17893 -28398 44314 57338 5607 32232 -56259 26540 28733 60972 -42033 771 52890 35529 -4921 38421 4758 61840
r226 20171 -39965 4727 -4658 32386 10692 50250 -55982 -8712 12691 46734 37734 12322 35608 -810 -35484 -30163 64383 49633 -497
r227 -43667 -14803 59399 23948 -48637 13663 61456 32428 -48055 -54685 -13484 40518 -60172 -14727 55236 37399 53201 29865 -60187 5228
r228 31104 2460 -55114 -16036 -57736 -17613 -39960 -51300 -62292 37051 40393 30568 -58852 -36436 23334 -32141 54808 -8388 -38120 61869
r229 -54620 41277 -4675 -55474 -9065 -27361 60714 -42035 36870 -52810 7244 63556 49473 50711 23647 -33200 60028 -24962 -20677 -56053
r230 8405 -30573 -57492 62733 -12721 39941 38491 39324 39783 -10570 -17588 -27370 41450 -29002 -12542 41016 -12487 49377 63610 -16962
r231 -63489 61766 4695 -28839 60016 -29650 -11141 58762 -62801 -56051 -64090 54792 -42174 54115 31226 10066 6590 57470 8449 28836
r232 59869 51514 -37265 59881 -11089 -30068 -42769 63645 35167 39177 -31395 34699 -55667 -25251 29861 53221 28803 18670 -38639 -51710
r233 19058 -13468 16567 -31883 -23844 -44755 39221 -17551 42418 61316 60516 43944 -21130 -22259 -2081 15863 53855 -14137 -44609 28259
r234 49532 -51622 -19231 -55343 -39067 22261 -48211 36394 46258 -53407 21631 -35111 58204 63095 6131 -29447 13627 -19687 4677 -61168
r235 25386 -1398 27054 32997 31293 -32283 36202 45834 44170 56616 12366 -5577 14336 34949 -22628 22388 -37321 -38638 -21037 -45948
r236 -2678 3850 11985 -64476 44456 24245 39400 49926 55668 29353 -61992 47458 845 33548 27415 29671 41536 -39382 -35965 -55644
r237 60908 53714 -32174 -54333 -28099 39845 -38137 51669 -43563 -26702 19835 54184 5885 -12146 -39630 20977 30783 56074 -60085 -64984
r238 -39446 64982 9911 22352 19503 57501 43992 -6817 -51204 21317 40878 -32713 64895 -39976 -25932 8245 19286 -13391 52519 61270
r239 -53873 -24299 62382 -49125 -16704 26752 47318 -23787 -17114 -29017 -34683 -13904 -63247 -52927 -53880 -50396 16272 -58229 16230 17020
r240 -19347 64181 57567 -45987 -63320 52098 -48083 -44421 20560 1211 11856 -13709 -18220 19887 34671 65431 59075 -20631 -7749 -6140
r241 -47943 -1085 3245 -33078 -56575 349 28219 -55032 -10320 8779 26085 -47513 -19784 23825 -61068 20106 -6047 -58309 12988 -35511
r242 63204 46652 -56067 20961 -8778 28729 23959 -62279 58808 56860 58534 -3180 -20786 -33235 43160 40792 28864 44328 13755 58224
r243 -28544 -8935 -58901 55655 -64758 44606 -53202 55383 14558 5350 -14327 37595 -11255 38198 63813 52314 17541 53006 17737 60303
r244 41608 -31459 13724 -4702 41127 64262 -41446 1283 44845 -492 -40948 -62964 -5819 7892 49162 16882 -30374 22370 62567 36884
r245 -34623 -22178 40409 8046 -7533 39110 26701 39652 38886 -46297 -43727 340 63255 21325 19489 -62803 65356 -64277 -31234 -47472
r246 11832 -28260 45828 50881 -1784 -24679 -17399 43024 20835 53242 -51089 190 54571 18578 48520 23210 -48407 57021 -42674 -15991
r247 -19757 -15300 -39079 -26732 60224 22939 7611 7660 -17058 31414 24244 5700 -64483 -36478 -11861 -37780 -39343 25440 -40442 30676
r248 42989 19121 30494 -46462 -5 -57562 53145 59890 -9215 -30006 25696 -45393 -30345 -20106 28081 6096 -8323 -18248 36979 -24807
r249 -350 -44761 -15717 -56409 27421 -19282 52930 25982 61899 60571 -32380 40256 21586 -62804 -37817 53209 -57678 -16984 28407 47342
r250 -29526 58483 -39004 -1822 9605 -51277 -33730 12597 20230 -5105 -42374 14708 32978 -18322 -15789 -35124 -26216 33688 13300 -61097
r251 4325 22799 -45548 43614 -43546 -4430 -43708 -36397 28765 15455 -12341 -49773 12082 -55710 51126 27197 24117 44309 -26068 -43455
r252 -39367 -43200 -2395 7021 34425 47779 15709 -58052 -56289 6730 22667 61357 -25078 -34587 -39010 10971 -27734 -59140 21963 28776
r253 46269 33600 53227 44806 -34920 -15425 25800 28746 -54896 -22596 18655 52013 54538 -22340 -18281 -34667 18906 -41631 -35686 -31513
r254 -64083 -28339 43676 -2138 -11516 5533 -14312 32931 -8953 1956 15634 33050 33654 -31978 -56985 30177 28029 36231 2288 59598
r255 932 -30519 6691 -8659 60280 51938 -29260 10351 58260 -38156 8151 24365 -16664 -10746 -51864 14761 -121 -64395 -18207 20712
r256 62824 -25923 53585 -8236 -27812 39056 -4845 -34458 -25408 57544 5185 22182 29589 -54851 -44599 -60441 -17539 -33390 49501 59251
r257 -60567 -9216 34451 -58323 64173 63580 -10884 -40570 -61410 64364 16579 64346 57694 -58853 -26713 -51470 -16977 -50375 35742 41712
r258 -54021 32190 3087 -28735 -32149 2994 31239 -63564 46118 -44952 37905 -62351 -39376 20311 52594 -54275 38276 -36877 44862 -64203
r259 -53768 -8061 36073 43986 -48902 50034 48698 -25889 -60681 59707 -55969 -57988 -11857 -64980 -60115 57479 33542 57414 442 -42461
r260 41450 -23869 -63669 49278 26315 -56995 -49940 -62800 485 -20921 44315 36624 62167 -42058 44086 30736 -22649 -35641 7788 34524
r261 -27992 44065 -19554 -54179 -28175 38758 -61821 56969 14458 4287 -45188 -38159 -2251 24465 -32645 36258 58262 -27099 33967 4990
r262 8428 26906 -570 -16254 -31622 -62665 -4774 -43476 -6083 -13968 -18583 -10608 -27242 -25309 51893 56269 -6549 28481 83 7575
r263 -14428 64143 7937 -44285 -10642 -54651 -3485 -22807 18362 55260 2655 17521 47641 17340 -20403 -45250 -4794 11332 -41561 -59132
r264 -3079 1695 32438 16500 -9646 14346 -61714 57656 -58983 -51481 48378 25335 45015 1360 16280 -21980 -39483 17122 35193 28924
r265 15269 -3106 41794 -3504 7899 55416 40763 -34066 48421 48646 -6713 -25409 60370 7529 52760 6706 -21432 -6985 -34550 40638
r266 -35218 6332 -48604 30558 -59651 -24712 39928 -5969 -55164 -9689 53806 50287 51450 -59483 -58581 61715 26006 -25159 57392 42521
r267 -73 47487 30867 -39262 33978 7260 64041 -20542 32397 -18824 -23823 -20091 -1580 63572 -14580 6682 33767 -24864 -5328 36391
r268 -40502 54364 -35800 -18608 -42897 21617 35958 -27233 13859 44206 -55148 44746 -56894 -19597 -13511 10725 -23121 -36351 46661 -54328
r269 -53690 52122 -28686 -35329 -1544 9589 -25079 24663 10015 -37174 10788 54130 58218 -8346 -65433 14229 22518 57832 56239 64879
r270 65392 3837 -3974 -38446 26807 51931 54606 -926 -31370 -27137 43810 -8202 -3530 7913 13822 -2080 -39888 -11965 -3102 -63226
r271 6594 27730 -13514 -27369 56265 44709 -17545 35907 59281 46926 -38740 51925 -49382 52114 61522 36601 30522 59848 60819 55268
r272 -41041 -481 -20112 -8680 33078 26972 -46999 27044 36448 47773 28942 916 17724 -56001 45967 51498 -32886 4451 62941 10988
r273 6118 -53390 -11083 17744 -16506 -18079 -44361 9644 -32318 8373 32840 10499 64499 -55397 -310 62691 -35564 -29478 55543 -32436
r274 -2119 17506 22506 49231 -8325 -7132 -47747 -46976 12688 44745 8208 55363 4879 -7234 3621 16467 -5992 63827 18872 50860
r275 -198 -51424 -33865 -61999 45468 12531 -26206 -16754 26277 -61717 -52573 -34035 -32363 24564 -35687 -43269 -6174 -65037 43135 -16268
r276 -38429 -42263 -43921 -20978 17039 -11162 19664 -44528 -50833 34860 -39704 -18937 -6726 -2554 8199 20141 6196 -27775 -56637 -28061
r277 -10165 -52639 38672 46673 17548 -65218 38483 -19467 15549 -56987 33857 51105 62592 61324 -61332 30851 -17903 40622 -12027 -35056
r278 42694 57250 15773 -58863 -33990 20063 -32394 57302 14961 15671 -20148 -12444 -31638 55387 53642 13826 62180 -38121 -6144 49878
r279 -15040 47869 41289 54862 -47079 -63947 -22338 -44889 19375 -21212 -31896 57999 14002 18711 -44662 14571 25619 13382 -53181 21486
r280 -49654 -13392 33987 17704 -56767 34058 -13981 -57636 -48353 10231 -38265 -54102 -7949 17899 -22443 35856 -36509 34324 -26825 62068
r281 -62227 12476 13523 -15785 50161 25784 -7299 -23143 7177 -29226 -54614 -51673 -57275 38189 45607 -49623 6753 22197 31666 19787
r282 51270 57549 53981 -19590 61466 -36699 11552 -50839 -65204 -62195 -55442 -31426 -10157 1829 31774 45982 -23326 10448 -15078 48436
r283 14960 -28781 -11562 479 34444 4624 45275 -36080 36118 29336 27733 -9260 -10967 -6508 48311 -61114 23933 -24820 -15295 -5582
r284 3874 -48200 3458 -52552 -30479 18152 24686 48150 -60210 -42391 -45598 -2618 -61762 50538 10275 -12107 16821 17313 -21775 -38437
r285 23142 58940 3213 -64539 32174 14624 56308 21491 49462 57116 8087 -21237 53312 7750 -60750 -15665 9241 42489 56630 48261
r286 -5206 -10800 -8875 -8496 -45645 9419 31183 -64735 -63085 43872 22511 -60134 -12117 -28154 -46087 64074 864 -46108 -31777 36770
r287 16980 19310 20693 -33500 -63707 -45515 4648 49864 -26188 51571 8672 6883 -2167 14536 10511 -17629 35106 -35037 57548 -40427
r288 41706 29667 24073 -44640 -25363 1647 35325 -20202 14400 -35557 25383 22274 -59867 -20368 -52842 -52253 -18617 -62238 39471 -46512
r289 10027 -13931 17173 27937 63964 34569 -55351 -19836 -20886 10379 20559 28778 13240 -45698 51311 51868 -24790 34722 63438 -59550
r290 5086 6891 14630 -41063 5574 -38592 55716 16631 57145 -15741 -25720 6864 -44504 -56732 -31805 49332 -38950 -47998 28715 -22685
r291 -50900 36583 225 -61606 -13082 14300 -27084 -14569 -65143 15761 -45223 -3681 -62689 24342 -55346 -35028 -46918 51641 12502 2178
r292 -31226 -29784 -2723 -57343 -56798 16912 56146 -33804 3895 -62443 22807 53322 -32917 47009 -45624 61673 -21368 -21413 57836 59543
r293 -1605 -61058 -1038 48 -12836 12392 43076 16496 -10453 41386 14445 -55378 -53519 -8134 -39755 -44697 -52717 -52189 -58329 40501
r294 -47939 -12651 24438 -43804 -7571 54470 46016 54486 -42958 -31417 -32137 -63520 -4992 2863 -52037 -11644 -62575 -22679 62810 23101
r295 18957 57738 -36453 5819 -13949 -26134 -42379 5421 -57323 -3758 4828 31885 -49535 6230 -50718 -48433 50680 18783 10666 -65138
r296 -55560 21982 -44342 50461 429 45714 21764 -12323 -56009 -13285 6318 -45952 -9571 3589 45738 -18236 -13462 -56384 -49037 -12654
r297 3640 -9905 54405 29245 24510 -27170 14063 -39986 19271 -58649 -47243 -6158 17407 64006 28236 -40113 26392 59749 -8427 5951
r298 -50717 2192 -60179 58894 -26399 11911 -42749 -62719 -41318 -36828 14671 -64496 -60730 -708 -34002 14593 5245 -37217 41690 -21040
r299 -62480 32064 20242 51413 20731 -61778 -10650 -62565 -56114 34036 16244 43627 6870 62687 -51345 18972 32856 16798 13372 -19158
r300 15525 16334 12074 -60288 32417 56131 -2725 35956 -34639 58782 -60872 28692 63756 10464 24247 9279 25275 28938 48963 -23196
r301 -51956 -54477 -18804 -57712 55409 -12386 -46152 25189 -46905 -8654 19343 -51560 -44541 -18314 56600 34129 20343 27802 17987 15958
r302 -36402 -19215 -49190 44524 -16435 12483 57199 64451 31913 20885 53492 -29171 34244 50594 -50705 57597 -39470 -2458 62569 -49702
r303 -39948 -19087 21121 60392 35387 60353 13987 63205 29236 9077 19672 58318 -2360 9493 -57213 60035 33427 5964 -40661 60684
r304 42814 12312 -9796 -33564 54215 -486 -52404 -39017 -11585 -40515 32606 35836 35573 -62077 -7770 40193 -42391 36139 27774 -31710
r305 -7913 16057 -39508 -6755 -10926 49346 51823 -31595 -27837 44550 -11503 -6065 -53502 35694 -60942 -2758 31539 -48804 -7819 -55491
r306 -21371 41695 -40728 -36699 -61307 -57690 -52760 54974 -19461 -7458 -10944 13159 -14813 -36030 -20565 -21494 -20957 -46137 -48372 -11303
r307 6062 42001 -1645 -9787 -55793 45444 -46134 -42038 -34234 -48297 61942 -1002 58200 -29370 9417 -56559 13598 -26879 48 -1920
r308 -32714 47744 26379 -58481 58749 44664 -61074 806 20252 -41847 32801 40407 -33114 27891 -16164 29220 -31633 12694 -10847 60712
r309 -25910 -31201 -31314 -15428 44651 62444 -2443 40290 -17118 -13381 55067 54639 10887 31558 39098 5736 15541 26507 -33964 22056
r310 -47452 -24761 -48213 -1811 -21080 -12957 42227 15551 53277 64020 22378 57544 -13261 27693 -42845 22647 19600 7100 16052 -43122
r311 -61151 -25840 8932 55196 41144 1830 35760 58683 45360 -51423 47397 56585 37196 -26876 49302 -39581 47019 51387 -35086 62068
r312 -43631 54243 54367 60546 -21864 -11593 -6825 44756 34763 -11192 26507 -22475 -15983 3652 -53130 14091 51684 33405 5526 -21260
r313 -5504 -22522 -26140 -45300 -5764 -65154 58065 -14641 3626 31427 -47710 65438 -23950 -18441 -30087 55878 63407 42378 37702 51580
r314 41466 -24137 -44394 -44207 -34507 23406 61511 13029 -65411 -24924 4947 57576 -36886 -33756 23719 -29275 -20312 -59447 22361 8566
r315 14709 -32063 -54977 63204 -45235 47736 -59650 2500 36262 -48498 -53725 -31322 52867 -28872 -19713 54690 -50941 41347 20620 -36553
r316 -27467 34249 -27555 -19136 46033 -64140 -20631 -33454 -27808 12935 14715 -33156 -50809 62576 24238 -50903 -51867 15417 -6723 8032
r317 1547 57352 -53263 -29173 53234 -59134 33780 37199 19739 -64185 -42984 7872 44641 -40057 -27299 -24023 -17131 -65490 54568 -38621
r318 -45286 12975 41980 63304 -40796 13922 -45244 -47057 -993 43896 -6597 -29550 -50462 59234 1460 21241 -32335 -44582 -44942 -58275
r319 44125 -60101 55946 -31184 -6159 23464 -7116 13533 -58570 -47750 591 -6120 10827 -35051 45973 -12099 50899 -45143 -3554 -51051
r320 -27075 64179 -19164 3928 63749 64465 29660 -51268 9802 -45012 -60871 20465 -55200 -42138 11678 21148 -36629 -63081 -33827 -11108
r321 -33859 6523 25076 53570 -65241 -57475 26994 -41763 -37794 -18152 -2738 55643 56572 -35907 12749 -24137 40875 -65381 58025 -60276
r322 -33800 -33893 -62249 -25865 -31030 -28098 43068 -14028 -54834 27298 13125 -57812 -13358 -26241 7993 -48908 -56592 42779 -24283 -48820
r323 -35199 -39905 24708 -16892 45411 -19895 6465 -9436 19033 53655 -15768 -13392 35904 10904 37657 64321 7285 -4920 -58737 40662
r324 8488 -39385 -30799 32575 56360 -49662 35311 17073 -23589 61303 13206 -47720 27428 40614 -18207 -21791 50106 9993 55196 -36838
r325 -62411 -44309 52713 -14311 -9814 17740 -30221 45815 -1752 -64680 -9252 -51931 34096 34599 -35782 -43062 41581 32903 4871 47495
r326 -6752 12678 -31451 39568 40221 1537 33172 17553 63310 21963 -50878 -25198 42977 -28598 -53234 -52220 -13426 4886 56016 53644
r327 58473 -18572 -24866 -58647 -16209 52895 41525 -27552 13337 -38011 21691 53085 52593 21926 -53617 49568 11269 -59524 -39931 -34245
r328 43205 52821 -18721 -51812 -12410 -29928 12286 50028 -9643 -41640 10377 -4211 -31381 -35926 -1435 -20457 -31086 -57788 -3146 -1747
r329 -20249 -18551 -56078 -12458 35309 29161 44564 -12310 -33552 -35758 34996 -50262 40284 61248 25275 -55585 38149 -28093 -59427 -23720
r330 1907 36327 -39321 -7736 8006 -44457 47694 -61372 5216 45015 17096 64241 -11632 -1681 -8085 -58462 -21865 4814 -22414 47044
r331 -29087 -1146 -54948 20361 -5396 24008 10012 16394 -55522 -2799 -38376 -41264 -64186 55201 -15766 6227 64471 -49821 26445 -4831
r332 25486 50506 12270 7722 30639 -53401 48333 -4440 -10273 -4097 19121 -49825 -38383 252 -52194 -18665 60648 49269 -32493 9208
r333 57705 -23504 -54126 -15213 24135 -65203 31622 60246 4954 -16302 21581 12167 -19925 -57777 -20261 -62296 -51102 13370 50482 41669
r334 -47410 -20390 19297 -64284 -62607 -43144 -42643 -32171 -34632 15725 17616 64764 -15436 3507 -13468 -20418 32859 -19843 -61219 -25566
r335 29665 -44963 50492 -34992 10749 -1201 7470 -29219 3768 47230 -25268 -52854 -38839 -40643 44599 64164 -31551 -56700 53879 -25970
r336 -22355 29332 9239 23577 -24602 29914 -14564 -16887 26203 -28501 19747 -10147 59465 -15984 21593 -42221 -39046 -29677 47019 22685
r337 -48728 19300 27797 48222 42827 -16037 -50637 -21109 65107 -2556 -9219 22877 64990 57292 -10867 -32041 24823 -65363 45926 -33262
r338 958 23431 -17540 43679 61963 -28226 -20468 -42517 -767 -21997 7971 743 -64420 -3362 -56892 8720 5363 29158 48486 -22437
r339 53274 -20843 -52583 32515 48447 -36685 -24964 -10186 5951 47284 -65369 26444 -47051 -54597 8395 32558 61640 -14547 -65075 -12851
r340 65491 25360 -14378 14840 13686 -24890 40351 -33079 -64834 26995 -6063 -33947 -47408 52248 39288 -34137 4632 -19780 -20679 -33120
r341 -50426 -19506 1090 34253 55870 1443 -52026 27878 -27822 38169 -38775 -15636 -26200 45886 -9775 21689 54612 -40759 -10362 19967
r342 -30911 -37715 60991 -64841 58134 26529 -11354 -19660 53528 -17404 -44867 29451 -33945 -39959 -30795 14203 8619 34973 -7523 -60865
r343 -15135 -50143 -61361 22901 -65059 -17093 -3852 -24844 -47201 57684 -22408 41214 48951 -18476 52427 9025 -4572 -45593 -33959 7167
r344 -64458 -5393 -32850 -14257 59468 57063 -51069 36471 42458 -34215 55392 -21597 -10156 30994 -6519 45150 -47268 -37346 -51755 -49799
r345 -35087 4251 -48443 -64836 60255 59457 -62195 7602 6597 2367 48005 47349 -50481 -54100 -13846 51435 34043 -29881 -30282 33114
r346 -1146 -4522 -58414 634 13994 30767 -34927 -18230 -37326 -9902 65465 -55109 15918 -19500 19681 58119 59358 -65183 65316 -44573
r347 -16277 8603 -54158 -42440 -12023 -12614 60494 35771 9241 56 63585 -26689 15 -55734 16776 21195 57441 -32491 -63447 -49181
r348 60708 -6169 -41548 40171 43525 -25298 40185 -55086 -37773 -26642 25798 44432 34127 -32541 29484 52599 -52748 54662 -592 21684
r349 26814 -52471 -17969 -58264 -1392 55945 -46760 -42053 -7728 62625 -11346 -28306 55886 2967 46752 -34169 39901 19394 57874 -60107
r350 -56533 64131 54479 11314 -31702 -7518 -45763 32096 -27813 -19310 -38588 -25538 12714 62499 -16605 45915 -46056 -7075 -22637 51351
r351 56012 -61411 -56592 -11893 35842 -34540 57302 3048 -21322 56439 -14490 -17834 1942 36963 -28169 -48988 1435 46150 20618 -44668
r352 -19900 -31015 4411 28647 64691 15907 -53277 55961 -52478 -62800 -28943 2195 -15658 -17140 9371 41554 22337 -22651 34898 -31493
r353 25459 -23351 -7743 -63129 19633 5757 -50218 62073 -42295 -21607 -1779 -32534 -13783 988 -42742 -20816 -40786 -51182 -42722 -38241
r354 15743 46787 -5278 -63008 -13416 -38405 10899 42514 -15605 60581 59108 -51438 1260 57367 14463 47933 -5480 -32513 -3383 3896
r355 11465 -14244 -10849 25324 49681 -14382 32070 29770 -48747 -14221 -51407 -38224 -39344 52289 -38243 30684 -32059 1921 10495 23968
r356 -60423 -3369 -14614 1158 58359 -34700 -4928 26317 -42268 64435 -29127 9535 -36338 21251 31635 -2870 27052 42032 47656 -21921
r357 -10718 -23902 49815 -55358 -49386 11376 55862 -59975 42754 13932 -25008 -38121 61757 41092 -26968 -32043 -58400 51168 59132 -52650
r358 61143 13279 30453 53158 -24534 -11364 -4844 52247 -43098 57715 -58836 35924 50489 -56510 17913 46948 17491 19102 47692 760
r359 55032 -55391 -18556 -37680 339 8222 -17887 10431 -35087 64549 35551 5823 57252 -11796 -40940 -39370 -24408 -5116 28604 25129
r360 -51816 -54549 -25684 -13245 2680 -25120 -22868 -632 -11497 56904 -63554 -31188 45956 44196 29184 -53943 28254 -12348 -32823 -17068
r361 34956 19855 17325 6686 57816 52769 -40161 -45671 48284 28257 -64200 33607 34409 59272 38161 62117 -46018 17783 18587 -38559
r362 35656 26939 -6373 32413 -4180 21414 -61308 36068 -55908 13056 -59613 37414 57176 41365 54372 59762 42889 -52648 12423 -48707
r363 33747 56209 -9552 32571 -26643 -13361 54846 41952 -44498 13746 -22331 44901 -41794 -4599 9793 -25223 48143 19287 15647 -1898
r364 -36176 35257 -4732 -56051 -5888 -57389 30350 -49625 -65428 -51923 -61836 -11150 47538 -20248 -22794 -52352 23601 -22730 29944 -55336
r365 -43335 62352 26377 40229 -3621 1766 57283 61033 -48430 -34792 -13976 -6862 -9812 -36721 52301 30005 -607 29916 7437 4416
r366 6771 -16196 42646 14648 -36559 -1747 55163 -57790 54477 1834 -16313 10563 -63238 -21454 -40874 -1282 -370 43091 32494 279
r367 -32747 -28323 -11115 24337 11657 12881 -41421 65435 56084 -15415 868 -1201 -19536 32905 17161 -32803 -42470 6779 60552 -55289
r368 -64487 -24528 33166 -10392 -7403 -42702 -39756 -27632 16362 -6696 31904 -5858 3186 -36015 -19451 22238 -30000 -49955 64978 -34861
r369 -46473 39562 22752 -11290 27117 -18388 -42204 1902 -25477 30019 -45159 27900 18033 17828 26772 -38039 -50140 -46997 -42112 -37791
r370 -57351 -54749 42369 28594 -9307 8831 -8530 -47392 53379 -34538 13120 61266 60005 49173 25362 45114 -40891 -60953 1964 -27573
r371 -51555 -9914 -11107 47931 11893 28466 -10693 -10297 25171 -48294 34968 -58262 28595 -42049 11503 -34195 36685 37840 -24997 55741
r372 53023 -40123 11405 -3133 -6431 -50427 52366 -43342 -14950 10566 -39558 64785 35782 18124 -56439 61261 50197 -58904 10703 2505
r373 24036 -52176 -22501 -39183 54590 54025 37370 -45684 51084 37241 -56693 33819 35673 7881 -58732 20955 -23244 -37415 -49944 -60902
r374 -2451 -26008 -23816 -20133 -15483 29696 36204 -46274 38678 -58757 -25625 -2433 -41670 -60535 5706 -55312 54789 -7002 -61375 41692
r375 14427 -35104 39842 24523 64601 43859 6475 55748 7102 -14877 -56105 -41621 -33597 3925 9401 60667 -44912 33738 20350 27141
r376 36402 -12992 -9304 -26524 16572 -51845 64149 -40876 47777 63087 55213 -23351 -21796 -22635 -63916 -6615 -32460 20390 -436 -56824
r377 -39250 -31010 -57140 -30548 25732 -33980 -34798 -4896 -20049 -14340 28199 8821 23264 -15197 41808 -53219 41446 10423 -64002 10077
r378 -16280 -54644 -34755 -37713 -64412 -17290 15609 61316 -41094 -17202 -58911 -17802 37706 -49421 40866 64221 -35297 45964 22740 2747
r379 23276 32233 -11913 61625 36767 50594 56077 -25680 14294 -39110 57804 54096 41603 -31667 30230 33790 24523 63090 29130 -3931
r380 -17867 54505 -53862 -53300 -8606 -18941 31117 -33608 -1224 -51572 -23742 29027 -38250 50385 46877 32323 -41140 -20568 -37082 -3664
r381 -18700 -63642 2583 -2310 21581 -59078 2291 -9666 -37298 -6398 25462 -19561 41561 49391 7088 -54526 17442 -21467 -50519 -46419
r382 -9373 -57187 -64270 4753 -19056 41560 -6588 -38082 52121 -35454 -8218 -3255 7592 17505 30997 29345 -2255 -60836 1518 39033
r383 -46419 2398 61795 -25831 -42499 -38318 -60622 -36894 -40860 20262 -60381 -48869 43284 -7344 25205 26902 -40687 40361 -7700 20371
r384 -10192 59418 -45718 57282 29628 50435 55984 -41973 -53449 -4903 -59772 -36935 -63401 -11269 11074 19859 -53204 -50531 -48062 -18369
r385 45856 -5623 -54454 6369 -24651 36344 47864 -12282 17579 -35642 35718 -8895 -44783 52192 59747 -51743 44856 50944 40491 17171
r386 42889 -22475 3847 59700 23340 24950 34709 -32128 43741 31503 -15029 -37308 15555 -24098 -40864 -49281 65186 -2622 59267 -36020
r387 42549 -59416 7664 48042 50690 -22743 -45219 -12362 60420 15041 24612 -9114 43265 55542 -45639 -31189 -60393 -17220 3821 -16831
r388 -23741 26125 34330 -19489 -51552 -31637 36947 -40601 -1284 4601 -22818 -51193 -21012 -16504 8233 -9165 -48108 14247 3277 -6264
r389 21242 39766 -31675 -59248 -61183 -5957 52892 60652 -23679 30049 42133 28461 -47674 16730 -56881 649 -1626 -41358 -41191 -5299
r390 -35862 -58894 5915 -39025 7093 -60937 -20644 -13840 -17986 -26286 -27678 25350 39395 -13077 -22665 11985 -33166 -25327 60107 -15753
r391 -58646 53832 49372 49678 37755 16750 -23498 -4554 3962 32034 11863 59214 -20934 -23864 -40633 -16799 18595 -29665 59745 -6416
r392 65093 -42801 4800 -50223 40230 23705 -47626 -15491 -46733 41174 771 35028 -4351 45460 13110 -51047 20212 -4977 42232 9824
r393 930 -10763 -24750 -57910 -61133 -43293 -28884 -46297 -22568 -29770 14476 -21653 -33532 -59595 39256 63338 -53190 -10871 14942 42321
r394 42785 -48590 -30480 -47032 -33382 40259 19985 36260 -2161 -62890 54469 -46034 53157 -16688 23571 34919 33514 -53098 61560 -31637
r395 42566 23414 -60776 40780 -20553 18291 -3967 -16121 18189 52662 30348 -59103 8570 -9120 -61945 58468 48532 53790 -16036 11190
r396 -49992 -4061 21360 64430 -54212 45095 8637 -50620 -56809 22159 41269 34728 -56512 -36214 52139 62757 18646 -40169 -27961 965
r397 -25183 54086 -12011 -5935 33941 -25814 50356 17239 -38900 -10202 -54152 37861 32705 8414 -43706 -61229 8603 49343 -25243 -60791
r398 -11937 30456 49300 -39819 21018 58393 -49450 65428 -45980 -4156 -36147 -56833 52612 -19346 63202 -43184 -52908 -27372 63841 51885
r399 -30451 -35176 -51300 2195 -43723 13448 10737 35584 -361 51251 -59872 -50451 28602 55969 -48055 51685 59758 49857 44795 -60236
r400 11659 17376 -24459 7044 51245 -34755 -37145 -50262 -59407 -27571 55221 51128 37205 -10671 62380 -47730 12977 -7837 36891 -49211
r401 24726 26625 -42441 43917 -36830 -8466 -62327 -38646 -51140 -10578 358 -22497 -27240 11920 -28241 -51545 8282 26615 -35374 -50860
r402 52588 -31363 59552 -35206 55331 51802 -43961 -30423 17154 29519 8688 -10247 -12947 -35003 -31220 -36942 15492 -52661 -52984 48374
r403 -56199 869 -55523 28266 9295 58551 8175 17885 31835 44466 -54968 -64979 -19111 56001 -21308 63506 5124 -20941 16092 59029
r404 27843 33598 62493 12068 -13219 -15022 -12834 -7076 -9320 12983 35265 45547 63193 -56147 51584 -28426 60765 25092 -15799 29063
r405 -50389 63491 -65207 50876 -59323 -34494 60774 27563 -14785 -11500 15285 -53649 -21605 -19543 30974 -20802 6462 37315 -43789 8663
r406 29004 -17903 -27103 56810 -38098 47801 59220 22359 -45172 13776 35876 -63699 19113 -18008 -8667 -41512 -6637 -60531 -48395 2466
r407 33017 10353 17871 41463 32278 -49777 35364 -24720 -64083 -48248 -55688 -7412 -30062 -15589 34986 -10075 -30436 37496 19293 -17708
r408 -6787 -32608 33001 41642 57066 -40535 57413 50231 -39044 -57206 54746 15844 6922 -50141 31581 59527 -6981 46048 -26118 -62046
r409 38110 28987 -35506 26284 41059 -52665 -41857 -35073 -51412 -5058 33405 -42628 -59513 13269 41774 22193 14300 -14714 -43551 -47560
r410 13663 -42632 27767 16690 16959 -43657 -11428 26671 -9949 -28698 13896 -63482 -9252 52347 26038 2641 2304 -21910 -36 16993
r411 8796 -42706 -4975 27827 2807 32572 -46892 27689 14224 -22073 48002 30605 -22084 -5249 33854 41421 -14225 -47709 54439 49981
r412 59096 46506 16527 -28953 13972 63112 -61556 -29842 -53970 -43404 -25438 8559 7970 -23700 -41501 -11482 50314 -55419 51742 57571
r413 -12797 26749 -41257 -39272 56162 62473 -53457 -34603 56736 19686 61823 46626 -53166 -44527 -3859 2705 -8237 -53409 -23521 -20873
r414 18795 -8607 16015 62694 58106 31956 -40008 -7731 56501 -5443 51982 -3203 -21323 15979 35877 -60529 34767 -26720 48346 52914
r415 32736 2860 9304 -23217 31295 48117 -35690 13957 36207 -20888 56817 -20436 51447 58477 -19162 36740 54708 59234 -26158 -43796
r416 65002 51050 21333 -3302 -51651 -55461 28832 62698 24572 -5678 -7196 26326 18036 6189 -9484 -55609 -54262 -9932 27903 -57022
r417 11265 24937 -41818 11332 36616 -34915 -53952 18754 35585 30524 19719 -30752 -16933 -11154 51876 -20866 -6942 59291 40946 60558
r418 41440 29837 -4919 -35504 -24451 -33713 -41394 -53881 62351 -47490 -51417 -44684 10668 -16799 60901 62034 42642 29238 -51398 40911
r419 -49692 60189 42680 -37331 57442 -42411 52443 -28256 61545 -8705 -55409 59793 37554 -29665 33861 -38684 -44455 57762 10496 25863
r420 35173 35481 62399 29768 -6073 -49311 8403 37618 -57815 -47224 40679 -64288 58917 86 -15546 32211 23084 37644 31870 -19524
r421 -795 7190 -15785 -64087 -65428 -3105 1836 -47596 19292 -26565 15172 -35250 20305 -14154 -59054 -52185 1979 11588 -59685 18134
r422 -52890 14457 -6420 8707 -7657 -1135 59447 -35142 35466 -31102 -65285 49149 -26605 37326 -36791 -27944 25984 2619 -28665 53372
r423 -2438 27738 -44859 -46186 39070 -8018 -65098 3544 11644 57012 -39381 -49310 19983 -38837 16239 30163 -11227 13362 60552 61117
r424 4408 -14090 32131 53837 -23857 52847 -40921 13085 61852 11264 -26738 -41812 -64349 -17958 51048 42977 -64308 16478 -13071 32563
r425 -39329 14714 -60879 -54814 60854 15194 -244 -61687 26407 -64420 7877 -13241 54053 -16033 -2833 43057 -31789 -64390 36155 -64243
r426 -2316 25568 43113 -59421 -51081 -12404 54137 49505 6285 -6916 50969 35491 18778 22266 50759 -31552 -15118 21029 -52928 -36168
r427 -6714 -53435 31289 48737 10087 -45998 -62310 24037 10331 -45234 59439 -49823 -18347 33632 61714 12123 -41784 5928 29116 30777
r428 65513 35857 33875 -1366 -49067 22560 -25678 54085 -5479 -32095 55441 -38898 -3367 54060 48891 20199 -6110 -50119 5515 42653
r429 -27568 -62899 13011 -27373 -4708 5955 -34615 1162 65227 -34820 -18255 64839 -21162 -36551 -35084 -27862 1284 60937 54478 -41896
r430 6848 51896 33627 28980 15358 -24248 35232 23804 -54487 -29594 -4689 -39514 31703 -37893 1830 -63950 -14271 -22255 -49065 -10717
r431 12121 52638 56003 -29048 49439 23183 -12662 -38630 -47289 -23260 25247 -32512 61792 -20574 -48844 11237 35360 -17430 -13948 -60864
r432 28134 56787 -37880 -50067 37172 9397 -14024 50221 12822 -24023 57683 13055 14038 -41165 -34823 -6866 29380 -39725 -32896 -31449
r433 20605 30552 7192 56011 -35772 -51479 10871 -38268 -25731 -49488 -17062 -64998 58708 -44427 -12932 -45339 37090 -65437 -54245 -19900
r434 -42819 3404 -47300 30642 -13326 -56928 47094 -31865 -5454 46421 -56678 55110 29776 -19407 -1337 -23933 -9256 -18370 5269 59331
r435 6769 47862 13936 -32499 -27456 -23953 45139 7838 5174 44141 -30620 60066 -43842 -8712 -62994 -46858 -37965 16320 -12458 21726
r436 53395 45881 -2105 -46574 62049 35278 -63139 13251 61740 -31335 63673 61028 -43736 -45491 -17897 28033 38413 62857 -23995 32263
r437 -16703 -37152 52407 -20847 9947 31082 38036 9968 29015 13166 44669 29140 -27425 -31021 36998 -14881 62204 -35106 35581 31652
r438 29505 -3349 4917 65289 33210 31875 -20470 -46571 48027 57620 2276 34477 -59610 58485 24180 8049 -35277 38344 36682 50573
r439 -44073 -28700 20367 41509 38953 -64172 -26452 55674 -1925 -9805 -62023 -65216 -29815 35684 -40753 47800 -43235 -60042 -41507 -8164
r440 -43316 22655 -63927 56162 8388 -4389 50580 64996 56121 10463 14728 -9804 5227 -45055 -47682 23831 44699 -53649 -62098 -62482
r441 65246 -6239 28780 -4308 1785 -26962 -27715 -61845 -18908 -28253 31660 -54483 -20692 40197 27480 58024 37160 -52958 47383 -13963
r442 -63773 62416 7371 11752 -38936 10469 -25346 48542 29032 -43251 4216 -47005 -41429 -42803 -38763 -26708 41219 -54188 -2084 -34599
r443 15357 -53245 65242 60888 36065 -15309 25914 14581 -8975 -21372 -65427 -30678 -22250 -18084 12423 -22576 32012 12758 -60064 -34078
r444 14751 40255 -504 -8190 64538 20650 42850 -23765 56666 51347 -61370 6710 -36375 -56667 -63435 -10431 35286 -9514 -53928 20906
r445 18514 -41277 -20760 -58635 1660 62580 -2200 -2986 -9881 -12379 13424 -42007 6030 -30806 -60475 -62873 52388 -41271 -6749 -1297
r446 63781 -30535 14701 -8413 -9881 41784 2614 -27058 28601 55925 31579 -43579 -35391 62527 -36484 28965 15456 57421 -59660 43464
r447 -33897 -63100 18553 -51694 18952 30190 19045 38390 -49054 -28681 51360 12859 27428 -19374 42622 8684 45014 6379 -27477 17736
r448 -24179 -63975 57452 -46610 26742 48527 23869 -713 -6950 50000 -54274 33298 38997 38187 -19482 -21249 -17748 -42744 4837 17222
r449 -55442 2034 -6334 -52486 27134 14509 -33356 -46507 -26 25710 33434 -29626 -22423 -22744 35426 -30521 64451 58097 38687 3577
r450 13598 25743 -51802 -62450 -44072 14956 -62091 -29126 35324 -56635 12264 6140 17220 -20325 -13197 60681 -29610 -54265 -49126 49028
r451 50590 -22459 7947 -20821 54994 19432 -56485 45545 5557 24632 -12688 -24078 -61802 31699 40898 -48412 62048 -30388 -15425 43139
r452 -16006 30884 -8215 17213 14936 -43400 -44019 -20835 45813 -40718 -48495 -25808 -23965 46846 52996 -10735 64623 41521 37120 20944
r453 -50581 26321 -2771 -27004 -64433 -39720 -14738 49565 -62816 -46250 14976 3379 30581 64928 1037 50360 -56087 5634 -6179 -19114
r454 29721 -16375 48200 -61032 55502 -60639 -25551 -28127 -3753 -62343 -15291 16207 -6666 -8224 -5797 -1896 16599 31227 50554 57153
r455 -55559 -55446 62900 -35030 55038 32908 -58854 49843 -39217 27236 -39388 37015 65267 -13233 -36556 -3066 -63492 -33390 30122 -16404
r456 -2428 -29057 -1878 -5056 -51839 -8172 46396 -9725 7896 41696 38992 -10336 -15187 61529 -22790 -34690 -60041 -61181 -38627 -15157
r457 50913 56688 57719 -50150 34418 27639 -12378 -12311 26873 39784 49330 64260 25493 18284 -33586 18869 5531 28319 20419 36482
r458 -120 -37221 -26262 23978 -4601 33190 -24568 9271 62525 -14456 23765 -56488 -15588 -24682 -43682 52584 56724 25822 19601 37320
r459 -27694 44121 -24682 55884 50648 -33897 -5303 -61839 35088 -58934 22800 -64734 -61176 -65187 -59542 24745 1452 -36613 -56846 -32553
r460 -34015 -51042 44024 9655 8887 -21524 12113 44331 -34267 6086 -51006 -63212 58085 -47943 -10246 -11570 -13648 -11194 10775 821
r461 -12778 -45041 14037 -21299 -49546 53940 -5678 28124 -52627 -31229 28217 -59959 45735 58783 -16785 -45476 11608 60208 34731 -22234
r462 65298 35820 35751 11519 34410 14936 -4275 16987 -34825 23472 6707 -29788 -25492 -30252 -62611 7930 -64136 14686 54760 28524
r463 -17454 13251 44633 -11047 33336 -12720 28352 -16105 -55534 -5896 -25445 63666 422 -47540 36532 -64114 -4542 48543 -24520 -59598
r464 39611 60964 18888 62745 -25321 -15808 45372 -42161 41977 -49682 39891 -26168 -46838 -11058 -47662 -26903 47452 1743 -2127 28712
r465 -35973 57801 -23795 -26988 -4973 881 -13668 -42023 -8123 12014 -60738 2430 21788 57811 -13846 13466 -42809 -6124 4551 46838
r466 49089 37280 23457 -5163 30216 37028 12566 4422 -30576 -43340 -27674 -64628 -58456 3896 -14700 -17541 60470 -61076 -36501 1986
r467 35727 14023 -33107 -9588 -27781 53962 64951 -46186 38406 58144 55731 -37815 40257 -24469 -4493 2776 17080 -30061 -17662 4462
r468 -10233 10613 2448 56351 -20696 -62183 -10714 22492 46807 -54332 37937 -51963 53870 -55296 61430 6600 -29298 27291 16945 -53895
r469 -43793 -7743 -19539 59790 -60430 57382 15760 31347 57918 38334 -43797 -2562 57060 31415 52606 60517 -36650 48755 61805 40077
r470 -37265 -26225 -15748 -41185 429 22501 -64315 12738 9575 10480 27704 60273 48279 -14547 -57896 46842 -287 -47754 34926 -30286
r471 61599 30479 -40071 20663 -53583 -49217 -62932 -32599 -50221 25304 -18958 -36469 57515 -12148 -43574 5547 -47465 31632 46928 31522
r472 29605 39454 63341 -65131 -15751 -47502 3363 -13753 -63664 -27300 31799 -37748 -24582 3460 -54705 -57313 -35082 -33744 18894 -54282
r473 194 -14725 -11233 -48316 -3593 28891 -21174 -40420 -17170 -46170 39084 38408 -42021 -31331 -59589 -38129 3262 -52877 -13085 33305
r474 -17796 -13182 -51449 3858 46630 54328 -46467 32204 18334 -31567 -56094 -4018 -21146 -15610 7583 -60842 40687 -6684 -34291 -41368
r475 31477 12832 -28946 8830 -9576 -56137 31867 25974 24136 -7102 -19689 -51974 38718 36627 -53510 7328 -51240 -60512 11270 -7687
r476 -46755 59025 14794 -41217 34393 -43957 46150 50254 3478 14503 -53185 -11988 27390 -34897 47996 10365 20717 1674 -45727 -8927
r477 -30183 -58563 28070 -4364 -15670 -32508 -45751 52918 -44368 -55007 58930 -2264 -58196 5663 64080 56091 52215 -24595 8894 -30338
r478 -17200 49324 -35244 -10258 -9078 48109 35117 55176 3306 37282 21639 42106 -6483 -55250 39410 2463 -48517 -26578 -31991 -45008
r479 12380 -9074 -32265 18169 -60758 2168 6111 -13798 -10391 43403 8042 10068 -37355 -46912 -56331 -52074 -56232 -36532 -57222 -44482
r480 -4150 -14599 -19855 5916 15631 -33819 14648 -39079 14266 -11866 26622 20067 -36327 3292 -3990 13014 7023 -58425 -13813 -14491
r481 27368 -48544 16850 -34978 48135 10389 34506 -12704 33649 -56934 55084 -61839 29519 8766 -30964 -58021 -51448 -46903 42891 -49325
r482 -25155 57800 48385 55866 -22607 3353 38611 -56869 -42230 -32608 65145 -59921 -39830 35981 3073 35807 3433 -54493 -17951 -42876
r483 -46592 -11457 10983 37142 9822 -58250 25673 61368 -35944 39637 -1143 3797 -60376 -24979 57892 -51575 -36795 55829 -47495 1452
r484 -34969 -30458 61862 -58457 -56960 -40495 -56639 41739 10921 19870 -21197 56061 -36502 30119 -25194 -42400 -6093 22878 31324 27443
r485 57053 -27032 -48328 -9373 -47096 -22907 -59508 30496 -29284 22855 -54724 11358 49864 32717 45122 65523 -18667 44536 2397 -61359
r486 30918 26491 23049 -1215 -59091 38430 61957 31815 31933 -21722 6591 -36239 45159 36162 49721 37912 27276 -32508 -43182 -18343
r487 -37704 -57178 12870 -10725 -25548 62064 49461 -24085 46630 24666 -45867 -11415 -58559 -31656 -24957 -16380 -1487 46067 65154 40439
r488 -19309 -1382 31360 19134 -58067 48467 -2709 48150 27317 -31057 25279 34729 18640 -59816 46292 25172 39632 44057 -63165 -48897
r489 44423 47834 30598 -21212 -61188 4620 5972 -64662 1721 -43868 29901 -12370 15354 4297 7081 37289 58852 -9578 -23675 45148
r490 27452 21986 56621 -42334 4993 5061 -64492 -41402 -39371 -62809 14263 28274 2925 62805 17808 18355 58816 -11779 2498 -25203
r491 -64688 28718 -54003 -30717 -51650 25086 -28313 39173 24468 -23569 23881 35404 -14260 43896 27837 14347 11349 -24095 -65084 3019
r492 17682 -42136 -19199 -44410 -43177 -2025 44243 2666 31183 28968 -37648 30704 -41795 -9031 51816 5315 -44062 -54576 -2963 -8247
r493 8779 16202 -3353 33583 54578 52249 -48139 149 22963 2698 -5855 39541 -24837 -46142 4332 23576 -1365 3719 62203 -61067
r494 50631 14991 11707 50592 -48600 -22096 -3209 -23605 6845 5625 20296 -40594 -36443 -14419 -2584 -53445 57521 30187 53231 25293
r495 57345 -31385 -63938 43908 41390 60754 7233 7828 -52608 -4103 26355 9159 34903 4414 -2187 50988 48158 718 -7622 51330
r496 -22212 8298 -51911 38852 -32380 31816 -18312 -48289 -60705 -44260 -44760 60768 8429 18778 32456 8535 -16259 -61244 -24149 51352
r497 30819 -59824 -32993 -2288 62354 -33500 55646 -49933 32660 22287 -39205 44282 24612 27795 63796 33637 23391 20905 -4921 -40629
r498 53617 -34270 -32253 60812 -26892 61916 -7059 841 43808 -60571 -55653 3624 1227 -33980 -44193 -54973 27797 13650 -11444 -65148
r499 60140 -5918 -42702 22302 -58645 -54734 54868 -41129 60988 -60916 -4735 -63562 26168 -43274 44075 -22200 7043 -43283 -26050 28733
