mTable16 21
KEY  c0 c1 c2 c3 c4 c5 c6 c7 c8 c9 c10 c11 c12 c13 c14 c15 c16 c17 c18 c19
r0 58901 57261 -19570 -59755 -4391 65324 3724 51912 53755 -48 -13161 -53135 46122 -14775 34406 -33618 -40303 22659 -46826 63631
r1 -35464 25931 -27265 -41142 -14437 -35144 58925 6790 30875 59970 51554 60652 31356 29878 63316 5895 948 -55879 -35793 -18687
r2 -62233 -22456 10876 -52852 65259 58442 25744 -62766 45776 -44032 -62926 -5451 -46518 51926 -2789 45406 36594 36237 16959 10813
r3 -52367 52768 16957 -649 -41167 -23288 21729 6447 -38004 19733 6843 -23720 27164 54658 -11364 48754 33940 15358 3868 30086
r4 -14060 16 -61504 -19391 -44706 -5842 30859 -15465 8972 -59208 47541 36483 -4597 -22353 6013 -36528 -56175 -45513 16606 14738
r5 -17624 -13187 -22757 37342 -9658 32520 -39801 -2421 -62428 4235 -58918 63425 403 48358 30640 26379 32516 23755 50898 -15413
r6 17577 -4056 -44513 8242 15759 4731 -47373 24461 6676 -52849 -47680 47072 10687 6222 7849 -52209 -41583 28662 -53443 47209
r7 -58433 41703 52767 -29716 3356 7022 46322 42624 26327 23520 42270 -43921 -42166 -43300 -55513 -3177 9724 21558 3948 3124
r8 62368 5827 6729 -13824 8965 -39434 -59170 17083 -41061 16817 16316 -7384 28827 57517 -6889 34137 -17568 -19881 -61096 6971
r9 61395 13767 -2727 -29560 -22487 16908 35979 42941 10675 1908 -10648 54080 -51018 58278 14286 19686 -28673 -8067 7296 50538
r10 -60800 1320 54476 59239 60601 -34782 -56859 -25995 16687 37572 60665 -26522 63438 -28415 64424 -1773 -44447 -19547 -39043 -59004
r11 -39681 9731 38723 -64750 9582 2406 -13956 -23023 -45495 63371 42665 29597 -59811 -37465 36928 3269 -11316 -3720 8151 -36891
r12 247 40378 17590 49960 56038 -7785 38668 11686 21201 -19175 -35137 -4062 19613 -14973 52558 -41500 31715 19457 -36988 -58639
r13 -35171 -25868 63181 -57338 -53735 4526 21602 60948 12622 -12696 60597 30618 -36171 -34244 36280 -30658 44744 -45156 -30370 1950
r14 41279 7245 -37751 -54946 37099 -9683 -42214 18668 -32519 40351 -41733 -10565 -25388 53229 1820 48559 -22119 53543 48831 36965
r15 15762 30905 -26912 -23276 -16362 51458 -4463 -11676 -29565 -37295 -9900 15872 -40874 -15941 35011 -31697 23319 43029 -7217 45657
r16 -10883 37006 -45300 -12327 -27614 1216 -5478 5353 31030 -42192 60468 27799 -8653 46712 21705 50806 -3227 -36969 63258 -10798
r17 -65026 62004 -52857 -26299 7403 46441 30819 28809 -47581 -29641 14579 10119 -12550 27857 -16613 -7603 -40935 -43355 3371 7115
r18 -64779 22535 36165 -56598 -63441 16558 -39870 -62820 -43032 -30763 43955 12707 -52615 -6398 21801 -41951 64198 22590 -39373 20543
r19 25702 41586 35296 -19530 15652 57977 -8250 -63454 -57077 -33866 7498 55247 -49117 -33639 11376 -18005 -60887 -34994 22959 62920
r20 -17781 -8413 -50686 -578 36889 11719 511 48488 20695 51259 43076 -21316 -63086 -15708 -11450 8408 37709 16965 26492 34952
r21 31724 -31976 13685 -55883 44019 46069 9915 2340 19523 -56476 48121 31542 23689 -4916 12137 -6656 25768 7508 6730 22920
r22 -25066 56021 49240 45853 1843 31312 -56932 -57730 -10797 -49519 -23932 -3102 46099 -19056 -44403 -47243 18849 -5250 51013 -40328
r23 -51933 15255 35813 4990 54056 -22513 46805 38958 -47664 -114 -37305 61516 6349 13473 -16254 11937 -41771 -17554 -30103 48396
r24 8179 40485 7342 -25592 -34072 -22250 45893 -22972 -46334 37971 -59218 -5529 64370 -20818 23726 -55002 1409 -32225 -42819 -39379
r25 27134 59304 -9681 18506 -29324 38598 -45675 63977 2181 26523 4301 34802 19061 20496 31556 -28635 -46043 -54008 28920 55057
r26 -59219 1142 -36090 40721 30745 -40447 -8475 -47753 -50961 5793 21466 36681 -6896 25564 -43186 -3195 -41176 16597 17315 -42204
r27 -59461 5723 27607 -11021 33737 26305 -22300 -38978 -44553 -966 43325 16272 -50034 14653 -34908 47884 -32627 53331 51012 -27847
r28 -7001 22184 -42590 37346 -65466 -39891 -61732 -2198 62469 9635 42165 41305 -58036 -27663 -35436 43851 30296 -53170 -14740 -43311
r29 56136 -31916 14309 -4430 41951 -22570 -63419 4347 -49614 23295 35399 -2377 15673 -41165 43822 -58260 -2186 -1458 -29803 -18494
r30 -27748 -58238 3714 -63116 54165 28081 58583 31925 -17726 26102 64833 33949 -37953 31982 43993 27368 -53840 -51680 -26111 65382
r31 -24035 28588 -41461 26480 -36948 -6954 -33876 -56047 -51895 -43561 6467 -2271 -55221 9685 -49095 -54436 45762 -22860 63956 12424
r32 -39851 -12437 6129 -45239 42309 62517 -27489 -10027 -41836 18735 -42113 58360 42589 41466 4740 40113 3391 1333 -17045 -59239
r33 14428 56139 60831 22519 50701 -12851 29089 -15595 -4702 -49012 -12681 -23130 22370 913 -37917 -24901 -28981 20639 43672 44776
r34 4389 51804 -36927 52114 -65356 -59473 55223 59874 -12441 48929 2291 -41538 -43326 38969 -35442 -49360 26078 35616 27817 -31126
r35 55248 7147 -54433 -7570 51347 -39977 -21943 -9667 52057 9339 41882 -64928 11451 25155 -32841 44844 -435 45461 -16444 -53227
r36 18667 -2798 40916 19507 -17700 35949 -43625 28998 -5082 34608 44959 -59846 59758 -11485 48647 -3440 26494 34787 63392 -23987
r37 -17799 25120 -2134 -56394 63629 -63568 -59009 59722 -24894 -55822 -36357 22998 -42640 -8085 40469 40938 37440 32356 -20774 -52436
r38 -24822 59660 63401 -43729 -27406 -2823 -3071 65137 -64012 24590 10800 6440 39130 27062 32941 -30105 -16292 34353 -23312 -23035
r39 58636 -55241 44648 8442 -63259 -39081 -44004 39063 -22152 17807 35094 44554 44374 27947 -60589 -38107 -26286 -64074 -8733 -34531
r40 45978 51965 1188 -26657 -13409 59952 -34454 -26107 -39725 10714 -44747 24151 -3929 -57714 -43607 12702 -31426 -39245 -23669 26217
r41 -53814 -46521 32073 3138 27917 -25632 -46103 -17815 -36053 -10988 -7324 -44980 59667 54007 -8502 53005 -21198 60513 1367 -44726
r42 22435 -25269 8361 64342 25094 54228 30089 54619 -39870 11818 -29164 -42896 39674 -54228 40502 48332 36574 34942 181 -17518
r43 35920 62698 61999 -28251 -61963 -49883 23924 -32506 -47568 62200 46759 -62168 -15145 -17750 -12464 -46361 -31521 25151 22532 -62702
r44 -30041 -645 5997 291 31107 -2354 -59300 6040 33096 -12921 -10738 -34843 -58076 -39263 3420 -53113 -32999 59643 10227 36028
r45 -39204 -17913 -21730 34033 -31897 -40292 -54225 -55480 24969 32130 -15302 28445 57279 -12540 -6545 -43901 9772 -6288 -40088 835
r46 29199 -43834 -54070 60999 -38446 -4841 -41767 23389 38062 25107 15528 43108 -46284 17566 30122 -24983 17470 -40888 -29365 -49456
r47 11217 26054 -4609 29756 1876 16503 25563 43539 12702 23678 -51127 22163 31719 -27300 32098 62614 -15160 -22274 32699 23496
r48 27673 -40240 1148 56476 27399 -26188 -50026 46772 32796 37669 8634 27590 22711 20420 32880 -33207 17433 -61505 -3403 50010
r49 -22744 -29403 9160 -35268 -18449 45494 -11238 41286 -20711 -55198 -49600 40850 59748 9837 63496 -20804 -29784 -20844 24639 63038
r50 -10502 -48027 -58197 34600 -637 49240 34142 7479 -45087 -41734 37147 53800 8362 -39001 -30449 -27928 47923 40842 -61749 626
r51 -40826 -53180 -14616 -9312 63272 7016 -30368 49351 50012 -33011 -57463 -40780 31829 -39762 -30777 -49455 60983 -65364 -8704 63996
r52 35625 16512 22326 -16918 4085 -13452 38064 62641 -39076 -21460 58561 65324 40459 51795 26474 -61410 22698 -27476 56332 53701
r53 -26139 -59329 -26998 -2851 15344 59056 49375 -10753 39671 53442 48263 34168 -64466 62345 -25451 -15562 -31062 -26464 -49825 -12867
r54 39974 19935 48855 53813 -24043 -15538 8815 -49854 -9411 40575 40894 52067 -15073 -32518 -6669 -13502 42090 1259 19636 -41707
r55 7838 37626 -65131 16127 10106 -57753 54895 13755 8227 21720 -24191 19274 -11037 -152 49678 31633 59157 50935 11941 29446
r56 30023 7888 -22070 33945 -58816 -8113 51537 -39016 -15805 -6879 51405 21047 5597 -1904 -21097 34089 -62281 -29287 4217 -54390
r57 -51479 -23252 39544 -28021 56442 -4405 -22234 20065 -26634 55942 49112 26777 56537 45415 27926 -34523 -27224 11304 2244 -11839
r58 -42399 -32822 -4232 -29303 -33626 29831 5785 57132 39000 -41277 -51164 -64389 -4702 -46686 -8476 -60326 -62486 26892 23826 52347
r59 -59515 9028 58037 -58417 -495 -60027 -25336 41457 27020 -13543 -41110 50701 -46070 -36024 13805 -15020 -42012 56737 -39857 57064
r60 28151 -7558 49766 -36043 3256 53578 20323 -17828 -53186 63759 -61791 38178 -52847 34483 11085 11023 27226 -21338 13400 49915
r61 8000 51968 -63142 -42977 9372 -5922 -32986 -16497 57112 -61122 5935 29891 16573 39758 32503 14541 12315 36820 -5182 -55150
r62 -50677 -40935 60823 -8391 -32494 53700 -11424 62259 -65421 -2159 46896 -27461 38908 41030 -15738 37428 32315 13087 12709 57613
r63 -38525 -13745 -18476 21022 20473 -18973 -19493 -22580 -37558 -6069 -17043 -3780 -14914 5645 6342 40858 -32769 30273 -24531 -62518
r64 -18641 -61133 -53819 44579 13287 -34339 -31910 -60894 33396 21166 40932 -17353 54799 6913 -23662 31870 -34922 42063 3821 -25430
r65 -25432 -50548 54713 -9312 -50098 5612 39210 43860 20324 -9038 -53507 2146 -30317 60986 9583 -56458 2271 -46325 -63160 23836
r66 8696 349 -48835 52686 24789 26576 31380 52494 22563 32514 45404 -21934 55271 37725 60788 -14708 -56441 29389 -60179 -19951
r67 26045 18397 -39413 -41839 -194 1537 -12531 32492 49128 55307 21477 20446 40933 -57129 41749 -49901 -62766 63395 2726 7266
r68 -61934 -46025 -42916 6957 -18972 49318 -49192 30930 -41242 -21125 35939 28825 -59161 45917 43246 8002 -35510 57670 17731 -36690
r69 -58164 -7630 32139 -25086 49351 41268 -55106 -27537 54915 -33755 34553 -37747 31151 -63707 -7254 -48584 -63938 19752 -8757 -38139
r70 -23227 -26418 -4938 46993 52897 58614 4370 -44989 -55359 37175 52300 10951 7463 16667 6022 -14594 -61303 15039 -24210 16484
r71 13289 52036 9483 51093 -6865 -44952 48912 55867 -6318 64072 26513 -52432 -3395 -52999 -19365 -23958 20564 -42724 19933 11513
r72 36017 42048 12162 -55863 35224 21353 -6427 5728 -47467 45102 -26010 -34234 -55874 -40315 -51109 -39563 -49978 29277 -10390 59393
r73 44980 7106 56047 3785 -4512 35792 42263 -10091 -55293 -3544 -26696 -22670 24401 -14603 -8421 -61746 -38028 -31400 9218 48022
r74 -36617 41623 57640 19163 -25066 -63736 -24001 35875 17725 -7345 -60227 7933 56824 -60291 -53996 -49459 -53160 13829 44999 -56504
r75 18090 -29009 -33827 -62323 -22472 -59213 35717 36359 -12722 58786 -15846 -14708 -13561 -54332 -8267 -34745 32487 -27139 -38727 -52492
r76 -64612 -11996 3735 -21869 -8749 -49645 -46595 18157 4350 7503 40719 36574 -35410 -48939 -39536 5350 10137 -62926 4910 -38296
r77 -28005 -61050 -63799 61160 -26585 56202 34783 59911 -12819 -29345 -27734 33621 59142 -42137 -21276 -19642 18610 -9238 11534 37320
r78 48061 -20057 63908 -17317 64989 -5929 -40081 3742 -57090 -62269 -7147 64475 55733 -33570 -53435 -21862 35761 48601 8069 -48763
r79 -42535 64666 1127 -15603 59704 -7053 -55767 33610 46822 58672 -41898 -12863 54344 34989 -13264 -49339 17731 34533 -28685 25775
r80 -41568 -42328 -29337 25925 50663 -26435 -52459 33891 -60122 60500 -41759 -46629 62350 18559 -54285 -32827 -44596 -65519 53305 -24592
r81 39154 -34231 64499 39408 -33648 4394 -31037 11198 -29478 64970 -63559 -28867 -48060 17142 -45448 17510 41982 -53206 -2448 -57604
r82 -32394 11819 -9181 -26293 20825 -22539 9548 -49071 -15587 -55134 -3466 65072 -59973 15675 -62308 9683 35192 -32858 13577 -17878
r83 34834 17202 10120 18569 20904 -23478 -32233 50602 11852 21942 46326 20501 63308 -48710 30926 34660 60229 44436 29253 21844
r84 -43101 -32301 -51230 17627 31088 9882 -11752 -15027 -4163 -18480 6544 -48324 922 35275 57483 58183 64563 -5006 63296 28084
r85 -1817 -14937 -58522 19859 -58275 52608 -31330 -26644 19039 45945 7498 41253 62014 61549 -11189 58930 -11538 -61479 -37009 5936
r86 51601 15651 -22017 -47394 -22701 -31844 -18147 -47810 4017 -37018 35362 24896 -47242 23521 13149 23996 32167 31354 -56412 -1137
r87 -22796 -962 17151 57477 18422 44593 52744 55976 45914 45458 11767 8645 15599 63687 -22836 -1817 -54078 15390 -14194 -39578
r88 -64773 11867 25998 -2969 -30270 -55672 38576 53401 63408 -49333 64073 -14352 -9007 2882 14724 -11648 60418 -27520 -32826 47135
r89 -13489 47502 33576 57883 -33564 30212 37933 27946 -61802 -34808 -54057 -18523 -16896 -23678 43394 -27114 35993 64075 27929 -47605
r90 -15767 -58204 -16990 -5737 26613 50242 10417 12883 46749 -43955 -65402 45963 32412 -14991 -37382 60156 -36881 -13410 -50780 -45342
r91 9871 -39762 39959 45387 57346 -29419 -17393 -38209 47648 22841 -44663 -23353 54319 -6900 -37908 -31013 -54789 -14454 -40690 -38949
r92 32131 -57678 -30192 10860 -33457 -60233 19461 31241 10661 -998 -54969 48640 29547 4361 -62583 11285 -4461 -34400 45153 -8643
r93 14231 3846 54269 27779 22138 -50915 15668 -37711 -24034 -46707 -57666 -31262 18272 63299 59614 43873 -54906 -50303 34864 31661
r94 24707 -54456 15523 47696 -54869 -63521 -48606 -32806 -27189 23024 -2606 -46395 9303 -4982 -37105 -55137 -57713 -4228 50828 -22496
r95 -31172 -57651 36617 4141 -260 -62352 -28870 18047 53690 -32636 -41944 3934 -61834 -6801 -20601 20127 41407 -63456 -23183 -29673
r96 7312 56194 -18758 31640 11669 -39193 38614 24296 -64297 -50663 53378 12232 60969 34758 7691 -20521 10658 -5824 -55082 -29098
r97 39613 14047 9797 25887 -9143 -42969 60785 -49864 65464 53135 -22260 35393 -42886 56216 64546 32951 -17265 -3780 31249 -50931
r98 21582 34202 37972 36144 -62244 -18654 46419 -21890 -24712 6972 -65455 -39802 -20908 45507 10296 -17628 10124 28097 8857 -32835
r99 64992 47035 -33530 52839 60570 -37922 -31798 -64077 -49592 22961 -12360 -3762 -48127 52819 -25525 20623 39638 24049 -36095 -49754
r100 -57367 -26829 -20895 -7003 24183 -29347 -48096 37962 -13246 -18392 38925 -34031 -550 -42972 4778 39819 22891 -50233 52726 16210
r101 -36002 16460 -34827 -60569 -11532 -65431 -35106 -3305 56824 15218 -19108 -45112 47144 22778 -56979 -59096 -38348 -774 7322 -39404
r102 -29597 -60985 -3987 -29278 19669 -43326 64337 38890 64066 -48131 -34146 -46497 -34759 25447 -9753 -1300 -25358 12437 -59158 -43743
r103 16516 -2976 -54251 -58607 28064 -64535 8368 -52682 -57486 62273 34443 -12726 -64788 18131 -19827 -59012 51762 52668 -57999 -36448
r104 53442 45755 -44056 -31466 -29592 40865 50533 -60705 8615 -7849 23714 2366 -54470 2929 -47793 -64473 4919 -39912 -481 -35839
r105 -17503 46312 -57272 -11233 -46718 65527 6051 -15631 -8028 -21478 -15002 33869 43862 -23730 39055 32986 -50512 22714 -57663 38376
r106 50944 -27611 -62828 -7634 48146 60594 5394 -63207 54175 -64147 -18613 37781 -18615 -58340 15551 18486 -23362 32866 -29924 -16195
r107 -32589 17092 46372 43331 -299 -20022 -14169 -36572 60312 -46754 -59849 -35279 23982 -55181 15500 -50646 26214 12806 58452 -37684
r108 51748 19631 34511 -59576 -35212 16288 -53091 46613 5272 -29490 30423 -62736 63147 59067 11672 38218 -48479 24110 54030 43192
r109 6334 -59954 -38697 2561 -21467 51683 64920 42940 12523 -54237 15202 -62104 49013 42808 -32475 -50082 15819 -38727 29666 -3180
r110 -53712 4993 65337 42549 35346 41854 -16485 6185 54650 -36146 55629 23947 -21112 27810 -26596 11097 -16319 44336 -45853 39773
r111 -13817 -526 27375 59948 60997 53490 17187 50633 -36147 -22807 31733 6975 40611 35954 -27136 -37509 65032 -65122 35637 62474
r112 64532 -3942 -22264 6280 55186 -21403 -35946 -620 -42197 4889 -9008 -3715 -23525 1031 22511 -2787 32423 297 -60515 -5263
r113 37404 -60014 50291 -26366 46310 14228 -17626 -56862 -30114 -61065 58461 -32111 5750 -19461 55388 -3037 -22552 50004 33018 -692
r114 26868 34478 -63550 30577 7991 -21957 32794 -38814 59476 29557 -19894 29518 -9856 -27005 -57366 -43714 -60073 -11144 562 32577
r115 -26542 25643 -34694 -53835 58747 -2919 6830 42489 47654 10217 -14634 28250 32532 -52030 45828 53228 -58380 6500 -37105 -39535
r116 16775 -39721 10079 57619 11669 -14635 -64490 34246 30625 -30822 24842 -32439 30229 -5096 -64450 -11222 -22311 -26886 -26125 -11986
r117 12653 -43587 -9509 -63780 58497 -242 -47591 -19720 -33175 31732 -19118 20007 21510 -33483 49210 -665 -27031 30035 5705 -45311
r118 -64801 -61185 7197 63008 -64353 34992 -51474 36326 -26891 -51783 -55488 -16686 18647 -15448 -1816 -14177 39748 -33358 51470 19284
r119 -35047 -2395 -30826 -34618 51962 -34187 59767 -7536 63759 -15344 -8916 -31420 50000 -52403 58974 -21745 33793 -30602 43404 65185
r120 32919 3902 33803 37867 -57872 -42041 5188 11226 -52705 -53975 -41227 -42558 -32586 -42783 -17662 -52964 24023 -22150 27877 27621
r121 -53942 34289 781 -5057 -17248 -25720 -59538 -7365 7081 -58138 -6726 48366 32302 56061 23970 48151 31151 65515 -39557 -15511
r122 -64109 -65021 -11141 55055 51786 -21949 -1463 -34601 -24574 -48625 42934 13185 -24966 -63735 14528 56479 57908 51958 17040 54438
r123 21988 42869 -41645 59483 33781 10827 22809 -28080 39984 31782 58702 -11016 13503 -11384 54015 65270 -9747 -31187 -18478 -26549
r124 -17412 -58876 48188 -11413 47658 -41752 -15331 31640 -24370 29324 26998 -3811 -3609 47436 43135 60808 63228 -34419 45164 -58737
r125 16374 55603 -59522 -20693 13765 -26798 -57035 60931 -34890 13852 9831 -43505 25942 10946 20084 -42762 -29488 -42516 -6473 -62284
r126 -50103 -36558 2741 15139 16042 -23025 3191 -16469 -11504 19461 20884 22068 -43400 -34282 4748 -63197 -58816 58334 3418 16465
r127 -57379 -24306 -1801 -51079 45495 -38739 -9982 -17964 45122 44317 35869 20849 -24024 55623 -15437 27681 47084 -11775 43924 -57311
r128 27216 -26346 -34174 64195 41511 28955 -37693 57440 -2583 -59385 -11184 45138 -24976 4626 -33739 24095 -2263 -37641 11335 37329
r129 6839 25378 15704 -12584 3941 12077 32368 -3526 -29444 -60573 55986 -34039 43264 -14824 -54411 -62337 8369 -566 48077 -59371
r130 -31744 26382 58065 -29003 58776 51615 -28426 -65470 21737 -45163 -4075 48504 34519 -36392 -64562 -14276 18080 -62330 -49878 -19831
r131 12498 4934 15545 -39188 -12325 7208 -65083 32310 61636 44010 -12471 -6643 54045 8301 57512 -38584 -6716 63833 41091 25390
r132 -36830 -45801 36044 14695 41708 6911 -14894 45898 7487 58237 34195 30627 -50008 54440 42623 38169 -37001 -47518 60289 19419
r133 25908 -24744 23402 -3389 36516 -31665 -57417 -2716 -40451 1252 -59243 -62883 16882 45860 29206 -6851 5758 29829 45276 49288
r134 13126 -53367 -15871 -63269 -51556 -34651 2384 61430 -5553 54621 -33900 -25533 47395 6864 1553 -14365 13936 59997 -36263 16371
r135 -18037 -40893 56621 25310 27084 53243 -26584 -25166 -50089 -39751 -54217 -60852 12145 57264 46349 16389 1848 43326 54930 2707
r136 -1778 431 -27557 54244 17285 32446 -53519 -10183 21107 12090 33459 -29798 31184 34224 -63739 -35591 13988 -60883 41715 25702
r137 -57537 12933 25357 -4266 23391 21705 -30666 -31746 -38737 -56942 -43557 47612 63632 -36795 -60296 48575 -22994 -5806 13477 -51043
r138 7135 516 -20821 -29774 16025 -48163 5786 -19846 45506 -36345 42236 49434 43813 -29596 39917 -26260 -16096 60303 -54659 64150
r139 -15248 -43610 -60955 49857 -58972 36279 48399 -38326 55049 23711 30198 -25013 -29418 -18302 62081 -54566 -39705 25676 24266 -25798
r140 -34572 51219 10686 -28019 -25504 19005 -15566 46778 36564 39854 23190 -46907 -36111 -59353 -51217 63144 -29862 -23329 -48577 26771
r141 -22972 6153 30516 -8538 24937 31074 -24009 -15469 55459 -60968 37870 -37016 25487 -55988 -58809 57652 4318 -8717 -61326 -9928
r142 -36544 -20529 44616 20970 -20972 40994 -9061 -3655 -21481 61111 12547 48077 52548 -15465 40872 -27229 4299 -62850 -35883 13282
r143 -18224 31824 -17620 21020 11767 16702 -41339 -23899 25486 -28889 2318 -65494 -46552 372 -51289 9821 2817 -20564 -61883 -9736
r144 25391 -22327 24042 -60105 38440 18513 49631 -54688 55578 -11362 -55454 -45113 16284 -16594 -50612 -8126 -43956 -30389 19676 10378
r145 -13141 -50656 37376 26857 11558 56983 -4258 120 -64358 -31523 -53368 33973 44101 -54594 -23672 44488 14364 -28598 10314 -64266
r146 27973 7364 42085 -18244 44086 61226 -44730 57856 -64180 -28598 31117 5894 -3419 -37858 -37441 21280 -35207 -31005 -47229 38634
r147 -47876 -8264 39814 60959 -845 -45565 54926 22776 38157 -19254 51914 -2001 -53009 -13318 -60094 8972 46181 60538 5554 513
r148 46975 -13450 -26367 -15645 60673 -28071 61787 49125 -7063 7562 -56244 -56227 53222 -31343 -12216 -2344 32822 -38794 40539 25088
r149 18917 -13149 34397 25004 2083 30605 -41948 54500 -61083 13618 53334 59085 28007 30931 18471 -46630 -22314 -976 45291 64626
r150 15440 -7734 -61223 8926 9394 -56526 -31236 -62749 -57749 48935 61152 -13587 38757 -18130 -56346 12286 16449 29048 10324 -37380
r151 -44230 -45079 26681 24689 -39930 11517 -35239 13775 -63653 -14184 -10166 6572 25295 61147 29559 -35659 60589 11473 61974 64452
r152 -11665 47416 37327 625 34541 53188 -34719 -5988 30109 -22570 55101 -59484 44449 2490 40724 -48260 27422 -33512 34752 62219
r153 24892 43513 -23121 29405 -55005 50986 31930 25867 45993 -37574 -2098 -22071 48683 -61259 -40915 15737 22299 -56772 -37250 -27744
r154 -3496 59849 29725 -16730 27818 33700 35340 9187 21656 -8280 -32334 -63509 -39041 31340 29666 -1062 -19596 -1233 -17158 -47403
r155 52188 -31691 2218 30063 11140 -25711 -41923 -25993 -30956 49230 -60484 -31705 -6007 -39243 -3949 32841 31093 -18347 57317 -22554
r156 12263 -38825 -48848 62624 2472 22359 51842 -65191 4952 21851 40049 5213 -12605 9649 57467 22340 25152 -9270 -55194 6424
r157 36672 64773 -64830 -7660 -33429 1841 47013 -39253 -28910 -42473 -34726 -9179 -59943 -65290 -16245 -18433 48385 -64609 -14140 -57541
r158 37104 -62424 -64598 22231 49328 -42940 -53317 7431 13151 -1660 -51684 10518 34024 58284 38671 -59938 -43541 -62322 43368 19338
r159 -40139 -56506 39296 -44934 36278 -62137 53953 -21000 51418 8313 -58086 -64386 39346 -16091 -42356 -39537 26140 33100 40949 30639
r160 -37991 -60282 27380 -5571 33349 -26626 -38326 694 -6583 -62129 55958 39166 -27283 -1317 30403 -57413 11109 33440 9656 12478
r161 53036 11138 14729 3856 35060 11125 -49416 61958 -2798 53037 50979 -52927 31375 -18039 -12932 -45763 43054 -49638 -57180 49440
r162 -45595 47518 47632 31744 -43441 61837 -50133 1460 -46466 64467 -10752 -16709 -6899 20367 -31891 -30586 1135 8605 49922 -60766
r163 -45895 38332 -112 25858 -27025 -36566 -22164 11505 -9275 25375 49382 45944 -7732 -43751 17512 -62989 -19799 -4021 62041 60836
r164 21853 -21543 37069 -51668 25120 2638 -23912 64292 -40105 3321 -6777 30365 37769 -43138 -21585 55504 25912 -42873 46426 -21435
r165 -36188 -2687 -39288 54161 25508 31807 -54417 -49588 64561 -51523 1347 -3744 -44783 -17806 -43646 21494 46694 -15549 -41380 34823
r166 47961 -20464 -6043 -7925 54903 -58076 -1415 -36083 40408 3933 1668 32823 -28765 45181 32670 -61587 54855 -2143 -42822 -36096
r167 -23641 -61147 7903 -60124 -35077 -35438 57100 58400 -6174 30932 31093 2221 56676 -2994 18316 57527 -49341 -48796 -3425 -18158
r168 5111 29789 -21679 57160 30951 47836 -65216 49896 -7725 13718 -56206 -10315 40508 -56607 41514 -45853 13647 55597 2556 50491
r169 57769 12326 38388 48843 -13445 -15788 -5623 -16998 -57957 -48602 -46175 -19250 -27254 -10667 -44302 -2934 -46679 11043 46158 24509
r170 8487 -33489 -61064 -23952 -24475 -29897 33209 -16044 21974 56383 -18674 -60798 47413 -37800 -50653 -45060 46888 54171 -54812 -9035
r171 48458 64944 56427 29676 57703 -64359 54926 -53616 -11281 -10227 42477 -1038 23727 1963 32208 60606 -47147 -61855 -44321 -7192
r172 -5425 -43932 45366 -59298 32673 -53398 36586 -33763 -47144 -1104 50004 -32757 16849 29053 59208 -15244 20583 -40576 20830 -57732
r173 -16279 -54356 -43177 -60549 63509 26930 34915 17576 -7663 -63355 33005 -40261 -57845 -52301 9845 14939 41232 -33519 -24840 -3828
r174 -51110 -35849 -55388 36692 -11297 47757 51436 24129 -51203 -63267 -41110 -19403 18118 4148 -59060 61603 18953 -46120 -65415 -41732
r175 14032 37472 -30188 40359 -3740 31582 -46479 56078 -2014 -27322 -38646 17528 45317 39579 13723 44798 41049 54091 -34661 -39004
r176 11063 5600 -63464 29105 -25004 -5507 61977 37180 -57458 57659 9011 44966 37717 15017 9688 -57772 37200 -64847 -45156 50148
r177 8991 -13560 27441 -5258 45984 -23359 -46299 43113 -56324 40771 -35758 59179 -24051 9434 33737 29516 51359 27445 -11172 944
r178 -34563 -39171 24713 -41097 -48409 48933 15065 55084 -4177 6598 14005 -10451 -20381 -2745 -25432 -59841 -33217 -61702 -29352 6246
r179 10055 -41212 29902 54937 19537 54072 -18691 16516 -59794 28197 -41476 -6398 34701 -25518 -63150 47035 35035 48901 -23947 -401
r180 -34236 40419 27341 63778 60858 -174 -56605 34684 -44318 51135 24612 58642 -44047 61823 -5282 4302 5060 -1846 -6265 -26496
r181 7397 32252 -57907 -1298 -32423 -40647 967 -52827 30359 -48865 -52397 -63775 -23417 -10852 -4196 45767 11940 17226 -32485 18197
r182 -14951 -15306 -50309 35426 30044 -14396 18186 52860 -34100 51230 -59550 -23372 57686 -62970 -25489 -38277 35011 -62831 -21282 63891
r183 58514 28801 61425 -40423 49064 -49826 9481 -38787 -12284 -31199 50231 -24565 -64323 45395 -15570 51650 -24547 1 -23477 -651
r184 12882 6479 -55792 -55923 54178 13226 3314 -58366 -48106 4714 40681 63518 -45947 48464 17970 41667 -45215 41745 -49089 37447
r185 -45243 -15137 -15465 53812 -36152 29970 16282 -61069 18068 10811 49391 -39842 43327 60889 -40534 -29143 33803 -444 -21233 -21250
r186 6713 -43989 -59016 50311 -59435 58694 38646 29894 -12936 9112 -17883 -65132 23610 -23798 -3828 -51965 -50647 4684 59968 -47332
r187 -58461 -44593 14944 -727 51916 -15364 -58809 29722 -27819 13650 -13120 7189 26481 13461 -34987 -34215 25857 58395 -53482 40816
r188 21616 7015 11165 24865 14880 28093 16756 -36649 7967 7533 41800 29282 48864 62004 -43039 17999 26135 4817 -48734 -18801
r189 31343 17918 23500 -35558 5312 62464 -25125 -1487 -328 765 -61577 -45330 35690 45797 -41454 41299 59939 -35816 -11677 22060
r190 -45943 -10931 -30743 -7657 -33620 54423 40156 -55769 -28531 26193 17920 21868 -60677 -41478 -29278 -58354 -35638 62153 52933 58793
r191 20790 15 58340 -5480 -51495 14513 16539 -26000 -121 29179 33513 -61065 16292 -4790 -61888 -65058 -3323 -27598 30933 14544
r192 32064 -252 35198 -46583 11750 24756 61637 26051 16270 -42867 38952 -58248 13900 -17308 -14069 -45516 -51319 4432 -52704 -12646
r193 26786 6037 -50688 2386 -51630 15308 28038 54196 8672 -11398 3125 38344 -28135 8086 -17493 -25740 33403 -41078 11588 37623
r194 63227 -6277 -58045 32188 -56666 -5704 40861 43035 6351 3570 -29545 -30103 -9054 -48583 34902 -9005 -41857 11983 24114 8537
r195 28895 -16953 -42095 -33963 -35248 28011 36414 -31073 -65502 -19548 47336 11197 46408 39060 -8984 49851 19321 13217 37795 21067
r196 38264 -55395 14143 -40607 -43573 28778 30033 15157 29243 57911 -40563 -17119 28837 14380 23419 47379 -61003 -1869 64785 24997
r197 -9319 32750 -5810 58877 -14802 -40048 -58388 31302 12797 11322 53654 -58744 25211 -7269 64132 -17928 -38123 -11348 -55785 -36307
r198 -4930 -14125 -455 10669 -58618 -61166 -4392 -3000 24222 13799 -16688 -37289 21012 30832 -29095 54303 62636 -31289 54323 122
r199 39438 18426 -56400 -13261 -13274 49985 48324 59807 6021 -5693 -64877 -47328 40695 -28260 -34091 20180 20788 -37132 9305 -49518
r200 10359 31684 4832 -29675 -13656 -46793 18447 -15036 53618 18235 -59970 15087 -19313 59635 -57081 -5932 -62134 17828 -13895 -49499
r201 -34229 -51358 25363 -2971 -42141 -15253 64535 -50642 3528 34743 33167 40669 7022 -18543 -58421 -17437 -43477 -47055 -55081 22527
r202 -23582 -35925 25468 51222 31556 -58461 -54542 26374 18200 42719 -27342 -36754 9035 13819 11198 -5247 24224 -12085 12847 -18747
r203 20012 3603 51601 -26214 17111 -34861 26689 15550 37703 -57549 -12525 30320 2510 -3630 -25391 -40052 64391 -15131 35180 2744
r204 -56828 -24156 -4880 -22213 -62156 -65533 -2530 8229 21999 -38459 20157 -33438 40584 -810 -35679 -53950 -48822 8556 -7212 -30870
r205 -14777 -2798 -48582 -37811 63056 -32284 -57267 46483 -26378 -26756 -7476 -50102 -43382 26217 51958 55630 28581 -48743 -43810 -62721
r206 27668 48465 29396 -38866 42471 1148 39602 -23492 -8849 45685 35225 -46219 -44025 47467 -4788 25807 -37687 18788 55526 -38652
r207 -49118 15599 30606 14328 -20559 47186 -25840 -3642 51489 -31047 14917 -10795 -10324 -23314 21692 -33428 -38756 41805 5208 -29392
r208 -23572 -1223 -54459 -6678 -45205 -24981 -31204 -5945 42555 -64773 -34433 21993 18866 52496 -13304 -18455 58984 10525 53366 -50043
r209 -46281 46127 -2844 6777 6807 16656 -42430 10112 -37380 47475 2403 -49560 20592 28669 60938 48476 -59459 53330 3150 16461
r210 52329 52004 -30739 -11537 7374 60988 5970 -6767 64323 -17161 64074 -56429 15637 14308 17856 31928 -55206 -48150 -17695 311
r211 -47017 1547 45069 36005 -63166 55005 -11403 -37590 19419 6411 20902 5745 60555 22782 -5732 -15836 36912 21926 -3323 -15512
r212 -44891 56459 57215 -56941 39381 -46385 -26621 -38528 -48784 -60359 -7761 25086 19288 23552 -27778 24215 -28796 4804 -40740 -20018
r213 31064 -37769 -56885 -2110 -57236 14610 13457 42789 50653 -40938 34840 59129 40159 35686 14333 6983 -20516 -5742 61990 36603
r214 -14281 55061 43717 -63733 -54631 -53088 5142 20916 50081 54697 48718 23495 -32043 -24782 57531 -8806 39011 -55660 -49588 58
r215 10495 44668 -64677 -31800 44420 36857 8861 33477 18440 -58567 -56351 -65010 -9737 38405 57908 20428 -54403 57074 -21443 -52069
r216 9136 -1048 27772 322 -64686 55366 35800 21821 40284 -650 -47392 -9634 59597 54313 20760 61747 -56330 30521 53299 -63524
r217 8403 56065 48210 51594 -7033 16777 3056 -20085 15664 44562 45101 -43972 20288 -16318 -63638 -64127 15193 -38151 -39715 49629
r218 49613 59608 62129 51393 -19682 -62803 -33127 -65320 -13850 -8707 49052 15251 -8763 -11362 -27787 -36223 40255 -48975 -46320 40103
r219 -57331 25268 5712 -14015 19340 -1358 -10324 -23129 852 15019 -18221 43274 -53275 -63349 17897 43435 -9762 5357 -60385 20961
r220 25254 56089 38784 4954 -9232 21004 59129 35605 42598 -48595 49212 61295 23281 38001 -30535 54683 -43272 31570 -16267 -26586
r221 -24838 -52839 57543 -54969 -6274 -2788 -53544 27732 -22963 49293 63662 -4039 24526 1205 58838 -38979 63386 -11562 -13012 14408
r222 -27727 13716 34826 -8724 42137 30919 2422 30338 28161 -13790 -30843 17452 29513 -6537 56949 -17406 13807 25945 -35367 2571
r223 7180 -32297 34892 -21081 61489 -35334 -2641 -26277 -53433 53421 3474 -61043 -60408 -38464 -40255 -61413 -40214 34523 -45905 63375
r224 -63674 -563 14715 19627 5672 38847 444 31968 51556 62045 49528 -35845 -30126 42198 -23522 48532 -38332 -14903 -55030 -28216
r225 -33790 -3985 -23921 -59534 -51772 -8539 -37597 -42072 -46444 -50157 -48656 25420 -20416 44339 13880 -44344 -18030 23559 -20562 -1156
r226 60030 13183 30606 97 -32999 59708 -62210 63112 12497 -38900 47077 1524 20702 4839 31708 32531 -56317 -31158 49983 -34930
r227 27376 -28179 -58297 54683 -25635 4397 -38323 3600 -14868 1570 5512 -50113 27998 -63964 -19509 7814 959 21580 46205 -1147
r228 -15830 31088 -32041 -10616 -35318 52788 50173 -22044 -24365 49561 -52382 49746 22461 25503 56832 49701 -31508 -24959 -2470 -3104
r229 -8819 -8225 -48661 41649 26290 -56738 -10017 -32835 54908 -28705 13132 -64628 41011 -47386 -39010 -59512 31151 41092 19221 -6445
r230 41422 -39417 17633 -52054 -9500 -45036 40361 -54196 -21166 -28274 -59427 -39072 -61297 -58014 42187 -8542 -26062 -5168 -18036 -17349
r231 5040 -8737 -29523 -59998 11736 999 54387 53740 38893 3350 22694 26787 29320 -15885 30239 51683 -38788 34506 -43373 33527
r232 59530 -17630 -24438 56366 52577 -49212 29166 -14899 38718 17394 7081 -54428 63973 -46723 -55347 43219 -40720 -16298 -44218 -35609
r233 -45535 14150 8130 16747 -14429 35636 52522 -243 50759 -52649 -33530 16273 5461 -34034 -26407 -13338 4446 57751 -1399 55112
r234 23684 -55461 -32604 -19711 -3749 -27440 -38532 -49840 -52427 -33315 16152 -22765 -16568 -55084 11513 -31338 -24134 57682 -30126 1595
r235 -40930 -9875 -41169 5652 -28500 -43491 58296 -31917 -27941 41004 -44394 53372 33799 59330 17118 -16262 -32618 54690 34083 64138
r236 -63050 40588 1417 29080 -27777 -31395 32027 -2702 52041 24618 46941 58753 43557 -14005 -45594 -8023 9334 40866 2810 -63581
r237 51687 -24082 -64566 -56403 -56203 -19793 -25683 -32126 -29712 27886 43391 40 44697 -30247 59414 -54926 -20068 -57912 42820 1453
r238 1493 -53941 -47611 -60915 -38700 -34298 58257 -43744 52205 -11825 -5581 26740 31614 -55621 14041 35118 23685 -10973 40190 -14849
r239 -49002 52573 40650 24561 -46082 21308 33816 22736 43784 -32956 20397 -27713 -42231 -65253 -25744 -7567 55091 19687 -37799 51538
r240 24886 -6972 30687 44259 384 470 -42627 38290 8467 -23001 -414 41577 21432 -30797 12955 -53122 61343 -23814 38604 17736
r241 20068 10695 -62583 18638 -38856 3427 4184 -41037 10602 23164 -36284 2254 51167 -22670 -55971 -34451 -30121 -40451 -40231 -34500
r242 24588 447 14956 12922 28889 369 -5922 -41417 522 -45112 29476 1904 30172 26455 -55594 1741 -43390 17248 -51043 46387
r243 -29683 -3861 -32324 -2574 -63855 -8084 -23990 20637 35683 30690 59841 -25878 -8697 22528 697 -46689 -55200 32245 -27114 20311
r244 35133 13604 -1629 -55897 -4705 48328 -38332 34051 -11023 41892 -22392 -40309 -54698 26902 47058 4058 -56107 53666 -46102 22104
r245 32283 39278 -29685 34047 64949 -60357 25952 -35165 30406 -21857 -36548 20988 -59489 47904 -23281 -44569 -44535 -20147 -56096 58014
r246 -29580 -28902 31783 23400 -3264 -34319 -45085 -35237 -11346 -36867 7155 30563 57462 26421 -22551 -1003 -36369 -10959 22807 -2112
r247 -38643 -50663 54710 41764 62136 -49009 61433 -41657 46661 64685 49198 63828 -9497 34684 -48308 8797 -58664 -48837 10367 36881
r248 -11802 64178 -58781 -59022 -61513 -16033 12185 -26896 -200 -21 -27386 -53360 42403 -54739 -6051 33938 -29636 44002 11472 -19820
r249 -42506 -15169 -55062 -8911 50546 -35355 -37535 15376 -63117 21439 -59578 -7571 27112 -2143 52467 29688 14516 44524 -28364 -40317
r250 -37643 -24265 -32782 -50887 62281 39856 -43105 -38798 9194 648 -10156 -61502 -30208 -52689 -23960 -39528 26120 15803 9148 -15295
r251 -4403 10459 -38367 -18015 -27259 -12477 50864 13334 59891 32317 -15514 -28732 -17008 34774 -37035 60416 12550 49549 -16328 41690
r252 62890 -32483 -58859 -18996 2718 18478 -54892 34271 45807 5096 -26302 -45715 -39345 -19548 -19228 -28669 42976 28084 -10564 63420
r253 -65377 -7153 -64260 -16925 42579 -47680 1805 27720 8436 61117 -56305 13374 33162 -22649 33458 -47399 -30486 39101 -34374 20725
r254 48049 -59905 49707 50843 58109 30858 -20290 34321 -6870 8283 19965 -47129 61019 -30905 -21432 19311 36059 54272 13790 -32331
r255 5062 61848 -49929 -58081 -52942 31204 -40536 -18813 -3406 -11223 57727 40942 -47920 25517 62795 55801 38859 -10741 42927 -34230
r256 23561 -54350 -49154 -17934 44791 -52714 -12173 57360 52214 55460 31171 -7064 -63830 21003 7954 -52443 16685 8382 -56680 64823
r257 17143 42628 32940 27757 -44315 -15039 -65123 37244 54398 -43701 -46325 -41791 4849 3118 -62442 -43802 -54625 -15316 -47928 -30274
r258 65203 -51940 -6003 53789 18599 -58417 -61798 -17549 -51857 -50702 38026 -49272 16540 48840 -30253 7971 -4867 -59814 20950 47601
r259 9615 30828 1798 50181 11358 43435 -39354 24218 -58397 -56757 -43613 52977 5911 -42379 -58604 -57890 7564 4372 -37819 36585
r260 43572 -5307 54841 32546 -62850 5998 55511 35809 3249 -19828 -2470 -2929 57662 -62906 59636 -22566 24238 53568 22479 -57145
r261 8273 16370 -35215 -38683 -59927 -36261 -42698 -58894 -33456 -62568 63099 -9138 -44177 -51217 46444 -59964 64208 21328 -22852 62190
r262 -55315 6315 54175 28289 50232 -55650 -48077 17728 -40043 41644 65049 -5739 3494 23388 37174 29020 28204 -37638 -39509 -31381
r263 7615 -61792 -58690 53345 -5786 -41697 35830 -29836 -25109 -44464 62793 -48189 591 -44944 55195 -43854 29985 -52226 12381 -53651
r264 -50721 -58764 -47344 56091 52857 -30416 -24595 -35996 -25200 55259 -36212 17958 -6962 10857 -19313 19444 -37355 -19453 -30347 12555
r265 24778 -31432 -28578 3062 -2015 -18928 59793 -63736 57894 14008 -2716 45404 -40096 9229 21551 53942 -2257 32141 -37546 -37118
r266 -21683 18967 19076 -7373 56765 39807 -998 39594 30753 -22577 -16907 -2694 -16925 27084 -27018 -34485 -43324 42584 33949 -281
r267 9213 -61122 23504 -36205 49903 7332 35584 -47135 -57999 29591 19828 -59280 2849 45838 27555 962 -5212 41848 -30799 14620
r268 34420 55392 -54776 40070 14730 -56372 65003 -9528 63061 6919 58657 -19966 -47854 -32971 10710 1029 -47084 54020 -42413 23535
r269 1032 -17880 -4885 -47018 -64002 41459 36555 23425 -52041 11699 -62385 15650 -64075 12442 -57113 -21077 58069 -56165 60323 2444
r270 11459 -12326 7850 15604 52158 -22231 -27166 -2207 -45994 10164 -41743 -10027 -1143 46499 32427 30437 20401 60218 7999 -10861
r271 -12217 -55201 18868 49409 29798 64301 54055 -1910 -33010 -4715 -26999 -18010 -62165 26979 -25983 52007 -9078 -44225 44509 61771
r272 12833 -6791 45775 29784 48799 -9748 3851 12311 11697 19242 56425 20126 -26268 -10671 39146 52794 27174 -58846 -25527 -12113
r273 4345 48294 42929 49582 32397 45871 -54382 -52608 41380 -28926 -48373 31646 65526 -5134 16504 -4983 -40373 58587 -22655 47620
r274 30051 -22966 29061 34236 -58643 -48003 53806 14045 47492 -64897 29724 14023 -55175 -33318 53976 -25987 1994 19406 -5145 -32175
r275 -13986 26816 -15970 -48565 57739 24885 22551 -35495 -8166 35204 -53414 1193 -51924 -14252 -47688 -57456 -57382 28739 31923 -11643
r276 -39717 12472 -56086 45617 58869 -46507 23817 6538 -25458 61558 -27565 -51165 -12099 -50936 42811 -38428 -20094 -41726 -23319 -51198
r277 -32714 45079 -2621 -17745 -21967 -1786 -20224 29799 26502 -62979 -52443 -33937 -9532 -48026 30713 22361 28858 -11763 56201 -42627
r278 12863 -4331 -27346 62406 29763 -10313 -12846 62691 -6322 50322 -55069 -13370 -31960 -48485 25141 49225 39235 5763 -55098 39093
r279 -47432 -52064 -60128 -46613 37887 -59388 -59199 -47850 27583 50871 29289 60187 8642 39537 -33187 54380 -32540 -14012 -60983 -54809
r280 49128 40483 -4350 16292 -29015 -42512 23817 28107 -5332 2287 -50245 -19043 56013 41442 -58864 43418 8524 39048 -38627 15164
r281 19035 41646 52874 -8941 -56191 61430 43976 11147 31163 -1011 -8325 17359 38832 10507 -30368 22513 49168 16454 -37946 -38940
r282 51172 29142 19697 -55407 -20794 59009 -37033 9023 41569 58558 24370 -65335 41528 -27769 -41768 9578 26234 14750 -65406 15523
r283 -27766 -52609 46498 -49014 41115 16622 62613 48438 -55281 -41804 37456 -35770 29826 -46085 -20717 -53043 -1774 25541 8622 24612
r284 65287 -26667 63465 24539 -59967 -29715 34000 -5366 -64866 30563 -59769 5692 27425 -60450 60445 -29579 43242 -25063 -57945 -36133
r285 -7397 -382 49164 37948 40677 47784 -34477 -3709 -51353 -56896 32362 -27099 -29231 24338 59076 47052 -11164 -4384 24158 36815
r286 33988 -26623 -55901 55835 31987 -39569 -43090 18985 -22660 12007 4705 4331 -3635 -37556 -17537 -25651 -36878 -17431 -33639 31837
r287 -27914 -4516 49423 47602 -18212 52857 11262 -95 42853 17467 3864 -53086 -40934 -53015 -61283 243 14701 -21627 47725 5001
r288 -27998 61840 57461 23194 35270 19160 -23901 -3844 -6599 60115 -812 -11096 49748 22660 -23849 41259 12513 34812 -24405 -48310
r289 -2315 60974 -10456 38574 23200 18105 -40264 46434 33604 -63788 2221 -23648 6724 26502 21248 -29554 -37827 15259 -39417 -61332
r290 -29827 -36640 1567 -34054 -1275 -43826 -49610 30180 6169 -56781 -10968 -13800 45857 27302 7561 -42718 404 42322 17800 -8945
r291 41277 -10761 61912 33653 -48951 -24644 -26411 10465 -30348 -11587 23495 49771 49136 -12271 34852 -51717 -12267 -46180 -65429 -10015
r292 -46343 61350 44771 1279 -49828 -27894 -13200 -57149 10133 16439 26933 -14918 30786 -41160 10696 -339 15661 2474 60513 62466
r293 63484 14873 24662 40425 -10073 -27691 38799 8092 -64433 -16848 -12762 -60087 -36866 27522 -6744 7671 -61563 -189 -9570 -20005
r294 4808 -35408 602 -55600 -63587 12247 19220 -13835 -2598 -26752 -59015 -65271 48992 -35667 34399 18271 -54413 12940 -54447 48451
r295 -4669 28749 48189 54122 4495 35239 40588 45332 26186 -2328 11406 28294 -53750 -30596 14748 -48425 -36637 -254 17580 -48402
r296 39403 -61714 -40336 36791 -25278 22314 64404 -18665 -33653 -21472 10425 54817 -49696 -64967 -24724 51877 36866 53408 -60638 22876
r297 45861 -31360 -25327 -16387 -43644 -5315 14655 -64696 -43806 36827 -47924 -13828 3615 10005 -41548 -46619 -48837 63956 34565 28425
r298 19670 -41160 14698 -36398 -63526 -13618 37692 -12332 -50493 -42883 15127 22084 -50622 14452 51310 62862 60838 -11002 46920 -42743
r299 9730 43040 -21719 17819 -28142 39970 -13147 39193 4558 22028 -26734 55640 -7059 -25646 -20574 -44242 4811 -6826 -34675 -56536
r300 53159 40099 -61686 -49830 16972 51609 7752 -13656 -20955 -25013 30811 43670 49878 34492 61523 21983 -8805 -51286 -6769 -46062
r301 27593 -40039 20756 18943 28287 2594 10949 -33064 -1400 -42871 -6322 -18514 29565 18427 -18936 -1047 50696 54941 47569 -24339
r302 46221 40997 -21484 -64425 38991 -37387 -23193 5779 -3085 35211 24622 24846 -57694 13703 -39208 32565 12753 40565 63971 50136
r303 -18597 -60875 -62907 45588 -64098 -30459 64181 27300 -42800 -61036 -48732 -28019 17729 -40772 -15265 -11219 1913 -6865 -42027 -39758
r304 61022 53389 -35534 -34835 -59836 10087 1639 -57416 -45183 24105 -33127 -52959 18535 -57933 -65036 -11225 21992 -65275 2796 9315
r305 -50847 -64541 17998 -6908 -17355 1029 -14028 7928 45853 35466 -35511 51847 2251 6174 27054 52074 -42795 -58562 7826 65192
r306 -58871 39181 -35862 55644 -13142 -58645 -48333 -41451 36661 47637 -49752 -47604 -35797 -29260 8466 -24013 59164 30519 4418 19268
r307 -9117 56167 48060 7838 -28836 50748 19360 -36847 23158 30623 -8783 -49446 -25137 -40312 -11697 60142 -37909 -40915 62945 15346
r308 54413 49424 -9970 -11641 31587 33914 -29544 -21014 52396 -60762 56671 820 -4320 -23047 24828 42901 62989 23285 -17268 35658
r309 -51857 12107 -11083 -34372 -10723 5835 16902 -54904 12193 64137 34717 31453 4786 23331 -2883 15364 64525 -62284 56631 48606
r310 37432 32698 -17511 30958 57630 60487 -44286 -3561 61169 -41213 17692 16615 39653 -37788 15237 -8712 -38225 33467 12037 -52100
r311 -34969 35975 -41267 25734 -54474 35398 -5270 22884 3014 -13924 9657 -60166 -46440 34765 -51216 -43419 -6071 -15953 57874 -48107
r312 4531 -56901 -36447 43335 -13968 -4164 9174 58191 9143 32508 48814 3583 28879 14104 59200 16553 1449 41667 53830 24130
r313 16055 -51508 -21920 -36001 -61143 -53399 -35694 36017 26846 38441 41949 -32734 46998 63264 32317 47765 -8175 8750 31738 -30185
r314 18455 -29425 7948 14678 64371 -4016 -34854 10102 -34353 6712 18597 -7826 27169 -17921 29084 19891 48518 -52561 22192 -40718
r315 7754 4274 -21219 32909 31912 57204 23684 41789 32690 -54129 48124 27784 62548 13753 10315 -31456 -6629 -448 -62433 -47069
r316 -35691 -35860 -42586 36049 -56366 -6176 56838 19275 47283 32279 -936 31470 -43254 -32827 1226 49555 -63427 45461 -54225 -6829
r317 64555 -27214 -58037 -56716 6140 13752 50800 -31371 -21235 -37628 18739 -24372 -24151 -14811 14171 36610 27760 -55015 18847 -62334
r318 6131 -43927 -19589 38796 18265 -16026 -47561 -24866 34802 -65399 45803 47125 56174 60225 -31695 -46115 17438 -8268 23117 57778
r319 49918 -1965 -27216 59292 -28878 56009 26696 60397 49565 -33484 -45496 -48565 52545 14670 22940 -13867 -32318 16565 56791 -43509
r320 -17736 54024 -46206 -56605 49335 39772 -10547 35977 62173 6571 63719 39814 -10193 -49985 5794 7726 -38889 -26529 29914 16236
r321 30049 18632 33178 -24784 -28984 20137 3248 -27711 53245 14829 61583 13005 -2574 -29031 -16658 10573 -41360 -20694 48649 -34337
r322 -50345 -6293 33074 -30939 -36036 27051 -4763 967 52447 -7042 -14596 61877 4780 -43818 -3242 7274 -43327 44569 5392 -13858
r323 42781 -17248 50825 2632 36368 -3717 -24124 -45710 -57432 1684 9134 -40066 20328 5617 47770 42520 54272 26776 -29859 -59449
r324 842 -33456 25550 -44950 -19348 2679 -1153 -60144 -6000 -47324 34673 -22814 26695 -30833 44109 -45123 16755 -18673 -52327 48934
r325 -1341 -41472 -36334 24762 6971 60492 33372 -29569 59095 42553 -21099 49838 30710 -22716 51369 -13761 62535 -7152 5162 -23258
r326 64853 -30498 30847 32886 2164 -50918 4725 -366 -33981 58277 54267 -21194 12271 59870 -49793 2654 30944 -50538 -42498 21964
r327 5771 44901 22804 44959 -62483 52185 -25868 -12053 48451 -52511 4561 -16850 -42068 46158 -9776 549 59618 -725 -9395 4000
r328 8669 -8958 -43987 -48985 55149 50919 -8791 45802 -25738 31139 -24379 -2389 40187 -664 7990 -38737 -37749 45309 52257 -18530
r329 -13001 23222 7155 -57829 42396 -56919 61148 -64773 63380 -46058 51044 6692 40279 47632 -7602 29326 57380 -296 -1280 3120
r330 -33597 30808 5266 31297 -42054 58476 -1396 -50555 1956 995 -7262 -27327 56586 -21971 -43103 -39923 -24444 40346 -6878 41921
r331 -60053 18277 13750 40540 45487 -51143 -55209 -54730 -29926 42102 -4609 -37924 -14978 -37535 13816 25952 38317 40486 -50677 48027
r332 29541 -37240 31161 58343 -57094 -59887 -25224 6088 45819 62402 31344 -62301 9668 14701 -62103 59398 -53146 -27452 61172 4200
r333 14188 31342 46380 -4666 34436 35669 -21784 -44386 23079 -54599 -33483 -47848 -9844 18816 49331 2871 33444 -2451 -30492 4887
r334 -51104 1192 -36143 -25134 -53960 565 63458 -54233 32989 -32729 19281 -53128 6570 50200 12407 -981 -17717 -57468 28021 -13409
r335 -25819 -627 24578 -8449 -54767 -54580 -62531 -56334 10623 -27542 -43654 32108 50611 231 40491 -47681 17905 -61012 25591 -4718
r336 13224 14196 -4110 -46976 -37354 10362 -39099 14087 -65231 5767 -7543 16606 -31966 17478 -24189 -56885 31673 -58727 -62640 51924
r337 -35715 45443 -55700 30862 -36101 -51442 59717 8553 33798 -64497 -2699 704 -11063 25685 -52122 -32372 16121 1032 -54448 -29586
r338 -31658 -23049 -42573 61374 -11808 -8693 27090 54588 10310 -21934 8930 -36415 -2222 32406 -48647 -35754 -46205 7403 16677 2446
r339 -62301 -3001 -58581 6207 -33459 -25881 -27496 22234 -359 22625 -48148 -45367 -21696 -35646 41138 22891 -37832 -58704 -50157 43117
r340 -59855 -64557 35757 8825 39410 18596 7752 45353 -30225 21913 26827 -30931 -42815 44774 -7382 12382 -54710 55986 -49246 -43347
r341 -3933 -13421 -16745 48243 42448 47125 1978 -32971 34416 16075 -52688 42520 65174 -51457 -52314 -64558 33212 -33456 2236 -3309
r342 60258 -45305 -43930 25510 51863 -48818 53367 -38224 15715 -35409 30524 23096 600 -35779 -30534 55233 -58204 32389 4902 -9332
r343 -28413 -33291 -17461 -39799 -1333 52642 -4436 -36702 21576 1841 56491 -32982 57383 55616 45316 61784 59891 -27242 56503 -28210
r344 -49401 -11401 -44544 25277 -60298 38848 -43511 21890 41470 42440 -58713 -6774 34062 -48643 -46018 -61327 -20599 -44605 -27527 -45126
r345 67 -50518 -48148 22598 22677 27917 12042 -59429 -2749 32725 -24766 36077 -63806 -28381 32047 -43870 21735 20553 55556 -21390
r346 11104 -13905 -1130 -19812 42019 12897 51606 25688 -41292 1846 10204 -21480 -12104 54446 35220 -26447 38319 -45669 16495 21528
r347 49053 23245 -28708 24332 6930 61605 -3248 -54160 63510 3438 -8088 64651 -43714 18281 -57041 24982 -60122 27361 25793 34990
r348 -15183 -6408 63894 -6308 -21913 18869 4652 -53085 -46036 11401 -23804 -15059 64084 -30324 -63881 2710 -15267 -60473 -40865 18649
r349 17419 -4094 32112 28673 -60021 -54500 49266 34792 -31643 5745 39704 -58708 -11840 41950 64899 15799 -20692 -16397 967 -57481
r350 62819 -15670 1266 -16389 -23518 11019 7022 -58764 12735 -35987 -41251 5464 -32403 18613 15647 -4138 16283 50517 -58545 -37490
r351 42376 28376 47728 32961 11204 32525 18683 16931 39901 -26349 12758 29317 -11223 7326 33470 50445 -23795 25704 -6823 -21558
r352 32143 -37456 -20191 -11971 -31459 30204 17717 25672 -32225 -88 53804 27616 61261 -9027 -27510 -30174 50073 -8190 44113 45542
r353 48407 32553 -8637 9388 -20355 20447 -39692 3354 -55749 -2967 58857 57110 46403 -16536 -40867 -52437 26918 6006 -19356 43243
r354 -46522 36028 36587 38140 -44905 -23872 -20984 -41026 40438 26568 14720 7599 -49684 26730 -28634 19430 58849 -46823 -44035 -18519
r355 33943 17559 -19469 -31952 13596 -21040 40782 -41243 -9555 -5755 -5764 32539 -28328 18207 4385 -51422 39197 -60752 -19622 -1464
r356 43790 1207 -50967 45678 -41641 -49351 59260 -32555 31630 -8764 10019 -31341 -35334 5925 -1806 15817 12382 61430 30175 49987
r357 -2073 2003 -20166 30218 21110 36905 56266 8768 -23095 -62986 61856 18493 -44905 52496 -9400 48759 15526 28160 -10506 11924
r358 -21452 19359 -11459 -27819 -25705 -45151 44717 -39248 -59647 53259 32876 21006 10832 58206 -24872 19277 60833 14518 23227 -57787
r359 7078 -19224 -22105 -35861 -712 -6289 49529 -19339 35794 -11266 31579 15923 50179 -55336 -18164 63300 55351 -23092 -19724 63446
r360 64154 -18203 36669 -22028 15143 48618 -54137 39241 -30767 31761 -37361 -25261 -62631 -37929 -1923 -16381 38763 -35281 21528 -47936
r361 -20027 49897 -59499 -9508 31442 21993 32208 9255 62151 -10014 21056 2776 -23201 10005 -56845 -65133 27471 42869 -43986 6962
r362 52734 60829 -14796 15302 26451 57877 52052 -50147 31878 -51333 -42644 -65165 -44415 -20044 22506 1426 51400 37897 26556 -41065
r363 -52831 -64332 46561 -51578 -9916 10079 -17617 49282 -7331 -55734 -7316 4979 29545 -8420 -61899 -19631 -35915 -55353 4381 3231
r364 16512 13121 -20717 -61260 17217 -58391 -45972 -45799 12454 -21806 -14238 -20717 56005 -46664 52875 42323 37579 9873 -51590 49067
r365 1587 33675 -18399 -41050 -40530 -61769 17872 26907 -58208 65108 -20354 6401 -57033 21671 31094 23342 7084 -9039 65008 31222
r366 43546 -51495 32133 15970 -27378 31189 -43526 28810 28630 54073 65283 -44708 -56048 24958 58777 63895 28220 25333 49726 -37357
r367 11961 22890 -53141 59274 -55614 -63523 52316 18358 -22391 59491 9094 -15832 -62233 -29845 -46323 34454 24666 33993 -26475 -3715
r368 54853 43400 26844 4311 -33766 -10457 62187 -63717 -563 8370 58596 -57157 32758 -31353 -8732 24612 -27199 -62966 -17866 32848
r369 -46710 -23482 -41533 16370 -1604 7233 -31188 64905 -30271 -25675 60435 10807 -9940 31137 -14242 56166 -63951 7708 10658 -19063
r370 -51096 15585 -31143 -54569 29284 -6160 -28003 -13419 63733 22046 -36159 35510 -6183 55693 -340 -64470 -21795 -49163 -14252 62344
r371 -9528 -50837 25668 -23306 -31599 50045 -18812 -40946 -46699 36134 -3772 -21256 -45505 17297 -62890 -43850 18700 -65191 24030 -62476
r372 -32862 -5086 21751 -63395 28913 -50818 44613 15703 -18495 -57574 -35415 21384 -30279 -14551 -62862 62402 -16464 -5205 -29824 -41377
r373 44807 32144 -44589 64428 -612 -14301 -13295 40267 36228 10037 29459 -54691 -10438 -2100 15396 49456 56296 47353 52333 -31168
r374 -43321 37991 20776 34971 -42001 5630 51798 -46751 -34511 -45307 -46978 -4977 -60169 -58349 16214 63652 52382 12330 52794 -23853
r375 -39659 -39887 9682 -3650 37893 -54544 38121 -17181 -32952 15210 60693 -58701 37211 27727 -62505 63978 18981 -37637 -57794 24891
r376 -10008 -26057 15846 50059 -44053 37327 51401 -9413 -2015 31223 39408 -18685 -63813 2622 7128 4181 18700 -30795 5501 -4165
r377 62993 45762 60617 -30395 16065 58405 3657 -47489 -61314 -24539 2903 -51645 49402 22651 -6930 10640 -46511 58824 -25162 2834
r378 -12895 17795 -14041 -36216 63691 37165 -49923 -37832 65489 4352 -39450 30104 35523 -21806 59803 -19406 740 -4383 6391 -55168
r379 61535 19648 51373 -32030 25662 63759 65363 -38007 -39675 -7050 14609 8076 -30520 -61540 1360 38428 48837 20892 2637 -52220
r380 33210 43490 27561 -34303 -53797 -29841 10601 13832 -2685 -54845 -3388 43335 42238 -34639 -29980 25491 42204 -49917 -22122 -39030
r381 -63390 -33111 18895 -35463 -64807 -63397 14044 28137 -18092 45215 51 -11234 -7890 -7167 5706 25208 5803 37842 -63187 14275
r382 4060 -12157 12847 33076 -26646 -49274 45157 -45034 -37868 -36263 -35897 12164 -61034 -8300 13370 55414 28298 60009 -13061 32244
r383 2590 21405 -65030 50152 -14156 -27451 -10674 22236 60561 -3603 -49943 -64535 16954 15180 9229 56283 11223 24869 54898 44492
r384 -4621 3061 -924 -60034 -59456 -57833 -5683 50741 55962 -57076 4022 44806 -35825 43424 5479 16426 -2823 63597 44167 -58465
r385 19262 -13468 18976 -15223 -26382 9112 -38357 -11976 61590 35077 39095 34321 -60272 -13808 20062 11435 -1864 22846 -31912 -897
r386 3920 -59871 40527 -61097 32671 -24645 -31520 18322 -25409 4727 11851 42119 52831 -33479 53433 -19998 -51905 -39920 60193 -54880
r387 -12007 49313 -57216 -32177 -28338 -51291 56701 -25183 14617 -20747 -42034 28892 -44301 52036 -57271 13427 52756 -36711 -2910 49198
r388 31436 -46989 -55215 -31202 -12541 39490 44930 31726 63192 -19651 43731 19463 -52429 -32641 -59581 36749 42452 -41353 -49195 34254
r389 13736 36066 63179 -13242 18458 -40417 -22696 6299 -60654 20397 -14299 -24299 32457 -11702 -15427 -208 7844 38502 30536 -40763
r390 -25891 -35067 -10859 -54951 55833 64089 -940 -2566 6550 -21570 54413 42163 50320 -22133 41708 -14556 -19528 63348 -1527 -8568
r391 -34501 -41321 47907 -46277 -34005 21527 -40857 64771 23739 63235 10875 -48621 -52194 9235 -63369 18944 4516 7166 -64509 -2727
r392 11398 -33921 52719 33080 -33012 49391 -43260 -32729 43416 52922 63405 63913 1868 -38277 -60295 23908 36330 -4139 -48525 10667
r393 32058 10624 -9481 -34794 -5355 -33915 21616 -55842 22049 -49386 29995 -42115 35076 3561 -24995 33797 27254 -51475 -45662 -11904
r394 -32093 -7757 -59853 56518 -57290 58991 8672 -16287 -44341 63949 -9027 -35216 -10594 51171 12988 29740 29850 -2062 26183 -50241
r395 44620 -61756 48652 18082 -2272 22102 -50494 8604 63760 37419 -3606 363 -40902 -32236 -3511 -29006 -53071 -42933 -33287 -31292
r396 -944 57244 -2243 13300 24024 -11677 65399 -42786 12205 5200 -25221 63353 36509 -60214 -30615 -55732 -25187 -2822 2012 -56134
r397 62457 38434 2381 -16173 -31208 61532 16187 -7357 -57023 -56199 18391 -6590 -59371 16964 -37798 -15245 -63762 49572 51672 55568
r398 -58130 -16829 4466 25243 8701 41274 54404 -12964 -6529 -32081 -49670 -37275 30978 30611 -17739 -23482 -59307 -20504 -56049 50775
r399 -6649 -55405 54486 52483 23217 -18580 -2516 8547 37918 -65200 -609 47502 -53911 6218 7316 2302 3128 -53807 -12981 -5616
r400 -59734 -30604 -48502 61906 44305 -24473 -57465 18191 -13931 26410 42722 -40543 -32870 -39750 -51315 -54307 43760 -24719 -60878 -8610
r401 44718 -8855 43229 -39856 -52931 15241 -22201 -58594 -42453 -12708 46312 36002 14389 29036 61561 -24789 -63470 49807 16075 59458
r402 -41015 -27178 -948 25585 -59318 6366 -20602 33438 23848 5206 5078 10142 -18527 -32411 -2364 -47285 -13297 62611 -5193 38664
r403 -24559 -49452 22659 -12873 60981 8433 -43919 -14353 25014 -23207 41218 -53698 56446 -39173 -4016 -43728 54459 38782 34742 -4781
r404 12815 46345 58996 -56555 -30933 47808 -5243 -23434 56821 59332 26616 -61333 -36114 -57887 42507 25493 44974 -5561 -3398 -4398
r405 50396 -61613 160 51614 -8999 56736 31627 22315 14116 -1847 -8080 -44617 -34267 -22874 -30619 13909 -36364 -52864 -17600 -31551
r406 56277 -54697 -22751 36184 20890 -64540 -20562 45115 33449 -41740 -60757 42805 14429 7514 32277 47632 -13671 6816 33235 31013
r407 42878 21137 -23891 -39622 -42083 19049 20748 -5681 53594 -40234 35505 10730 62119 23503 41120 -19274 4194 -55910 -53284 17861
r408 35611 -21966 -5492 8361 40603 -62885 -7248 20485 30787 -47748 -18304 -34390 54785 60071 -2813 57064 35938 60794 20044 11753
r409 -50753 46137 58199 63821 -53825 -8238 -27420 -24280 -58332 28079 -40188 40796 26305 9674 -34647 57461 -50514 -24872 -48113 33319
r410 -65535 -14687 30276 -44997 43611 -53043 -22557 10679 31619 26915 50839 -62460 21242 1274 57436 -11511 -35356 16145 39750 -56027
r411 54142 -58373 43330 21538 -51130 -13651 1836 24717 20430 -36344 49925 -30203 50376 -21280 -23920 9570 51706 -64177 -25703 65333
r412 -5011 -34544 -7053 57099 45211 63271 43230 30498 50998 -14781 -58326 -48812 -49100 24593 -15766 24172 -59796 1031 24450 -44375
r413 28678 -25016 -32016 -50050 -31710 -45478 -35982 -32139 -19042 -40026 39099 7116 -61211 -38007 46128 -50040 28726 -49409 -58557 51819
r414 -17144 -17546 -52434 34056 18947 5878 -29419 -42802 -26860 42246 41225 44257 -1850 62509 -44933 -58160 -60419 -36055 37488 -25047
r415 41078 -39056 -37959 -49074 11224 -43735 10124 9414 37083 51341 42857 -51256 -54440 39434 -64482 20247 -12283 19085 -1881 3630
r416 57828 19416 4508 -35749 43348 -17295 -37842 -45318 11054 10838 -37604 61610 -54558 37530 26994 4516 31926 -15885 17892 23777
r417 -35679 -38696 -29567 -3159 22367 14783 23366 32841 3470 38883 55199 54124 -44946 -52770 16698 -13913 25102 -57127 -22093 -32440
r418 -45786 -58975 22791 26195 -24669 -23010 -46995 37044 10098 59381 2149 -3568 36656 49944 61085 23478 55342 -30631 10065 -30075
r419 -33833 -30082 60527 -55031 52011 21390 -62531 14209 36220 16443 47414 -40892 -15313 2040 -43457 -24650 -6238 33442 33138 9113
r420 -50807 -32919 -63722 44558 -19636 -60441 -28388 -16031 -6108 64344 -43574 -16719 12706 33098 -35102 -19929 52504 -61295 64919 -47991
r421 -22146 -39234 -12899 37257 -63575 7312 -19116 -617 -54521 41645 -58968 -44557 55887 22137 -47025 -53220 34323 62774 30495 49436
r422 53689 36190 -10890 -20372 46149 -57321 12922 50747 -2362 -53778 -36518 20527 58772 -16661 -17797 -37423 57304 -3681 17358 -538
r423 -7140 26153 -19150 5800 -57627 32231 49342 -31217 19382 26108 -48432 6353 17593 -57583 -40114 43816 57168 -22057 9752 -25125
r424 8837 9131 31833 33476 8566 -952 -51488 38936 23947 903 -44517 27895 -844 -20982 47281 -8237 -60054 -62542 -36818 -13914
r425 63638 50204 4312 25959 -49245 5852 -53010 34149 40668 42372 61457 10148 56590 45542 -63305 -41726 41669 -2239 64632 2062
r426 44690 14213 53951 55548 -16903 -25080 993 43440 12692 -62253 -31948 -22951 -60738 62553 -50685 14855 28634 63717 52870 -32450
r427 -62490 62542 -5619 10243 -3573 -45162 -56632 47022 8464 60986 -63551 -22453 -5144 13066 -20787 -5782 58115 -48890 57382 53989
r428 10250 -9645 -18116 -54253 -50844 -679 29667 30408 8528 -33663 9888 56350 29135 -52094 -25169 -58806 56227 12384 -55313 37412
r429 64509 15363 -16543 -42230 -1381 40953 56453 53187 -8929 -26134 47019 55262 -64030 -24756 -27829 20982 8432 24990 13274 -64079
r430 -46821 -32181 12926 -42070 -57235 28446 -19892 -59498 54035 12120 -232 -37209 46275 34446 16322 -49402 -33394 -32453 -16972 23729
r431 -19084 -50566 8750 64070 -11103 -57877 -15993 -56776 -8265 48545 -9615 1831 10841 15269 12705 -19164 5263 54558 62691 -16290
r432 17642 -13420 -61795 -16329 -61321 25277 -28979 -40507 56483 21845 32587 -29562 -12975 -56293 -27895 -58759 8416 -47911 -17834 -15141
r433 53735 -52350 21981 -45763 -46040 -1060 63636 58657 -51116 -64068 16968 -22375 48977 -56375 -23833 9480 9715 3083 -57940 51026
r434 -1569 63106 -22935 -23058 -58790 3457 29257 4296 49259 -22674 -49143 56229 -3936 34695 -5848 30786 26123 -56877 46811 55051
r435 47413 45518 30346 7372 -20240 16819 -47635 62934 -1489 56911 51584 30944 -11281 -47796 12443 -16487 -56678 -29623 -1359 -10865
r436 -61939 -59603 39852 38406 -51109 -6163 14103 58315 -54604 22935 64961 -61192 -65462 16060 -3920 -37342 -36462 9069 -64624 4395
r437 2310 43680 -37618 24992 -2363 30853 52290 -3831 48738 13945 61059 -5561 57696 -15395 -3802 -49440 -39544 -57494 -45880 64131
r438 -59417 58594 44381 -44477 -3886 19140 -54488 55052 -56741 37016 -38783 8799 -4636 28249 42318 746 21727 18540 39341 -16769
r439 43065 32811 20311 -32690 -63137 -7881 -19136 -49279 -25806 -44183 -8921 -3725 -17530 5190 -23456 -38370 55910 -1182 -52740 -7181
r440 10386 63736 34350 60923 -40194 19354 -28159 8101 25312 13873 45954 1232 1917 -11745 53567 55471 59294 -3882 16060 48755
r441 -20585 47459 -47514 58819 48210 -14677 -49180 9318 24702 47915 25199 -16805 2620 45131 -34945 52435 -29457 -24374 -9895 -19133
r442 -23439 18238 60859 -3210 -16973 46900 62424 12494 52587 7515 4831 -37191 22932 62080 -39473 46369 -36728 22835 54368 -55300
r443 9509 47265 -7121 33906 -36600 -9074 22260 -14215 -61416 -60386 -44575 17135 -46686 17200 1761 -15497 59161 18067 -35929 -4970
r444 1253 42778 -41796 -6226 64815 44125 -45838 -27255 41040 47709 51420 45556 58858 -41775 -61344 50425 -16489 -408 -46467 15519
r445 -38203 -38689 21434 16058 -9800 -11061 27227 -65219 31974 -27243 32181 60901 59121 -10047 -62424 22387 -56296 14962 16263 -2446
r446 3056 -32957 -9388 39807 -7900 -32214 41292 47426 38423 24339 -38026 -24423 37778 -6908 32075 33201 44005 -16517 12730 64661
r447 33889 29305 32701 37150 -23711 24479 40346 48521 5654 -55146 -21345 -32075 -57232 -43138 26308 -40504 1342 26927 -7467 61260
r448 -31113 6679 52956 9656 30495 64179 54281 -20436 -50666 59001 39947 14615 -35097 -37711 -40438 -15709 8541 -2007 -36944 48383
r449 15661 50232 -56264 -32813 -5945 26650 -495 13882 58339 2237 -38561 -33432 61889 1403 -47309 41325 -55581 -46343 -60701 -18862
r450 63982 19415 -33722 36615 -502 -57662 -59604 -31077 -7661 -22298 36461 27727 -53595 52782 16611 -49772 -57617 57583 56884 48591
r451 28106 23327 -29611 -27735 4603 -15894 -20764 9001 -59552 -30567 34936 -33418 34868 -40379 -11591 -12666 54919 -13849 50177 -5066
r452 7931 49786 40145 -25303 -47566 -40753 -57026 -56034 36926 -13930 -5926 -38484 -7157 3265 63021 14118 -15113 20418 -23779 -46058
r453 -28823 35867 14428 26871 18463 21031 -33872 -26787 -47945 42113 54957 -30317 -32821 -10047 10988 -50924 32474 -53139 62902 44959
r454 -44179 38012 -55522 41228 -12591 56380 -7534 -57953 -8147 -38826 -13374 6068 14937 10327 -60670 -21017 -46021 -55025 49156 62841
r455 49759 20138 6371 52633 -9868 40486 36667 43140 -14829 -25971 36270 26749 -17095 -47546 37024 51700 -30048 -23085 58529 23237
r456 41708 8375 19590 -42465 60794 37575 -21658 26275 57120 -13391 -56470 -50416 53290 -55302 63606 3793 -14839 47087 -27279 38228
r457 59116 -44683 -40688 42904 2608 -18574 57286 -23531 -55880 31737 -53403 -2793 -52342 -41020 -63005 55556 -42376 26725 50406 11069
r458 -29090 -15114 -26973 1560 -46758 16134 -46803 56594 -56442 -38215 -50085 -61535 13981 -9630 17097 -18769 46002 28102 -35382 -18669
r459 15064 47155 29385 45815 9978 -54058 -63938 31525 3408 7597 61096 -61673 58196 -19191 -28427 57811 -3371 60928 24514 -47085
r460 -33524 -61881 -34759 -60581 61717 33257 42847 43397 -1821 -56874 18010 -8268 54021 -57926 -12373 -39065 -65319 -48444 5868 27298
r461 52399 -54360 12769 -3755 25667 -23881 23930 -23103 -6805 -38121 -56933 -27056 -53404 50567 54623 40915 -29124 44612 15796 -15445
r462 -13623 15313 61940 -3283 -41314 -47872 -60900 -48832 -9384 64466 -59157 14822 57200 -58052 27580 65413 -21134 10691 62321 16096
r463 -25898 -14692 61991 3030 -21340 22428 58556 -47977 -42266 -60004 64161 -19319 -4386 56170 -2223 40723 -39808 -52892 -55307 -43214
r464 48733 26225 -4743 -48848 -43444 47343 43794 -9257 -46995 63499 63703 -5536 -29391 -44856 -8839 38040 9832 -44316 37365 28841
r465 -44360 -11211 54251 30244 -60176 30995 36144 -29874 -46619 -33200 7982 15267 24905 17602 23337 7612 49116 29580 -33691 28251
r466 -4689 9176 -38003 -14670 -11472 -1664 36146 -29376 -30715 62801 -63596 -51331 -65102 45222 11029 58606 -60854 11494 -30349 -53886
r467 43170 2769 -38715 -40495 41014 -49587 15844 37587 -52454 -1993 25695 -36514 52361 22713 24448 65294 50989 -33211 29139 46539
r468 -43411 19619 -26855 17066 -58522 -4425 -63090 -34545 60726 8534 43308 19167 -39445 -58767 20688 1113 22722 -10458 18999 -12482
r469 -42408 -28670 1298 -40664 30931 -2987 -36947 -44398 -40896 61823 39395 39949 58214 -45564 -36063 -16284 45248 24156 -48318 -34382
r470 45394 -59828 11364 -27664 12723 55420 14937 -18061 -62209 -16861 -34933 53524 -59424 26413 -18333 -53685 58128 -47974 55864 -3047
r471 -29053 -49586 29535 -57490 33937 1637 -12062 45583 -41964 23606 -10451 -53525 -58751 -54587 -65004 -25796 -19930 -56256 -36791 -49146
r472 30458 20889 12496 59187 59188 28125 53178 -43036 -25810 -56696 -57163 -36081 53927 -64515 -55323 -32469 -42245 18314 -14944 19444
r473 56002 43174 -35066 -31939 -26992 -51221 48931 33976 28388 20540 11080 -49176 26370 -26077 44078 -20298 15068 18961 52287 55307
r474 37582 -21469 15349 -63081 25828 -47430 42463 -3119 -8428 61410 44478 -48060 43084 18498 13083 53474 -51686 -59579 -28570 5596
r475 43715 6924 19649 14973 -45534 -10766 -1570 -33029 -2898 58777 -29846 -48900 -35442 -47538 10303 -941 7646 50600 33474 51963
r476 58260 -29594 -52186 4668 -31152 56796 -28871 -15557 24415 -26932 -65070 -25883 -28774 -53528 4864 46396 -1743 49018 43939 22491
r477 -15444 -41463 11629 10940 -40120 -11017 32876 23685 -56754 21675 30874 -43057 -28103 -53362 43209 -57332 -1307 -11596 -46321 -13803
r478 46429 -15881 -33597 47085 -29103 -16501 -28343 6339 -4823 -62632 -61491 -1358 -32738 24789 -42092 -28216 -13450 -6824 25528 -9273
r479 -17235 10863 -5158 -58392 -3777 20128 -40473 10822 -52894 -21597 -4545 2143 40604 -58282 36211 51212 34814 -58549 -47144 -25551
r480 61198 32084 45183 -35398 24201 43890 -34575 33406 3162 -21681 8961 -3316 -18461 13077 -11981 -22846 40878 57520 -2249 60892
r481 -2064 25563 -24533 17129 5462 -4301 -61079 18950 18169 22768 -23327 -30088 -26431 -30740 44800 -44407 -16871 17260 -6590 34464
r482 -60441 -55406 -14472 35349 23773 -62578 -57754 -29688 24545 -27781 -12270 -14812 13457 -15764 -47843 -19379 -51170 -31232 15322 -31425
r483 57891 37630 -31769 -5217 41661 -16004 36729 -23762 -4151 -15115 -61564 -39139 -13165 5243 -13845 -20866 24425 63535 -11114 16979
r484 50345 55073 -4810 -55124 -1448 52061 -51408 1108 -14880 24748 -14228 -53367 -4669 36621 -6601 -49211 38683 50166 -4468 61355
r485 -63958 54138 51409 -4032 -44711 -37651 -33256 -43001 56735 41127 22610 -59233 -60799 48898 -35216 3553 -47168 43407 -62824 -36209
r486 10910 81 64273 11760 -19925 53399 -11671 -4408 -40062 -12934 -35184 -49787 -20030 55163 -20242 -16437 44688 -58131 51209 -63587
r487 39973 55294 -36333 61244 27341 41575 17153 -12179 23805 -45546 -2737 64816 -49438 -34390 -28569 27085 17774 37106 44967 -31879
r488 61350 39253 -33325 54384 -61465 52878 26012 20110 -26622 41379 -59040 -17056 47672 -42326 -12362 908 2848 60657 27100 7708
r489 49097 45208 -41248 -10752 52991 -38716 -42298 -38866 1762 33968 65202 32618 58804 -62315 16576 64449 -33935 12969 -5039 27303
r490 -21033 64446 25801 -58724 4443 19221 50458 -30219 9814 -37215 14529 -18073 -15209 -39584 -29689 -23913 -12152 -57987 8071 25792
r491 23212 -8352 -53298 -57931 50044 -37671 -57882 32565 10917 33703 -9363 1678 3270 -32925 33553 23835 36490 -58766 -23107 56193
r492 15426 34701 -62098 -15745 -35972 14687 -60499 -39673 37025 -43797 -62777 -27476 42583 53371 5755 -39321 30705 -38801 58847 61999
r493 -30930 13551 26958 13410 -42229 52303 56651 28198 -57615 30875 6112 13488 -30158 -36006 251 -27451 -53079 37671 -41240 38559
r494 -4971 25203 57171 28515 -28764 -42693 11846 39773 -43972 -60536 -54778 -18008 -49901 37636 64147 -33943 54818 18213 64945 40967
r495 35297 -12901 6114 -50528 -19896 42578 61651 56734 15675 26638 2685 21131 -21267 35543 -48455 30275 20971 56846 18293 -25939
r496 23849 11575 -13204 -30 -35166 -55746 -40465 11121 -35760 3488 50742 -10585 21873 45529 -38130 49192 4078 -55557 60167 -42598
r497 9255 14387 34567 -57456 55965 9085 -23593 56618 -50776 27097 -15767 779 -3626 -39664 10167 -39526 -2299 54916 22902 -36403
r498 -34671 29102 60424 60056 37932 -14328 -44850 -43207 -43634 32075 -27750 59036 -4905 -29945 -35222 41629 28013 -19588 16119 36404
r499 -48051 -16395 -19225 -50366 18629 -30521 -14131 41458 -41642 45460 41202 -59068 64302 -54819 41280 -23955 27546 49867 1978 -31377
