mTable33 21
KEY  c0 c1 c2 c3 c4 c5 c6 c7 c8 c9 c10 c11 c12 c13 c14 c15 c16 c17 c18 c19
r0 12918 36412 -10489 -27524 63130 17398 -55434 -5237 3395 30992 59750 -46312 20274 -4260 15051 18391 -31559 17922 -65151 -51823
r1 35192 47933 -61604 18754 20271 -33988 6557 -20156 42407 -26563 -5204 23554 10495 -63728 -25746 -5458 -44914 2783 -9876 -18883
r2 39720 -49680 4871 -60917 -19004 7031 46130 -19408 24155 -60292 46992 3340 -29203 26310 -4521 -13560 -29235 6254 31752 4945
r3 12361 -19304 -48929 23902 -23756 6582 -63304 -12146 21749 46982 -17028 1372 -52389 45199 37164 56964 -1844 17863 30718 27930
r4 11102 -53721 -5082 21879 -41898 -65495 -5718 -22554 -43385 -34201 17246 11528 21162 15824 685 53376 15004 -61792 17352 62639
r5 -1670 -59926 16608 58884 37676 3837 -5628 23406 -51875 -7127 5467 -62280 -26770 29479 53055 -37667 -46904 -39908 -3279 -36611
r6 -19939 -57436 63617 57361 52928 -45263 53728 -17259 -44706 -8167 4775 37600 -11113 -47631 -2133 51601 -36504 -38754 -34598 30773
r7 62198 -47032 30851 -31351 50068 62868 59633 -35936 -12607 51148 -24370 18564 -27746 35982 -21181 37136 -18387 -16295 6217 -3669
r8 -41786 -37170 59637 -55875 -43587 12598 37904 62773 -39376 61032 -43895 -29649 -44234 -3254 21992 -3484 22743 57999 61605 57623
r9 10293 14822 52872 41921 -692 34888 -48042 -65469 -27451 -16638 -6919 57310 -59112 -10767 4398 1083 23392 60834 39566 57302
r10 1911 -38261 -51506 63895 32352 11680 58587 3684 1672 -11791 -18563 -556 51662 10889 43858 21988 11485 22010 47236 -41188
r11 56820 -15005 30206 28639 -26550 -34600 -46466 -16837 -63927 -31108 -46170 58136 -33645 748 37254 -38174 -15176 -45572 -29941 -22379
r12 -47877 30059 -33555 -16501 -42932 -39564 568 2644 44657 -58360 42439 47256 -56653 -44252 7331 -48441 -25462 -23605 -7115 -57663
r13 -5654 54320 49508 -36457 -39767 -23071 -10761 27000 4794 -7687 35744 17005 -11774 -58946 -34687 34246 -49142 59538 -32665 55444
r14 -23244 -22407 65265 11315 52395 4454 -54325 53667 -4893 -45519 -15182 -26976 -30966 -15534 -1352 13546 -58854 28820 -17786 -47154
r15 -37170 36890 -10058 45704 42049 58303 28120 -25742 49491 -31963 18119 -44591 42807 44832 14898 -48345 -25704 10532 53620 29802
r16 -36025 -41108 45731 -27413 53023 -32918 -60295 -5331 -47874 -60972 54911 57386 56093 33942 -18267 51170 18527 -48740 59125 62250
r17 -28844 -25032 -27580 -1082 -17454 -30161 -18208 6374 -56581 -39440 6659 -62592 61625 -42633 -20956 35054 30385 -50194 46775 -6162
r18 -17505 -47843 -47772 31142 -18195 -61298 17357 -60148 -63842 32518 33247 37827 56826 2109 56045 -35871 -22377 18769 60174 -16807
r19 -41629 -8708 55712 34898 -29491 52738 -43039 -15542 6517 43448 -32356 4954 -50164 -42552 21648 -14760 44804 12966 40320 5659
r20 -61366 65219 -13026 38006 54243 -17771 -60706 -9913 10119 -63435 -19354 -52751 -19374 26917 -15299 2394 62203 36061 37513 37421
r21 3435 56141 -1274 62424 -42515 49560 -23776 17272 -36330 63435 -342 4274 63899 -44868 -11941 -23026 18771 4421 -40825 29910
r22 28451 38032 -56841 -44155 -10608 -47546 602 -56409 30256 -30087 18067 22134 46844 57155 5763 -40707 -54246 46556 45319 58117
r23 -17824 -58747 12146 -30986 -19123 29948 -62008 -26772 22592 -46449 21846 -62947 9968 18076 -37267 -38875 -1310 -32211 2827 10845
r24 9589 33335 22560 -868 -50001 65028 40194 10295 -57877 148 -10838 17822 -35293 -50373 19279 -11132 12102 -31789 -61594 -56503
r25 9329 10923 -61326 -34009 -49921 -12262 -6464 43552 51355 -29624 -61697 6326 61179 18402 1832 -46851 58968 -30545 -22053 7924
r26 -51714 -45015 26519 48712 64868 50752 20 -42051 33131 26199 49001 -14026 24112 -43415 12789 9797 -64503 -5330 -42168 57047
r27 -53325 9416 -60644 -56532 17750 25029 -15440 -27645 15219 -31823 43995 3022 52343 21444 17003 63453 33160 19632 51541 -4107
r28 -3330 24501 619 37643 -54933 40915 56840 3135 -36913 -57486 9706 34187 54836 -51361 20747 -50642 44454 37818 -9496 54767
r29 -46148 -64167 -59190 46701 -47065 58746 59725 50515 65386 -1581 10857 52918 34147 51049 -50294 -41254 -6722 -15870 -22994 -28762
r30 4208 42079 -40474 -49494 -11516 20772 -7269 27874 -52471 14583 -35079 8171 -36853 10977 -53066 -43267 -41979 -29637 -55238 31332
r31 59555 57209 -16995 10552 -51650 49888 -57371 -34285 -35119 -59861 -16067 49901 51377 55210 52849 52345 20013 -55457 24659 14289
r32 48223 -21246 23125 44697 31919 -15454 47996 46924 -53501 59934 -55933 -21017 57301 -9762 28156 11755 29219 60381 27409 -36478
r33 60830 15473 17707 -20662 64042 34801 -3603 -14540 -3720 55047 22220 7041 64950 -56380 -14968 22004 -14319 33958 -9699 -24881
r34 -25071 19569 -54491 -12040 -60994 -19412 -6264 -65115 4537 8972 18047 -50629 36681 -8464 12410 6973 -35831 34253 62750 63926
r35 -36324 -24652 -48417 -54275 -27472 -3961 37126 52871 -44768 13297 -6675 -25916 29684 64743 24418 59226 27152 43856 63252 39822
r36 -3182 12941 45405 5691 56607 -57590 36695 -12326 30953 -61055 1678 -15222 17153 -501 39470 -21244 20938 18080 20625 34455
r37 -28560 -58770 -47602 13364 -32862 47471 5668 -7727 -36865 12699 -47184 -65306 -33871 16955 3125 42196 -6228 5967 5131 23993
r38 18193 33860 -27225 27731 -53352 31649 -45308 -29793 12656 56192 -61232 -55626 -24956 -49189 34354 56980 53208 -4069 43731 37072
r39 551 -22787 62191 -63729 43303 21667 -1291 7560 36895 -27352 21203 35963 -60371 -33433 19456 -7526 -55244 -37910 -26317 -43125
r40 12278 31146 27535 4846 -58375 41711 -9942 8987 -20597 -47772 47174 -56449 46702 -2992 -45564 8881 33037 -14007 -15438 39087
r41 35243 62822 9173 -65294 10721 5794 -31312 -54328 64653 -2795 -29823 31982 -28744 -41826 49962 -61317 -8447 46517 -44112 41600
r42 -23923 -54286 -61480 -48972 28870 -64746 -54217 21782 -4151 63006 -18546 -55581 -48369 -47010 -23000 52264 -1405 9642 -6331 56774
r43 -48100 -32952 57191 29800 -41871 64230 35484 55942 38622 5577 39165 -41980 -52226 13630 -1885 58480 50330 18332 -31250 -27530
r44 62432 -28249 25099 765 39128 -18988 25253 -64845 3635 24180 9859 -60787 -64338 40762 -17552 40494 -24210 -27070 42840 29191
r45 -30527 44721 -28638 36769 -60573 1650 42915 21742 17428 38249 14443 48907 -1550 -40363 -2052 58354 -14718 43939 34180 -55950
r46 -50764 35872 54175 36055 61703 43770 22851 -13762 -32935 -1017 51373 -31358 -60646 23172 -56050 6559 -27242 28992 29078 -26139
r47 -62224 -58499 -14972 45524 36471 -48720 -1316 45427 16584 11033 -12583 -59373 -51002 -26905 60874 -7661 -24828 -13763 -25256 9165
r48 58755 -63438 39785 -23210 -55432 -40268 47763 64141 -48637 21793 17272 57306 45041 -47655 60180 -29536 63688 -23278 -38179 7803
r49 -6007 -54646 61024 38952 28849 42755 60075 9859 59800 -18698 41325 57415 -25580 -11880 38458 -47935 31733 -2484 20296 41996
r50 -60360 36354 56812 1485 13145 -64524 -26484 52027 -53694 -47235 -43949 8500 16350 42317 55647 -50325 21063 10243 7270 41705
r51 -11066 33124 -15509 -29843 -26658 -61078 26540 44179 -62048 33757 -62244 59192 40024 -53176 -36750 44945 54364 5538 37313 -34674
r52 -50443 38274 4621 460 -27074 -22873 -48879 -8037 37180 27847 -54083 38980 42873 3074 -63857 -13373 53746 16236 15717 61678
r53 -61361 30375 24493 53595 47425 -11826 -846 867 5219 -62864 43169 -39604 -1020 -44529 18553 -46870 -60830 18121 1857 -33096
r54 50855 -41330 -45067 1178 43778 -49543 -4365 -48344 -63011 -56654 29376 -59695 -21833 24986 -33477 36865 -49994 2075 -49497 14111
r55 -34215 -14900 1540 -54083 27158 9494 62348 48303 -7373 4422 -42907 14306 -7705 1187 -54511 -37452 60496 6396 2871 14402
r56 19011 24884 54028 -36623 -24018 -39209 20231 39161 6789 3876 -33328 42980 -29098 41567 -1389 15914 16862 -37941 -64959 34135
r57 -56462 -24651 56963 60756 -44822 -43059 2507 -25004 -44574 -24973 -27812 47538 9698 -39542 -61590 32783 -55692 57323 56469 -40598
r58 40962 -60071 7428 24050 4309 35005 6376 7187 42749 -30068 -61669 -22530 46451 -41344 16341 -50478 20479 65466 -39040 -45221
r59 -44582 23622 14086 25791 39894 53959 -13883 -26660 16281 4807 -25409 14974 10144 -39632 -30110 -11239 -28563 3861 22936 26701
r60 -15623 -4743 63457 43522 19633 56983 43308 -55553 17705 35610 9367 -19143 61641 10272 4438 162 -9193 32712 17665 23245
r61 14340 -16593 -1925 -58232 -35425 51902 33793 39464 -61285 47243 25365 31405 2556 42366 61285 54636 37880 -42001 -7852 -40366
r62 56999 -49658 24995 -40103 43927 -43770 21422 -26902 -2462 -41408 -6128 28033 45615 -56802 -4503 -18474 38095 62149 28134 -58252
r63 54383 53572 -48935 -21996 37712 53093 64231 22806 49627 27721 50104 20996 26086 2464 -53464 -52804 31938 42186 -38275 -14077
r64 -11509 -13188 -61671 -25512 -49651 -35073 -62548 -30225 -34995 54959 -51626 29290 -28484 62680 -41576 40325 -29566 18157 -64262 22726
r65 24901 3542 60637 -807 64806 -63888 -17156 -30759 32612 -8718 -48385 14280 -9055 64383 -1134 7940 -48063 64240 -20963 -21688
r66 28844 -27282 -27092 36293 13531 -1286 54637 51012 2474 -36751 44132 -65316 25624 1116 -51924 -47492 -50942 -25341 14775 10678
r67 -23555 -49371 58413 52317 48858 -13227 2590 15678 7955 -57288 4832 -56515 -55051 3867 2639 20971 49677 -4509 29858 -33489
r68 40500 17842 -63437 -544 58745 54335 -63676 39486 -41583 -24174 29773 45805 51648 -53655 27426 -33327 30733 19462 27929 59266
r69 46397 3266 35549 36363 -1999 -15305 32296 -45280 11001 -46921 35149 56644 -54881 23116 -6324 -43441 -60997 26380 -16199 -56777
r70 -46594 -4468 -63290 23838 57618 -32546 -2584 33578 -24543 12660 41858 -52332 3709 -54353 5194 -60361 -33197 59139 -38624 14269
r71 -19475 14379 24930 -36345 62397 12392 -61954 53922 9198 59528 24290 -25684 -38340 -43731 -38240 -5813 4227 28066 27592 28402
r72 -39256 46314 -59874 -33780 -6673 23186 -8999 34575 57740 -55773 16694 -64582 -34745 11743 -54432 23624 6141 1954 26848 -20071
r73 -19874 -1435 30272 -56550 -44457 -19860 46639 -8235 -37878 52918 -12874 -21403 17583 -49963 -4115 -55326 -35858 -25096 -42183 26584
r74 62166 2107 -34158 28260 -36985 -28448 42122 49821 -64777 37868 -784 -54852 -37507 -18354 -27335 36275 748 52882 -7528 34307
r75 -43732 -28691 -4578 -12119 59777 -39004 44931 -52528 -19686 64961 -17894 -18450 5141 -25760 11173 -17777 2586 -46206 -53688 6733
r76 32869 22481 -59936 -64621 50276 11432 -38090 28392 16128 -18530 -46285 60948 25288 -23120 22584 17858 -56289 -65331 -41491 -21709
r77 -25287 -37585 -27039 -56445 -22334 -18708 -35862 -42948 55320 -49910 16458 -31692 3517 -37888 43908 41875 -59895 -23533 -61015 -28421
r78 -12632 -55823 -54749 53255 -36519 33913 -50630 -52944 -46699 15443 42363 -52028 -26345 -16851 -19948 47113 -54900 8366 -64245 2079
r79 28732 -22596 6587 60956 43272 -5686 5630 46510 29213 -31553 35969 24248 -13990 14892 -5467 19509 60342 -55227 5066 -54904
r80 -63357 27512 -52841 -64242 -27688 -24758 2922 27965 -8835 52214 52455 10114 5606 -15428 65265 4716 25185 -29284 37678 6917
r81 -41141 54316 -31247 62921 50607 -62169 37257 29392 45985 -60538 28385 -16802 -43215 51376 58793 13019 54023 43065 -24411 -12124
r82 62663 -263 23899 -37 64440 39210 -58334 45800 19932 62304 19753 -7650 -40214 19379 -9840 -30095 16717 -44103 -51108 -7461
r83 7019 -65233 3805 49307 -17245 -62504 -47240 18160 7727 -64117 1563 58945 -5349 51017 19216 -23316 -59106 7298 -33944 12778
r84 26870 -6008 -50308 14603 52719 4447 -34304 -27313 63686 37717 -1574 4810 44241 4928 43237 6671 52492 64221 -42957 52635
r85 -60615 62816 44098 -41989 3725 -56142 6243 10144 11506 38018 -12306 29562 -31177 32686 49270 -3201 -44465 -47077 -30547 2954
r86 -33326 -3465 -25702 -64044 34337 40403 49115 9345 -62369 18281 -50465 -13776 -37212 1559 55690 22352 -42277 -21604 -45179 15475
r87 24367 64097 -18809 -47460 42983 -17547 8389 -19453 61430 -63713 -55610 57753 52183 -58733 -34483 5866 21309 -62617 -5525 -35099
r88 -57078 15455 46109 20379 -9916 -8299 59991 -36712 62441 5656 14099 -52586 -61693 -50784 -16378 58548 29486 -36707 29695 53045
r89 -42331 -52291 3575 -10464 20185 -23961 -60940 -19456 16844 55891 -65454 25927 13843 65162 46287 65510 26087 -56559 -10454 25653
r90 -28930 -44604 -26485 -4969 -38460 -24978 49245 -4689 23272 35662 43598 -52074 -20083 57079 -1266 -18916 -57851 -55570 39289 -25354
r91 -46153 50970 25081 -17856 -12968 34163 -5922 52321 62096 -46041 52123 -13460 -37126 10481 56783 41841 47424 -11686 -27206 -43917
r92 -25030 31261 17177 -35798 59659 15456 57346 -65412 50362 34412 -17337 39316 -49348 33346 -58282 52696 19435 30980 -16767 29114
r93 -20225 7413 10318 21436 -31663 -30176 -12595 -55794 46337 -52877 -37189 -1711 47864 6796 63263 26708 46765 56630 35189 45379
r94 11970 -40340 51533 21879 -21453 -17623 49255 -8037 -57778 -6397 18066 62447 -21688 7509 -47105 28884 -24350 30740 27744 -2257
r95 62706 46845 38786 -22451 23727 -35547 -39797 26957 57764 -15578 32832 3766 11626 -41538 -53695 -59570 -56449 38314 -18705 42330
r96 -56271 -8906 11761 -54915 37440 54986 -62675 -36906 -7500 25223 -58755 58202 -37136 -25733 33057 48862 14971 -61643 33419 63025
r97 52882 -48040 37882 -45488 -56537 -46589 -27731 53382 -65229 -42874 -47772 65362 21102 -14530 -33586 -53053 -5270 -42444 -1763 -62312
r98 24999 -14119 41221 -43622 -59930 35539 34561 -56464 -65155 16196 61832 57605 52418 6188 36678 23112 -63938 -7308 -47543 11468
r99 -33830 -10144 -56961 -63924 -63079 21026 47737 -40020 -34978 30634 30169 -8200 3290 15018 509 26543 -36024 28496 -4092 18418
r100 -64239 46443 -14954 63692 9996 -4657 63612 -55175 -5285 -35753 -48004 43752 12875 39795 -15746 -31344 10542 15829 20270 -9004
r101 -62318 44536 -29590 -2327 -25064 -25123 -34493 -3079 11087 -44399 24232 -15972 28759 -776 15040 -65502 -60260 -51524 -5225 37530
r102 -9454 -20809 29663 21416 16977 30746 54116 61229 -49810 -46602 -34476 -31605 -43920 -53665 -17227 -26257 -14810 39906 15241 52696
r103 34887 -3758 41808 4800 49475 64167 1431 43146 -51907 -59037 -27880 49227 -60356 -46744 466 -54088 -2874 -12833 -7635 -3664
r104 -27537 -57051 -35442 -18278 -3230 34291 -3737 -38027 -64654 -11671 26520 39067 27750 6595 55272 53175 -11635 61312 -31882 5256
r105 -12341 -15621 59684 26739 12667 40264 55271 62892 -41822 -12102 -19005 -50939 -11252 -2479 -35405 37714 -53137 19881 10514 -53920
r106 51660 -29752 39323 -33958 54709 -786 746 40301 -33458 13843 -58302 -55750 10683 -12923 64524 -58471 32677 56095 46087 32017
r107 -63661 -50861 -41899 59258 3768 10640 -1497 -49823 33598 -26490 27669 -3381 -45669 49953 -9764 -13761 -54759 -45108 -36331 -44818
r108 4930 40922 -37427 -56663 40209 54697 36840 3419 -22771 50573 -12771 64317 -5609 -21444 17947 -60401 11345 -21106 -31121 -40893
r109 22403 -23277 -962 10776 -63994 34667 28933 37936 8773 -41471 -1319 -42023 -34612 8178 -5663 6015 31602 -27282 28515 -39476
r110 -33974 -47608 52137 -9593 -7280 1040 -50670 52214 51693 -40680 -53472 -58688 14544 29652 9083 16533 -63341 -33710 -30229 -53084
r111 7644 -15958 -24673 -59517 19201 -57716 -25327 15045 9471 52474 15451 15135 3891 -55118 -61766 11395 58107 59786 -47279 5296
r112 -20598 -39874 4028 -283 50921 -57418 -60280 53585 -656 -27355 -30026 -38325 -26578 -32061 50726 32126 -33553 -4400 -58446 -6632
r113 16155 -1385 64721 -26010 -5115 -49637 10970 -35154 -61921 -50536 -56794 21453 2669 -18833 56201 -45245 -21662 24157 -34182 -56404
r114 61644 49404 -31586 -4948 23526 -31335 61707 -1006 50226 -20499 6630 3705 -3496 42793 -25608 -26635 3613 8794 -46372 20948
r115 -25421 54388 -31405 48641 60795 -27738 -15409 41081 54271 -13697 -36515 56364 12599 -15270 -55725 57744 47905 37590 -13662 -33697
r116 -11060 -15124 -29519 34538 6863 28847 -44348 53133 48564 -39165 -37933 -53499 23743 38522 -33493 21209 -8484 43221 38860 30739
r117 40060 -18313 65048 -28360 -59733 57084 -46605 -14262 -61573 -25645 -46449 54990 -13135 37095 -49786 60037 -15202 -2701 -46025 -44292
r118 1248 41518 -34249 -16893 -46857 -63557 -16517 8801 -24026 1632 34364 -14724 -10933 -22130 -59388 -14389 16161 -2558 -54455 -17378
r119 64486 4707 -51852 52387 30134 29300 6230 34065 37306 37631 20894 27482 -31719 -7551 7892 7906 5601 -22314 30297 10791
r120 48241 57301 35240 -14906 20354 -10695 -5177 -55372 11630 53927 -5597 8608 -58597 31009 -58913 -2821 2525 1595 -6526 -57790
r121 3399 60465 3 29425 11854 -18166 46273 63684 -54521 57810 48024 27806 63939 57058 43694 -59191 51900 -43078 47864 62851
r122 33684 -28108 8567 7214 47849 -10544 -3895 34425 23292 -36940 40869 -46620 56087 -25380 59190 36231 -15138 -62879 -42722 -61876
r123 12722 10862 24214 -3544 21027 -39783 10816 27872 57068 5044 -51606 -37729 4554 6284 -43869 -60193 36234 12949 -30740 -6877
r124 13930 54678 29361 20589 45715 -49514 -22079 -39597 50493 -32675 -17788 -19299 -52202 -63635 17227 18887 -30911 3761 -7985 59242
r125 -27775 -8254 -42323 -36634 44824 -46180 56262 -11051 40726 -62509 65163 8686 -12343 -57590 10347 -54432 19557 15968 -26795 -47855
r126 30839 52494 6671 65336 38781 -52071 -47635 50833 -12109 24701 -39569 -49633 -58795 -57620 -33954 -53196 -37194 59270 -51421 -13988
r127 -10214 -11837 -25850 -23448 -33547 44058 34267 -23455 -46804 -61927 -29747 -27489 30364 -54532 62481 14384 -38443 33649 -25582 35604
r128 -33784 11988 22614 -39895 18623 33330 329 -52976 51162 20574 -52698 -38902 36455 -28471 -45090 54027 54870 -52662 10744 45989
r129 -9075 12830 -46228 44096 -59053 -5703 13984 -65325 -21364 -28050 21309 -40685 -17015 23112 -1478 4676 -18170 28953 -18670 29864
r130 12598 48197 -58974 -17173 -4938 -33419 -31534 -59414 -61633 -15097 49407 -17405 2797 47531 53807 -38209 55043 34213 -57875 38502
r131 -37049 -4879 -9019 52286 -6738 -45271 22712 -43319 -34056 -13272 -19630 -10420 -9738 -37380 -59190 6725 35351 -54085 16985 -55733
r132 -14890 -22918 -36561 -41501 3723 25192 30245 -48642 13980 -46418 52537 27982 39399 27997 42290 2784 14728 9585 -21802 -39158
r133 -59497 26745 -40936 -51872 30930 -9155 4225 -55323 -30128 59815 -34680 43375 32399 -41193 59239 -46890 13550 -27627 9146 36681
r134 -52693 -1926 16145 35591 -660 46124 -32784 -33957 -28694 26298 -13676 39253 41190 46753 -23819 -11834 20587 27278 -20911 -49797
r135 50794 54782 17117 11084 13046 38636 30525 49582 7527 23591 -25399 41807 -33934 53646 53146 -12111 -4321 56310 -53112 2296
r136 38979 -43231 -54536 21134 65259 8541 58181 464 22444 -22047 -49358 -42022 45858 -53987 43700 17660 -1278 44991 -44663 -52050
r137 -18431 -59516 39886 36062 -28398 -30282 17427 59426 -63824 22108 -48538 51114 -59972 9768 65525 49585 53009 7958 59562 18254
r138 60483 -58815 1048 55908 8760 44233 -32353 -47816 -11166 36048 4632 12264 32628 51423 41067 54992 -31158 34003 45359 59152
r139 4987 16892 9036 45231 60089 6070 22839 -35503 -22271 -13390 35434 -41293 34656 -2591 12957 -9680 32419 -21109 33992 58148
r140 15835 -50056 -41889 28519 -64509 23048 12798 38754 -43380 -27054 -20348 -59021 -22028 -22821 -51488 -20473 1093 56733 -36839 9642
r141 -6629 -30275 -44405 -16724 -31746 8354 -57880 -36501 -65291 57839 -35982 -56950 -7359 -30687 19949 18066 51394 -5860 48003 25417
r142 -54124 21323 -14423 16710 -5855 45352 -49367 51391 15256 -10252 -63996 -13739 -33915 24111 39008 -9162 -1930 25628 58502 -17707
r143 41894 -64598 -63022 11603 41901 -1417 -5178 44646 56733 63881 -64013 10871 14780 29931 -33119 -46865 -48414 -30712 7515 60825
r144 -42253 15827 -14599 19155 34979 -17206 -59522 -50750 -22333 56357 -11161 -30842 -55395 -36657 54673 -37710 -60297 -62721 23698 -26827
r145 62524 44655 -53261 -22511 -26586 -49422 -6611 33967 -55626 -15197 14135 -40205 5947 27704 -34653 -39055 48863 -20409 20935 62355
r146 -27847 -9728 -47667 -51980 29699 12532 6315 28307 44623 57048 -20608 -19877 11088 -45760 -15437 24327 -25340 -64254 62729 15960
r147 38754 -35461 47349 9194 -63272 -34523 -28756 -22197 24563 21514 -38575 40658 -56435 -40467 2095 -1598 58095 28457 34693 -26405
r148 -33743 -35676 -13886 17779 13446 32716 63893 -46007 -47310 21026 -16344 44067 -49786 49551 -21733 -32805 -58302 50100 58045 -54857
r149 -49619 -22286 64781 -32134 2633 -19068 -27601 -26874 41209 289 -54543 -16471 -33556 38307 37617 -35060 -8878 59097 -30469 -59907
r150 26282 -1012 64033 61885 -62666 -56504 1325 -11259 -35129 35572 954 -60424 19785 61447 -40972 36964 20259 12673 1064 -53159
r151 1916 -4580 55879 16850 -52473 17335 41112 20571 45601 -33295 -61798 -37535 -62096 -30699 33311 -56423 -4028 50178 -10922 -49887
r152 -7573 61523 -9395 -37604 30342 -56009 -41900 -16536 15086 -24435 60824 -15439 -59782 -41065 47693 15759 26127 45217 -24066 20451
r153 -5203 -60574 -9521 64740 26600 -19322 62958 -64148 -39901 24804 41945 59257 -18741 49579 -9658 11486 13994 -61557 -11468 63260
r154 -29339 -34430 -45691 22521 -64143 39158 53810 59338 -20164 31585 38301 26742 -41716 36438 -31180 24009 -9169 -36558 19284 -15181
r155 -43224 -41743 58315 -31227 -49188 -22489 17999 -16843 -41446 3512 -2671 19327 4960 -52442 -58923 -51771 -16133 61669 39706 -45501
r156 39522 23359 48893 20251 11958 -18814 22854 -30456 61685 -7891 -33921 17528 -59358 8558 56050 -26156 5224 -32468 34902 29488
r157 24544 -62696 52013 -45023 17464 54058 13676 -60051 -44411 -4081 -62466 41722 -48925 49403 55914 26984 -55152 22446 -260 -7109
r158 36511 24072 32911 -41943 -8929 -25936 -34574 4344 48567 -38780 14200 4621 -8081 8456 -45089 -50470 -2811 59161 -17645 -52938
r159 -60741 -43726 -47097 -15637 1244 -8651 5978 7582 41655 18882 37777 -54645 6017 -39838 -13599 -34066 38181 -65410 -15922 1745
r160 52977 21124 -8114 -21423 -49071 -9918 -5775 -25040 -58246 -16713 64621 14101 -36872 -6906 44558 6225 -21724 19759 23025 -10193
r161 56054 -15328 6642 -8957 -31210 -55705 -60148 -34362 -18174 21768 17754 -18593 21952 4242 21588 -2066 -37213 -47189 -28064 -38069
r162 -14328 -41820 -48450 34184 -28781 44328 -13495 -63547 -43606 -25254 -10128 -56729 6555 -61598 -2130 19765 30755 -5512 -13371 -52582
r163 16765 -15672 -42804 32271 -39976 -15245 47625 12162 -61155 61887 23096 36709 25824 -62440 -14897 58512 62263 58429 -61538 27732
r164 -16236 -13556 22559 -10293 15320 -29557 43702 63371 -63356 -14593 5834 -41456 -57800 16156 -401 39484 45346 -16452 -43283 -43480
r165 -64676 -50932 9353 -2972 -63529 40845 624 39892 29784 26512 -19489 24466 -28485 62600 52268 4826 -27459 56974 -36020 -45263
r166 -49665 -46869 -37801 9485 8834 55013 -19148 57497 -3373 -64729 31288 41884 28841 -51175 7979 -58265 -2245 40310 44433 46624
r167 -45451 -47205 39297 -36256 -39611 12163 11815 -46701 37672 1751 -44565 21261 -62699 3883 -59184 -39216 36322 -21609 61175 36344
r168 -8108 17253 -56391 -54064 54375 21088 -48590 52327 -12839 22051 34897 64484 -35815 13335 -50932 -8283 43028 -9366 -64085 -10036
r169 34160 -13676 -59689 -19345 -49893 -30951 61563 -40459 28985 -18950 -51362 41624 57615 -29384 -49151 -36626 -33646 26842 13763 2226
r170 -22197 24017 -27025 24256 -51111 -55588 50590 61982 14971 -63441 -172 -27727 54382 -17250 43932 -40412 64324 10585 -43593 60542
r171 56575 39910 27519 48566 -63627 45418 16791 52557 -3553 21533 35749 42687 -46841 14995 -18779 55732 -44829 41367 59169 -50345
r172 -40147 41532 62778 24324 -46820 -53026 45201 -13013 -4749 50371 -58520 -18755 -60789 -60770 -63801 25353 -28770 59675 38529 48211
r173 34740 50947 35568 -19971 38104 46888 450 -8853 -60224 21223 -53567 17071 34977 -24263 -20695 13391 54559 -12909 6923 12072
r174 10207 -57965 -61981 -51179 9578 41008 -17727 39839 -35532 -50542 -1819 -52831 15756 60265 -39394 10795 -49916 -12089 23694 -26979
r175 -52377 -2365 -33979 23945 -29239 30185 670 -19522 25613 35646 -34357 46774 47575 -23277 34362 5115 -25192 19839 28340 44146
r176 -59366 61736 -53903 5758 56348 23320 -30241 -4201 -47323 44735 2413 -7478 56222 60999 51211 65032 14830 48492 -65143 -39523
r177 -34112 -26434 8533 -35092 -7291 -39870 -32950 12009 55490 19243 -34094 -43656 50234 -15385 7002 -40605 -19452 -42089 61845 -64753
r178 -26971 56215 -43711 46087 -10245 36435 20121 40671 -58046 11824 -23507 11577 42261 36605 -24353 -20548 36960 -8721 -18326 5000
r179 62501 -52777 -12302 33329 39912 36740 -29560 24534 -27944 41464 -1051 57679 -39108 -54361 48077 47843 31487 51749 31789 -37424
r180 31421 39810 26336 51406 -15653 22057 -51772 -50660 -16269 -21698 50225 -60888 -54624 -38806 -26142 63756 -38906 -48538 -60698 -57730
r181 -65448 -8435 21938 -33571 -50949 -22277 -30846 -52895 46058 28732 45231 -12305 12298 1690 58951 44508 -47505 27552 35598 -42163
r182 -62021 39501 -57505 53068 12795 63103 -60579 12231 -4629 -4165 46991 -7653 -26485 -10579 26736 -59032 25850 11742 -50889 65518
r183 3492 -42808 -34394 52494 58366 53111 -48344 26469 6334 -29409 32729 43579 -35470 62555 -473 -8950 -32423 7656 -62737 56743
r184 -52600 5071 32043 -65383 -41052 44447 45017 -10234 -12292 -61215 -433 -21228 18582 -6199 -6431 -32204 -35628 -23232 -65284 35819
r185 -9512 -35788 -11171 5394 -36893 -42855 56530 54794 -27055 59860 50852 3266 -38074 -58260 -55904 49730 -749 -54587 -4448 -22857
r186 -39015 -579 62556 19719 723 42514 -34755 -26620 -13205 39196 -37806 35684 30577 -27940 -45844 -19204 21661 50622 -1720 -14637
r187 15019 -39295 23521 178 -54203 -49685 -35357 -13557 -62023 58224 38839 -46618 -56664 -45134 42777 -25195 52089 -30766 -10023 9512
r188 15115 -26996 54817 5487 59452 -280 -20691 -39208 -37508 -57006 -20991 56842 24485 8787 10559 43928 15642 -50304 27994 -49297
r189 29714 -47204 -52424 16372 -11358 -5980 -41440 39607 15461 -55166 -42347 25437 30252 29129 -55587 -27210 17462 -50158 -11171 4223
r190 40558 5749 30037 -44874 -42131 -22665 61784 45833 -5731 -25791 29438 10262 -63817 48414 -51876 -51288 -5593 -14858 -41742 -38019
r191 36114 -18835 9774 -51154 46629 52938 -32187 50721 6307 -52638 12730 22607 -47705 -52538 -13200 16922 42718 37212 53509 -25279
r192 25202 -1200 56867 56141 50734 55561 -15402 -6851 -10117 -41346 -62758 47683 -22730 59766 -40353 -31790 17259 51481 -11192 -17180
r193 -14088 29173 -37082 -50918 -20207 -58966 31639 56420 -562 39465 -5682 -43506 55062 31599 12552 14236 -28585 54472 -53497 -18208
r194 -20111 16114 -48576 -51448 63082 27321 35896 -24079 -47314 -35449 56831 7814 -42185 -35039 9639 55038 -31383 22070 -52549 25433
r195 61719 5763 36273 49060 36688 -5338 -20466 49944 -14283 -31520 25133 -8751 28588 -36028 53038 11761 -48802 -15650 -22184 -4498
r196 28079 -929 51905 12540 724 -42733 26295 42836 -2809 51197 -24584 45361 4656 -53412 -8167 -19035 -45612 45205 -32581 26541
r197 -687 -27330 -60472 -61804 9039 -30965 29097 -51912 -10997 11754 -45030 -15894 8209 42837 -24241 44888 1510 -24868 27363 45977
r198 39754 -37330 -28212 7160 43633 -33792 -15616 -27179 -51135 -17634 14051 -55955 -43853 -12954 -1296 46646 -39068 32151 53778 -43767
r199 37416 48602 -28634 -63052 -40686 21630 -59454 -35672 -35466 47320 63979 -19525 30814 20136 13946 -30081 -13334 -48129 44184 46068
r200 28312 -5810 63347 54939 -47611 43503 19996 61597 22987 -12584 9274 -52386 33386 34914 16566 -48901 -45207 -39313 -37470 52207
r201 64883 49370 -33207 63238 -55570 -26271 19464 39329 -26762 -59173 -15031 -54825 48921 -50459 -21098 -52378 -27631 -52612 -8853 15899
r202 -26322 33307 -52628 18489 -5481 27944 806 -4614 -60424 -54873 55469 -11520 43870 20589 50356 25064 48674 -59544 17474 -50718
r203 20943 63298 64794 -52176 -55677 57605 1389 22613 11898 -19126 -48127 14417 38178 -43508 -56250 -44957 24543 44402 32286 12363
r204 2417 -65412 -34855 -6938 -61607 -57348 55947 32892 -51760 -11450 33629 -45685 -27783 -59396 -42407 -37883 50164 -47960 25587 -27318
r205 -30356 -7768 -42306 52802 -6133 -8384 11756 -8795 -23565 43850 -45890 19822 -46990 -6252 5228 18847 13027 -62844 -37272 -50055
r206 -55166 -32189 20676 56108 14799 -41809 18233 48154 30853 -54776 50566 63012 44267 19141 -49900 53941 -42863 -39465 -50313 -46403
r207 -7107 51741 -33535 -33374 -27532 -63228 11693 24591 -10036 -28388 56770 -8363 41358 -56282 -11626 32075 8638 34181 -52151 53293
r208 45989 22201 54034 46065 -47540 -62147 -11995 -27132 40515 24373 2522 44803 -54319 47394 -65331 2873 -37403 34772 14703 10794
r209 1789 63850 4806 63041 -29135 -35233 -34632 46894 8252 -38463 11828 60417 20506 21866 -21382 65303 -64461 20272 62128 57234
r210 39609 59490 22970 35406 56639 37710 32443 65508 2410 -58435 47046 56458 43859 -49939 65533 6689 42727 53414 38283 -2678
r211 43704 18679 -21785 37188 18037 8365 44748 2955 -35092 63276 10156 -33224 47103 -56053 -21141 -64947 -21992 8457 17514 11937
r212 48788 9912 25008 -21904 -50035 53811 -25459 -30183 -49643 -20804 37457 -3383 57467 28752 -51386 -44162 -49462 39081 62746 38702
r213 -64808 -760 54805 7820 -24054 34885 45595 18448 -28424 46220 -47617 -37746 -21807 50073 -49603 -51566 -8140 -20747 -4536 -62847
r214 -6434 6858 -4298 13072 -9390 -12609 -13676 -38374 -54437 -50600 -28580 -21768 -9052 -41696 4486 58741 17580 26583 -19692 -60801
r215 19480 29598 49100 7341 41923 -55982 50315 61367 43893 51831 -19933 -19856 65261 23588 53409 -24193 52970 -20168 -8313 -20992
r216 -20532 -50130 25588 -64946 -16958 38957 -1327 20768 -41042 -605 28656 -49112 61576 45233 -17362 -32014 -14407 62000 35323 -22859
r217 -52282 -10892 -54761 -55357 56385 -29497 36852 -47243 5951 -51350 -52012 13106 6300 -42571 63022 -58220 22309 61182 -6129 1959
r218 58863 25494 -40120 24474 33262 14587 -5650 -52180 -43892 49289 48187 16584 -21001 61105 44116 -41678 18620 -55186 11403 -65111
r219 53602 12862 -47438 16611 -9223 63490 -40132 55991 -52913 17655 -58976 -32310 39305 10291 -16414 20752 -12811 -10764 -60711 19939
r220 1467 -28543 40862 -8793 40312 26514 -4966 -35571 54753 2097 -7148 -46930 53929 29971 55953 -62697 20347 -43033 36675 -40953
r221 14706 55297 -54335 43422 -15211 55507 -1617 -12647 57092 -47389 -54677 -41054 -34421 37397 44319 41881 18716 -30273 10441 26920
r222 23855 -49779 11457 -6541 -13078 -18519 -49805 -7654 -6606 49654 61387 58444 62295 27929 -24908 19275 22685 -14281 -12014 -47928
r223 -60618 48474 -8001 -9254 16063 -56736 27803 58715 51890 46315 -39050 44839 35764 61666 24645 58236 63860 -20942 15347 -59791
r224 -40017 -12506 64261 33667 12107 -48716 -23100 -1462 13841 25740 -3190 -1931 -31883 54856 -2930 -58951 -4692 40415 47097 46233
r225 -4663 29420 -4683 6007 51432 -26826 39618 -12876 59415 11481 -42740 62169 -24778 5045 -34594 -2776 -11159 -23725 21917 5631
r226 -60630 20597 -40319 1289 34946 -34193 11431 32752 17137 31579 62992 -63062 39812 -36352 55169 13988 -13906 -27591 43331 10270
r227 -63334 -49953 63194 31491 -11938 38282 30370 46060 -35576 -26807 -27367 33596 -64706 -48084 19396 -30249 -2131 9140 -58821 -42228
r228 -54501 -58948 7047 -30851 -10830 44382 62467 61028 4163 -51651 15789 -58431 2538 -3967 -22290 6884 9036 23284 25479 17176
r229 42616 60209 44296 53128 -16368 59528 -21622 -32199 -45034 -183 62062 24117 34497 43808 40663 -58699 63911 36197 43905 -36427
r230 53889 -64020 35873 -47824 60739 33583 -36777 56501 -27308 30606 28375 33971 46907 47684 2787 -10047 -39758 -47111 -26602 32002
r231 27089 29562 -59508 45514 -24570 3446 -56497 54856 6909 -50621 -62745 -9090 -17655 -61493 -1284 -61263 1016 11564 34969 55623
r232 18230 22559 -65531 -46230 25200 49733 37718 20011 59302 -55923 -36341 -16946 -20880 -30112 39350 -25193 -33635 -32062 26173 33595
r233 -6250 21970 9368 62453 -56889 -41219 -6941 60099 -3372 -12163 53100 -40429 -59085 -28706 -52250 49816 -6367 24139 -64231 21583
r234 -2889 49260 -8353 52112 55723 29616 -55389 2181 -42392 10209 57095 63230 25840 58075 -29291 -43798 -30531 36849 10098 -52945
r235 33382 23553 7176 -13687 -8485 59822 13336 44239 13959 57874 -13398 -5472 99 62802 47739 -32309 51181 16853 38512 -17216
r236 52770 27360 16883 -26183 -10720 -31012 -8042 -17229 36678 15258 28683 -44462 -21410 20643 -45848 26747 -60108 -62232 12752 -14259
r237 -63621 -30454 26498 -14574 -42115 -9314 -45611 3910 64049 -13545 20574 -49324 26935 -55282 12150 62941 -36186 64304 -44110 13551
r238 10704 47309 -46175 55785 54977 -398 -11803 -37982 53482 -13651 19162 -30295 63775 43730 -38926 -4514 -36542 6977 24419 -17451
r239 -52872 -45664 -48119 -63153 -45398 34567 -64356 6706 40929 -50135 61122 -60020 -24588 -61773 18070 6481 -31503 33387 59083 28282
r240 40400 39590 -57321 56513 -64759 31527 11567 -32830 -52131 20350 -58151 -4425 3957 -1529 49090 60891 -9546 58867 11832 -24926
r241 -44914 -54266 -43488 51377 17614 5676 -27038 60075 21406 -9613 -18937 -11626 -27209 56818 -31264 -47461 -7413 -56566 -23235 55172
r242 -62684 -13286 11652 -17809 15476 -27453 58080 -48843 24471 -52872 46121 19959 41454 20815 9741 14342 -32608 2463 -44946 45530
r243 -38011 -17611 1523 13632 -51867 64535 -30450 -3464 14712 -27695 -9012 -5747 61989 -26335 23993 -18252 -37678 -47234 -38952 63187
r244 -50869 -6884 -13614 13281 53256 35893 -7367 -64406 16968 62552 -8456 48186 22335 20282 -38680 3211 27459 29120 -31130 -11496
r245 -30605 -58820 13106 52657 39996 46915 -3111 -16483 -42174 34233 61070 8979 45684 -60401 -42432 -11133 17548 -55514 -35187 -11878
r246 45963 -9530 -55492 3277 2043 15927 39838 -8729 46350 42017 27449 14796 -37433 -43561 -11293 -19502 56236 37931 -9656 64054
r247 17081 -53518 -61194 59341 32136 -45560 -11995 4338 -28635 17567 -62904 14187 12556 -53563 -30703 -39763 -39291 26379 -59480 7488
r248 -56985 -4971 55554 -40305 -52248 32515 37069 3961 17051 -3706 5106 -51268 4977 -51009 8077 25949 -46919 -22892 48013 -28371
r249 29169 15077 -17408 -48175 50586 -64629 -53393 -41322 39522 29092 -32151 -64617 3706 -13016 17820 -11226 9077 -4607 10790 -29671
r250 -32183 55338 8338 33186 -41428 -62277 -56448 -54546 -13952 -24232 58989 -4904 1026 -8602 44770 33496 -45657 52245 62740 -7269
r251 56018 12576 37085 -7154 -53517 36222 49003 -55546 34995 19218 28607 -31755 -41141 55865 6923 -49785 26019 -51702 -8231 -21896
r252 -3974 43498 24724 -54981 -16814 -3907 10887 35349 61340 6658 -27134 21012 -64663 409 -30698 -52337 -15034 -53404 51094 -57398
r253 -51756 64635 18067 -50054 -51317 -41872 -12715 21659 -60 -53240 4003 40356 39197 -41039 -38640 -62194 56323 37039 -27644 -26303
r254 -22745 49488 56938 37771 27459 -31855 -11401 -22084 -8031 3584 31862 -50445 11874 -29294 64673 1502 60359 40838 -37061 13583
r255 25735 -46219 -23080 -61024 50763 57581 6399 10657 -43553 -22913 45406 4197 -21235 27076 29660 38408 -30485 -26676 -11056 60475
r256 50624 47414 31425 3443 -25583 49996 40546 2962 61650 -47602 21874 -12240 -33180 -58851 55895 -56424 48103 -21244 -9407 15504
r257 -49770 61852 6177 -55914 42407 -11260 20290 24312 -1287 2069 -56973 -30902 56144 42811 55464 43689 1183 65288 62719 30391
r258 -18121 -23919 -59218 -43236 62750 -36460 11474 29613 -23936 43332 -24538 -32219 57969 48740 2503 -46981 46997 7358 59448 -33555
r259 426 11232 55373 50022 -40277 5929 10548 -14320 -28205 -55941 -16044 -52905 -15605 -25119 -3483 -48696 6237 64859 5990 47515
r260 -28184 -49565 -50904 -17567 45219 20700 8743 43580 -29653 -11325 13234 -9572 -15428 -264 35225 -4096 -11620 -47221 -42117 -12574
r261 -18987 -46669 50341 7861 -42233 18576 -8824 -47080 -56671 8595 51744 -39994 64960 3742 -554 10060 -54209 64245 -46771 -31377
r262 -4403 42400 -42229 -44468 7346 -14552 7242 -47027 15946 61618 45862 -23774 40346 -2959 -27592 6216 13051 -17778 29356 -46883
r263 59735 -18953 -37625 56109 11547 -36380 33433 -3471 -51794 28826 -65314 -53261 19275 -17283 -55965 30505 -32189 -62733 -55284 -63995
r264 9421 22857 2475 -49686 49823 -24076 -51916 -55996 -35468 5776 -2922 24529 53913 -45927 46860 18841 21855 -46163 9563 -19201
r265 27888 49371 26231 49735 12133 7823 7295 58332 57514 -31453 15473 39762 15360 22123 18370 -45479 45562 -32061 50000 -9091
r266 -34706 64415 -17723 -6235 59714 -48488 20719 -55161 61836 -59048 -65441 -62930 -34724 40717 59708 19687 15808 43312 -38599 -47570
r267 50573 -41549 7937 24991 -37634 10206 57736 50973 7664 -61434 11198 14991 -34298 -55727 3620 -39269 34559 45010 -23760 55855
r268 39117 -6324 -10799 -62212 -23513 -54368 45944 60011 19063 -41810 -39801 14453 46321 46226 -63201 -27894 17807 26302 60401 -5569
r269 -53338 -9900 28171 -23736 -26151 53432 14234 848 -11953 -56378 -24593 -60675 -15056 61645 24037 -28323 -37200 -31567 -18931 35919
r270 53726 21644 46183 55265 -43908 -38423 43109 -54355 12444 10107 -52783 -45625 -53967 -48426 -6860 -54289 23833 17605 -4474 -49395
r271 16500 51578 -43637 6291 -46386 63792 7744 56671 -43508 29387 9648 -43261 32055 -39343 12706 53598 -23351 -26976 11554 -64022
r272 -15197 63398 33804 1004 -17548 -12808 -63699 -43969 10081 52107 -13177 30569 24098 28093 53687 -35844 26764 -19147 -53085 23053
r273 -63465 40664 -22618 11321 50407 -29378 -62885 25083 12753 9227 -49364 -12651 -14153 60430 47082 21492 61450 -46282 -7642 -16546
r274 -59588 23215 -58348 -55916 -55999 -25144 -6672 -64955 54510 -52796 -17654 58319 31892 -56515 19799 -53890 25429 -35718 -10836 28597
r275 29429 41792 53864 -4002 18130 12148 -41268 -57592 49315 -12892 -47144 60849 -56231 -33479 -11185 12532 -54476 35705 22790 27773
r276 25564 46040 14770 9084 -41304 17362 47853 -51099 33598 -20183 -1170 39567 60503 45434 -15109 -55606 63343 12739 6475 -16005
r277 47859 39613 2131 -44487 9925 57796 -16846 -52016 -50176 -4525 41666 34486 -31865 -8978 -32441 17758 24601 9060 -42995 -58049
r278 364 238 38655 -37087 63546 12981 -24583 -54445 61210 -23447 -28026 -1214 -60632 -36678 -25028 -36280 -36816 -15970 -48309 49734
r279 -26569 -31611 43990 51937 10653 9287 -22328 -3717 56780 19272 -6878 -61729 -58730 18183 -44074 -45267 -30333 -29368 -26926 23540
r280 -55188 -18115 -55052 35496 -1173 18949 17171 11606 -52521 44877 60234 16503 23364 -30843 -29524 42416 -32761 56551 40787 -40445
r281 -19483 42214 29412 -32701 22880 5147 -39160 -5372 -54990 38564 3204 -54530 41054 42406 -5592 29975 -59766 -16825 -59377 -61248
r282 13971 45915 49814 -5413 27653 -28306 -7328 -27731 26124 -20872 45956 55082 51966 10821 -47117 54374 -39184 -34147 -61443 -19341
r283 -17690 -20219 -4062 50397 12908 -59160 -42745 59747 5559 9068 -46198 42081 40911 -21923 -52055 47347 53591 56988 17876 61123
r284 -37638 25236 45104 -53189 -17281 53244 -48286 30076 61233 -40855 16653 -35605 64884 29883 -10225 12299 47738 45305 -32341 -42207
r285 19833 32400 -2967 -32017 6616 -23551 -37014 59164 45142 27414 -21055 -16322 -5634 23875 50470 -45816 -10784 27974 28247 12363
r286 -40860 -24277 33572 -26490 4718 380 -61181 -27830 12404 38325 -37055 10438 9876 -48391 -12397 28184 35733 -1714 -57018 23339
r287 36663 -65078 -44266 59248 -44078 41598 49601 -12370 40424 47854 55295 -21786 50630 21920 -33370 -46953 -46064 -58555 -29140 -4382
r288 -25974 -50341 27334 39005 63264 -31572 -48945 -61227 -33327 -63476 28117 4871 62114 13646 -17598 15735 43725 -13841 -34892 -7387
r289 -17699 47417 61062 -38022 18383 41020 -17067 31388 -8220 -54769 20409 -33143 15677 53397 54599 -14192 -9007 33729 -13827 49279
r290 -12153 40986 48259 54420 17654 -1756 -34917 -21674 -10726 46628 25498 -29157 17857 44731 10418 44998 -48714 16740 -30597 42414
r291 52951 -43517 -56960 -6558 -6234 46351 55587 37927 -26963 -14526 -43426 -64740 -52721 -35699 -17090 21153 36001 -36458 4081 -41347
r292 57056 -1868 -60304 7465 -57475 -33398 -771 -1961 36183 50065 -20965 33587 8414 50157 -35839 27669 24865 -58697 17355 -12951
r293 36031 57929 -26586 48059 43553 20683 42841 51576 -61046 26156 31304 -65522 48510 -42757 50560 -49504 60833 14720 43077 -5815
r294 -10673 -45898 -55249 -43426 -48389 -55011 -15259 -45383 -28123 22838 -18938 -24724 45329 49807 26756 -36228 -25014 63558 63596 -37397
r295 -22608 -19671 -57994 41559 33127 -47968 47060 -53079 -3286 -4096 -10825 -45135 -34104 -6434 35195 16662 23396 55203 -15773 -52533
r296 -13223 -7082 -40743 -8072 37221 -24266 58001 62337 16678 47761 28978 3858 48477 28407 -27377 30969 -13876 -35681 -14542 -6455
r297 -34788 21516 -44302 58914 -55435 35009 -28465 -62115 12349 45811 14221 -63251 17368 -46922 -28716 26717 -14987 -28896 56741 -10118
r298 -37139 -44797 -51871 -29619 -61067 21536 52978 -25338 22177 18127 -64501 -48274 22075 -29717 18126 29851 -37382 52559 -27267 25449
r299 -40706 58729 -46548 -2433 -54198 22584 -46893 51800 -38195 48982 -22407 -14505 8046 37728 47756 -60782 -59639 -16176 40840 33798
r300 34054 -35419 -7314 44848 -48089 45832 -48507 18517 47252 -33645 -14341 35914 -52417 -16480 -18328 -55277 -17147 -28141 -47625 -51161
r301 -18427 35249 -19318 40277 -25736 18879 42323 54340 -2685 -39133 959 -21431 -50690 34711 10391 -29303 -52791 -16947 26206 28788
r302 -5133 52436 -45212 42779 63410 44130 -51375 -43656 46920 -1689 27421 -18275 51894 -4191 -52727 -28955 -22472 13737 13157 60019
r303 22074 57031 11206 -50156 64994 -46349 45605 -58652 -8839 24495 -53277 -32561 22545 18529 61106 41948 31985 52897 64708 -43409
r304 -57685 -17402 -37542 -10006 2907 -55140 10830 31100 15691 -23894 3683 23751 36566 -10620 10839 -6043 -1096 63107 12255 -14464
r305 48811 36033 9220 18608 53496 20518 30259 1500 1716 -35842 21082 52316 -20078 -49253 -1346 -61535 -62917 -64671 12940 18636
r306 34845 -7635 -4570 18144 -42218 40057 -6601 46549 -63621 -2329 -60437 -63363 12574 -4060 -20851 3637 -36271 17183 45958 2050
r307 59989 53821 6320 52953 11995 44398 53538 -35843 -65244 -1859 -40813 53743 -47650 10243 4402 -39952 35375 -9128 36645 31283
r308 -26058 -3957 47222 -57924 -43252 60867 16753 -45283 63880 -40881 3766 38396 -55791 -52359 17456 60715 -10375 32396 42212 19609
r309 25553 -13126 -13340 -64230 53272 -5252 2038 6040 27344 47817 8801 -39648 -64912 -7460 3433 -58356 -48525 23308 -62274 -51426
r310 -43542 58064 -27314 34798 15073 -65241 55094 47078 51390 -41468 54653 -29477 8138 -3897 -1174 32228 26716 -13976 -47253 26403
r311 52046 -32109 56615 -49129 -62518 21899 -33133 -3254 -6239 29082 61893 49453 35015 22901 57031 -35808 -46768 -3634 43791 -62782
r312 46135 20837 39744 56219 14687 33073 6840 59656 -6154 31457 -34391 14463 62042 26412 -38647 -4577 27986 9044 14234 -57790
r313 -62988 -33107 -23677 14219 -8562 -1251 -18284 -33376 26809 41576 32657 29142 -37398 56400 -35859 -61610 -52612 14293 9107 -1548
r314 27487 -54836 52988 51099 30455 -34381 63783 29597 12027 63615 -8077 57877 46081 -27801 41618 14449 -18246 64012 14900 19940
r315 23480 40782 -51768 -18126 31128 -26470 24240 -9089 -40812 -37111 19450 -35825 16753 21109 56446 34268 26592 -6710 -25450 37290
r316 485 31199 -42462 -46531 38791 -20316 5228 31813 -38946 -25850 5991 -47097 -39057 -4706 55657 21077 24110 -58671 7115 -4262
r317 -42652 -21534 -11627 38267 -44546 -13867 6177 -40140 -40288 -9822 -39540 65080 465 56462 -44566 17793 27611 -54499 -64651 -11428
r318 42946 62839 11481 -64260 -26534 50008 -20524 51589 -9796 -63986 -1088 -18857 57218 27497 26619 -34337 -1208 -34780 -44974 55634
r319 21589 -6107 -57770 -54022 -58411 -52678 -49717 -6176 -42492 24238 -20440 51913 -49154 -52221 12403 -36724 46055 48141 55210 -28445
r320 36922 8063 -1346 -60085 -10698 -5857 47778 46109 -17363 -24213 53004 -290 32898 -23878 44158 -10914 -19593 -57874 29189 -9779
r321 35067 -49539 -8602 -41612 -2923 49424 -35734 21592 5775 -48234 -57205 23268 -62007 -55716 21264 33450 -37053 55201 9072 -10562
r322 51376 -21908 -61206 1551 49462 -25874 48883 -2744 20284 -19453 -52972 -14412 -55370 59991 -14755 -33135 -47554 19599 6966 -40566
r323 63675 -34495 8330 65274 -727 34721 -56441 16467 65501 -50652 -18585 63728 39730 40514 12029 -19954 48040 -32505 31302 -3874
r324 46168 4112 -39504 24667 -64942 -57887 -35188 -23476 -50616 -3640 22915 -5986 -11289 48195 -59629 11952 -34876 43592 19144 -9226
r325 -64914 -9866 -48965 -26519 -27816 -34192 12126 -46745 -62434 10399 -1186 -41839 19868 -23605 15209 48227 39656 -65362 61 30479
r326 42015 56786 -59983 -287 -32338 43476 19576 37240 -35960 12800 25388 -14475 -13645 -15101 -1209 27642 51240 -61089 -625 4877
r327 7227 -13790 26655 3269 -18722 31505 24414 37543 32542 -28417 -47520 -60470 -46636 65397 -18621 -11359 -17758 26981 25372 -3489
r328 -62150 57965 -33656 23679 -1749 33971 64546 -26820 -24190 -50653 -51473 -65516 4045 46247 36215 -943 50605 -17673 24968 51863
r329 -58948 -53566 12695 -2884 23448 2321 -28126 -57533 12976 -58433 17097 -32832 57681 -38164 -20904 49132 -11592 1298 -55764 -61526
r330 36552 7952 19896 -29311 -11650 51553 -52574 -59446 17774 54807 -43568 -36856 5507 36277 -41774 -48632 51582 -4345 28939 62006
r331 -8497 50846 62719 10748 -10389 6032 32119 -36834 57280 24001 42266 -40186 -60791 5302 19053 -17334 -1393 -32563 60692 35212
r332 10818 -5331 -58494 -5642 38736 -6449 -59359 -3552 2303 -14386 31021 6840 60348 5014 15863 41618 22606 11345 41674 58629
r333 39951 26769 -24236 -48829 20352 -18701 -25737 -55970 -61977 -8533 27632 36693 59628 81 31183 -33402 8322 22026 33270 -34840
r334 -51557 -14653 41390 -45254 -50108 61708 -9130 -46861 39693 -63489 26571 23074 -8539 9019 -28300 38020 -57583 -11266 -17947 -39871
r335 57909 -6169 9311 -58335 -4720 -59951 -10997 26808 -23333 57196 -32704 -26957 57451 10057 60028 10511 974 56108 -29481 -37030
r336 11305 11929 60692 27331 39092 61306 -817 52426 -18445 59091 39546 56413 58165 1353 -24816 -2332 -24684 -2489 -14670 7588
r337 6157 -32030 -52241 64408 -8267 61529 20314 -65142 6108 45318 56454 -27133 51258 36193 -37595 -39716 4903 -4081 -31259 -13495
r338 -5726 3923 -60934 23726 30063 -13606 -35733 -5174 -12595 -57920 -28645 54981 -30870 -7520 -49762 38558 -18089 -55813 15418 21542
r339 -3113 -4627 -47629 -52536 -36811 -27377 -32875 63599 34960 65278 -46306 63927 -46666 23154 -2452 -13732 -5376 29556 50630 -16008
r340 -28238 -30001 -64981 -58076 -33460 -7778 -37247 -35115 33245 60456 -28322 -11355 7644 -39707 192 -17034 -39021 52299 7694 24405
r341 48700 -46792 9510 28880 5784 -36237 60155 64723 -4628 5157 28766 8542 -63380 16320 -4195 34131 11841 53157 -1845 -19126
r342 14562 -42494 -31833 12600 11472 58020 52037 51699 -9372 -22803 26226 -25674 8231 -37297 -19329 31232 54301 41632 -22799 -34133
r343 31032 -53030 39587 61559 -18892 -42703 -16398 -31518 -8122 21592 -59508 -56382 -784 49223 -51321 7790 -38329 9808 -1582 -28244
r344 -32266 36433 -27386 40971 -4860 -62689 36761 63994 18882 2632 -52648 1 -41497 -11027 11599 -24159 -25610 -23262 58713 -55521
r345 4639 -24657 37737 47924 -21403 7008 -41210 18827 41977 -15920 30658 -30568 20195 28602 -13673 -48837 53244 57126 11424 -28766
r346 -17933 55925 -21497 -52478 23314 -63386 10106 -46830 -13252 54611 -7206 -36607 -30842 -41984 -34640 -37932 -10314 -4935 30489 40518
r347 -2444 -21050 -61282 -8610 -357 55111 30725 -41993 84 -23952 -52977 -27269 -64337 22367 19512 7948 -49090 48864 31676 2409
r348 57638 43551 60453 -64324 34271 37271 -53775 -37415 10317 60867 59535 41772 -64455 1708 -29753 32200 -36407 18307 7578 -50080
r349 30774 6794 -24872 13068 -33384 31480 50604 -18243 34144 -56438 -21821 -28888 12583 -44757 -6817 65409 -65041 -61805 44422 -37246
r350 -33486 29789 -35210 31481 -4969 57339 -30821 47680 -62504 25731 -25724 -38020 10288 33398 -33552 -61443 -65260 -57547 -44325 -61778
r351 35230 61149 45795 -58019 -20470 -40646 57317 24364 46327 29689 12099 -28510 -3081 -20564 38368 32757 -38068 50354 18298 8703
r352 42102 -16670 -4295 64119 63183 -61846 29775 -3569 21922 18866 -227 -33006 -62514 39560 -22273 23579 31911 6114 -18597 -27185
r353 41345 -53892 -47277 15658 9280 -63759 -51845 -40490 38428 -21581 -19584 7216 48932 21360 -37662 -3646 -46223 -28807 48033 -29796
r354 -2050 -39970 -15869 -63462 48240 39519 -8524 -6738 9399 -60772 -27124 34213 867 52986 57928 1412 10937 2534 38676 -48194
r355 -11555 54528 -48756 10319 -10941 47247 -23255 16100 -13930 11658 -56909 -13586 -12228 -24820 62552 -16686 -23875 52750 24469 -36871
r356 42234 1310 63999 64117 35500 -6210 206 31199 -29445 45553 -22401 -11552 -34579 -22542 37839 -42616 10046 17574 -54145 -15670
r357 -47663 -54973 -28886 12973 -60269 24871 12593 22111 36904 48922 -43232 58209 45104 3988 42527 32972 41266 -26936 -36653 -24423
r358 -28282 57337 -46806 -683 37813 -10702 -52226 60769 17665 57155 53066 35202 -13080 9071 -44032 9988 28091 6904 36748 -60746
r359 9335 -49458 59584 31179 -5657 -16371 9165 -63507 -53622 33060 -51455 60721 63054 -18968 -58173 -29890 -57678 -42807 -52579 -62882
r360 -59137 60853 55587 -40915 -20229 -59468 42884 9887 23893 40037 9427 -39653 -29549 5284 13556 57092 59091 62608 -18727 42715
r361 -35312 -58483 24030 50213 7750 -42965 -64372 52279 -4513 -40895 18745 -38266 -25467 -63362 1429 -36887 44849 60061 -59658 2046
r362 59495 -7613 56874 50342 9989 -3853 -1136 42984 -44261 26845 35521 -38203 61282 -43784 45221 27511 -8987 -8668 1772 42268
r363 -28315 12567 -44947 -37461 -41422 30380 -42425 64597 44657 22309 1805 -21267 27499 -25099 56978 -5997 37338 47812 38996 24232
r364 -26614 -3058 -47107 2587 28799 -36715 -55163 19513 -7633 57427 -9208 26354 -14354 -17887 57427 7604 18395 -23981 17073 13483
r365 -42691 30660 -32124 13779 36129 -42935 17293 -2400 -18073 -33088 -3778 -61171 40582 65001 25126 49926 41482 -44993 34298 10164
r366 -26175 -65048 7185 -9232 -52377 55180 -31870 -17297 -16467 -64089 39597 -50639 56136 57592 -13718 42323 -25066 2624 56291 -11957
r367 63866 -30618 -96 60527 50550 36003 -40364 -50248 -64635 29045 -20086 -34572 -45905 -3017 14869 -27941 24001 -10923 -48984 49393
r368 -25233 -35980 55370 132 298 33008 -64526 14398 43056 -3486 55224 -2903 -31177 27837 -38703 22534 6249 -58666 40784 34369
r369 3512 -42525 -49149 -55456 8987 27239 -5900 -25507 -28059 -13341 11909 -52080 -18577 16904 34836 21185 -34205 20662 54441 2600
r370 -7619 61051 -32919 61127 49269 15380 -37388 36436 46104 -35429 -33437 30051 25456 -16372 19548 -27748 49573 18084 -65151 -41716
r371 41679 14175 -7123 35514 65457 35027 -49147 -8046 -58737 37656 44296 2417 46603 36390 42872 5086 -18659 5681 20462 -11494
r372 -59578 45879 -29003 -19116 -27970 -64665 -26798 53532 -38117 1763 -31965 -1301 -44332 6243 -45791 -45731 15046 -16734 50317 -9710
r373 -64583 40471 -62418 -12554 -8650 49058 36987 -3176 3500 3477 -23353 -53825 4038 56558 -25632 48784 3553 1173 62991 -32909
r374 10744 32019 -35326 24342 -37435 6577 63460 4194 14474 -18282 4973 -42614 26465 -15287 -22189 -36781 -21370 -39614 -15211 46450
r375 8897 -47273 -2930 25130 -41917 64655 -23023 4331 53648 53248 -18799 39776 11119 31163 28522 -28260 -4755 -25637 15349 -39411
r376 65350 -20921 8619 -7443 49308 -4570 -55753 -47609 43999 64433 -26377 48548 -37831 12140 -32981 -41511 6934 -51259 -61201 -27697
r377 -21792 -52662 59584 34568 36413 51867 17355 50024 2907 -43288 7082 -63582 -15487 -22314 34335 -38089 -65427 11066 56682 -18000
r378 -3649 26187 -58144 21080 -49396 14927 -24303 -57795 671 11607 -40539 -21101 -16210 -31851 10507 19265 -12972 -53595 -54262 -8166
r379 -36027 55268 -7934 44555 -61697 -10264 -28215 59193 -1819 -27068 -22265 24250 -13267 -36275 50422 23299 -57375 46487 -41855 -22258
r380 -60966 -45682 -64404 -19571 62356 53992 -46192 49118 53987 -22777 54792 -41426 4357 30031 -56684 34973 -47907 -47489 13086 -10036
r381 21333 -55289 42162 55228 -36604 -29981 -31470 3659 -62584 23021 39709 38566 -23423 23643 -61398 29798 -57108 19217 32934 54964
r382 14064 44164 34062 51249 38434 -61583 17889 -52312 -44482 -55647 -54596 2945 -34686 51217 -40882 -60848 -34554 34580 27589 50771
r383 41106 5003 -16743 -33920 27374 -65169 -52807 -25560 3886 13501 -29470 10336 51866 6408 64271 -6247 -20754 -4713 35874 10764
r384 49784 55372 -7940 -61591 -37516 -40658 -60250 -40914 -56499 -22620 49241 53123 30570 -18248 -41733 -39393 -51272 -64821 1355 -5343
r385 54825 61277 -8287 31244 -44062 -12131 5682 36515 -18905 -54905 4433 62506 6493 12299 -4003 -44540 1988 62061 -32184 -25927
r386 -20151 -23233 -4073 -5669 -63504 64108 -21704 -46137 8539 12872 -26942 33010 24492 29089 -25527 -42968 -3726 21717 -2874 -39884
r387 25031 -17789 14627 50834 37750 -25179 45856 19621 -60640 -6589 -51842 -12878 11388 -42851 24569 41844 46944 22975 -15677 57718
r388 1102 -42101 -63136 -13167 -63664 -15294 53326 31000 33338 -34608 43353 19591 -38131 46605 -45743 -60324 8708 -4183 19132 -38372
r389 -13386 -8148 -25721 -20384 2419 36188 51756 -44685 38950 -21183 48194 -44369 28879 -29192 46659 880 1669 -22620 -35722 55656
r390 -40811 31256 6902 -61090 38384 58944 -40588 -37957 -43798 43653 54523 43005 41743 11431 -33104 -49288 -44781 47137 12257 63767
r391 54789 45272 -54246 55277 18035 15641 59193 60797 -44929 -51911 -30155 -25125 -14793 29665 -51616 -3024 -50469 18804 -25016 -392
r392 7941 -60156 33513 -13132 -323 36946 57128 -45799 56032 -11506 -48073 -55493 14628 15041 47845 22319 9198 46087 -3427 -17961
r393 30506 -23195 57757 21433 -436 -17456 -16126 -26657 -33462 -34216 16357 11199 -12695 1051 -37522 -4350 60073 49285 61258 61687
r394 18163 50521 13925 -54805 -32133 -15040 -14162 -31587 26931 51597 -15441 1707 20194 -53417 23241 18037 -25046 -61901 -21508 -38937
r395 -3698 61244 65476 31057 -38090 55892 -59758 49053 -20349 -47108 16651 -1685 12404 58299 -184 12233 17428 -52512 4882 47843
r396 -21145 -32236 38548 -44912 20035 16835 46582 -35000 31878 31651 62987 -38096 3162 -23939 -15636 48147 10264 -49480 -46103 -21883
r397 -1821 -32924 39247 12666 -10205 -41928 26716 -20214 7270 -37852 55818 -20530 23435 8381 50177 3062 -13200 -43196 12720 -8617
r398 32943 -18064 -3754 -11033 63066 5496 54416 -56809 -44318 -32301 10214 49496 -45190 -38098 -17463 -46999 33714 -53137 -226 60988
r399 1849 38285 -24314 -44897 -19105 26898 26796 36337 -57409 -58505 -3866 -11609 43621 -17329 -16713 14873 60830 -55039 -32857 24712
r400 47703 -18440 47486 -24639 28907 53881 -26852 37744 -57020 -53547 5990 -40822 5785 -32134 230 47291 51261 -23714 20393 -53023
r401 28489 27281 2706 44689 -62020 -24756 -64434 46172 64513 -37042 32580 52337 -17966 -4803 41087 36517 19516 -16746 -13792 33728
r402 9357 29422 -6942 -43034 5650 50337 -54992 -46083 -45140 18298 5905 -43910 17991 2152 -29576 -40540 54235 -62454 -17963 24825
r403 -36510 -56714 -13384 47255 44467 -10736 49393 1417 51268 9830 -20714 -41602 -45741 1049 -51456 6949 -12911 -13229 5074 -14542
r404 -18732 21026 -63146 25206 -44609 -4151 -19734 37097 -50955 9939 19384 41458 19799 10034 55195 21924 -47320 -9575 -47605 22249
r405 47047 -48859 -26164 -40590 -45635 -30494 -40568 -3161 12671 6968 -51303 41460 21552 49888 -29720 -22702 -65344 -48557 49439 -62204
r406 -39079 -56873 -2505 53606 3146 -12658 -59163 -21061 -30346 29543 -14066 -28493 -13251 -10866 -32444 47431 38361 65113 -65007 -63530
r407 63987 61517 -51474 -24615 -20676 -4347 -39670 39981 -24508 -11037 -36233 13627 -29840 12339 36908 22291 -32885 -49639 29656 -64639
r408 15836 -19153 41070 -23578 20324 -22243 53896 -48886 2998 59811 63186 54128 33869 -23762 3276 58567 24492 33977 -63320 16505
r409 -47036 -51171 20635 -24307 32180 -60138 37058 8110 31752 -14799 -25190 18051 -20054 26137 10832 -39432 44228 -44057 -12714 -57459
r410 -40871 -49725 -60247 -57745 -46035 14341 5033 28407 26032 38740 -31243 -32922 17756 63522 -6392 27679 -15043 -32974 -31978 -6695
r411 12021 21804 40445 61746 -36040 25352 54043 31042 -33879 -34041 56709 56172 29611 38960 -15066 62480 -55494 -16070 23131 -8249
r412 41603 9836 -54955 49161 36710 -43948 49823 28508 37425 -25739 36710 -54270 52117 62261 35159 8180 -45542 -60564 -19591 -16993
r413 -52551 5788 2257 -50627 11624 25835 3854 -25414 62013 54462 -24759 -22848 -65020 -20963 57712 -55332 23227 -32364 -39805 22289
r414 44150 -16168 64904 -55708 17104 57306 -10875 37473 -468 -47638 -40249 -24450 39979 35437 -1037 35461 -44033 21883 20979 -26532
r415 9817 38791 54012 -18815 -12937 30667 -36306 -30175 -63381 -54009 -49722 24626 -36344 -23394 16411 12014 -8836 -12576 50408 -36099
r416 -45033 33479 22780 -44065 59545 20620 41489 -10601 43360 -28705 64912 -36480 21016 4504 56201 32923 1176 -3194 4125 1106
r417 -24488 13153 -38170 2708 -44218 -28293 -29737 -47170 64889 64646 -23647 -49338 -46814 -3502 19546 -22429 42425 24378 -10695 -60656
r418 -5924 -22338 -7129 19203 -42491 39554 -63209 -9652 51977 32708 -57685 -17547 53344 44977 19456 26584 -44733 61612 19044 61865
r419 -18823 15667 6466 -41188 -55434 18953 881 -51233 22411 62788 -47093 -17786 47513 26362 -46324 40828 47917 -37507 10525 -41472
r420 -34909 19447 -27150 -30230 25616 14563 -60921 38589 -5442 8098 -65311 -20659 18637 -30568 17550 -45334 -13739 26717 13665 -51870
r421 -2335 -29858 8548 -36745 -26790 62142 -2084 -55765 25115 -47928 36439 27582 57222 -50284 -65479 -63832 -59797 -36803 -10126 30011
r422 -34214 -46289 53419 -21910 5793 27096 -27578 -34765 -33888 42573 3794 60176 -46389 18504 -60035 -62048 -59974 -1937 -59402 -37868
r423 -22413 51059 63242 27697 9615 -20707 -27411 13341 24242 -18721 20868 33404 30095 61181 -5704 48776 -36145 -28766 18868 8744
r424 28049 32964 -33771 50729 -312 38292 -54502 53807 -7147 54887 -47884 -18825 10786 3890 58551 62871 -24076 -46150 7076 -58948
r425 -10606 -34764 -7081 -41877 -57382 -36430 48566 -2988 56038 -47853 11614 21141 -11660 -34372 -37823 6243 19686 9254 -25486 27447
r426 24713 180 6372 61222 -22757 -6853 29051 -17215 14803 63848 -6858 32024 39116 -10248 -43663 28414 -1916 -24735 59688 52295
r427 -19178 -40956 57508 -16054 18004 -18491 -57771 -54834 -26556 16105 -39002 -13676 35705 30799 26170 55479 -41493 -54679 62281 12243
r428 30107 48918 26508 58939 -18919 -62164 1172 39274 52153 -43961 -34800 56346 61625 -23670 -29352 -24356 22388 -35718 -14273 -5126
r429 24258 -52156 -47454 -1673 1900 -7825 -6752 18922 36223 17483 55232 46481 -21018 -12796 3535 -37548 2581 44489 -15985 1508
r430 -14069 50572 -55448 51903 45914 34559 25969 -10292 -36150 23746 33009 -51622 31505 -13669 -1660 -55106 30590 -19740 -33569 -55880
r431 39092 -11519 22288 12933 18669 -58823 48609 -40803 -20202 46651 54008 46394 57612 1978 37497 -23971 -5386 29872 -39992 -27715
r432 -48390 -120 -44992 23535 48431 -51477 -9385 42154 34670 -63358 -43964 12056 15627 39105 -51796 37166 34861 13853 -19737 1997
r433 -50149 -30476 14758 -37874 -63441 3246 -22444 10907 51752 -60751 39594 -28561 -8375 62673 -7244 -39930 75 -7550 4523 6434
r434 -36150 -7115 51078 -6748 -39735 -8498 -16298 51844 45956 57310 -21763 46536 -22529 27737 -48331 35445 -42383 -38280 -6572 -60406
r435 -61216 -21085 -34691 48187 45939 60984 45612 62965 11853 11436 19117 -32302 -38002 61672 -58755 175 29874 -14527 -26616 58264
r436 46513 54895 -60301 -13162 25802 -18204 -53213 19772 9876 60977 -20015 -19146 -19242 -64599 3199 29868 17653 11910 -36887 34649
r437 20195 -18100 -16961 61011 -53407 55234 -60428 -27021 54107 -47132 -42685 -56137 -45302 -16875 14301 -46632 19285 52733 -25919 -39394
r438 -4739 45703 30444 53214 35748 -26198 -28048 24374 -31409 -43784 34273 -52980 1633 12573 -56405 -15050 -48805 -4364 -27632 -42747
r439 38990 50656 36504 -15462 -3953 13102 26158 37984 59341 -20310 64243 4058 3794 16083 21234 59764 51435 36565 24106 10773
r440 57363 30132 -59907 29579 -18458 -8253 -49500 -53627 -44359 23403 12946 -64628 -48123 -17058 61611 29445 1489 17492 -2332 36880
r441 65249 -57063 -3561 48195 -26051 41337 43528 -48493 -16244 45228 52856 -12159 48861 -49720 -36882 50713 -42593 -11668 39018 -59311
r442 51212 7357 41526 -14928 -27563 -53088 6604 44119 46958 -39715 -27360 48674 28029 -13299 9785 -27744 -44728 53433 36365 6097
r443 -28754 23151 35679 54227 27049 29396 48901 24059 -902 43998 -14618 28291 -10639 61064 -1055 6098 25533 5806 29638 -5377
r444 -26495 36986 50640 -58298 14142 -3804 -30807 19764 -60158 -60801 64166 -21287 -13771 -3074 -25735 -36017 42450 8485 49397 49469
r445 40417 -59780 -59010 -43998 -27566 37012 -45100 -16098 -53566 -62669 -19874 31407 -55541 62075 52516 63504 -8693 -12374 7572 11979
r446 -61244 42258 -57545 30625 -40711 -29841 4727 27091 -4773 9843 -60557 22561 -19446 21111 -20796 53149 32355 -37874 5410 64451
r447 -19377 -14020 -38899 63082 -15703 -58673 16582 46782 -16587 64556 42077 -52674 31795 55726 13194 16378 -8326 -2174 25262 7422
r448 -40772 -29941 -44619 48793 -11155 -31172 -19350 9048 -56541 -2047 48217 34143 29738 -8984 40376 -40079 4463 15498 -44797 -53346
r449 51726 -22449 50969 -64536 -4158 -64740 -19673 25158 -155 -65386 -19443 27989 -32468 16343 12313 5650 17599 27070 45682 -8452
r450 43406 -29620 -29826 111 7 -22430 -6536 -27141 -59252 -39424 -45741 -24704 29942 55582 45720 47212 -43989 -7973 -8350 58147
r451 60395 -39984 23450 59656 -2378 -58059 -64012 39752 62132 -18130 62656 -45754 45171 43716 50044 50212 -54929 7634 8587 63746
r452 20594 52409 43752 -10330 64789 -46202 -29803 31774 -39073 -40976 -331 -4814 64592 -42138 -63443 -19659 -51227 58349 9727 19113
r453 -22304 26466 56562 -20351 12552 43788 -48502 -22050 36194 -60562 35966 41877 -62633 -8735 5583 625 -41771 -46942 911 -6106
r454 3203 -441 32480 -7897 -51989 32007 47539 34666 39531 -47692 -45692 61503 16268 29775 19923 -709 -31762 31360 -60487 56000
r455 -35450 43468 -25777 20913 60306 -52303 24035 -21854 62479 -13455 -20662 -18667 6658 9951 -20916 10968 -59268 7784 -55215 -57296
r456 13916 43809 -24598 -65101 -18935 -24523 -20297 -40877 48778 -59547 -12518 28758 -56324 4601 -11155 -22125 -14872 -24530 -12029 -60094
r457 34621 -43258 -57843 -51619 -17826 -60937 6514 -62230 -48428 -51597 -57174 50113 23268 14544 31177 35415 -45067 -57573 -43789 63924
r458 2545 58245 -24528 -34734 -64646 11424 39012 54395 19726 -53623 21655 19062 65240 -623 -36832 24631 -55497 -35704 1686 -43422
r459 -5002 49591 -53348 -613 29030 -49498 -17987 38774 5761 -46242 -49067 -11118 47909 63795 56286 -17694 -43577 -52687 -18142 -954
r460 42491 -28292 3677 -5296 -46158 62713 11714 -65091 8532 6282 38937 -47260 -14903 23279 -59226 41211 41550 26108 -13864 36539
r461 -21175 -19765 1414 -10397 -21408 21992 62105 20947 -14876 56421 -3337 34910 -34250 12008 -58406 1882 -25569 -22144 16024 60038
r462 -57097 -64713 35958 59675 766 50173 41048 28946 51936 -64465 -17880 14555 42584 -45821 19671 -20640 56247 -30057 41230 60770
r463 -56228 -62370 -30030 3615 51157 54077 -63115 43028 48803 -17656 6052 51085 11088 -6342 34337 60204 -8320 29756 -33793 -30846
r464 -8531 -57680 41907 6767 -2965 -38930 -58615 -14198 50645 27044 -49208 -37828 30908 -2883 31753 34301 -45658 48043 21053 9847
r465 -17012 18469 31327 -40617 -13468 17395 -14386 31538 8343 -42228 33916 -31625 33141 3581 -64873 2899 -3407 47339 8403 56085
r466 18682 54635 1469 55837 37204 34547 14519 -2415 57006 36687 -40801 -3190 -65297 -24930 50557 -4790 39827 31365 -50996 10848
r467 -1806 57617 -10143 -60786 20832 17723 -13785 43949 -17363 -10459 26412 -15566 28798 -61947 -64055 -40305 54700 -58321 -47465 -13415
r468 -7656 -16963 3916 -62779 -38191 7079 -14225 -47015 25543 37995 -54555 777 -64513 -53491 -63746 -60413 -60717 22433 196 -41997
r469 11546 19015 -52312 -26322 54315 -15532 14073 -15433 144 -43670 -59660 30931 -36527 48075 22275 -53196 -30231 -15151 17844 -4995
r470 -17294 19044 -6418 -3977 12147 -27734 -34380 -25566 54924 28859 56729 -34623 -17664 31631 3198 -30984 -50350 -35527 4777 -44656
r471 -14120 -4245 41949 46484 61034 -47113 50274 62122 -47875 14734 -40927 -3833 -43066 37038 -5765 22815 -39968 52101 -62457 1656
r472 1750 41132 -32045 38300 -62112 -52297 -49500 -11068 -48668 53701 -54130 -53314 30129 -26614 -56349 36630 -58980 -16849 4625 29099
r473 52559 60601 -26636 17434 -60370 -11431 -22071 -58951 49896 -9135 18343 -39374 14347 -63780 65142 -51183 11209 -57703 60837 -57278
r474 -1159 -32167 30653 -13517 -56927 6913 19525 -21860 -41207 -10640 -40069 -48877 57309 19982 30972 -19517 52344 -35080 -61815 34403
r475 19479 -50091 -113 32630 -50761 60608 19698 58784 -23168 -10328 65214 -61678 -18033 -64256 54942 -17567 9620 32386 9969 28623
r476 12749 33924 -55918 51552 -47542 -28146 6377 11941 -39784 23105 -50892 56424 -35236 12078 9127 41936 55740 27520 -13948 -177
r477 -34797 -9074 -30215 21877 -41002 49547 60710 -37087 -46033 -2437 -58132 41385 -21271 -30890 -21967 -50116 -7322 51815 22284 53931
r478 34485 -36579 56055 33163 13209 -45746 -49310 56433 59427 -23057 -41215 26869 1486 50390 52069 -14682 53090 14185 24437 53508
r479 40799 -41942 56279 6686 -23551 -22047 30365 -43136 22277 58692 32119 -61104 -34286 30841 -32625 27210 -20506 6275 48809 -32658
r480 54944 30341 12463 13531 -12588 61665 55831 54157 -15787 4640 -28836 -5083 58908 26230 -41281 -14934 -57090 -4177 32755 36629
r481 -53332 -28593 42732 18081 -27036 2324 38214 42489 -46878 -2760 -26548 -54695 -44248 24180 21695 -56432 54476 -4760 10380 60904
r482 6145 -18177 -11819 54624 -21614 -11734 -44897 -18993 13961 -25503 12538 -59031 11742 -10620 -40883 60124 42832 23095 -34255 61868
r483 -56837 -1242 11703 -7222 -29207 51195 1379 -50206 34830 -18118 -52231 49868 40202 6802 57586 31614 -40736 63838 54552 42716
r484 -21703 -31767 -58288 17529 37259 -5762 16488 -18643 53072 22515 -23186 -61627 6350 40718 8258 17908 65045 18925 -53733 -29821
r485 41425 41659 -23908 -24377 -27859 46590 -36228 -59879 -27007 -56577 30642 48744 -63971 59249 17773 20642 -25247 -11587 43880 -14365
r486 -44359 24902 -47895 -39893 19812 50631 -59132 40008 -46243 -30503 -3900 -39276 -30312 -49894 26365 -45083 -17292 -49500 -39073 42533
r487 5622 -60202 17745 52363 8010 -41525 -6409 -13332 -48304 -8846 -50801 56397 -38625 43861 -33244 -19422 27134 13008 45157 -33863
r488 29143 60995 -33518 7893 29831 -7149 -10829 57310 -7721 -44201 -63549 -8354 -23567 -23750 -12290 -13982 -8782 -2910 36893 30965
r489 39121 63405 31311 -31484 -10472 -19080 -16566 9858 -51231 53511 36118 -57460 7188 -51290 -41474 59849 -10084 -31012 7197 -29684
r490 35657 44186 -56665 35741 -54178 26172 -5396 2693 61956 -23503 54442 -24432 -20529 41931 -6734 -5516 -9277 31045 -16332 42901
r491 43837 -25357 -22670 -33533 -52998 4560 -56319 9478 -12858 41810 44851 -55055 -39960 6665 40188 -24883 -56536 -19597 -40748 53982
r492 55353 -477 37929 15845 -26853 12760 -3803 -7336 -16821 -16082 61845 -47079 19867 -39969 22358 -25560 -51749 -11673 65319 -3258
r493 -7747 -63733 14449 -19732 -32313 52590 55275 20440 14061 26425 -23588 16524 -45731 -40973 1051 16765 17444 -4354 -30631 -22549
r494 -47634 16902 -5944 18389 10318 -1446 56693 2863 -48164 56051 25686 34960 -51768 -60467 -21429 -38809 -12819 6737 -52610 51398
r495 44035 32327 34932 6216 37030 -52286 -9350 -15191 30808 -20403 -12739 -38895 -20555 -40494 7556 20323 30773 -2698 -65102 -31908
r496 35497 59134 -59497 -58515 -51878 60076 39992 35123 30865 -47265 -12511 15416 9184 -15193 12734 -2540 -22330 -64274 -39559 -38260
r497 24030 -6119 14709 -61918 -8466 23778 37317 27148 -30858 53391 7051 33469 -27073 49130 -62335 61588 1757 535 49095 -54956
r498 8765 1608 41428 28153 3650 -61418 -48344 22314 -50400 -44969 31775 44714 -40720 -2678 -27578 -13784 -16582 -13160 17628 6428
r499 -33682 38754 5962 14880 699 50642 -17282 -16875 -62559 9636 -36307 -56762 58243 -59445 -56618 -63983 39166 29495 -15280 -62119
