mTable41 21
KEY  c0 c1 c2 c3 c4 c5 c6 c7 c8 c9 c10 c11 c12 c13 c14 c15 c16 c17 c18 c19
r0 46384 -8099 -55353 4619 17511 -37984 -13409 33330 49044 21587 -40328 5682 -53451 64536 24475 39975 -40261 48067 44188 36879
r1 29907 53415 30408 -41869 -59812 29123 42565 44068 -44059 -13527 43592 708 16125 46631 30787 20940 -25061 -18429 -4463 -58394
r2 41059 57386 25827 -44196 -65468 -50933 40764 13545 29359 -27144 27938 32 13336 16667 -7138 -39230 9209 -34794 4682 -51591
r3 34069 6327 19585 -2846 -11236 2318 -14529 62948 -19634 -61244 59890 -58068 9556 10078 50303 -44085 -8892 45667 -40131 18215
r4 -18464 -39082 24965 -46143 41627 16018 -1446 -6365 15708 -54494 -7533 -37798 58151 27498 4995 22205 -46707 25638 21717 18148
r5 -22569 28738 -23403 48591 -48684 6715 -50650 -57869 -22123 -2911 -31742 -11342 -44917 60339 26849 48800 30286 44302 51169 27614
r6 60149 -22564 -7377 -31111 19889 -39745 -43818 -4231 -51021 -11596 7386 29394 64605 27691 -42665 28370 -6813 -29401 -62411 61409
r7 58540 23377 -48728 -50581 23745 -21012 -28970 -51920 -47375 44646 32544 18148 1261 -11099 -32179 62660 42356 -25994 -58908 50949
r8 17908 -6025 -3070 13158 27520 -59336 13365 1307 -56481 62820 10803 -3680 34434 -7747 57781 6952 -49459 -23131 -46076 -41403
r9 -24756 9593 -46093 -35940 -47956 3843 51602 19127 45858 41052 -22987 30539 51073 -6841 -40991 48924 10603 45479 12352 34350
r10 5026 23069 -27222 -38365 -29507 -37349 -27356 467 60676 19060 -61516 20950 49935 -44247 853 -5883 -48293 49924 39613 -55511
r11 -39269 6472 10539 2656 -1262 -39287 45663 -42319 32175 16127 -292 52166 -15764 1466 -724 -28905 9845 -30185 41299 65395
r12 50271 -13318 29084 -5913 -764 -38364 11360 -10986 51279 -53796 -64276 -6953 41669 -10186 32310 5631 -54992 -33162 49344 -20970
r13 -14398 -64810 -19943 -43026 367 -9614 -22361 -28750 15083 -3198 -44918 52318 -4684 -56378 1993 -52123 -24823 20988 -47196 8962
r14 64010 -23085 -14175 6599 -167 -37720 42046 -30959 -7562 -34078 -24628 -34763 -19021 7540 34589 -8137 49781 -26032 26572 21262
r15 -59205 -17582 63759 -31725 37618 12086 7869 24894 19583 56796 46332 -13290 49307 16847 -48301 -18231 46150 -43961 30740 36834
r16 31946 -35840 -24217 21491 -56716 60545 -26605 -45376 47199 53431 11396 50115 6434 22617 -57337 49540 -18176 52322 52031 36165
r17 -58622 -62492 -25767 34995 35800 39218 -61154 13794 24147 10107 -2357 -65101 33076 -2410 -25480 32759 -20723 -15904 -41136 57737
r18 53296 -41235 22882 -32390 37485 -25215 -15657 40668 -10456 -7271 9508 -59858 7485 31917 -35869 -38327 42629 -38817 63370 -62815
r19 -8855 -38204 47196 -10925 -1055 24628 -7130 41871 -47424 -2395 26475 -37169 -31945 25295 -47878 34943 52392 -64502 50364 8724
r20 42890 -36137 -58911 -52510 -54512 -62349 -41604 -58084 60764 40618 56133 44304 -54468 34033 16175 -55272 -61644 34309 62122 -38800
r21 -40736 -33777 -45452 43114 53064 31224 -42733 -17768 -38161 46033 -60798 -45652 -29038 -35602 34179 -18552 6784 -22773 3331 -8787
r22 46923 -52865 -25120 -3595 -3507 -6834 -31690 26649 -48770 -39300 38814 -14625 -41193 61461 -36375 53395 -4678 47355 -26461 -62839
r23 -60319 -19192 -53861 -35720 -54345 207 29617 10738 645 -16050 45624 -12127 -10772 10453 -43620 -27274 -6512 -20379 42879 42550
r24 10785 -11616 -63496 12608 30249 -25017 -11614 -21633 -27285 59792 39585 -23324 56710 -32051 -22116 3079 -13678 28306 61324 53085
r25 6048 -9532 28164 -61311 -11846 41539 243 -19357 29937 -30335 -22930 -31315 2942 44738 -44991 24616 16876 -57967 -3867 -62334
r26 -5256 -21843 43608 63738 -56224 -58046 -30878 -1351 18964 48024 35827 -20109 57312 -53671 -24232 -13105 1668 52446 7901 53731
r27 6474 55403 16533 -44521 -46191 -14135 -39004 30032 -1363 11061 62383 15310 29749 40521 8442 27122 44053 -12367 43609 59711
r28 21223 -30699 -43375 -15373 -40492 -49998 -60744 64709 -35080 24381 -30089 7937 -7363 24515 -33502 48221 36149 25177 -20698 19706
r29 -53910 -29799 -18289 15455 51284 -60201 13445 -54848 18893 6821 61516 -45795 -17447 -36185 -48226 -46849 44039 -64442 35036 -28976
r30 -16433 11786 -20819 30020 -16552 27575 50255 25726 47846 1003 3501 28546 39046 -56416 27709 57958 -4980 38519 33172 62562
r31 -9635 39993 -38186 37797 44237 -5772 -33359 54188 19905 62450 -49348 -23622 48844 33073 -45171 58939 -25183 -30397 -9643 48717
r32 -57884 -18871 -37419 -11337 27845 -28828 54447 -39163 -44795 -19981 55640 -51191 -34562 -35117 57679 -54689 46018 -1281 -37632 -14106
r33 -6515 -44465 -60213 16529 31300 64611 -42990 -50340 25737 3293 -20914 6396 -5897 39409 7144 -56811 -16757 47846 -64057 -43347
r34 -45912 63344 -63792 15392 7086 -56334 -28780 -60599 -46641 -22459 3775 -45251 65307 56691 54304 25768 -13518 20979 -37887 -10708
r35 -25461 -3090 11247 9375 -56866 1051 48414 5333 -21991 25527 62410 42993 -44777 -38443 -30000 -27232 41899 -15440 64142 -11722
r36 -9915 -56985 -54679 16762 -17400 -16993 24630 -45093 1636 -28962 59705 4706 551 -58956 -40704 -33967 -32628 57580 -8414 -62935
r37 -10143 -11668 26019 -63771 4716 -6327 28721 42802 -22650 58601 -27158 -30956 -23638 31690 29336 58302 -22249 1132 43105 -56903
r38 27128 34711 -26540 -52308 -1453 40069 -42322 -64012 61628 -12022 -36964 -2987 40830 -1263 16441 22268 -2395 -31831 -19214 55534
r39 46261 1494 -36293 21325 -52839 28831 -4333 -45870 15120 -9120 3358 -61115 41593 -5813 -44401 -10876 25765 45441 -36223 47401
r40 65233 3672 3848 58456 -45497 -52940 -19039 41114 -20217 -47447 -64914 -20504 -56618 41770 -21343 44655 16748 3687 3096 25532
r41 28347 -58633 -24084 -25944 34571 -35780 -10973 -12649 12637 34044 38741 -3054 57255 17435 62183 -23895 -13852 11950 -32407 -43757
r42 60278 35728 43438 -31176 -24491 -65432 10134 30864 -21575 -15723 34981 -64435 -56051 -63782 63729 -5357 -2794 -751 62056 -3103
r43 57951 -39546 46464 23684 -40132 7945 15238 -24966 -37386 -42177 13268 33341 -64577 132 -43428 -46872 11608 1508 56126 -54275
r44 50347 -6628 3691 -45823 49903 39362 64961 33921 19417 -19245 60167 -4000 6027 39562 18684 -792 -29441 31556 11252 -48251
r45 -47977 19541 17978 -12066 39774 -15348 -27987 1029 -11302 -12926 -20668 48137 -46329 1597 37421 13545 -39404 -54775 34336 -33805
r46 -10430 -15093 27645 -21 60541 -21465 59471 -30540 -6874 46634 -37672 -54681 33277 -3944 56073 42367 -62177 -34468 -39463 36359
r47 60042 31245 56117 56440 10354 -30843 -10122 -14776 53099 33209 -15134 -65165 26742 -53667 64397 54444 -41286 -50440 3787 -4850
r48 18342 -23228 -47822 49558 19578 -61545 63726 -59531 7159 -5107 32399 44656 -40563 -3296 -6893 -28385 -7930 44789 13661 58250
r49 46570 882 53718 -45119 -1870 -51442 -29674 -7051 -47094 -14335 -60249 10645 11784 45759 -23578 27869 -63165 31901 19773 -30392
r50 11424 -36555 -37108 -6760 -17089 18230 -51463 -58427 2307 34548 -41327 -12711 -2451 -21123 14431 -31048 42418 64860 -9138 -42273
r51 -24474 -45689 58445 61421 -46063 -35870 55037 8975 65344 18552 62322 -35832 -42745 25704 -24715 3300 -45383 -50400 3771 21371
r52 -33673 57402 49899 -64379 20487 64473 -3724 -19101 6211 17036 64476 22683 -12910 63165 47099 -12725 -54151 -39428 29733 43147
r53 -19710 4320 -1004 19661 -16810 -52791 63619 -58873 37337 55906 27738 -16740 -23055 45034 33877 10415 -21912 44884 -58244 -15776
r54 -33733 -8411 38302 -40482 -30257 15162 -40230 -54359 -56165 8198 -3530 -48732 10196 -56913 -11397 -33568 -23802 -27056 -29054 54455
r55 -34089 2205 -50795 34048 -7048 -55949 12105 -15453 -6726 32818 35776 -8955 16700 -48589 34396 54001 -49579 36128 -41715 -53527
r56 -63114 3935 -13584 -16101 -5670 53120 32195 -48025 27309 -41676 9698 -17510 -4502 -15301 -48755 7956 29308 -33563 15296 12152
r57 16997 -9825 4709 34519 -26917 47157 -65344 53726 -7658 -9131 -17426 57244 -1012 6610 6863 59893 -14103 30324 38613 -63934
r58 64733 34490 30271 65032 46925 43504 58245 -1935 29915 -50423 -1595 -35051 -47627 60671 -49245 -14739 7618 24867 60458 53935
r59 7228 -46694 -11801 49142 15879 63369 -56725 -30735 -6898 40447 -6289 57338 13715 -57078 41699 381 59967 46635 -36542 -39717
r60 36488 19678 -61370 61222 28868 8541 -65110 -7759 5984 29256 41138 -30033 45946 -50346 -34035 -46594 39741 24135 55308 21889
r61 -9345 -9931 31061 -14837 63479 35468 -15527 -29882 20374 34074 18616 -20549 -31165 24929 -46459 9576 7197 12988 49811 -5400
r62 -45511 -64761 3499 -63965 -56468 -62101 -53525 33337 -35570 -45644 63546 -26182 -57798 -43674 65171 56088 11838 22077 -53600 9001
r63 18928 -54192 33605 -22274 -13335 -9453 59621 8039 55982 39724 -59110 53498 -12910 -59825 -20047 37837 -23948 44035 23292 -30305
r64 52657 -19571 58791 -42034 46589 38094 -5818 -34283 35818 -26076 -62279 -26297 55584 22093 -11417 23409 9155 -33916 -6827 -46584
r65 58101 -35968 2026 64281 38018 -40570 -25607 -38126 -4495 -60207 34061 -16346 65299 16617 59653 -19265 -5899 10342 -42793 -23816
r66 41171 -32016 26517 -27329 41100 -30697 -52209 -38788 -16862 -50886 43741 52658 -53312 -19743 2791 46255 63984 19765 -55529 -24714
r67 47770 37323 52662 -45418 50743 44569 -33976 54891 17138 400 17034 -35894 10919 25041 -40248 -20462 62303 58381 -37366 20338
r68 11384 -22576 34370 60381 61505 -24370 -6111 1906 -13079 45677 38544 32327 8929 -6343 -6874 -60265 186 -14345 -1092 45931
r69 38741 54700 54464 -34135 60627 -10321 -1304 61143 -28352 64794 39310 49707 -51675 43040 -23498 -20070 -56791 56336 -55060 -51309
r70 -52883 -51881 2861 41831 -46859 -18577 18453 3124 23099 52830 55939 51473 -16798 65017 -29451 -2536 -52320 49528 22919 36796
r71 -43441 19871 64819 -19039 -15350 -15543 47789 -43327 -34556 9679 48450 -58419 23976 -33085 -15096 45263 62748 14544 27125 -19011
r72 48264 -26044 40693 -35230 21568 -60363 55292 -27516 948 -49029 -51355 15485 30931 -16716 17216 -553 -51271 30046 7887 -35658
r73 -19143 64181 -4255 -41735 60071 60624 23498 -9514 61289 54037 -55932 11472 32723 46720 -1438 -35162 -17511 -5153 -23501 -19018
r74 30546 -54003 -63906 6659 -60868 49565 60374 31668 -2290 -35355 41824 65450 34146 -15325 -19177 27452 26876 -15040 57470 -36181
r75 -34686 -65002 28453 31008 -31266 -27552 40008 -62443 -44288 21146 -30159 47538 58638 -63087 -25642 59150 -47529 19961 40126 -22086
r76 52915 -5062 -37130 447 64524 -42981 -11286 55943 -19378 31684 38435 23942 60878 62208 53218 -59067 33011 38359 55149 44768
r77 -35590 38250 26735 40763 62352 -16665 15651 945 37331 59108 -63779 22944 -15728 -46939 -26563 -19130 -2977 7912 1747 -10689
r78 -32401 26285 -47709 -52369 57878 -49032 -49065 -20643 96 37185 -17387 2105 40200 59409 26995 4757 -31768 -46994 -63288 -7668
r79 12871 -12668 17521 -11381 -44444 -27235 11900 -30937 9412 -23698 25292 -60746 11847 34285 30653 -61639 -62362 -3013 -48330 -23055
r80 -45131 -52255 24053 10824 -42616 -35678 -45881 -31586 -24646 -41773 21897 -58711 -19266 12538 53753 -10847 47083 64262 -53594 5174
r81 39824 -1851 -46407 15541 -2449 -38471 40548 5041 -27665 -6840 -29867 -10512 26379 16729 22147 -564 16278 29658 -36159 397
r82 32911 7312 -46359 60936 38784 -343 15899 51889 -31324 29846 -27045 38178 -60123 -61342 24524 51807 14123 -9637 -14235 -26078
r83 9892 17125 41009 -8095 46881 11653 -21771 35153 38955 11436 30598 -18845 15736 -19881 19703 18451 -30856 28266 -4144 -18658
r84 -30262 25481 13606 -12795 46301 5746 -60373 -50853 -46128 -40371 -12240 -232 -45429 -728 1995 11362 -63447 -58509 16972 -265
r85 -53752 -40825 41159 31837 -32230 -54072 -50895 10192 28745 36435 -37250 -35402 34555 -46339 19054 11260 -1416 -31402 59658 25851
r86 -20232 -6589 -34476 19212 -47307 16121 -17373 -29564 26835 43235 14832 -2501 64642 -28778 -57784 22077 65246 -63108 -45834 -60265
r87 -37047 -7944 -52307 -43647 -27840 -5417 11253 4962 51194 47849 12739 18488 -51789 -32444 54514 49361 -25643 -65414 -30792 30196
r88 -61654 2023 -11739 -62733 33209 61446 33423 56970 4672 36523 -31306 57762 -28813 -35851 -26490 46412 7591 -6843 64594 39405
r89 36455 21243 -17925 44009 28189 -39782 -63555 -14292 -28374 -57449 36669 2016 26871 37843 47154 17525 -34831 64549 -8794 37609
r90 13769 -32542 12551 3513 41542 56506 24853 37283 47508 33538 -49878 -25875 -44496 -59482 4787 -7619 39864 31145 -18331 30687
r91 48698 7368 33901 33465 -52341 8388 48521 3954 46609 -28271 26583 27180 17166 -38128 -11537 3612 -30292 11520 25674 52519
r92 16766 20804 29691 -2740 -26412 -38986 -33118 49419 -24814 -8335 -34723 56507 45361 11420 48830 23809 62220 -11799 64154 65406
r93 -26914 14967 -61505 56488 -50213 2931 -49652 -41751 -55924 35557 -313 34707 -39099 -23989 -9350 126 5042 -33436 -10054 -26944
r94 18028 49947 -34345 -10060 30500 32136 -64831 -57635 59947 -27223 20056 64279 -52054 4952 45941 38411 19946 21992 19368 -21084
r95 -24069 -36773 -11059 -63526 25254 -32709 -57251 32406 49187 -30437 61469 -14397 26260 31076 31113 -41345 12807 -51993 32966 -29695
r96 -34103 32644 9271 8066 56162 31184 38763 -45267 37221 40510 63455 -54249 6876 31789 30645 20657 13999 1159 -47112 16827
r97 54424 52962 -47229 -13838 -15067 36025 -48919 24988 42531 -27115 -12132 -20411 -8358 59395 -25380 -39232 -40559 -37146 61244 22507
r98 17725 -11336 9411 15529 52697 11118 2924 -14629 62732 -40261 -20599 33404 -49455 -59219 37697 20154 -20668 20483 61367 -20680
r99 13279 36375 -6552 22949 -64150 46744 58166 52863 49747 -45780 -44705 15586 -34228 -32160 53004 37138 -3942 32751 -20749 40524
r100 50233 -62179 -32527 -25952 6373 17769 51877 41853 -33044 -42722 -33163 4159 29137 50130 1943 4410 11992 51574 41557 64748
r101 20951 65370 -6017 7438 -8635 23073 49896 24309 -35201 -23096 -58743 -54646 -63830 42742 -28399 60907 -18982 -18471 -8391 -62526
r102 31158 -6963 42727 -54600 -36581 30324 53336 -58158 -37359 -63295 -55477 59539 425 -53269 -33767 -2674 -30817 -35547 572 -61679
r103 -54257 -42517 -46144 -57721 -23759 -15774 -11496 -38128 28238 49537 -59286 -34395 64869 8009 -54484 -63300 17387 38153 -58108 51160
r104 13397 -35984 -37510 -22130 -58772 48386 4831 -36619 -34165 -24325 34548 59762 -62730 26347 -7163 -56058 -10110 -35736 29744 47857
r105 43985 17863 -33627 2202 31780 57157 -50921 37317 39234 -26799 65166 50544 -57 54900 -44292 -327 -47320 -15682 52493 -13163
r106 36306 -45505 13997 -30081 -22009 54758 36411 -51605 -48539 -14237 59291 -10870 45893 11302 -18675 -63288 -358 28020 -33760 -19996
r107 -22483 -769 -12773 41573 -54524 -22830 -58400 26152 47814 -37736 -29634 1971 -40865 -7913 18936 28813 -22825 -54721 -47625 57336
r108 24183 -43782 -41738 60625 -22620 -43696 19857 -5792 -54591 -63220 -32893 31871 8893 -60327 -43642 -27159 59102 -35793 33826 7187
r109 8234 -27861 54708 64377 35944 65535 24374 12294 47040 8150 3809 -16156 -65327 10322 11893 58479 -26039 -10099 -53646 12667
r110 47230 1190 -56314 16355 49707 -26000 5448 -2374 53980 -60145 31726 49904 -53536 -2397 -54559 779 -23876 14876 34971 18629
r111 -37462 -57243 21266 33149 18093 -11783 -18235 -7920 24582 6397 -47381 -55981 -48581 3753 6062 13393 -17566 15381 -48615 -54570
r112 -53169 59102 -30975 -48485 58141 479 -52587 22699 35431 5687 -39529 34048 61942 -46709 26989 59186 46777 7215 -18803 -18439
r113 -16414 -8671 21894 -8575 -27444 54670 47421 -53528 -19119 392 -12275 12827 -13522 -54032 15494 -7480 -30268 -44691 24493 33215
r114 27629 -1440 49730 -2723 1945 41753 -19254 -16437 41768 40240 -64433 -27027 29835 56407 125 -7925 -60341 53360 53694 63276
r115 -48635 -50600 -2866 -23808 64739 -4536 36561 29356 6419 50390 25200 62005 -47220 -41692 -37403 57531 13624 -2332 43944 -16489
r116 45139 -25871 47654 38160 56836 -24093 -39065 -14016 -33686 58140 36634 10717 42158 -21627 -47371 -15410 -34507 -20695 -14006 -59375
r117 -55621 -55662 -18350 -42905 63989 53813 -26298 14539 8037 -8636 56876 19215 -26209 31783 -62969 15820 -31569 -49049 -52175 -42244
r118 16726 57359 -47488 -62967 -20598 33051 -54691 57619 -44547 32285 24563 15376 23944 -41384 6776 -30523 61105 1712 -35126 17941
r119 5256 23132 -37591 -18977 -45388 27073 -30886 -3128 -31727 -32233 -19404 -5797 -11051 55349 62693 28313 4343 36118 21538 -32595
r120 34149 -19690 -11079 20541 21398 56927 22264 19460 62947 35035 56433 11753 63474 -56771 -30326 5482 62093 12367 -48005 2825
r121 -5704 -4998 -26175 -13107 -14026 64355 -7889 50862 -50952 35250 4542 -52998 -28151 -49055 28720 31417 56378 -26609 -11891 31839
r122 49962 9258 41388 -8812 -14640 -8572 -53251 49968 985 -34639 44418 -45677 33791 59406 14491 32480 -45651 42469 49878 -62469
r123 58772 30333 -24164 31671 -44342 65500 -57273 -64713 -60533 -811 -63111 -49519 35561 56380 16667 36660 -46562 47840 -18155 46151
r124 -1502 3655 48869 -15785 4455 2401 -3099 -27748 49915 43448 14471 -31236 61340 -17092 36582 44792 43922 178 -44542 7760
r125 59292 21108 -15351 33971 45744 -30887 -9738 45720 -44791 36077 -51297 29268 -38051 -4854 42800 -2774 -175 460 24376 43904
r126 5508 22266 57800 8607 54156 -10383 49916 26853 -37112 30564 -11377 -26665 64697 -23197 32812 -11999 45826 -26837 54804 -42117
r127 -6834 47560 25845 -17174 5037 9996 -51422 -18011 1492 34799 54032 -64265 23090 45960 23940 49603 16355 19262 -17704 -61339
r128 11741 -41135 -50068 -22553 464 -63068 23896 -42308 -27303 -914 -61093 -6163 -3662 49641 -63926 41784 -10707 -38568 -44638 26069
r129 -62676 2912 -53603 -16531 59458 -64796 -38168 24745 55405 -60850 -14199 -62553 45929 38671 -43099 9498 -32592 -31073 10459 -48326
r130 -21674 3197 19464 -5133 838 55039 36177 23027 17459 -12104 11110 47899 -3784 38513 12807 -61797 -34688 -42354 -43888 -57560
r131 44909 -24861 -31794 -14866 2134 -25052 55814 40045 -576 -63190 23629 34041 -41099 -63541 -14668 11571 -23089 61578 -31514 55291
r132 -36300 1203 6178 -64379 60385 -31489 18392 -140 -41588 -57783 4402 44983 62325 41985 -6483 -36825 65217 29257 8086 33889
r133 40215 -46746 -54608 -53498 5917 -31497 -9704 58944 31354 18437 58565 12102 -17306 34036 38371 -4119 40077 18920 42705 -12155
r134 -14056 9542 36156 64234 -14444 26141 32275 -41059 -41866 51394 -24397 13450 62276 41744 57913 21641 152 -31779 38110 -20799
r135 -23229 13196 -31377 -56320 13240 57793 1548 -26488 48293 32745 46662 -26530 -40889 -43446 49050 -32460 -2592 25332 14058 -43186
r136 2032 14651 52656 -27687 -25454 -12422 46051 58287 33077 28438 -58907 1451 -29983 40625 -19075 -17618 -3995 -49602 -23015 21970
r137 -57299 -39467 -11995 -28952 -59196 53769 -42380 49830 -37114 6916 -1454 3285 -52932 59359 -29975 -17564 51760 36263 55446 36823
r138 41436 15639 53949 5728 46740 -2255 -5209 -30342 51533 -7885 13724 36464 38499 771 -27424 -41899 -7996 41173 37739 -21283
r139 60572 10797 -34496 48889 -45636 13690 29821 11930 -61792 49557 36843 -45589 15663 -50605 -36262 -7616 59313 -62749 22475 -41405
r140 -51176 -27193 34723 45908 50656 29581 -19502 -65160 55820 -30989 44033 -61072 12028 -11159 63905 6970 48270 -6714 -22328 -54856
r141 60196 -6896 61066 -24549 18592 24296 -54167 -7465 54804 63508 63414 -14619 -45973 -34315 -61160 54484 52310 -56132 58153 58501
r142 -44843 -59246 11665 -14102 -60158 26139 -45984 41046 -55426 38636 57176 23135 -6802 -24928 -9120 -43289 -16766 -26702 -56793 -43499
r143 -57970 -25405 48507 45465 -62205 -801 -6321 45680 27578 36747 6437 -63522 6304 -8651 43701 48170 30300 18275 24354 34485
r144 -8838 -17183 41237 -63910 25700 -59842 -9130 -64853 -45380 33317 57866 38072 52325 5757 7708 -58953 22617 59823 5931 -12767
r145 -27463 45359 -46390 -55820 13896 20584 9974 60393 9087 -37743 48413 54731 53881 30917 38074 -44122 -56965 17112 39505 40580
r146 32204 -26261 55260 59663 36236 -23319 -37710 -38106 39998 -7910 -21602 -60898 -58803 13453 -33212 18483 22926 -44142 22432 -53994
r147 9756 -55174 13402 -2215 -49874 35159 -38002 -60092 34983 -58579 -46183 50298 37065 61410 43125 -60239 -38602 42911 63094 -8546
r148 813 51133 54375 -47963 -3479 5992 2123 61114 -51911 -61446 -38122 -12668 23544 -24522 -19789 -8392 -45923 -33530 -199 13475
r149 -31190 -45804 -754 1543 27457 56017 -45519 39084 -54858 -14348 -57578 23047 -47494 24417 -41761 46816 2723 46549 -3907 -64800
r150 54489 50225 15097 19640 39643 -4133 51150 46170 52431 -61738 3284 -720 35745 -22934 -21429 37720 40547 -65214 -46519 49226
r151 25571 -60047 27514 1896 57678 -63304 58890 44433 40183 -8756 42104 -51172 -10205 57581 -29248 9289 -17036 18125 -31571 38480
r152 -39636 -22124 29069 -1557 -32529 54669 19028 13404 4986 14400 -16070 50035 -58465 1266 -63781 20561 -21862 -22086 -17659 -17679
r153 63076 949 46477 117 26411 -20034 22449 -18079 -2807 60173 -901 51430 -37185 63720 -23754 20514 -33255 14183 -53698 14791
r154 -33436 33886 62394 -21588 25621 23845 33008 -18035 11407 -7996 -43010 59293 -21737 -31875 36290 48296 -50216 -46664 -50977 40526
r155 -28293 45963 -50761 -34569 41774 48747 -64683 25566 14359 9330 -41523 -56212 40076 911 44343 -45269 -46948 20580 64113 -42535
r156 42207 -9507 22629 -58789 18809 -30903 -49771 45816 -62020 -19146 9928 27214 58373 4295 28023 -35792 -46967 -21957 57434 35408
r157 34980 -27447 2672 14724 52817 -34360 -61157 -20407 17495 38471 34867 -57186 -11169 -28155 -52973 -46723 23214 44875 -21334 -52343
r158 21535 35277 -6071 14647 15310 -32337 -61347 -23797 12283 -18873 -60418 -23223 50327 46563 -13647 20526 17162 47249 -23823 29247
r159 8309 59137 -4370 7292 -62620 36433 -2752 49404 8747 44775 45336 51524 58492 5308 12950 -13561 -41899 54814 55782 -37221
r160 21610 61149 -58744 -49158 37281 58606 25598 -9831 4894 -17810 -14060 16069 -1086 -7876 6924 -25984 21921 32070 11132 62698
r161 35178 -54817 1025 48550 -64829 55108 46459 -31723 1236 -43405 -6688 61544 32326 3827 8545 -2652 -18431 27020 -16910 -63083
r162 46176 13473 -13278 -57217 -49533 -13791 -24156 -15839 -8765 16639 -4187 54656 64624 43239 -57208 21292 -40622 58669 -48128 -53199
r163 32337 52539 -22419 16646 14689 -32400 -37231 3875 -21249 43920 31342 -38943 44916 -43151 25866 59866 52185 -63588 42056 -48049
r164 -53448 -53579 -6599 39500 -22346 7636 4980 -8150 53091 -31185 -22794 -26818 -22846 37951 27268 22346 29359 41612 -44794 -62517
r165 -27508 -60003 -40078 -44768 34622 -16418 63238 21601 -15648 -16534 -17767 -59302 33555 40169 13155 -6457 -921 -41693 40668 -63
r166 20979 -60366 -49872 34006 -44160 5894 61029 22922 -7522 -55029 45402 -559 6836 40052 -32475 15156 -60237 30664 -64584 11711
r167 5232 -42156 -62374 28498 -53772 -6390 -54274 -36008 27399 669 -3293 62199 45373 -50282 -57432 7593 13388 31295 54781 -12867
r168 -3660 40175 4326 48666 -54835 -53613 -13418 52753 -16475 -11156 27436 27899 -12609 6542 -63846 -63057 -5090 12874 -53927 13510
r169 11134 7578 2617 -6356 12761 -25277 -45130 28315 44613 -23826 -16575 9145 -30796 12613 -40879 37416 -60000 -13456 50869 -11951
r170 56403 -18845 -45698 -41555 -43178 57264 -54626 34117 2766 54158 -12069 -6813 57588 35037 -49726 24205 -49270 44114 44054 60238
r171 -30917 61958 -58551 37230 218 63231 -46816 25324 15043 61416 30134 24967 -7064 44944 -7640 26327 6423 -14291 19464 50934
r172 -29528 59557 -25143 45007 62750 -18105 -40399 -24033 -42104 55321 973 30092 -53072 4491 -60867 -35554 -11951 -23479 -19955 62169
r173 37871 43318 18397 12918 -1692 -56143 -46008 -30656 -51322 -17637 -24091 58862 61615 38536 2068 -9543 62821 -18292 -61047 19776
r174 4525 -48109 38507 40012 39585 -11624 -12045 13807 23234 25278 35237 29237 54407 -26309 -35387 -61861 -53759 30270 -8391 -45238
r175 20678 52742 57808 48439 -46401 -48854 63054 15787 -16223 -3332 -35656 -16595 29060 -45223 -61744 4944 -19652 31426 -14767 -35590
r176 50693 -64902 10802 -27431 7553 -6494 41922 -24543 33553 2665 -37268 35669 20629 6730 -52566 -58821 -31905 -54494 35171 38597
r177 -40007 -60677 36246 -59256 27687 33779 -64260 -20680 32159 -50322 -28369 -13427 -54784 -12769 27339 -50269 -57109 -58791 -26776 11379
r178 19567 42041 -44350 -27615 -19947 -52709 -28151 -3658 -30599 -57766 -29658 -40441 21011 45306 -35695 -1669 32782 -46602 -14022 6638
r179 61610 24751 -4478 -6783 23962 64933 21233 64283 55199 47490 36344 19331 58370 54501 60973 8672 -45808 27359 672 -19334
r180 11259 29711 35401 -50184 -60962 -44387 -5792 -27910 34771 3903 20516 45217 -23882 -35972 -44488 10097 23631 26246 -27611 -59072
r181 15130 52629 11534 55634 53660 -60011 31990 -17520 5291 24382 -62932 45884 48779 46414 -40137 65191 -2930 2212 -63714 -11307
r182 -47391 11462 -26208 56969 -55457 -54882 -21338 18635 -3412 -59757 13092 -38254 16494 -39687 -17082 -31654 49290 -29796 -18471 46675
r183 -33147 31046 34510 28317 -32088 59752 34385 -17746 -27960 -51116 -8242 -10371 24559 55513 -10743 -27980 -17293 37359 63400 -57936
r184 27258 25837 36731 -12046 -53153 27368 -14459 -1151 10358 -9778 -21296 -6790 -45497 12503 -60731 28077 -54995 -9088 -15833 61632
r185 -64072 43805 37989 40607 11678 57194 -5714 -36315 52766 -4744 37057 45000 -7692 -39201 -56009 -54765 -11813 50957 10333 -17818
r186 -19366 -37019 41171 -18182 59616 -22400 -42307 -53676 64821 -16807 -46123 52566 60922 2004 -31029 -20625 -37211 -20938 -27283 -60838
r187 778 -9888 -56858 52395 44702 3104 -4621 -36261 -24736 -5083 44439 23601 58184 -24498 -35022 -57789 -20148 -55218 -25669 -51224
r188 -46237 35315 -62786 25488 24378 -38038 3329 -59434 -6425 -50448 -61364 3325 54060 30652 -17708 -60071 -7750 17093 -42152 -27824
r189 32471 56481 61214 13357 -63484 16368 -59301 4470 -41365 64372 26956 12027 1268 -50236 -8346 10216 29263 -39476 -12395 4794
r190 -27723 -43649 25695 -12763 -40989 -55145 41632 15470 52362 39164 -41847 42454 42430 52614 29737 -41781 -53542 -22072 33060 -44853
r191 -34508 24662 -7808 -47326 60826 33740 59505 8318 13880 50411 45587 -18108 28672 57498 11603 -46804 31714 24760 49109 -25331
r192 64307 -53349 15229 -62662 -62858 -40982 702 15822 37010 59126 35617 -9156 19560 -25745 38246 -21779 28014 -17547 19998 4223
r193 2317 -24966 -32889 16542 19996 23063 1140 -44050 -34982 -6056 40733 -41419 -43184 63969 21221 41779 10901 -351 -57507 -46627
r194 -24476 -23637 21068 -65126 -2653 -3509 57209 9106 -60012 32777 42195 43054 21074 -19536 -63419 -17212 23057 -37155 -25607 -11061
r195 -41178 37393 -32495 43269 35972 -24615 20846 54511 16729 53113 -7130 -50242 16919 57412 -50542 -25559 46406 -64442 -34258 -36334
r196 38252 23463 -63320 42569 43 38329 -31389 -32398 22889 -43881 -62919 -16670 23841 42062 -7451 1714 -60952 -36149 -34792 -443
r197 -32331 52529 52338 -38145 -22529 15075 -60070 30379 2594 29347 35906 -12313 -45879 42908 -65296 20206 46497 -4322 -25859 26648
r198 29782 -28161 47846 36134 7274 -57599 60324 59139 -28002 15768 17410 27847 -18967 28525 -43079 6842 24930 -18996 29640 250
r199 28307 5009 44152 27565 -12550 32716 43256 -14968 -56212 33625 -8970 -39476 -43778 6527 -40965 -21920 -570 21643 42105 32757
r200 -47966 -54016 -47907 47661 -23837 34310 42808 16035 63383 23340 -49599 43981 -32278 21959 18257 42306 37839 -20112 -54853 -48711
r201 -9761 6098 60617 -46729 -50157 3908 29235 44562 1866 31080 25654 -32518 48689 8462 56375 -11412 -64122 -59054 30273 -21814
r202 -44853 -18061 -7796 -16800 45360 45953 -36302 41171 -50089 -30201 -42024 -14107 -9883 -20446 -20053 42273 61692 -5811 -56598 -18064
r203 17904 -55604 -14968 -28312 15860 -28379 14001 49452 -55313 -2489 -58969 51775 -3969 42407 -53546 -19499 693 -35933 5167 27744
r204 33557 56178 43766 33354 29375 39369 -61277 -20873 36470 -35581 52733 -60828 -13147 54795 -15628 50114 -30637 -21624 -45595 -46436
r205 -43156 23771 37998 56978 -21623 9342 31967 10411 39439 26504 26695 14614 -46264 7054 -62965 27112 47714 -31602 -8500 10010
r206 -6264 53988 -51457 -31520 -24798 -4847 -21184 -9279 -28682 -63103 -42469 33539 -56457 49940 52618 42352 -55970 47655 4218 31813
r207 -28900 -10796 -7675 25673 -37998 -17171 18885 -55753 50514 19505 -54659 11045 32455 -7365 -50940 -6025 -454 27782 37633 43235
r208 52475 -23183 37299 22260 24077 -27218 40874 -55935 -58120 48022 -63754 2198 24006 -45521 -48732 30452 38905 30705 4280 49507
r209 32880 -55300 32596 31715 -20887 -61210 51904 -38119 21483 11341 13057 11683 11182 -7379 2141 -5068 9237 -4261 12536 -8569
r210 -37831 2794 8970 63890 -62415 -3193 -57252 17270 -27366 55423 -34891 21673 54780 -63053 -9268 -5653 64366 24341 -20202 61711
r211 22177 12118 -9425 -18144 24597 35105 8474 24478 -1627 57174 6782 6295 -47539 -13712 47243 49107 -57257 -40467 -55366 -31499
r212 16476 -47668 -1349 -39086 -41199 -16496 -9100 -51796 46772 -16469 19645 26174 -23756 60431 -39053 60563 -42948 -10824 38583 -10893
r213 -27926 -39590 -47467 -59413 62004 45392 -15277 61562 45761 -42211 57240 -29944 62333 -57527 -40370 12221 48080 19632 2350 45076
r214 52221 -22592 -17627 -41284 21197 -26080 -24551 11786 -1006 -60864 -56996 -64187 -10826 -16743 -12061 -38522 -58558 -63222 59308 44554
r215 57831 -43807 23903 -56527 -5634 -18142 -6962 -14075 -54387 -51263 33285 50252 -5891 34003 -48467 5143 62204 40265 3241 53420
r216 60708 -680 -35093 -40490 33060 8060 3713 -32248 2337 40266 -39188 -53656 31762 -34695 -1127 3734 -25936 54293 11656 37213
r217 9745 -46376 12497 5258 -32377 57579 -54480 -11282 44433 -49003 61056 25929 52427 4843 -30521 -1017 -41848 -7073 57433 -23322
r218 -17181 61048 15046 -59531 -38767 14662 -40637 31445 -45244 39526 44948 -21165 -7415 15131 62513 -4841 -44450 63632 16598 -61332
r219 -13161 -27991 42935 29388 -27670 28900 7021 35420 -29963 26814 -39071 49057 9635 -27636 -17373 29659 -37837 -30229 54561 -35976
r220 -57952 36203 57760 -38305 -5735 -55062 11062 19218 -10068 63945 -5756 -27995 26963 -1485 58213 -45477 -60737 -14033 52453 -54351
r221 63906 18352 60826 -33083 44104 -7640 50564 16244 53171 -20910 61100 24998 27217 -15140 -3807 48991 57906 -33413 -6691 65182
r222 -21651 54794 -15653 10531 11774 -65423 -13452 -48093 -56052 28920 -17059 -47472 -51591 53246 -60967 7044 32805 57128 14123 1728
r223 39066 774 -26136 42864 -52080 32158 -61647 -21075 -40946 -48164 -23757 -7705 20617 55939 19379 13811 -4005 37604 -64996 51099
r224 -28425 23172 -11972 9072 21196 -27261 57349 35410 50609 -63284 64873 -28423 -36789 -21889 -2952 1017 1660 -10563 33903 -5827
r225 -26708 39711 -21748 2549 45816 25380 -4685 20999 41501 -45182 -53553 60620 -49283 14400 -40351 23735 -9083 24206 13367 -47327
r226 57025 -27291 -41095 -48154 25563 9945 -60040 59194 -8500 24753 22094 31654 64355 27685 -11961 53204 39310 -59214 -48042 44212
r227 -4613 -14442 62016 -47441 -29605 53811 32931 -57025 61141 -16762 -17797 -36227 -47991 37637 2036 -46988 54779 64142 35339 13145
r228 57232 -24243 51336 52837 -8179 -59777 53576 4447 -47229 -37723 -48837 49418 35905 -56462 -44219 -9925 5167 51193 -48695 -20985
r229 -52470 40214 -31944 19940 20874 -6758 29255 48528 26502 -41103 -27729 48705 -25559 61558 45916 -25632 -64133 -17591 58636 55599
r230 -16293 -62981 3806 -25811 -42975 -2253 61811 -43960 55622 -8022 22887 42584 -59486 -7268 -29959 -42902 -61049 54356 -38705 -57337
r231 -65461 -21857 47618 12690 -26237 24040 -937 -52334 -48922 -2791 46584 -20176 21957 60293 47113 -44131 29314 -60057 28279 51929
r232 -13103 -38251 35347 16635 61862 -39851 -38515 -42545 -38673 40103 35833 30785 -26757 41636 -43686 -17414 -11111 -65002 -37245 57448
r233 -28315 -38779 23490 -42072 51201 -25826 55979 -46522 -58209 -35003 22824 -10115 32629 -56230 13936 -51640 29706 -37494 14731 28398
r234 10872 11999 23805 28036 52791 -35479 61604 -39592 53179 -243 50541 63107 -20796 -20007 2362 47371 -17920 15693 65347 -23572
r235 -49605 36773 692 11610 -8938 -44312 48785 -34827 61676 -47845 43499 42379 -11071 -13242 -65215 -6119 1236 -61374 -14274 27830
r236 30388 19633 26322 7057 -50863 -22358 -9605 12916 -43285 1059 -62670 49942 57348 -59680 25744 38691 45426 -39263 25248 54343
r237 -11577 30243 3300 -20481 55573 58795 -5255 -19932 63178 45236 41863 13392 2882 48106 -22114 7632 61611 28678 -31735 33216
r238 19140 -44876 -46886 57859 -11233 14609 -47524 46908 12141 -5507 9862 -33743 5584 7672 1313 64520 17265 4593 43398 -49566
r239 -899 -20519 -17632 32594 -35387 17185 -21872 -13552 -13972 19354 60904 -49637 -18753 -58815 -50025 9674 -38804 19722 36166 22461
r240 28039 15649 48737 -38630 56962 -18517 -51641 36307 64066 -32142 -25275 40930 3981 -63790 35342 12760 -37071 43119 15494 11175
r241 63959 -23851 12520 31517 -3118 32567 54089 46588 -20739 38286 -60748 -11077 25909 -28998 40522 36239 -21791 -28859 -50218 41452
r242 16822 -13419 -55999 -57436 50047 -8783 -4369 -43270 25803 58416 -12952 63659 5711 33931 14931 -22860 -55617 -60376 -23015 6204
r243 -64614 -38437 -20281 -47292 -32904 -45991 855 9703 -42729 -12801 20614 -34866 -41670 -52523 -25807 5990 3159 -43818 -7162 -21186
r244 44712 -49341 -42436 -22506 15062 11395 -3755 -28897 45741 -38314 13590 44190 -14819 14004 24789 -18793 54562 52040 -44425 -37823
r245 -63884 -54221 -43887 28495 -19509 43018 45513 -16244 63628 -45174 -61101 -51322 27530 49781 -55903 5942 -40833 -44303 15847 57359
r246 36175 -21696 37117 52939 17291 -29397 -723 35095 9458 -8444 -46490 18288 21408 -18676 59866 -63295 -37371 41616 -54118 32220
r247 -31267 -61517 -35507 -41271 15556 17771 36770 30680 -35091 39045 25970 -39184 35659 -10701 47566 17435 21474 -36891 -493 34457
r248 -61911 -14469 -64847 5134 -19031 8900 -26055 20810 59751 -59295 -61928 21319 -24738 -15430 30143 -13564 43696 56872 48654 7616
r249 11722 53791 -41728 -36850 39372 29630 13734 24706 64266 -12930 45725 -30256 32093 -19288 -18995 23699 62912 -51596 -22483 11586
r250 -25678 11198 26054 50880 -44738 -14714 -2163 53252 38794 -54709 -58303 -14007 57001 -2017 -63408 38946 -6054 -13588 33443 18749
r251 -55427 50022 62739 32125 -46370 6899 55626 -22006 -33427 62719 51613 -20194 17932 -31401 39658 48185 -51411 -50664 -28698 16320
r252 21028 -31238 17771 21833 36835 -29062 15078 40998 45162 11530 -3791 490 -61277 23977 22110 -17069 -1904 3098 -29795 31363
r253 -3124 -12771 3184 18549 49311 4888 39002 -36891 -8032 39813 44317 32267 51115 -11353 -29679 -53104 11518 -8292 13824 -11323
r254 -12608 55202 59342 50058 -17423 -15853 44575 -31039 45207 -43173 -10277 47875 8437 31103 7977 -50811 5539 -33114 -52257 -21812
r255 25420 16072 55794 -47545 -53664 -45788 50517 -30596 -16647 30028 9052 31183 22329 18773 -1711 21712 57391 -35444 7064 -3849
r256 21903 17053 47136 -38905 -37629 29841 216 -60418 20559 -44705 -29736 36004 46462 -44967 51694 56882 43601 64679 -50117 47993
r257 -62895 58315 -34009 43214 -18157 45247 12355 39903 -35901 31891 -7086 1917 -42591 32926 43632 -26627 -56883 -10204 51480 54743
r258 -24003 33549 14135 -24719 23664 -17070 -57977 43886 -32297 -8264 -41247 -27701 -56646 61509 -21702 -54518 -10633 -36797 56318 27952
r259 -24800 -34824 -65396 49238 -13805 -1003 43468 -24370 13266 5129 36906 -17087 -64118 37231 -55390 27710 36876 -27863 -27415 49321
r260 11191 -56897 60586 62866 -25618 2139 -52132 -708 41800 48916 12719 -63877 22160 -64549 34142 -23913 -32391 -25722 -38288 -44947
r261 -3318 43211 11152 59239 14531 58583 48506 -26443 -54878 -33361 10908 -23243 51794 51503 -24921 18833 643 -13610 41114 64715
r262 61118 54386 3650 62169 -24132 39976 10093 -11251 43545 13119 64322 -31972 -39146 -15588 18339 23753 1428 32990 7944 -6746
r263 41174 58646 34872 -41324 -63109 -20749 -8544 15033 -6803 -17747 -53048 -21513 -31355 36140 8420 23453 14212 -44159 40160 266
r264 -14182 48533 7712 -33014 12823 -37502 -21031 40019 -53416 36251 26088 40483 42960 33460 -53840 33117 -54742 37768 56960 30326
r265 17130 53137 23182 -35593 35968 42271 -61801 48249 41938 -33632 -10159 -13608 49008 13697 19778 4751 10743 -25892 50351 26715
r266 -25487 -2464 13145 -49375 22809 36486 16978 63409 -54908 -53124 57172 -58155 -61081 21647 49982 -20843 27453 20992 39857 -4310
r267 32177 -39964 -60373 17374 45801 26158 57637 36263 -11201 -15676 22695 28983 63490 29231 38941 -31359 -48742 6183 -55345 -63588
r268 54729 30340 41389 -56188 -1419 2355 36278 -56869 -12008 10775 57097 -43638 21120 -19617 60548 -54426 44710 -53673 4206 -6830
r269 9277 -62962 -26171 52529 -17319 -20534 -60266 -22628 -58031 5768 33448 51085 56146 -44599 -16343 46336 -16153 -29001 46015 17095
r270 -30932 9623 -20410 469 -21645 62092 -9016 -35292 -37774 33407 45133 46606 -58615 -3459 -29787 -18750 16877 -2530 -8943 -55375
r271 -21573 54771 29071 -63631 -21492 -35604 -32872 29189 -59965 62603 8940 -59806 -40189 55688 -50429 4185 50376 -15686 1024 43571
r272 -56164 -7773 -29020 -14322 -64666 -65169 -7037 -14254 61980 -49138 -1544 8743 27501 -63453 36623 37673 -45829 -19345 -43890 -56123
r273 12478 52929 52867 37904 -15312 55117 -58614 63452 -65227 -41158 -61788 23698 -12501 -960 16185 -52803 30423 -5734 58017 -19312
r274 55897 -33944 -15150 -15379 -20600 61828 -8995 -28398 56780 -57283 41516 -34720 -35408 -16124 44683 51497 55082 -35793 -30749 6523
r275 -58617 -41943 -17014 3694 25927 -43400 22060 13006 53435 -60086 54446 11799 14493 28966 -63109 -14430 -40973 44734 63749 -3897
r276 10716 49314 38500 54900 321 52727 17304 -65131 62265 17689 -2271 39762 -1359 12565 -22013 29816 -26502 29233 -19966 -40379
r277 39939 -35617 -48854 -3699 50839 9587 35278 -54107 36218 47775 37769 -58198 46065 18343 -26075 -749 34462 20806 63689 26017
r278 -54803 -29023 24266 44089 -13874 -55095 -34170 -23122 3353 33747 28748 -8434 -50101 -34519 -46039 38973 11988 51535 55327 62818
r279 -61437 -46387 18750 46776 18884 57114 -23340 -14652 -52082 -4652 64949 39059 38701 -52018 29670 -55004 -52592 56028 11421 -20646
r280 10022 15482 28434 -28771 -64776 -11433 28441 -15632 -58224 -2124 7493 45300 38914 -7524 -28441 32692 51360 4795 54797 46422
r281 40558 27979 -6912 48154 -56348 -55769 -9170 -7185 47489 -63057 51279 -14333 -49883 495 28137 -44576 -33510 -4465 -35596 14607
r282 -46638 49509 26187 39235 -1569 14375 36899 -14563 -12174 37345 10947 -7356 -38192 57671 -31801 40945 -47138 9188 -59248 17403
r283 -1681 45521 57631 -23392 63431 56544 -34113 55380 24386 -3699 35776 -65527 -11869 60099 -64360 50510 15374 33758 -40965 -17651
r284 -30993 -35664 62202 24697 35316 -15160 -64360 43789 -33642 18184 -22583 -60804 7250 43548 -34153 10432 -1948 -43912 62032 -22423
r285 -58593 20196 -1613 58550 40450 26139 -60753 41799 -5585 -32723 11230 17141 -4951 43426 -42620 -54028 39049 -4770 13732 -5347
r286 776 -34688 -40302 -5690 -27773 -9871 -45371 59423 65080 64861 40057 57471 23970 -41350 34942 -15310 44050 -14409 -24662 3994
r287 -62422 -3810 5936 -24536 39622 62486 63161 2935 -28689 -6944 -36081 63863 11434 51434 36395 -43957 -4801 10100 44863 -58822
r288 40526 39827 -23050 45930 -19239 -317 -7837 -26289 53909 25879 14947 -18923 30797 63559 24095 35467 41604 -30987 7418 48962
r289 -3168 -62349 -13156 10689 25874 4168 18798 61267 28305 -65233 -40403 13148 -50899 -43507 -14725 -20008 -60952 -7511 -63828 31579
r290 35381 16726 41782 44910 -23343 8856 -7215 48805 21178 -41011 23747 -51158 16571 15803 8057 -14818 9990 8955 646 -26529
r291 -11525 -60596 -9203 27241 18189 430 53616 -60010 27341 -58246 -9675 49978 11235 -25625 -47661 14919 -10611 63619 49395 -1591
r292 34942 64040 28276 -44339 9035 41650 -53435 49662 -16547 -38571 20422 5733 56160 -36877 63079 28142 40700 -25807 1532 65399
r293 -23199 -34493 31177 -61187 25048 -17825 10086 -43336 21845 4568 33776 -19843 13926 37701 65140 -52712 44899 -32533 25727 -43762
r294 -43897 -47268 48106 21534 -9865 11563 36257 31548 -50656 -19602 -14795 6650 16709 -13619 5058 -34401 52672 20409 -21261 9065
r295 40654 60488 -3074 12181 6220 -41923 32477 17797 17327 -30094 54763 47674 27167 -58407 17289 54530 -15831 55211 6446 -61843
r296 -8892 53770 -10562 -37147 5337 -41995 44081 -42577 -10475 38475 23212 43432 50703 -37488 -17807 -23639 -45192 19212 -46313 -16157
r297 -51750 29962 -52412 28096 -10180 60329 -43783 -18249 -13608 29592 -11120 -44594 -60205 -46429 -29309 24391 -54921 32479 -24027 14732
r298 38434 -10133 43721 -53162 42088 9838 63203 -48670 -65250 13261 44234 -44713 18144 -26868 -53967 17664 -26128 26092 36785 -43109
r299 36849 -35971 -52828 6551 -53402 38971 35489 -26500 -13490 32689 26615 43392 23547 27267 -14567 2724 1002 33448 57479 51761
r300 -37856 -3187 -51077 -335 -49571 -25373 65366 59925 64977 -57988 44094 55809 28446 23497 65180 -52445 -57182 44119 -43036 -54831
r301 6666 -1366 -57284 18001 -2594 -51318 -52995 36316 41320 62430 -52798 -30677 20408 56782 18589 -40857 -6263 -5804 11080 8434
r302 -57865 39919 20988 -18536 -15547 35536 -62541 48911 34000 65270 13489 13329 -55072 -22074 14307 52429 31332 25418 17057 -61033
r303 8219 7628 -10719 -27201 -47709 22372 -40941 63588 -33540 -10029 -10994 61042 -2439 23311 16311 -17680 1211 3479 -16718 -13319
r304 54016 -24864 2616 11236 42316 32256 -39816 -26629 -5894 12935 -45242 -45057 61464 62573 59004 64052 -56071 15914 41012 -57482
r305 39658 37736 -24482 -3788 58370 6464 24550 24521 18315 -1962 30282 56684 19890 -37465 -37829 63461 -34280 -27184 -22899 11823
r306 49221 46235 -21327 -35421 19470 -11141 40120 -63033 -20700 -8969 -53028 19037 -31625 -61714 -63949 -57514 -51226 -11765 -8192 -6842
r307 25981 36973 -16412 -48147 19433 -10280 -14980 65255 -63587 57266 37863 -26311 -46219 61682 24496 -9226 32304 41961 13347 -30416
r308 -36913 -49074 43925 -22765 32622 1817 21526 64279 -57156 57253 -56306 32494 41788 -60302 2125 -44405 16550 55559 -16302 -14311
r309 -1207 -30385 -43691 -24515 -28120 43552 -7461 26460 -26061 55716 19465 68 12039 -41850 30955 4752 -55445 45626 63695 54255
r310 29365 -12782 -7674 17773 32489 -12850 18681 -52611 4426 1662 -55626 -41645 16683 41654 63721 -37321 44858 -6869 29706 -39096
r311 -15402 -61498 -37376 -43762 19267 -64900 -32727 37878 24709 10414 14384 -62060 38015 39735 -5484 28246 -57195 -40549 -51830 43834
r312 34406 4871 -59006 -37202 483 -65178 -19864 -1057 -1740 -64301 47055 35800 -49754 -43614 -53275 21602 -4250 -4415 -46931 -12683
r313 18506 17173 64079 -52365 48142 18111 45215 -49791 -25141 -48388 61045 -43123 -16559 -38336 37835 -57002 -60099 -3681 -31120 -29076
r314 -60227 -50596 -59353 53147 40975 19061 -9871 19277 -20331 -59292 41525 -2614 61588 -42667 51758 21306 -64162 -62857 28297 36237
r315 59958 -16698 -19418 52037 -55798 -61960 -32248 8454 -3412 62574 -61974 54707 58787 -3814 -5612 54687 -59040 -22470 8884 -29675
r316 57178 -55978 42427 -50056 -10732 36875 35681 -64120 29765 5052 -5072 -30653 24477 7574 57181 45901 63072 61979 -33473 -33739
r317 27319 54077 37787 63882 -53778 -38832 52984 -29878 34566 43906 49983 2830 -52570 55119 -25576 -6660 -28161 45201 62770 -423
r318 23655 10864 8097 -34765 61624 -56349 4942 -58499 49800 -32568 36628 -20893 -43997 61355 32232 57313 33232 -12431 -59554 33902
r319 36801 760 43190 6003 -50448 59875 -50496 47901 45058 20824 -59362 36754 1236 -31751 -48741 -40303 23523 38290 42750 13019
r320 -28293 -18636 -15742 37808 37218 -42847 54546 47903 63975 63954 64755 -49256 -35642 18298 51616 -9062 -42431 -11950 40016 -39157
r321 11993 34812 42981 -21051 -43188 -9109 -20037 38511 -64722 45733 -7681 -30560 -62221 14211 -43305 -26892 -3078 -32651 40542 54693
r322 20891 -5636 36569 -5437 17534 16121 -19551 56624 -50088 39282 -23175 -23882 -12907 -63479 -53483 28217 -48242 31349 -19264 35029
r323 -41853 -16171 -30301 -34011 -61819 28440 -39116 5322 -19899 46046 -53318 65182 -26514 11978 -59194 -50476 -32932 8791 15209 25821
r324 -24428 56007 19834 -37476 -32467 24502 36625 63909 17754 -4051 33110 36421 52674 27533 29922 -8721 34797 -35105 52323 -9074
r325 -55032 -18900 42833 57751 -906 61204 -29794 7817 -32045 -33848 -50333 -643 -56629 -9508 22230 35008 -25876 -20300 5910 48312
r326 -592 5643 -61800 -42261 14658 -35064 -739 -15691 -19462 17534 -9828 -6427 35289 28522 -62240 55433 -25429 8240 -60244 -18970
r327 -23877 4223 -938 -2789 27747 -15228 13347 -34281 -41116 6752 -26209 1499 3775 5557 -18950 -54491 30046 -4067 -16595 -25688
r328 -11962 22157 60431 -35104 16605 -9971 17465 31396 -1007 -18380 28508 9268 -64066 -36057 56741 45827 27871 -36912 29750 49105
r329 -45084 -17684 -52949 52389 58540 -24697 -37627 29496 -30082 20319 -51097 27592 -4488 3484 -21629 -16805 12370 15463 23028 -45238
r330 12548 44572 -36581 -35164 8860 29167 43022 30097 62394 -5728 -44196 -50162 -15028 51435 -43771 -8287 45320 7072 2420 -55799
r331 -11723 3110 63825 -34694 -27471 -37386 11767 6635 14845 -50444 61049 43874 -12780 -30249 -2533 23423 -24089 -43084 874 -49715
r332 -31386 41481 49208 31866 19275 25530 -44228 -9329 -34499 -10211 -54217 -41381 -20050 44088 17464 -51743 -20113 -25895 -41045 -3317
r333 -45445 -58306 63483 -1104 -25801 43832 -36797 56125 -64643 53983 -50857 27981 -41285 170 -4720 40540 59132 7431 -53254 -1298
r334 -33387 -16 17834 10577 -45856 53497 -58645 -45207 23844 56985 -8282 -32118 -42573 -17822 49681 -54975 -16850 -23370 -38249 -24078
r335 -43906 -23947 -23299 -3356 27786 47155 -64126 -19245 18720 5247 54762 -47641 37277 5864 1294 9646 39646 61788 59204 42262
r336 64723 -42937 -54525 -22074 -4408 -26608 -50447 44890 5370 -33839 2141 -39481 1365 -51889 22991 -62536 -55970 25337 4810 11729
r337 21803 -4020 33730 -38102 -38785 22035 7432 -56493 33653 38691 -51495 34244 -45570 -48238 37095 6231 -9210 -51595 50646 -15228
r338 25105 -43949 -4930 -59933 -46192 44397 -64339 34245 64612 38912 60449 51229 63031 -14710 18651 -7631 50519 -33543 -35102 -9696
r339 -64461 -37126 19837 61444 -4175 61166 -10794 3920 -64049 35789 -40178 57825 -29741 -20539 44592 14194 46425 25658 13408 -33451
r340 -27901 -60394 12854 -35503 -35990 48837 -29103 -13329 53307 34275 -22212 13514 -19108 14597 -19147 53791 -21636 -38599 -8327 -6891
r341 -24245 20793 -3458 -59041 3963 -49664 -47743 -24175 22229 56568 -38674 -342 -43053 -4799 -31227 -34827 -50782 -50256 5614 43686
r342 59518 -13831 -17701 -5045 2930 39031 -25223 8076 56077 43341 63224 -63406 59265 35219 -16239 27637 272 40975 -36317 25014
r343 15557 11738 36997 -42938 5714 16437 4419 -24249 42865 -33470 16138 13851 -20175 6146 38437 33784 -19540 -32659 -56856 -55460
r344 64416 -28282 32753 18741 -57187 3460 -29859 -1928 -50071 40482 13831 10789 51819 763 -7721 10853 26453 9780 -64489 62939
r345 22712 29224 -2380 57326 55569 -47421 -12068 63226 60519 -18225 12207 19968 59572 -19893 -55088 -26426 25830 40121 31303 -41377
r346 -44134 54263 49464 -46097 -17742 -2406 62270 -46031 22450 2568 -31238 26174 61393 19912 40664 48244 19298 -56048 -47946 62500
r347 -30279 -35139 -14423 -28075 -28148 837 -57348 -52577 -35949 -25981 -7242 34260 49445 -23963 -63617 13231 -63785 -46302 61170 -50503
r348 5405 34546 20660 -63543 32491 -48349 55532 10004 55472 58847 -22185 -56785 -23400 -19583 -60322 -36630 -40809 -56854 -47026 15862
r349 -28947 43982 43341 55677 47132 -47311 -22780 13943 -48633 -6163 -62719 54693 -29056 55220 -47444 -23937 27865 -29619 -27644 -4800
r350 -45499 -62626 46405 28068 -58854 -29683 11043 28906 54184 -52585 50155 62945 -45143 14205 48358 46886 -38508 -30927 8231 897
r351 20172 19803 -41855 59714 55544 -23246 64932 3714 20614 -45448 60011 -23341 11897 -11014 -54689 -64241 -47810 -38359 -51170 -45157
r352 -60282 -17553 -61152 -49974 -6701 -36646 -57287 65295 -65270 26018 -33342 -20248 22039 -47853 -31921 -39366 -52038 -9346 10866 -12105
r353 50369 -6003 -59926 1413 -29831 40646 6154 19956 21035 53452 12126 -50348 -51228 -58304 25717 39882 -56947 -17455 -61383 -33953
r354 11296 15421 28580 -28267 7669 -3912 21302 40089 38974 38933 -21633 -31538 31638 6837 -31182 20549 18757 -2261 -26929 48246
r355 25008 19277 -3085 -59298 -17724 -50758 12836 -51863 -54183 -50264 57463 -13205 -25868 -61076 65072 44434 8900 -55026 49140 -3248
r356 31344 57190 8952 24746 -199 48142 48 60802 50260 -56867 -18768 17472 -44904 56593 -21335 33935 -64050 54067 -21708 -46785
r357 21429 59677 -10220 -12054 -3473 -45667 -42321 37069 -10739 21754 32850 17049 61776 -40165 -37213 -51960 36698 26014 18666 63531
r358 11517 20382 3109 45121 -38717 -15131 -53601 -7967 29591 -61538 28521 -5803 -27870 -47826 37177 -65040 19710 14646 55839 33501
r359 61333 11330 64139 -40677 -16149 54533 28178 5289 6359 60556 50274 -57733 -54316 -60318 -47578 21300 49913 15678 53911 45626
r360 10086 -41343 -35243 13788 -55241 58244 34811 -61840 -60676 -63108 61714 -32184 -45395 -13139 -40613 -13076 52853 55386 -26102 -59378
r361 28150 49104 32916 -18292 2020 -2027 -10766 -53569 -13301 -16877 25299 -4328 6909 30017 57130 -52166 -49484 4629 -33165 42052
r362 -6451 -33494 25224 9247 -23048 -61150 -27375 -45462 -28667 42410 -1585 18864 -49872 -63143 26119 -53116 8852 -32055 -12885 18908
r363 -50235 -23057 -37303 -61531 35163 55065 7637 52567 -37241 40374 -40548 -42983 26143 -3857 51206 36456 -4043 60457 6643 -22429
r364 -2736 38279 40984 -33841 -63069 -15652 -3239 -16850 -16756 44431 -46685 59857 19850 17468 -4743 58569 9976 40824 -59130 -24170
r365 -1177 -26910 22522 35569 50612 4709 27278 -41940 -2917 27432 -63819 -18174 7817 -29794 -21870 14788 55661 12256 31159 -17486
r366 -27691 39280 -15815 8241 5073 10260 -34409 -57783 -44702 -9451 46070 -53664 -58508 -63482 44311 -64723 50350 8914 41714 14727
r367 -60653 17446 -46317 -13552 15493 -620 39835 -28645 49345 -11653 26807 -30785 -6475 -50714 -57956 29590 -5195 -29329 53612 52791
r368 -14777 1600 -57799 51366 58860 -1639 -35530 34593 -44946 -16901 -40551 -65485 15960 -65117 -39455 47186 -30593 41618 -15600 39432
r369 18201 -29470 43164 12693 -44191 -63734 -2402 -26117 -24400 -45145 39462 2226 51463 -52990 -18232 58166 -31580 43131 -59791 41569
r370 45446 29180 47401 -34916 6041 -539 32035 -658 14233 -585 10240 9520 -31724 -18724 -51894 -33884 61405 -3306 -61079 -31816
r371 -49556 62935 37843 61424 -2476 5114 53651 28756 62336 -16710 -4578 24624 -57100 5275 -21595 -50276 9762 16580 -54659 -8832
r372 -58492 -3035 65336 -42994 -5141 31119 -13740 51297 1288 -6907 24278 10407 29474 -17135 -1294 14314 28072 -37685 -19162 -7165
r373 16415 21518 -18953 36702 452 53907 -24985 49941 -45835 -23962 -61970 -55382 45578 -27712 -39186 32354 55251 24252 42139 -32826
r374 34299 14029 4635 -38440 -22534 13987 12135 -8061 -58522 24638 -58224 -39811 -1789 -57574 -31592 61250 2852 26347 58438 30827
r375 -5771 -25223 -41207 21562 -15615 -53163 -35859 10233 46745 24678 -5948 -60280 -10607 -46694 49678 -33523 38747 41702 -42814 6319
r376 60648 58731 24899 -28560 -3852 -56647 -52111 5164 47567 -64633 -1089 -36500 12756 6966 55153 -27414 -54932 7524 -56788 -33060
r377 63370 -36691 58719 50851 43082 -15856 -1374 -44676 43252 11654 -18460 -60823 15818 62198 -55024 21186 5222 40755 -8720 -51891
r378 17277 -4427 -39281 -665 16325 14660 -33704 -63667 35984 37474 38422 38198 -21423 18219 29441 -39163 55549 -56531 -33956 -52070
r379 9946 23728 -61218 62153 58487 31860 17490 -39146 28810 62787 26061 18557 20606 -32404 45669 62449 -58516 -27224 -2638 47379
r380 21170 -24481 -13534 49608 59883 -7695 17435 -34193 29765 20797 18850 1055 58658 -52121 31477 770 -18934 3134 -4118 44999
r381 -29970 9359 -24331 -63454 -50876 -26504 15803 -51315 -46572 -16346 14788 -17209 17441 7521 65506 15194 50663 -52696 -57028 56411
r382 19051 65482 -53305 -45994 -38164 41425 -54320 62765 -35459 37491 51049 -30866 37239 -49807 -33041 6581 63536 -9191 44377 35774
r383 23403 13094 -8159 4723 -2925 -6479 -52581 10482 -58884 47247 -11613 -24783 -32154 -14738 60991 11392 54865 45591 -37461 18302
r384 -24811 15198 24205 61515 32107 8307 -44848 23995 8667 19622 58940 35626 24507 -35878 50967 -31478 -14326 8 19596 35614
r385 49471 -7970 13943 40500 64926 52588 40160 35238 -17048 19270 -50370 20072 54846 30265 -47062 37471 25110 9921 21369 33961
r386 11060 153 62221 57730 63804 48752 -37752 58594 -57389 16713 -29494 -40975 10372 -32040 -3080 -27415 59266 -21977 -50753 23950
r387 -34576 -25145 -61899 4613 40500 -9701 52636 27512 28002 -55299 -52692 6803 61044 -24605 36701 32884 42953 -43358 -5569 52067
r388 -55436 -50580 19775 -29979 -48978 53461 -16399 -40314 43459 -53753 5985 42214 -21717 -53319 -18926 42979 18390 48490 37640 18536
r389 -44925 -10189 -43538 -12882 -44675 45818 48290 31034 63819 -24779 -35393 54596 -2355 11781 56953 56535 -64 -33620 -35040 63516
r390 -8746 4510 33008 64607 7583 -24280 58838 -26937 27265 -51420 -62076 61121 -47754 53145 -17847 -61836 -56977 2612 29076 -27469
r391 15757 -40525 25255 39776 -23306 29592 52118 59584 -16574 -36438 -21306 26077 11774 63153 40162 -40357 -30699 31085 4296 32779
r392 -39124 63275 -17896 -65417 19308 17753 -23084 -15579 -39165 -53123 -44640 43166 64704 -59350 -26375 18612 44654 28069 -40959 -10300
r393 20399 47944 53268 23672 -8014 47192 24755 45125 -40753 28583 11552 17551 -24046 -26874 1056 -39254 -8708 -18303 -40446 6133
r394 31461 12179 63217 27507 46052 63123 30602 26026 22758 5226 6516 29768 30581 -19643 -36493 4294 22446 64108 -25525 17573
r395 62994 35129 -49147 61382 -10384 -41292 -21976 -59432 -29967 18357 -64961 -12062 14549 -49852 -1876 42459 9243 10936 40352 61892
r396 -15443 -28908 -60676 -51434 -7043 -23294 -11162 -38745 -31357 -6497 32511 38942 31344 -16370 11224 7657 -45116 50965 -59038 -2521
r397 -8056 -28638 -33291 -19631 -62526 -22401 8064 -59900 63722 -251 -3615 -58916 -12118 -22432 591 44188 43663 9896 15671 32333
r398 -56480 -34736 14941 48424 3001 -45199 60628 -8742 -3606 65099 47290 40144 21280 38565 63245 -9481 52937 -40257 51735 -41533
r399 -25769 -34398 -46423 -64090 -11607 -58961 -22895 42036 17418 -64074 -19358 54162 -19641 17516 -41379 41870 49543 38303 -49588 -35816
r400 19330 -43841 -520 21174 27697 -9891 10331 -15433 -14047 62045 -18609 53500 30759 -10158 42141 45519 -4229 -44585 11736 -11485
r401 22762 1278 -44077 5405 -39355 21776 -42308 -15999 5346 27887 8011 -16661 2649 7746 -15735 -46376 57324 46835 51704 -22963
r402 32749 49504 -17763 60869 -49357 -28304 13601 3491 -58576 -36011 -33971 40442 39731 -24776 22471 -10899 11894 -34194 45710 -38611
r403 63154 42600 17461 44990 27275 39194 -40071 -44407 -6669 49356 -20827 37389 -56492 -18630 -42635 50347 -40058 -29664 30243 43554
r404 -48318 -58957 22464 56330 57772 -52862 31718 -39685 -62644 57694 -29897 8468 47557 21078 -42141 11249 -30732 -33430 63275 -17816
r405 -65108 64906 -13437 -63549 14461 27158 -37093 -45823 11476 -30492 -48310 54459 42074 24687 -38637 -64516 -52790 -4919 -53446 -37587
r406 2941 -59365 -36544 -48279 -63270 30308 52622 -37787 -59550 64249 5266 35498 51425 -28571 -17395 -36091 -35244 27566 -15554 -5210
r407 4709 -31220 21208 33142 52459 -8211 40139 -53693 37514 -358 -27817 -42421 -26281 44834 4130 -58498 -42317 -13889 38008 -55619
r408 -2535 -32386 -19310 -23968 -19827 -29485 -18594 -61117 -51083 -23415 -6896 13854 -6476 -43979 -23614 51420 -40535 -62790 46481 12313
r409 -30315 -25184 52885 57873 17193 -2274 -49611 -13203 36583 -15777 -59974 -43767 55778 -56154 -52399 -37972 -57135 -51559 36643 -41406
r410 38384 20397 -45582 40498 -15685 -27564 11831 -49544 -30925 55313 -42879 -59452 56308 19453 34011 -42726 -62549 -13770 -47685 -38792
r411 14131 46926 -8556 20121 -7249 -14854 -44390 26358 -6467 -8050 -2198 -46342 -43236 38619 28545 62166 -6975 8796 -30900 56259
r412 -1208 -23338 -45021 34625 -6496 41032 53745 -60173 37632 57670 -8927 -4640 51189 -59805 12181 -60607 -23355 -19598 58970 21454
r413 12457 34665 -6676 6632 32916 8055 22967 63755 54130 -5311 -62305 11192 42705 -14448 14974 -34079 -58885 23380 13187 12603
r414 -35227 31057 54960 7756 -3860 -33150 -43944 -3720 -28248 50193 -33063 -62300 -8804 -2976 52647 56711 19156 14277 21173 51051
r415 -16897 31726 -45563 -36661 18028 35830 40908 -51373 50187 -53535 1006 14235 1752 51727 -37672 49231 -35306 10325 -427 -53385
r416 -28365 -1507 -46713 627 -42201 -11820 -43215 -5464 51191 -43450 -1234 -39915 64267 56687 -41873 23859 49632 52413 56725 -33531
r417 -3133 1161 -51884 -50428 41820 -35040 12942 -29308 -17059 -8248 43014 -9052 10402 54415 -58611 -46530 499 44858 -8452 -328
r418 -36612 -53768 -12994 -52897 59688 -40321 -9031 26185 5617 -32587 -25213 19318 -5341 -37920 37109 -49235 19393 16845 35093 2723
r419 31149 1466 56505 58850 62945 41176 41519 50165 -47040 -64899 2411 29061 -6677 -32855 48970 20095 50651 -39159 18104 -51526
r420 40712 -21320 19355 19912 -7766 43460 -37176 4703 -42591 -39225 -25144 -22445 48956 19724 64797 -41140 -57988 -26291 64598 30960
r421 -54247 545 36649 -38471 64329 45278 -56563 53299 62441 -52347 -26294 -48865 61456 -34045 49044 14869 -40762 -496 42199 30704
r422 4320 -725 13338 -26292 -61640 3568 -22859 16236 -49809 -41611 10052 -40249 -31041 -2286 -23102 43999 -31364 -49682 -45793 42323
r423 363 2692 59927 -62375 12089 -25998 -50213 38491 8103 -30751 29832 39680 37067 5160 12629 39430 -46688 37106 42955 -20707
r424 -15877 -32911 -2643 -39509 34388 -38897 64153 -15908 25702 -63603 13936 31521 22414 -12483 -62591 -54202 -46255 -29902 -35529 -63655
r425 48799 22428 16475 -27685 -59807 61599 -45097 -33354 63156 -53310 38791 32931 52406 39017 48472 21063 62904 -63930 61181 22010
r426 15159 -7519 11975 -1893 62291 -42045 26154 43296 26719 -55086 -43719 4225 -46413 -60029 16974 -37031 8131 -20179 -54310 -63218
r427 9400 -46839 26272 -6012 56345 38820 -52108 -36783 52839 -22170 -57675 -9430 28663 -23702 -43032 -42182 -48941 51278 -40873 29477
r428 -5992 -20793 -32388 39619 35881 59330 56228 -61662 -8430 -65410 27179 44237 -15339 28328 62333 10591 -21299 -56201 2896 -46716
r429 57934 12384 21698 19033 54349 14735 -4430 63448 -5309 -16515 31169 14626 -52197 -28015 42290 -38723 -42632 51262 51083 11457
r430 -41852 -63005 -36317 -52774 -27520 16385 -25625 -25648 -15165 -50980 -25904 -31674 43506 24326 43294 -55069 14384 -15611 23770 23738
r431 -28235 -22594 60162 56359 -30923 -8747 14715 -51159 -6121 -4654 -11933 -11565 1882 -38472 -33738 -58885 28988 -24717 -1985 -12155
r432 -50641 40636 18788 -35787 -59540 37327 61744 13359 -61345 63783 -65020 -10309 -38840 51483 -5368 4199 23300 9420 -58353 -20348
r433 -13443 13389 48365 -17744 -45769 -42337 -10522 -589 -18079 35420 -63868 -6221 834 -9222 22217 20210 9104 14807 -16483 53720
r434 38724 -18927 14168 -48922 -35977 63523 49834 -57796 38086 42243 -42342 55897 49313 56362 61356 -59629 39433 17668 -37530 -38393
r435 -21384 -28986 27428 -10939 -8268 -54537 -20252 20952 -59214 -34979 -31531 18156 10836 3351 -18111 6940 -31963 -12038 -5224 -49921
r436 29131 -27713 59688 59700 62049 62194 57080 -10186 -59968 10536 25178 19132 509 -23620 30717 -18009 17754 22514 52351 24405
r437 29080 -48861 -988 51200 4606 -29675 4274 -19053 -47864 -8046 -35003 33513 61535 27902 730 -44192 13700 55052 54511 -50629
r438 19160 -55798 37811 45726 35984 -57455 45893 52283 -45052 -26053 29422 -9881 1196 -36193 60109 32271 56334 25500 -54625 30493
r439 -52091 62808 26920 -64394 25669 -11565 27076 -22741 23447 -45441 43714 -14324 33817 30965 2560 31158 -23682 -21705 -16244 24546
r440 44773 -58467 19773 42417 45910 31289 -16248 -62576 -55274 -56830 37855 61301 -52665 -27139 46783 317 49711 -25320 -1845 40250
r441 64580 44219 -43502 -5389 -52955 -5914 48846 -60027 -51535 -37342 -41513 49278 57389 18703 62037 -33089 10922 32505 60140 33544
r442 10176 -20529 -1062 -11172 779 -21711 34270 35292 -26569 60548 47000 60845 -6573 -26796 -29433 -58514 -36400 6950 23996 46755
r443 40782 -59704 -33439 -39091 -60299 -4902 41759 -57752 -63888 45261 -22141 -2597 -11063 14190 -50607 -40761 -25008 -53269 -61865 -47746
r444 49974 -52933 -27706 -23194 -54751 46877 -39800 31144 -35748 7403 956 -24947 -4855 34868 -48244 48422 -15797 -18611 22167 -14477
r445 -34836 -58962 -65162 -23313 1995 -50451 55226 21070 37582 -35924 -10508 18239 27349 21 -1527 -34448 -3582 -20910 49104 -17022
r446 24447 26743 49955 53716 -19291 22151 64451 45218 65078 -19285 -6540 -8976 -4028 -28801 -62795 -13830 62601 -4820 -41328 13777
r447 36053 -33748 -61545 12841 42915 -6575 56559 60111 -37052 -6905 -39627 -5436 53414 35484 35770 32501 -35412 1680 -44584 -48827
r448 42226 -61249 -47262 -6838 1948 -12313 56984 -37229 40975 21291 -60860 14460 32687 -57635 1368 -57815 62524 15155 -9647 -24691
r449 31463 9376 36946 61604 -44365 35014 33433 39006 -15528 -15923 20766 -2532 28540 -40644 -14267 35137 30258 61926 -29538 -20646
r450 -65022 27055 16071 50052 21770 -24411 -41523 38678 30425 7545 35570 -55563 53196 45973 -48748 56182 -50980 -34805 -58337 -19457
r451 -1808 -38623 65339 -55642 -61824 44718 17394 -32051 30359 30086 -31448 54594 -38511 37123 -14367 33840 50185 52016 17357 -63884
r452 18258 -14881 -19191 43814 -45239 33016 2629 -48716 -64601 47842 47931 44412 59620 -53686 -31202 48898 -43914 20241 61096 -19324
r453 -64887 53765 -29731 -39443 52366 -1225 -35184 25051 63883 30935 -50048 -31688 6644 46916 8198 -13804 58957 31514 56961 -49412
r454 -40113 47704 62259 -23619 17888 636 46239 2505 41503 -10759 38100 -58238 -19526 2515 -27949 16306 -15462 -12842 -14873 -48003
r455 7219 -20463 -7704 -44790 25452 -33788 47134 16983 -25191 56344 -6783 45734 -63613 49110 -36120 63532 1864 23580 27312 -3300
r456 -11480 25980 -58619 -20117 43762 -45340 44537 -22890 56192 56615 -5554 -64555 -46952 61088 55851 -63943 50351 -37670 53469 -734
r457 59079 63723 35999 -46592 -46810 -13808 38251 -56104 -55797 42248 63466 -23449 -10615 35860 -19625 -60204 -46081 30460 30524 -38547
r458 48859 58145 5234 5578 48689 -22885 -40068 46002 62026 9714 42384 -20646 -4566 44579 -42470 -30413 -13410 30805 19258 -28876
r459 -15787 58071 62603 59796 39808 -57258 63162 -63555 -30034 653 -61605 -45671 -32151 33263 62319 -22245 -20753 -27636 47377 -57364
r460 -33308 38865 -19840 36293 -33841 50769 -9207 -1284 43791 -57181 -55689 -5230 45198 -57117 41767 10492 46512 49098 9327 -1393
r461 31039 -36299 17942 -297 19451 20873 -13522 45118 5401 31557 5421 -14782 -62051 17380 38389 -23891 -27757 39342 64485 9988
r462 -52582 29060 -12735 10865 -39674 46557 -55044 -40459 -59341 -5455 26818 -7596 -37304 54539 -10641 3804 4299 -17280 36574 4448
r463 8926 -63093 32277 -35744 -25075 408 -2385 13949 -7436 33402 21310 -8524 -11532 59113 56517 -53208 -36777 -55169 37748 41656
r464 -44104 49170 564 -59647 -62694 -11390 -27585 2173 12506 29455 -34484 -920 28210 38446 -38555 -22849 -10652 33975 -3021 2106
r465 63810 19237 47077 -18737 47704 -34313 -58805 46346 38921 -11217 64062 27266 -46298 3690 52303 29347 -43163 -63782 4850 9296
r466 37451 -52080 -46629 -20279 28759 -10279 54201 46004 -11291 33075 6456 57282 56721 51405 5076 -43946 46557 26804 3069 11920
r467 57047 13545 7003 31517 39163 64712 -24428 -38063 10745 52058 -2883 16307 41048 -16167 49224 598 28629 26079 -16172 -44852
r468 56901 -59500 -13661 34602 -4539 -30387 40243 -53411 56952 -62739 -35043 -61907 -37619 45353 -59285 -50527 -59378 33460 33785 -61844
r469 -44026 700 10147 55062 58497 -57169 19325 -62865 13921 58602 -19230 -16366 1259 34224 -57689 -4375 -6648 -19500 -13084 -90
r470 37415 3791 61460 46676 15879 23550 -47191 -13413 15810 54512 -29183 -8472 29215 -37426 -26354 -15483 58008 -19348 48155 7423
r471 -44991 -2236 20810 32638 28951 -14697 63910 -33261 12638 28896 -53221 42802 -23631 10268 57944 -51175 4172 -41324 25206 17411
r472 34953 58377 8653 -40043 30019 64170 65300 -24431 19361 44690 -46751 13947 49351 29795 -42708 19422 7081 -16168 -11525 -53019
r473 -46275 -13158 -24330 -22933 -39595 -41875 62512 -36391 24148 64156 40883 -25162 -50390 37901 19840 33228 10660 -2908 47927 -18784
r474 -40505 43568 -5807 -60279 -50940 43331 -29955 -26923 -63994 -47233 418 -32194 -34288 47314 24989 55565 30442 -42497 56203 -63899
r475 20645 11061 -35753 721 -4416 -35522 36885 45439 -41254 -26299 -32566 -29112 -30192 -37930 11244 -38888 -44168 1914 63346 -60531
r476 192 3954 52349 54502 57474 -58539 19835 64559 -51070 29560 52652 61066 -40059 -60385 13376 45223 42477 2081 -15497 47290
r477 -26441 58229 -59518 388 51529 -41685 -43724 -32829 -17946 -53259 -8491 8474 47199 -5530 -35311 -15366 -7643 47960 -64524 -40039
r478 43923 -10684 -25944 -31557 56983 -58072 3777 19908 58482 919 -57091 -41935 34117 26886 -39563 -42516 55268 -33778 -36897 30716
r479 58962 25772 -42146 56024 -36955 -23176 8571 -27539 61201 -63442 -8623 10546 20329 -56294 -51609 35067 17607 20423 -63256 -2917
r480 32637 8756 -39727 55869 -60722 36370 13479 4658 -32615 44920 47981 50940 5511 6325 46283 30596 197 -49216 -31437 -47892
r481 27170 -2376 -11985 25422 54321 46072 55035 -52792 -49932 -11229 -28024 -559 46165 17547 -60840 1617 -21906 -8544 65429 6880
r482 -61742 -63718 46462 60923 59239 -55143 -11368 28669 48641 -62669 -8706 63904 -4902 -39522 -27953 -7165 -64166 -31973 35240 -39127
r483 63597 -57764 -34267 47578 -63906 57580 -63616 30364 18163 -58451 6920 -35175 -32274 -19731 -30921 8038 -7153 -30755 -36909 -5628
r484 4694 42767 -18704 23868 -58836 40453 52115 8592 -12035 16015 -32154 27353 -24648 -2840 12215 -18315 -17300 284 50134 46329
r485 44596 -10744 -21479 64385 -15886 52944 18068 33069 -5454 36056 -5840 -15469 62845 32023 6524 -7854 10327 -29192 -11111 29865
r486 2330 -35152 35798 51897 30713 5672 -63110 -57759 15551 54364 61299 26523 -62608 9345 58273 58187 24072 -63022 -21767 -31472
r487 -41051 -47197 -54887 29400 -52634 -13689 -57663 -4419 27165 -62544 44289 46713 -48777 33179 19804 46853 -63597 -57767 44824 11922
r488 53387 36965 49020 -6059 -15768 -29253 58432 24561 57087 -35816 767 -56798 -2552 -57409 64174 1835 -26660 14687 51533 -40017
r489 14617 -25776 30452 43059 38317 6863 -37194 50287 -37561 56759 -54118 -46611 26934 55315 37618 60882 -22105 -35523 -6090 19443
r490 42297 -31709 -63933 4082 38166 10487 -7554 -52615 -54332 -37927 61078 -1581 14660 -12307 9757 2679 -6399 9085 -65502 65229
r491 49596 56802 30821 9838 42284 -8794 54816 -7922 2404 63322 -55466 53383 -23917 61680 -20903 -31445 49750 16081 -25162 33719
r492 -6879 -47605 23112 -5744 -32707 59221 15166 -57031 -39125 -32267 -458 16170 -25632 35719 -20195 -37500 -13263 63242 -9393 50869
r493 -3966 -51024 56792 20342 -8446 40912 52897 44504 15928 55681 -39265 7556 32394 -60500 63022 -36700 -3393 57635 -1897 -3760
r494 -31828 5199 -596 -13661 -47403 -62064 1507 45169 -23888 50264 58274 -31261 -33996 -63989 -9110 -40148 -28045 16612 -43459 27175
r495 36312 989 56693 -15075 -12933 -54578 -28402 -47358 59344 -50574 24455 11882 -16433 -14032 64386 51344 6357 3613 54771 15581
r496 -60784 39997 15433 27254 -14524 57905 -58816 -58343 22096 -64026 27589 -30428 10496 -42209 -52683 42154 -2738 54447 -45556 -14041
r497 39605 62534 -61321 25693 16581 41743 -32139 10913 -62046 -32760 16138 -3986 61422 50080 -54754 2123 23386 -12421 44332 45019
r498 60329 -32789 -44708 -17432 -59426 -16516 -1578 14706 -43348 -42491 -14540 25951 11448 -49373 -33000 -42734 -45423 10733 -7159 48158
r499 -57794 -46177 -11019 -29913 -50206 -12866 34152 8725 -43436 -8562 59515 -24754 -43569 -1420 20214 -38758 34506 28246 46544 -14681
