mTable18 21
KEY  c0 c1 c2 c3 c4 c5 c6 c7 c8 c9 c10 c11 c12 c13 c14 c15 c16 c17 c18 c19
r0 -44366 16730 55125 -58714 -46596 50165 -38491 13684 26667 23073 -44576 -51951 45783 -11146 -13383 -6398 -43941 -2844 58229 13330
r1 -27587 -46672 52180 16179 9201 -5309 -26049 -63808 -53647 -53814 -30419 56508 -30062 -30162 -24375 44422 31877 -53891 -6005 51435
r2 -17110 64939 7453 17170 45781 -2996 -58218 35599 -60964 50202 10841 52802 -54702 -62989 46344 47055 -5483 -20577 49050 51769
r3 1455 56414 -42199 89 51456 -14912 21816 10083 57829 27034 -10139 3960 -32963 54090 2237 -50967 -20826 -26170 -9390 22370
r4 13258 16021 -361 -43206 -30957 51797 63433 217 27927 1398 20779 17996 41489 -37018 4889 -5263 5633 41277 -45247 34805
r5 -38180 46458 -7449 26319 49108 1919 43306 -3103 1506 -2293 -59937 50886 60585 45043 -40357 8922 39245 -15050 55931 -10647
r6 -58775 97 -7083 -42467 64396 2174 13158 43092 33922 14383 20184 11021 -39327 -7257 2284 -26153 -53622 10966 54462 39917
r7 5615 -34301 65434 51584 -28390 20160 -12022 748 39059 57106 41825 -47092 27656 59229 -9284 -57723 3959 -27565 48830 20038
r8 1897 -58736 37908 48180 -9411 -51828 44529 24636 41784 -28086 -63216 47712 -38514 59556 14653 -49749 6205 11474 25919 -43740
r9 47673 -29296 1613 -27287 -47039 16248 742 -30829 -64559 -37441 41524 -26912 -31854 48466 37942 8289 61605 29086 39169 18457
r10 -19434 9383 2124 7995 -38061 -26023 30153 20842 -51411 -44338 -874 -21816 -27909 -38811 13032 3335 -37603 45979 -57142 34860
r11 -16594 27456 -57285 49498 -52204 -44313 -5750 -8763 44362 -5299 40481 64889 24338 18765 -27951 49621 10611 -15876 6649 25186
r12 -16689 55771 17603 -30849 -35940 -53 -44117 30883 -64354 -39286 -40124 59368 -48377 58808 -34723 -7484 37045 18066 -45818 -4367
r13 -16736 -10577 45896 64656 -19005 -37954 -33951 10105 47670 -37451 -3546 -43314 39867 10036 -63870 -22873 52022 39999 -64100 17026
r14 30334 -22768 -3268 -16199 36377 62060 -12377 -28179 -5985 -49689 6198 -17153 -16490 10575 -28253 -36708 34829 -42686 51824 -46812
r15 31367 -37605 -42390 23217 -45723 -37830 5027 46663 37224 -43936 -14311 -37514 -4082 33180 28984 -43225 -3604 -28477 -52460 64987
r16 64032 -33327 -14447 -3481 41113 -53667 39438 -32012 51980 17067 42419 -13176 52187 28191 -14145 23178 -16188 -25374 -49241 -20369
r17 41650 -28006 46288 -58163 3113 1170 -58140 186 -5385 -56743 16115 -5106 57711 42480 56413 -53612 -49145 2699 21877 31198
r18 -10629 -58956 51653 7922 46255 14267 -59515 49793 23489 -10192 45447 -19325 -47817 -46916 -24387 -44787 27552 43987 -35835 -34820
r19 27009 41198 -37339 13660 42166 -41841 -1990 -51693 -30627 20426 27046 -4594 42206 -47808 18728 10991 42625 7230 -58774 43835
r20 -65275 11750 -22290 37352 43185 -63320 -37995 48340 -8286 -18773 43350 -20109 9687 60955 15896 50925 53053 -22054 50240 -43631
r21 -16707 25136 58042 -56133 -23560 -28007 -10769 -12018 -27447 63896 27708 16361 -1802 988 -21782 56589 21701 -62613 62562 -32456
r22 62427 17098 -62337 55588 -27216 29331 11734 -6390 63893 -2889 -55507 28575 35910 6847 28690 30515 50558 29354 35218 -20312
r23 59715 -12072 -43402 19628 -3181 -23571 15845 64845 -1512 -64107 -28882 -24766 -28729 54703 -3332 52092 1574 53629 -32805 -2216
r24 64762 6463 58111 -34155 59491 24770 -23502 -1085 18374 -6131 -32946 46480 -48072 -5112 -2402 50872 -32733 24054 27240 -18109
r25 35241 -39214 -11901 38820 -14168 -51004 -53473 -36578 47966 -61011 31855 -47644 19654 7331 46619 -33501 -9686 47375 -24622 34843
r26 -21236 -43558 20728 27269 60190 51641 -63676 27531 16779 2415 31644 -62259 44585 52661 -46233 47133 -30615 -39026 -14934 -19622
r27 -1487 -3791 -15535 -20740 -51067 -10547 -60222 58525 52410 -6735 -6518 53462 31186 -448 23961 26063 40071 40374 -40973 40878
r28 -52176 13414 8107 -49003 -58532 -11743 254 5193 874 -9960 -11140 -58861 61625 64947 14697 -58015 -46755 -22856 20333 39694
r29 -28667 -6125 3000 16475 -15895 -4394 -59232 22081 -42501 48701 35722 30850 58612 18024 56362 4261 -43137 -45563 62086 53652
r30 42200 4018 -11521 -8750 58418 6379 -36592 51465 -15910 41681 -48647 16815 44856 -62726 -2088 -36782 49664 18126 5907 -16344
r31 19677 -32211 -866 -9349 30035 -34929 -16820 -32699 35905 20481 -31038 44136 -61660 41919 44656 -28239 -23575 -17912 30082 -16203
r32 6272 -26914 17394 -44025 -25869 -13471 -9957 -59557 56898 14836 18576 18440 16489 25368 20224 -16682 -52344 -24069 50703 64051
r33 -36999 6191 19746 -45090 -37900 10528 -39304 -10305 9955 -8086 58520 -32823 -18570 -57407 -33283 -49479 45841 -14084 -22947 22787
r34 -27391 17762 -6599 -16697 54011 -41384 -39714 46700 20791 -17927 -53668 -33800 10374 54521 29468 -28413 35445 -709 16324 11306
r35 21410 60499 56344 18623 -20007 -62614 54326 40962 63606 -62878 35702 -40389 27602 61800 27262 45837 35176 -57589 63720 60322
r36 55993 10638 -29301 20489 -31571 20503 -6376 64624 -59789 -64133 64321 -9835 -31381 29912 42043 40358 -9357 -34392 59661 -28943
r37 59175 53190 58644 59627 -47249 29151 53301 -17496 37815 -36513 24959 -35954 -60489 -49610 7539 55624 -56227 64437 -13854 18849
r38 21493 45528 27733 21067 9108 -11291 -31332 33652 7138 55518 -54780 7738 -18161 2073 -63446 64146 -58591 -5337 -5201 -26466
r39 45982 -32220 53336 47965 -56943 -36223 9679 -43988 -53553 1995 -26086 35729 43305 -49697 58518 48969 -2900 -6270 -57284 -31841
r40 4493 -31331 780 27418 -54505 -19906 -41066 -28973 -41995 60649 60089 -36739 -28369 -13483 -56483 18272 -16697 44937 -9506 -64060
r41 -30850 -5612 10457 -9539 -41136 27598 -62303 -55551 60990 -57249 -20596 22760 -40769 -11250 12817 53265 37984 15003 853 -23269
r42 34818 -58849 1358 -39763 -8254 35505 -46922 -48875 6405 -49028 -10079 45955 -8859 -34569 -50318 -56875 -35792 48018 9618 -22215
r43 30684 11625 43476 -35842 19065 -942 52091 -51241 -13610 17364 35558 13360 -27832 -64181 -21299 -7816 13363 -20030 662 57111
r44 37502 -23616 -34785 -25054 10556 -26643 3912 -25320 44159 46716 48714 -8993 -53078 16958 -32919 51608 -40699 53148 -29766 45763
r45 65397 43284 -28010 34267 45846 14487 -7566 -62994 -55749 10896 -11706 3872 41853 6727 36775 32713 -12359 -57299 -4737 41073
r46 9588 -39258 -47997 27372 -45746 43562 38417 13028 -27445 -59109 11968 -44414 -29573 22154 -56683 -21919 63304 1157 8449 56077
r47 -183 -15015 61 19435 -16901 -29669 24853 -2632 13160 -11407 -43740 53736 -3895 -53871 48282 -28268 -34665 13623 62332 46378
r48 -36610 33814 27699 -57263 -34313 48716 55259 -65167 -12707 48457 -65186 4633 -22184 -1915 18622 32402 -44185 -12563 32700 31199
r49 19182 -31019 -24207 -56791 21111 21879 -3987 -30166 35361 43408 8093 16271 19986 -21142 8286 -53231 -9248 -9242 -33398 20346
r50 -14348 31239 52832 46413 -64068 45258 -574 -27040 -43848 -22940 -37790 56680 -3006 -32974 -46930 48244 -28739 -39145 38441 17370
r51 -25015 22308 -43761 -42853 -54180 10441 16480 17480 -2083 -62574 -43611 -42849 40259 25828 -48263 29782 -29629 21194 29257 40554
r52 -41768 -3578 -30230 43257 -14113 30172 -37999 -33305 42286 -43381 60638 17491 -55637 13950 55425 -56520 -58948 -56061 43952 45276
r53 -48173 49769 41127 59245 19811 49320 31747 65531 29520 -2874 -22749 43837 16692 15960 -21983 1844 -65021 30971 -23410 -24740
r54 -58067 -30380 -54126 63378 33558 15059 -43224 12849 30537 -65412 54436 -52174 4436 -52331 33212 -43608 -14956 12970 -50660 -62142
r55 -16373 -23248 21425 -51019 26669 -5963 -35632 -20100 -44425 38465 10948 32289 -7376 -58193 19549 43270 13992 -24964 40606 19007
r56 28460 -9912 -14497 -24263 61038 -16953 18145 -47496 -26892 43561 -44044 21264 -65159 15707 -31106 55436 60623 -24062 7322 3352
r57 -37321 20591 -4620 44538 5968 -31391 21384 33419 51248 -60781 -60091 62721 -1771 -42401 40509 -21324 -13799 -22407 5723 -26417
r58 62357 -21761 49479 -46024 28970 42181 16114 54503 54225 -53247 -21072 -56491 57820 16300 61185 1388 19814 -24913 -1903 47677
r59 48456 -31138 11499 -55944 53443 -61058 -1095 5768 -9876 37335 -22793 33716 24389 -9663 48419 -5067 12943 22938 -26883 41417
r60 2401 -44231 -8494 -61793 216 -57427 45727 42363 -41735 -18706 31862 47772 -60421 -50347 22003 49776 -57752 26539 -29041 -48025
r61 53226 13464 -26673 35069 -9773 19096 42248 -32065 50840 60510 50898 -35117 -11141 52447 49370 -38745 37692 -19243 -23517 -39525
r62 -44819 -53873 10115 -27963 -22235 34926 -18050 -5042 35833 -51757 62851 -53236 -13042 -46049 58195 -54734 -28679 -28862 -1552 18659
r63 47803 -59744 -58022 -15996 -17497 27993 55544 1780 47376 50519 31873 -39172 -13919 39542 -63577 -33751 -14112 33584 28829 -48803
r64 -41825 -64288 -48997 -64296 -45036 45269 42168 -1739 44476 -21601 -31828 64622 -64613 26305 -42002 41372 -59153 -48314 17708 9834
r65 -54239 2059 -45000 -248 57622 53481 61315 44068 -34485 9223 -12685 -6700 3574 -27445 2007 38453 6360 65509 -36097 -25351
r66 20416 30036 -45413 30587 -12181 -4372 -45957 -43596 -21079 -50625 -20046 -1041 15829 19829 20812 15584 39410 -17077 33971 30415
r67 34132 -6439 8308 15103 37095 -47828 -6238 -51365 -63514 -22236 12593 -65079 59378 -44354 -13410 6094 -36157 39369 49995 31623
r68 38835 -33322 -51886 -52775 50208 -13591 53338 42785 22322 -16973 -57736 -45330 24469 -23562 -11006 21264 -5919 -45441 11006 -16777
r69 -7178 -16163 -53242 14473 -18245 -32953 -28537 -48229 56335 -10334 45461 -37832 -1528 43238 -29570 50495 22155 -14117 440 22495
r70 22363 18577 -36435 56766 -55791 -61112 -52597 6769 -36323 63495 -11138 58016 34630 3117 18836 26241 63124 39596 -60523 34399
r71 -44789 -38787 -53604 -37188 3698 398 -11844 8959 -42934 -48655 -37645 -39180 -23334 -56658 -44021 64531 9268 -43043 -57882 -44038
r72 59913 -24275 45601 -47833 -3552 15523 24058 50854 10244 50533 29673 16727 26778 -2845 -51563 -11526 57244 33969 -55235 3161
r73 -38424 61345 -31006 36541 52776 -8901 -40064 -28536 26235 46811 14040 10738 -12870 -6555 64 -18923 21893 49301 21647 -62411
r74 57020 43007 58729 51627 10327 -62314 53164 58207 -25048 -10990 -812 -11393 -56740 62939 -24065 -37284 20776 -31588 -37403 5803
r75 12611 -54855 16638 50890 -54287 -13470 31644 46800 -5699 -17306 12838 14795 -24640 63306 4403 -18496 -22579 61265 -41527 -51189
r76 -3194 -35276 -27027 -51822 -28938 -22373 -15086 -931 39798 54758 3286 56991 -31062 -49267 380 393 25184 -39744 -1996 46222
r77 10193 57970 -20214 3293 -54104 64068 27719 10013 -52821 26148 33589 15568 -31503 -10821 7736 -2 -65033 -58165 -31723 1573
r78 59346 561 -35822 -23055 -16061 25463 -28425 14811 37024 29064 -38074 -36742 7071 19237 8710 13869 29929 -42242 18320 17218
r79 -62950 42822 6998 -42276 47861 -61446 -27052 -28992 -51304 35196 59145 64034 -24270 -1283 27478 28036 -64192 44109 32766 -3557
r80 -61881 21476 800 -51448 55979 -51008 -42061 13002 50624 47635 -18053 -22665 -22408 -3596 23394 20967 7598 -38235 11071 39951
r81 62568 35301 57013 -7372 -50331 61303 -19321 46257 -22144 -51959 54934 34989 30883 -56424 -26156 34993 -36736 -63987 -35432 -55571
r82 56898 -34210 62967 -22172 21698 -32078 10814 65478 50907 -2022 -21458 -16762 6543 -40232 54700 15411 5711 -44241 60372 30927
r83 -23696 -47994 9725 -30907 -43767 37170 39356 -28838 -33906 -51773 41813 35750 55839 47475 -38484 -65273 5286 35693 -6579 64553
r84 -18180 -47157 -49463 -10113 -54811 5207 33650 55041 -32700 10369 1410 -37036 40469 36860 -49265 -21647 -63615 57867 18145 -28939
r85 45268 -41919 -17875 28560 9254 -44784 21969 -13507 -47749 -53623 -2317 -15724 9367 60500 -42920 54289 1330 60698 -43549 60463
r86 18806 7997 -53218 12806 -10048 -1885 10324 33042 28797 -22876 -18861 50243 29706 36656 58007 47948 16508 -26772 -23331 -22055
r87 16356 9846 -17312 -54682 54016 15409 3807 8445 2086 -29542 -33196 63803 23451 56939 6734 -3092 43439 37426 -48512 57088
r88 61539 -18763 -55276 53813 27067 39804 56287 -27077 -53642 -56977 22113 15705 25345 -50811 39345 -29661 39386 -45348 -26182 -45542
r89 -43153 -29935 8929 20947 61219 -45674 29755 -32482 4041 29446 43098 43671 18096 -13880 7814 49341 -18588 -35816 43940 37037
r90 -9816 22258 6532 -33390 61855 -24239 53961 -22843 -40485 29111 13708 -17666 -52934 -2284 26126 4713 65005 -62044 17774 16908
r91 -16805 24950 -36414 -4282 -14158 51322 -9064 42258 -57235 42265 -25562 52435 21664 -64088 -40814 59997 16876 30831 6239 38336
r92 -37345 -46189 -51648 6475 2002 37115 59879 -22106 344 -3084 -38001 65470 42015 -42330 -52418 17048 55625 -41912 -47162 35569
r93 -24552 -28658 -9229 -41032 37419 -26722 14417 21509 -5897 38413 -27139 7365 50032 -3778 63064 38974 -20904 9661 -24939 -30649
r94 -26776 34292 -9082 -3810 -64431 -55603 58562 -34148 -55612 -56674 6609 -46436 33389 -26077 -26162 -57717 -41972 30243 55923 -58596
r95 -22301 7362 6506 28649 -12152 -14656 -17851 11214 35668 64541 -54385 58732 37090 -47248 -60516 -49984 38259 39422 -9791 14628
r96 -2062 11772 13062 582 -2161 41631 -25141 55726 12973 49110 52382 31494 -38375 -37824 -16006 6745 10221 52639 -60370 -7967
r97 20905 -16169 -15020 -52562 -62163 20297 -28276 -9160 -40806 -6686 7474 -17419 -37800 64240 -2653 -26040 46787 -4747 21888 65321
r98 -35796 -45388 59373 29933 -13001 -53536 -17058 -45262 31654 29968 -33803 3555 -6819 -29414 -23513 -62002 37847 -23024 -63195 -54987
r99 -41488 -10407 -48008 -11817 24741 10414 -12668 -23861 -14511 -50859 41530 -47079 61970 -15119 61677 3090 27334 3050 -20672 -19689
r100 -36161 37655 51808 46125 -32422 -51678 -24725 31594 -42913 27681 -31253 -8923 46071 47130 50064 -46457 44770 -10354 -38755 48515
r101 -46436 -26199 -58808 63284 29830 57542 10786 -54999 -32532 26135 -62717 54788 -2844 -40463 37622 -21292 31425 -44518 -9613 9919
r102 -52679 49587 -6070 -9629 65449 -17861 50240 57000 55293 46477 47622 39612 53768 10485 25572 15774 32577 10313 -665 -58735
r103 -44445 -48433 7904 44029 9836 1190 -4178 20548 -61064 43690 40994 -41876 -12556 8610 -56145 54299 -49885 57064 22172 56232
r104 7746 27937 22415 3840 51042 -53449 43842 -23664 60394 -23401 -54213 62131 -46188 261 -46784 28797 37322 -57228 -46899 -46321
r105 -52395 8701 -64279 -50797 23836 -33597 -63806 27677 10768 -31241 1670 30033 -29330 6982 33997 59387 -53241 -35535 -4940 56369
r106 -61137 -13381 -61658 62541 -25748 44616 -55198 -14051 -25885 -33169 -3596 52799 31265 23020 62387 21497 -61445 47237 37335 22389
r107 -8600 -23716 -62417 50286 30632 -63924 -43738 -7449 -16079 -22658 -41096 15590 -47725 37957 -30542 -5394 49211 45089 -12436 25782
r108 10557 -44822 57076 -43995 -27065 -44055 12346 -23496 33550 -34520 -19780 -46708 -62434 29199 44092 -37411 15570 46848 -42523 -12509
r109 -26499 -3021 1455 -17513 -31252 15377 40887 -41110 8672 50836 24351 -36989 -4099 2420 -36426 7338 30050 -47968 -46677 -17497
r110 -59920 -3251 -14007 10178 5115 25357 42640 -37357 -6449 -43597 -58717 34890 -23778 62711 -56772 16110 26453 17859 -4743 28198
r111 54380 36780 -65458 22320 55893 33047 23882 8014 -25819 -64278 -14268 -9900 -11184 -27292 46764 61491 24397 53443 56745 31210
r112 39528 29047 5446 27732 50234 20693 19034 21955 29291 -54556 -28784 5013 61927 -13025 60671 -39403 -41792 52060 47015 56213
r113 26005 13807 -6329 -3769 6854 -38737 64423 55676 -25832 -26998 -57538 14872 -58368 -40279 -60935 27710 9887 -51647 -24282 -55601
r114 34135 15873 50104 60463 9015 -34573 -43674 -34450 26498 58061 -40548 24343 3091 52068 4326 -41707 23711 24974 -32252 -17885
r115 -59661 -41847 11329 -47981 42634 38135 50857 5978 30902 24639 -62777 -30335 2214 -64244 -25210 25476 63103 55344 11251 37337
r116 -23061 60401 39509 -37216 15994 -24019 51897 62515 23385 39625 -24488 23576 -47289 -58887 -3114 64275 -36191 56577 -28779 -25244
r117 48430 -55933 -38407 1174 -5713 40254 5030 62002 -47200 -53853 -30828 54039 -11837 11195 -14631 -33269 10972 -4335 -58956 1855
r118 19657 -47804 -27086 -1201 54011 -65376 21588 -51270 -50388 -34897 59621 49015 -16306 -47575 19092 -2221 22330 -36956 51001 -33682
r119 1586 44974 1143 -46866 -48617 56470 42104 -16307 -24976 -41068 -46610 65016 49445 -24031 -56258 5816 42188 19626 -29180 30047
r120 -30021 27778 7691 50345 26434 11140 -33896 -42955 36998 -32304 -45859 65283 -55864 -21193 -12297 34227 -4874 -7014 -20584 25622
r121 -56500 30150 -16024 814 -5132 -60795 56374 62310 11681 23040 -8981 -49477 10322 33963 26789 -49908 -28008 -52541 9678 -13694
r122 -52686 -7005 18514 -43794 -43833 -1874 -9590 42335 -58363 -47406 -30689 -5145 41257 49635 1202 13960 22283 21497 -17801 18846
r123 -26354 -62997 55447 -34884 58091 -17895 3312 14088 40830 -857 -2186 65521 43356 -47826 61307 33461 17504 -26919 -33280 26790
r124 -60949 1035 995 -5801 -46715 -63272 33507 -21894 -1625 -54754 11493 18421 3219 6761 -56614 -46723 -43684 -35913 4189 61570
r125 -51464 32559 8539 -34222 57884 6170 27493 31189 29763 33608 -62225 -57114 -50860 3183 19866 27319 57079 9491 4529 -58619
r126 53977 59034 -56003 -8628 -52740 24760 56809 7448 7009 -65244 29652 59335 -61977 21210 59883 33890 51362 26207 60401 -55534
r127 -61505 36176 10555 20136 -53189 -18653 -48755 24442 34184 -24275 21816 -157 -27382 -9054 -52932 -54994 -13352 38638 -57970 -19242
r128 -38075 -1753 12980 -50951 -54941 -31314 25568 2313 49837 33044 -26446 -47368 24229 49954 -39718 61294 -51384 -9349 35292 -24819
r129 -26200 30331 -21545 27976 -33050 -12793 -41743 -21385 50258 -22776 25135 37376 -39675 -42577 -33281 -39354 -7175 17320 11066 -25017
r130 -6414 -43554 -7665 -27561 -33835 8294 -65522 -23226 42809 8883 -7855 8077 -6760 32331 -10647 57925 -52808 19054 18318 50842
r131 2915 45093 35256 -60648 -31075 36437 -12627 2434 28211 62268 -14224 -20560 -13167 35540 -22804 -42941 -8609 -56561 -64096 -63936
r132 -37246 -43066 -10424 22913 -13527 -41003 -50132 -42513 -46022 13960 -32480 -4514 22556 15104 21597 -53069 43065 -62106 -48881 -32617
r133 -55449 -32667 -35371 -53003 -37951 25474 -14152 -43499 57102 29200 32921 -64622 23653 -51044 9388 -10632 -60966 -43752 -21192 -45363
r134 -42456 57191 15031 57201 -6011 -39332 -33930 33817 52437 -50993 -57602 24522 43381 42921 43987 36409 -16062 -43809 -16524 -3655
r135 16118 52109 5579 -57906 -15928 17588 -8442 31508 62921 -49176 37130 -38042 -40597 -45593 -13276 30892 24719 -34173 7291 63864
r136 13181 62966 40832 -7521 8353 -19951 -7312 22685 -27382 37623 8207 -41919 59918 -7554 51854 -9933 54011 6959 -50297 -51195
r137 27484 4001 -46861 31487 1853 5190 -3676 46410 63372 -37282 -31836 -50284 -60576 -1991 -802 61511 43807 -7087 -22134 -10879
r138 61959 -60471 -61332 12192 -54087 36805 -36126 -16068 -40026 7229 -10711 41695 -31012 25924 9920 -65131 -11067 12628 37602 27449
r139 -51235 2008 -12662 23664 -58017 -26738 11210 19555 -18534 26999 37437 -19079 44269 -2503 49616 -29650 -1504 -64361 -41269 -55506
r140 44246 -6413 31150 -51439 -12838 -44640 -64947 21471 -17654 -33854 22022 -18732 2075 -25980 37625 54430 -21912 55673 46139 -53789
r141 -10401 12393 39135 36540 50821 -13320 -28289 -44412 18459 20514 26062 -34107 -24413 -4731 -59707 10239 -50708 10013 55149 25880
r142 -15806 -52651 -25475 30551 42178 60783 -1722 48360 15772 1502 -19578 -56982 -2477 -6345 15149 31477 -47004 -36194 7521 37828
r143 -9408 -48345 29982 34289 34390 -18995 14620 65048 -34752 -12901 -63445 49591 -46456 52488 -41358 45325 -4783 35252 46712 17191
r144 47658 48748 59977 -19081 20808 -52639 45844 56191 40434 7175 23164 -36522 59416 58104 65106 -64308 -57693 -31278 -23559 -52267
r145 -62496 45751 -21853 -8481 17721 -35200 51050 -63915 -54288 3706 46335 -30903 49872 15598 -1611 37191 8612 49367 -45436 -50556
r146 -63102 12637 -13809 -59743 36471 -41128 37166 -53683 36540 -26306 -40956 -11897 -8345 35591 -26459 -58715 56 -18621 -23851 -1433
r147 -18408 -46173 17038 -48853 17096 57465 -41119 -19761 -61056 43610 -61049 32727 -42432 9 -41263 62907 52706 -62496 35610 -24381
r148 4710 -21804 -58233 55368 -34191 57946 59552 12094 -37536 58238 -27646 -31946 -5816 -11322 21435 14950 17707 2907 -6234 -5581
r149 41953 -56914 19449 6469 64907 7589 54791 -59751 -52524 -4236 45539 -64696 -57534 15921 5320 38399 -61489 -55348 -748 -32286
r150 -23031 28140 -36757 -41268 55764 -19444 5305 -49495 1754 -18884 -22598 31724 -11924 25700 -21610 -37113 15391 -41416 26113 -55901
r151 -24043 1091 -36019 -25199 -59548 -40042 -60329 62788 17800 -44958 -60436 -11580 -2429 32460 -22510 48655 -22624 -20917 292 -49964
r152 720 13157 62143 8011 29148 -59538 34852 -24285 -58315 -37889 -54461 26351 38499 -40853 -11791 -10840 -2513 11302 -34339 15351
r153 -53104 58586 -48310 35956 58983 -2767 25116 12595 -7369 -24886 41399 -62335 41464 -7991 45765 -44624 44146 61754 -8092 11166
r154 1806 -56285 23222 -55296 -43762 -9008 -29200 -9888 -6021 -32089 -7752 51930 -13525 -12143 10132 46837 -25112 -26051 4802 25098
r155 38761 46551 49807 -15992 -34666 -22964 -53216 -63206 16538 41464 45034 25004 57334 16751 -60609 42987 44080 8711 -56843 25966
r156 63984 8439 -2749 -3426 391 -3991 -48555 -27635 64739 36790 -63966 -61118 -47093 53094 52802 58765 -7905 -17530 52676 -47551
r157 61216 -13820 -32216 -54634 -22237 31769 -15754 8312 27844 48687 -692 56376 -35784 4721 -59919 -26677 10083 -18319 -14124 50049
r158 -31772 39438 35498 13029 -2643 -42492 -6954 -3959 35056 33877 16545 -49725 -988 -34750 45376 64633 21510 -37339 59477 -49015
r159 26321 -2358 30747 -27192 56507 15726 -38592 56750 19438 35797 54715 19240 -10992 50188 -3512 -16181 -47900 -19348 55266 5101
r160 -61781 1209 38108 -62083 -41938 62058 -50830 1511 32780 28545 -24139 -46829 -17369 29794 45219 -49856 -58470 -52869 -21168 45929
r161 23144 -27194 -39253 50074 55277 -57190 -13534 -7561 -63587 53902 -44801 26230 18556 23960 4773 5678 -61681 -29578 63866 -9041
r162 29340 42984 -2262 55837 -15137 47797 -18120 30891 -50989 24013 -62553 57483 56393 -38566 43891 -64505 -31602 24548 9184 37273
r163 21330 -7351 38614 2694 -25666 8432 14811 53644 40182 -5988 17942 -10464 46073 14091 -65302 46423 56465 -11231 20018 -7075
r164 57438 -59449 -55490 -21316 -53964 -17711 21380 39704 -33814 40428 -32196 -56060 17384 -2354 38170 -5015 -35219 44030 -34421 51773
r165 27295 -17938 62260 -32790 47393 -45588 -40673 61690 58511 17739 35003 6238 -38489 39800 29878 39632 -45836 -29794 -1084 -59388
r166 16067 62964 -40960 -48796 22400 61928 -5680 -34419 9455 39370 29339 -46878 -1797 38169 -36709 22330 -42130 -19444 -11524 54242
r167 6886 7827 -10072 50021 -5582 -57542 63204 -44708 21831 12106 -54916 29517 -11959 1053 55212 40109 34102 42644 30230 -39990
r168 -5333 23555 65039 -52104 31627 -30931 -16190 57240 -7356 -53013 28455 -42260 43472 -3844 36115 47355 52584 44531 64554 -57494
r169 38726 31583 46039 -4917 -45173 -24118 -13765 -52183 43676 34475 -10763 7262 -57851 55385 38454 39454 -58993 16339 1384 11114
r170 6761 41435 4871 3415 20588 3214 15742 -52065 57215 -38993 8703 29147 24898 -37167 48512 19953 677 -8530 17179 13506
r171 8196 -33694 54076 444 -29235 17616 37033 13688 37878 -58439 -59642 8853 -44130 -31679 52533 -13996 62375 -16056 -44499 14783
r172 -31522 59584 -64679 64566 -29126 19029 49055 59952 43014 52739 -40737 11957 36643 29679 27576 45952 58822 47249 -9533 -17100
r173 -29412 2370 -14035 3245 3525 32260 -30664 12490 7996 26816 49375 -51221 -45059 -19490 45245 60551 46076 -41993 30674 51416
r174 23886 -63264 -57452 -24828 47764 5672 -33855 -41361 1225 -51611 -32659 38611 44697 48958 30855 -43730 58131 60977 -57863 57289
r175 -16584 55666 -33191 -39025 9044 7335 -49266 49336 18173 -56850 -21801 50755 -9228 42111 -11953 20665 47011 -43887 -27883 -54553
r176 47734 44847 -10872 19042 -38218 2 38478 19918 53876 -33897 14877 30215 44690 17211 -35446 -16166 -42030 -56055 23965 64549
r177 -13506 47009 25760 -7733 -61790 35203 36258 -6699 19654 -29185 -36311 1245 -46460 1799 12874 -31100 54713 -56501 -19256 -14514
r178 -60027 -5662 30732 -14711 30549 -34280 -27994 52425 -51400 20364 -60391 12581 2451 -30463 236 -23062 46978 20985 -60978 -21033
r179 -18979 44698 50085 5100 -10937 -169 45109 -2923 59887 10323 50862 1150 -16453 -29829 -53342 55782 5460 9643 -3149 -759
r180 8107 -13758 -60831 -46866 39 36909 -33389 43242 -50900 -52055 49923 -51801 -61245 -38049 35825 7841 31165 -30395 -31190 -5610
r181 -15880 2332 2443 35903 -47551 -7146 -10968 -12616 61936 -50413 32752 48373 -7285 -8955 49416 8843 -8033 -12166 27506 50138
r182 -55042 13368 16485 -45401 33881 -62372 -50355 -27122 -58860 -37086 -37439 19403 23881 -52896 -15237 60386 -62205 48239 -34634 47336
r183 -35241 -20560 -23699 -8485 -28079 65419 -36989 9656 -61113 -44558 -53193 61135 -61115 33279 9873 -19266 -16174 -36924 34007 39716
r184 61262 -24751 -52180 -46680 2757 -1942 17889 -39342 57515 31762 22425 -23592 19131 10121 14721 18188 -50122 -10143 -49986 -44862
r185 -12183 52868 14246 -4648 27048 -4620 -55245 -27801 27009 25769 39939 13371 834 -52000 10404 56461 -10571 -9396 14383 30704
r186 -39530 -28741 -8931 408 54240 -6688 -64954 17317 14925 -37287 23282 15802 -40845 29226 10540 -20931 1661 38719 -20737 -9649
r187 47690 -28105 1893 61781 -36390 49970 45032 -57873 -2486 -10836 14405 21137 -4398 -21100 31128 47412 40552 -34899 25037 -47498
r188 26619 -14353 35507 -18774 16205 12943 33475 -49709 -18057 -23165 -9640 -14815 41370 -2097 -45697 -44828 15955 42655 7295 28147
r189 -58802 35316 6976 -53475 -54001 3135 -29232 59561 -28599 19832 18372 7053 -17952 -39766 -10265 15635 42677 -57928 51964 -52729
r190 -12246 -3192 26647 37363 7448 12302 19030 -61889 -38847 18371 50555 -56248 -34768 -19788 13183 16088 -61569 13646 13630 -16100
r191 34174 -41629 -24290 -63755 63128 52182 57200 -25897 -37944 49976 28511 -21543 -15571 40571 30508 -29888 -18514 -6127 -59182 -19450
r192 58650 -8307 -46293 64504 48319 46981 37927 -56609 12614 47193 -41304 -55763 63706 54088 -13989 49013 38883 7596 -56532 28269
r193 49835 58822 -11149 -60875 1175 -18252 -3280 24720 38243 -28091 58030 38528 5339 -23005 64141 -54104 -7186 15900 -25151 42766
r194 9797 -60065 -34414 -23423 63062 34520 -45422 28950 51156 59439 32888 27059 5496 1389 3579 -25254 -20710 11873 12234 -709
r195 -28548 -50225 -47477 -29487 -61428 -37018 -48149 785 -51280 -60125 -7891 -48038 -32251 12424 9971 15647 42983 -828 63555 54785
r196 56026 53429 -4194 7725 -7538 -11686 -37295 -38060 -11657 -8758 42223 -12446 -62055 12962 -656 -22135 -39892 -62639 -8496 24567
r197 22726 44319 -19816 29124 -818 6959 16243 5463 -5781 -58391 -19705 57200 -18815 20863 -37085 -21886 50168 56463 -2472 -54942
r198 40254 -22835 19078 -58125 -30329 33136 -24598 -4200 -4446 5535 51094 -52715 -32503 15143 7613 14484 62365 57730 15265 -36876
r199 51464 9710 -11951 14233 30749 -18046 37954 23313 -58577 27693 -51436 283 64242 -40750 -33626 -63758 61386 9307 34675 35495
r200 -10581 -9632 -51463 -51525 17108 -28930 -60084 6186 33019 402 59908 62819 -30248 64863 -14057 -60128 -29736 39778 62544 -19010
r201 48563 -1354 -42853 -52494 7627 14104 17037 -30458 12388 -35092 -2990 -54078 30209 -45908 -19629 53700 64474 46128 -1771 -16252
r202 50665 23768 -56425 -58014 -18201 5257 32920 23650 -20657 42766 26438 63925 -2143 58766 19019 23950 60388 37772 26432 -52679
r203 53919 50201 55479 4804 22376 -31968 -28300 -4131 20765 -11358 64327 -609 -3259 -8633 -49409 49026 14924 10897 -22565 -15042
r204 10845 27049 -3650 -63568 32606 8073 762 -45382 39655 15957 -38640 -8954 -37421 -2718 62596 10519 -34239 3641 -35196 -6302
r205 25065 51220 32755 46507 37042 38697 -16594 54690 -4852 -48193 -54959 12587 -54126 36716 -53071 64098 49313 43931 43743 -49409
r206 -9454 60514 35077 -19533 18631 -26464 37917 17064 -882 -25925 30275 3459 5694 12738 6973 63944 37791 7352 46035 50684
r207 -5420 -7268 -15835 -3775 -39761 46781 11326 -30138 43251 27634 -45322 1389 53526 15883 13095 29930 41105 7546 -28485 29761
r208 -42836 34651 -10968 -28307 -59721 -6498 -63971 39324 -2453 5252 61381 -46262 57687 18113 -36639 -28747 36379 -3949 -45563 63352
r209 -51094 -59957 36012 -25432 25243 -3176 34147 866 -60756 32378 -34306 -8083 -23782 33979 -2811 -2975 -4171 -34648 -50451 37146
r210 -31082 29650 -42061 -17090 -2785 -60979 31226 42310 21088 22603 -62347 20089 -20828 8553 57124 16600 -51950 -15911 -40801 56361
r211 53046 46429 18855 2392 -17856 45374 36765 47755 36292 -53945 -41168 -58207 53095 -45718 -39178 29364 46947 -50760 -5055 39233
r212 1245 51182 -22618 38477 41249 28454 -15321 8052 -54685 2322 39230 16606 49658 -52287 -7867 21726 -9734 33846 -62462 16461
r213 4899 -15859 -19934 50555 -34056 10572 61206 51844 -57661 -45597 13650 -47525 55785 49045 1427 -5649 5428 48164 41816 -14657
r214 27038 -32722 -59420 -35744 -4725 -30653 -16133 -64675 -18156 -38914 -35318 -10312 30849 -31312 33236 27201 -26485 -29455 -10717 -19868
r215 31006 44587 -7724 -11305 -36083 -2427 -48854 54305 25132 48060 58807 -51885 35544 63748 -16906 -62437 47278 -38375 -27971 -35046
r216 33106 -20475 51993 44308 44099 -45221 -42174 -17589 -22899 -62602 -28314 27613 -38794 -21892 52338 -8070 7463 -27111 -4915 56777
r217 2520 25058 -28308 -49528 -54361 -38631 -65389 -34684 64692 -64677 -46085 2472 14756 -37945 -60212 13521 19528 -49514 -7986 4724
r218 42604 60561 -32110 -40893 48151 -34234 44475 -21276 29665 -52231 12639 -51855 54502 37379 480 -65452 -63075 37114 -7766 61879
r219 4574 35071 -62348 23378 -49612 3091 -40408 59446 15678 -22060 -3959 13015 -45477 41885 42973 38975 3587 -19609 536 39845
r220 -63037 39176 -24086 43284 45228 -37636 24344 -48508 -37907 35787 -28494 -12253 -34265 -30845 -34432 -57363 -32283 -10138 27579 -28224
r221 13120 55312 -65 -906 11708 -3596 22273 63757 63947 -62153 -20715 54701 3636 6567 -61526 48710 41866 24567 -24791 20105
r222 38055 17950 -40146 -9062 7016 -37226 31933 -37732 60938 -55518 60405 52524 18150 -22740 43269 -65084 25499 38748 -5946 18144
r223 -15874 -60997 -26473 50714 22077 513 -36727 -33854 -24875 11094 34107 -63528 -26778 34920 -21487 -29326 34506 4945 44871 48689
r224 -45222 65062 -24970 64814 27841 28076 -6633 38540 -2243 57738 -52959 3546 38152 -53898 46105 19084 -13429 -23242 44735 -61487
r225 57992 -54582 -61611 -44284 49553 62378 -29441 60412 -1951 27370 -2106 -52094 -42277 -57054 -60668 11122 48601 -45302 27480 31978
r226 16604 10320 17305 -23830 14715 26374 -7098 -40535 -54842 -13071 -60150 -27152 -25530 -42159 40900 -30291 50136 48973 -28795 -8539
r227 -53405 -10056 -49713 -50553 -10662 -33408 -49635 -27266 28192 -32812 36595 -37866 7908 -1427 62577 -13575 18267 -32045 37313 14955
r228 45456 -11400 -57167 1265 -9848 -7030 -17695 37044 9266 -22481 -36108 64143 -14854 -7773 14166 43181 64544 57637 19451 -41709
r229 53476 -63606 32443 -27668 63851 -3500 39734 -43508 61447 19601 35984 -31329 5631 23286 4485 18187 -19700 23866 5759 -22243
r230 24705 7533 -31881 22550 42894 26713 -19359 48232 40665 -17419 -4956 -30328 59179 -11738 8423 -19212 -48541 -62862 -15290 49770
r231 47420 -3004 20393 -48640 -28270 23147 -11524 -63175 -10316 -62778 -34412 -62791 14354 16782 -11336 -13451 -46123 -43472 -27204 62387
r232 -59570 -58552 -46063 50450 18510 -54796 53412 32211 51939 57006 17559 4061 4287 -48478 62160 -42973 29217 12316 26835 57059
r233 -37415 62684 38344 5231 38315 -180 -40576 -5670 -58148 -22373 -2984 44011 57793 58971 -52215 9383 -3631 56761 12145 43088
r234 -43044 13861 -17342 -3007 -53697 -26625 -25705 -47922 56967 -33192 1676 -41709 -46576 17100 -7208 -51157 -26197 -60705 63435 22063
r235 -11167 -17375 -47548 34719 -64962 -23610 16273 27769 -49208 37774 -27847 32300 -62004 -34906 54899 -54492 42940 -61697 55062 -41292
r236 44060 63185 -38934 7101 -59077 -54468 45653 -21378 -59612 5907 -28178 -46961 -33013 -9862 -29090 38925 -7845 -6493 -37430 4974
r237 -52812 31061 -51713 38009 -60275 21024 -10283 55412 3563 26151 42350 -62865 -57944 59558 14527 35 653 43087 23980 6795
r238 -5492 -47634 36146 -57099 -26279 30804 -53292 -36413 -24994 -41510 -49326 -57609 -63410 9990 -60768 -16735 75 -33377 -29945 30346
r239 -46200 -49183 -45055 -14091 44388 14926 -33489 -37276 -41287 -29997 58719 22804 34772 -45224 -41255 -41256 57651 -38792 26241 -36570
r240 40049 -11639 -7562 65341 9377 65454 -54136 -12076 47015 -64370 59556 33757 35586 30414 21278 -37983 -19165 -25411 17705 -1141
r241 52577 -24633 62064 8504 638 -63140 -17476 -50091 -6298 -17561 38943 -59178 -22151 16634 -5493 -5832 14241 -3884 -61279 911
r242 23044 -64686 36103 46590 -34759 -27594 54055 52348 40434 2489 -65019 -7072 8632 27787 -10441 42730 -26117 -42138 3970 30952
r243 -60478 -33372 61988 49416 22527 64350 48852 -50268 43227 33813 7538 -59692 2306 36666 61374 37706 37726 53631 -7284 -52402
r244 -47605 46298 -21294 -59074 -39625 54233 -55634 -3911 -65461 -51910 -55486 -30765 29886 -14522 5930 -47703 63743 -37924 1144 -39164
r245 -34208 15319 -22635 -53241 -27862 -21009 -63731 -44900 -8207 -45915 57501 -16768 64708 35355 41201 58421 56528 -64648 40290 -50499
r246 -53269 46735 -35480 -14468 -2557 -62265 41895 -19833 -45166 -40380 30252 -55925 1761 38859 33958 40076 -39324 -63333 35385 17275
r247 21989 -51840 33173 -60542 49346 -46277 41374 -16050 22217 22469 -50863 -31851 -62656 64678 30605 4505 -31293 -41891 15611 52888
r248 -17278 -36496 -45584 29487 3578 -2053 20582 -60453 6135 -48258 -27974 32193 46204 -52670 -57810 -3134 -39451 49378 -60341 -59966
r249 14008 2983 -51989 -64072 54220 -55634 42469 20953 13011 26575 27890 17224 -18640 591 -51094 24209 11385 26518 11147 57196
r250 30845 -14013 26896 63413 -37479 -60086 6428 -49888 45006 33456 -24773 24242 34879 29218 -27453 -21883 -56317 10384 -30985 37202
r251 -47566 43825 50234 -59817 63092 -38510 11623 -57457 2174 9574 1529 -44911 -51810 -51211 27287 -64576 -19952 25300 -32355 -27594
r252 -813 -48459 48728 41376 27327 31736 52391 -10932 -10691 19989 -50875 14264 38549 61137 47638 19063 -17437 4680 -28873 -8667
r253 7994 6372 -53831 -14075 -16272 34146 6985 -62735 9325 -14761 -35985 -55405 -60604 26423 3821 54521 32424 58337 -6890 -65391
r254 -2547 -21335 -42955 37782 38731 46731 -25104 -33577 -13975 60630 -60252 52673 39081 51668 29577 4685 58294 -36805 -20348 38464
r255 34787 -8566 -23446 -44055 64568 12809 51256 9927 -22009 -63202 -28854 -10977 -21653 20819 18264 38417 49222 -51139 7356 30155
r256 -22908 29683 -17610 49567 -38427 26033 -14315 -25181 33678 21895 62119 -54970 42260 -39515 -48440 40520 -1919 7150 52646 52948
r257 -5450 -14128 -19441 -52077 -23973 -57473 -27484 -31023 47749 53428 4582 61070 -51487 -4596 18459 -23231 2412 62550 63236 -64288
r258 -24675 -36656 57040 -29482 24012 64474 30610 -10788 29191 41208 -1695 58316 64821 -14530 18275 20364 -5908 -64541 -19136 -39556
r259 -62049 -21444 53635 -36891 -5382 35425 34976 23545 5371 25184 24085 -9151 -40631 25618 -14922 -57702 -11923 31581 -60518 -26510
r260 59093 -53016 43855 28707 51026 37575 28624 -30786 60839 17649 -45674 26767 36418 -22255 -14738 -32727 23935 -5403 41966 51839
r261 -56482 -37056 36741 -16122 -65482 26486 -25265 54903 7342 -60239 57036 -57829 60119 44758 46113 30620 -6614 -11762 -43457 6454
r262 35961 60460 -15945 -51915 -40632 25214 -28671 3696 1833 26597 31074 16881 44438 -59777 42701 12814 -10628 -11428 54983 -16351
r263 24087 9382 -50304 -55925 -17689 11141 -53491 -22257 -16107 31321 7294 53301 -2780 9275 60836 -31659 309 8881 52432 -44320
r264 -38180 -35163 -33876 53428 -40761 39285 -42767 3025 -64043 46796 62319 -64461 -34963 1847 29654 11224 8289 -47821 -64924 -62108
r265 34530 -37692 -28463 28686 -61282 44619 -31597 -52514 22987 -60069 1130 -31790 -7032 -24399 -60890 19432 -27315 5315 12754 16225
r266 -50425 42592 -58895 47217 25239 -34525 1306 -48568 30766 -9505 -29803 -34201 29241 43657 -41170 51240 9845 61527 32502 34563
r267 47139 -48435 940 57879 -23059 -27690 -58364 -56083 -27755 45508 -46001 -11779 -12423 -25141 28310 -47676 17928 -23297 60753 -28739
r268 -856 32792 -16547 61909 -39467 29735 3393 -23515 58852 50423 4535 -18872 4263 30289 -15969 -32828 -11892 -4945 18485 22512
r269 12998 -28496 -52241 -35420 -55522 -24339 -52551 -2769 -30575 -20127 18011 50305 14302 2098 50951 11362 -30935 -37267 -64221 -58482
r270 -25738 -24413 -9377 -63433 -45264 19645 33751 59975 -16188 -830 -10907 -64254 10180 -7136 1282 5877 -13438 10800 53880 17465
r271 -2735 48338 -26254 -45685 42607 35913 -9502 10787 50322 -5968 -43225 -29295 39124 -50596 -14697 -44062 64470 36963 2529 -58036
r272 1107 -25227 -35269 47244 -18485 27722 20448 29905 -48916 6929 -15539 -30562 -59702 -3914 -21063 24397 -60823 35954 8650 -8933
r273 -10507 -41217 -37427 52250 45279 35059 36422 29285 -36163 59658 1217 -6310 34615 37138 -12383 15197 40890 63136 4679 17783
r274 -20919 32611 -45972 -42473 -40296 50992 45842 -31875 3780 -7643 52659 -17645 -43827 -41742 17909 618 -62019 33826 -39338 4733
r275 61083 8855 -60769 4834 54931 -62872 -58289 64863 35183 13035 -7375 41000 -41926 -13531 -54576 -59827 28766 -32874 -57424 58809
r276 -4502 -64610 61410 -47012 56124 58799 -10254 -60901 15568 24083 -16149 -51065 -16549 -15292 45641 -6117 -16497 -19916 -63282 -35632
r277 -33622 -49478 61374 -7994 65110 -29163 36265 -41948 -61816 7150 -58714 39072 51673 -36335 60310 31303 24713 31654 -48251 -39012
r278 9398 -50325 -37878 -41593 -3337 -61877 -45343 38872 -60339 -36475 -11355 -5447 47446 59687 -60930 -9438 -19862 40214 -53690 5396
r279 -9964 63362 24485 39944 18752 -34156 45105 -52690 42500 5831 -62145 51823 37646 -47937 -11790 31276 -56881 -1956 56234 37956
r280 11144 -16900 -25481 -34578 -36192 21373 -797 -506 -42454 -47170 -41761 6181 -60270 23470 28038 23887 1789 -26260 -22844 -7641
r281 -35644 -58218 51131 -30228 -37063 20084 6572 27299 -25467 -7503 -37265 -14155 -12748 48113 4413 -39443 55913 -16273 -20118 -15118
r282 64100 5798 19103 52756 -18805 44152 -20960 10055 28826 -33279 44739 23168 41821 -55062 -14980 58965 -59975 -62144 -38217 44711
r283 11245 -13953 -30287 12579 -47577 49924 10955 3826 -44748 -21927 50138 -36232 -4719 -29502 -25966 -44657 -32565 -49100 15431 -37772
r284 -36719 -28362 -18828 -33461 12094 -19867 8833 -45200 33007 -148 63828 25993 -2237 -26467 -45734 -8886 2058 -25710 -61512 5185
r285 50029 6612 -52166 -26216 52458 -44691 -59123 -5499 -10897 -52564 -46027 5196 37490 -20583 11621 53527 -38585 7650 10976 -13862
r286 18563 55594 34383 44580 55226 -23356 2481 -19221 38287 -638 -57269 65074 -6812 54850 -26038 -56477 -30449 -3471 47671 -33153
r287 -26190 -1529 -22862 58416 -47858 37768 4826 24340 65504 37576 46380 -49366 45708 32976 62377 -15237 14137 -7381 -61272 -61942
r288 -60296 40387 29911 -11144 55852 -18934 -17000 39365 -34996 43182 40900 -57674 48545 -24080 30679 64155 3805 -54693 34193 -60540
r289 -58270 -60867 28751 26090 -20783 -6674 24905 29401 64637 7239 -23802 791 30712 -18072 -19626 37321 -33969 -60021 -52595 9101
r290 1987 -37229 -50829 -54106 5561 11485 37834 43524 -43458 -10823 36387 -12845 11931 -24011 -16911 -20593 -28226 8329 36942 15444
r291 -62767 33852 -7333 29089 -41312 -7783 -52193 61349 47957 39118 29796 -16786 12866 -45334 -64559 26279 -50969 8921 65199 -46781
r292 -29740 -52647 39204 -6997 21630 47356 35229 49970 -20707 -63482 -40653 -61263 64393 -28890 -49559 17148 -36125 60645 43535 1418
r293 11844 -4397 -7234 -11502 -39059 -63453 -8659 -44456 -31680 33013 -11408 45019 40915 21911 779 -58873 63070 44177 -35256 28396
r294 14791 -50369 -64979 -28481 -9795 36731 -56266 50624 -27237 -50484 -8261 60759 -65002 -54050 12632 26541 55830 -16565 -20757 43448
r295 -44216 -46908 47028 28654 -1195 35116 -51208 33531 16488 -6365 -8169 -466 -421 48043 -9753 29881 -62081 -16709 -40124 -55405
r296 22650 9731 19883 16621 40937 -21987 -59593 3044 -7384 26524 60188 -1650 -26533 -46506 -28827 36082 59181 -24584 30680 -53071
r297 7399 7252 -23931 -43897 18566 33241 -40510 -11090 -45753 29958 3942 59817 49751 16446 -5877 -59777 62168 -62729 -6681 -50774
r298 -37876 -14977 6286 -20921 -12538 33373 -16971 -53002 -877 9451 -62741 62163 2509 35307 25063 -10704 -34548 64221 14169 61870
r299 43351 21785 47396 16191 -61734 32731 -43967 -52404 9701 40615 53248 32718 35888 -30501 -56187 44153 5970 62701 24738 -41128
r300 16138 -20917 52685 16903 -47875 -35625 -36605 -31471 9567 -20019 -39608 6432 3291 -64408 -59440 -56464 -42574 -19874 60681 -26317
r301 -26083 20070 -2237 22501 56636 -35035 16514 -53830 -62169 17698 -49308 58619 52455 21222 34765 14233 11705 -8581 -20147 46258
r302 -6534 24141 59494 6062 37364 25616 19199 3477 -52477 58360 -57081 -64743 -55925 55936 -61671 -21030 52772 -23166 -23134 27390
r303 22235 1560 55787 60002 -54315 -53450 -63777 -15484 52578 35699 12809 -29627 -43206 -60159 20303 32813 47436 -63691 4685 20051
r304 32202 -34950 -58544 60609 -56917 30880 -35599 63730 -22257 59113 43051 -22609 32536 9411 59595 40967 41477 -24623 -39764 -3993
r305 -39311 -12735 40997 -65453 -43034 5578 -64357 -37677 -32051 -12417 -46877 -42695 42210 17256 12262 14411 52143 7472 -34018 -11531
r306 49260 -54426 -41609 -21384 -25015 8 22616 44882 33186 -46937 14039 -51092 -6742 8107 51377 9495 -31851 -9190 -45546 -44526
r307 -51741 53558 -27162 30978 -25276 -54018 -46007 2594 49297 55505 -40425 -49514 41902 5807 42079 29419 33597 40215 26587 7424
r308 45517 63173 -35746 -35999 43050 -36026 -40059 46847 13689 20964 24758 -26445 -31730 -8836 -16892 -31893 61662 -15450 7614 1416
r309 -19071 20305 45538 17125 -17054 -23753 -4917 -61355 48027 -45196 -39818 -45151 8169 16088 46414 29434 -49531 26298 -45601 -52629
r310 -2831 -17912 20818 8593 -22207 -47307 -59255 -62027 -12009 -56366 -2633 -3587 14863 -1417 -6056 26049 30152 45904 4902 56779
r311 -27556 5039 31296 54563 27374 19080 -16654 -45442 -18044 39814 6723 -51676 -15285 11215 -9816 14731 -43717 -38967 -9997 -19953
r312 26384 -51288 22451 39807 56686 -63699 -40086 29194 -49140 -24849 10181 62787 10285 60631 33743 58767 -18376 33504 -11726 39520
r313 2156 15092 25242 -24368 10409 41240 -14154 42935 -30748 48313 -50233 -9575 14867 -17261 -46186 -23175 58947 -13852 -61973 -30058
r314 -52568 -36406 6083 -29036 -64178 56688 22181 -55288 34446 -32528 42402 26287 14408 23746 61281 -39476 24708 -12441 57011 64407
r315 -19713 -29351 47911 48614 -1056 33206 32671 36730 1298 -42207 8565 11448 -54180 59024 56245 -17147 48437 -1122 25595 52174
r316 -38513 13301 -23712 37684 15776 -24374 -35679 52084 1515 63052 29903 -48637 18531 6953 -19027 -57981 -15002 -24153 16060 48824
r317 -2782 -50658 14893 -29414 63671 -59782 22884 54367 -59190 3423 22133 -34603 -25297 -40217 9318 -29233 -53299 -15272 17072 61989
r318 -31368 55304 -23166 37466 -56823 -12008 -35240 -40413 2911 -15686 57732 12318 56003 -59981 -10964 31303 57328 -28825 4582 -33640
r319 -19510 -17074 -62015 54328 -11370 -59597 -25886 -7628 -31114 -42806 -59703 -11602 13191 -4197 10819 -59788 32357 15232 -49553 38478
r320 22276 59936 -27225 -2251 43480 3582 -5182 -25286 54427 -8274 3744 44678 -53008 24069 -57174 6167 22388 15119 -49640 43635
r321 -315 64258 413 42290 10872 -2003 -60441 -33059 -7284 -52385 -32365 65281 53340 -11185 -13024 -22388 -61311 42604 54676 -55730
r322 44753 -14811 64109 20630 11251 -32868 -42964 51343 -30901 -58824 8204 47844 59539 -30095 -37744 -50429 42548 -24257 10403 64009
r323 -16375 55225 42406 -58126 -24899 19417 -44049 -50134 -2464 -32635 63031 -10328 43394 63945 -33196 -46096 20039 62715 640 -26756
r324 13936 -57866 -64992 -33686 30549 -64085 -12378 -22406 43838 -36869 -15213 -17582 46025 3143 -60796 49074 8522 47810 46652 203
r325 26281 -33991 47222 28295 61654 -56011 -26428 -44122 -52738 -34456 30041 -470 -33585 33766 -46904 -19645 346 -45678 41266 23064
r326 23899 -49223 -5377 -43005 15609 62926 -40402 46380 -37894 24420 64227 -7425 -60877 -65378 -32011 34821 -63219 56500 -8042 -29839
r327 -54939 48115 -25217 -24189 10034 24882 -20567 10672 -46050 -25450 -7479 -45769 -28064 -26204 26955 5295 1903 -23905 56335 -28089
r328 9676 41015 6119 17595 -33022 42771 18277 23941 39440 -45278 4836 16810 62111 52160 -48292 -40311 -13416 28374 -22306 -37044
r329 60829 -6918 30175 58656 43931 46902 56450 2852 -42107 -39824 -13414 16257 58321 -1207 8672 38647 -1256 36371 -15165 -6675
r330 13332 -11732 38301 -7682 -60657 -17061 59409 23668 28548 25254 13177 11488 64759 61073 61751 -35487 -15006 -51211 13462 35543
r331 -63959 -62172 46285 -18623 -26646 -27261 -13759 -37473 31312 -40421 -11754 54859 47101 -54422 -36265 -55652 -35382 11847 43599 34542
r332 -39373 3262 -28811 -38315 -32734 36789 30967 -4167 52184 -38463 -7286 59347 8909 28017 -13252 -18783 63269 -32901 -59229 25949
r333 -1389 60652 34069 -4542 -27313 -19452 52483 -30323 -14177 -16216 -65158 -58874 39628 26611 -17 15702 -19516 -56508 43505 -61006
r334 432 40128 -38055 -22988 -51049 12047 -20788 -16904 56460 -45589 -22117 50859 62546 63733 10552 41605 9263 -44874 -25113 48878
r335 -6231 43995 -37102 -53802 49882 2143 15210 12264 52720 6043 -13 -60232 -4897 51487 8723 30868 -21160 30035 -36526 42526
r336 -35339 -42477 49717 -54604 39111 34068 -30921 15999 44835 -46897 -29203 -19013 56985 25163 -56996 62392 12922 61863 35180 -7108
r337 59559 -53493 51095 38225 -63855 46998 -20179 -49509 -14670 -37612 -64790 -24214 36254 9474 -51614 47201 -51563 -55532 63137 -54324
r338 -50231 13517 53639 -52768 60276 62705 -23434 3928 -42 -63846 28321 -12789 -28965 13989 -29503 26419 26723 24426 -48542 26935
r339 12861 16112 10785 -20574 37782 53270 17504 -3798 -34424 -59983 24503 -18747 -668 56397 -55801 -23319 18974 -28972 -8236 -20493
r340 -27507 -41246 -23421 31172 -49916 -47657 -64624 64971 14126 65027 -12614 38630 54250 -62178 -43711 27988 -26232 -3673 -29294 -38714
r341 15569 -5479 -1234 33150 -32909 21635 -46759 -52397 -40533 -10232 40524 13627 16927 -9645 22027 -43561 -48804 16628 -53650 34102
r342 -18274 -39009 -43242 15602 -24604 60256 -12086 -64570 35542 59578 64714 1973 8738 -49939 42831 -53266 -25711 -19216 18114 -259
r343 62986 -42912 51751 54970 33824 48223 21338 -18868 22052 -51822 11008 -12189 61290 31973 49048 1696 36592 -2816 12717 63846
r344 -12410 -48115 -52724 -39520 1811 60428 -43402 -6107 20347 -16028 -53260 -31564 54874 56435 21274 6903 38826 -37871 10211 -10865
r345 4623 -2347 20358 -11156 -12878 35530 4906 -29433 -12714 -48849 -32616 -2445 49959 63441 -21023 -50187 53492 -55627 27708 10447
r346 43481 53441 -18981 -5777 -20302 -10175 -48844 52265 25341 62461 -61730 -36248 39189 -59244 -62387 45899 59904 -33780 56383 -47436
r347 -17858 -57540 -62531 48414 -20525 -20139 -42003 2754 -28595 -60805 53904 5230 -62829 -3749 -36231 57622 -10028 33048 11710 -58603
r348 -63506 35875 18024 -35929 14219 -20825 52814 -15472 27661 -53167 -38146 8853 -26101 -19505 -14732 54153 40596 -36625 -57855 25297
r349 -60006 452 -51571 -32075 -61743 -52318 28989 -2224 -49774 7562 3384 -14688 22885 -53410 -57810 60822 8184 55476 -23759 44722
r350 4708 -47462 63528 12793 -42454 54360 -18738 -5354 53342 -24273 -7657 25362 8575 -57841 8506 -29014 8840 -255 -48214 -45349
r351 -57543 -47588 -2419 -35626 -11330 -28149 15253 3564 10018 7686 43340 -31620 -43067 24092 39136 -45909 755 -25416 -31967 1364
r352 53701 -27704 3976 40340 -49063 61968 48768 -31409 -31660 57064 9841 -4795 44957 -16420 -22576 -4180 14283 -45474 12425 32662
r353 42834 -37631 -13051 46680 -16722 45758 44256 26270 64775 62751 20732 43512 30870 49962 2414 23384 5291 -7877 -34953 20359
r354 20382 28763 49599 -44942 -48619 54005 -22321 -24129 30365 8133 -15856 47416 -7522 -17886 56608 23710 52546 64250 -58463 -45442
r355 9605 5674 65160 -30222 -21861 -62508 17350 7988 -17294 -34861 19328 16315 -14347 -47616 -54594 -4802 48402 -52555 -63172 4670
r356 9228 26502 -63390 -56541 11908 -15663 -12802 39883 57568 -52524 7730 46065 58018 27681 -32882 -38316 -56333 -14840 52391 22178
r357 -62049 -13343 -17349 43454 -49078 -6144 -62001 -44990 -40601 64479 57487 -42327 -2511 60822 -31783 -59500 -38414 -26341 57981 10459
r358 -12816 38185 -8366 58620 -9337 -20054 12369 49819 -17783 -35346 62141 -20757 -10934 -30127 7005 -64225 -7666 -19791 -55839 25846
r359 6367 16391 64491 -30312 38143 12169 45633 -18692 -2377 -26867 -34472 -37375 32635 55279 -61134 -63575 -16770 -35200 -23181 -15662
r360 -18856 -59903 53348 10054 62954 23390 43840 37907 -43088 45817 39220 35907 -59271 27036 45288 -8949 -24079 -60114 -31964 -36560
r361 33813 24896 -6564 18297 31820 49379 -17883 -27941 -22521 13087 -45507 61727 -31224 47711 -42833 -39934 54955 29809 -18225 -47327
r362 14947 25375 -34978 20485 -16482 -64057 49862 16214 36395 -54708 15880 -40772 -40560 9711 21697 42719 54222 22289 -60384 2437
r363 34062 34545 -2353 46165 2205 61996 -46186 -46789 26884 -33340 -59419 11771 -10542 43715 -50285 -8295 -56993 -30763 -49521 -33799
r364 -6260 -63111 42084 -12405 11108 -23336 -2671 37364 53287 40926 -43975 65068 56358 56860 -20332 50216 -59131 -19911 -30650 4079
r365 25398 -1413 29062 -234 -65348 9415 -41734 44053 49706 -4918 23957 -52040 -32789 53655 -4910 49827 63499 22379 -44013 10151
r366 -60048 -7324 -19868 32579 -37846 47884 24042 60077 -8929 -40596 49382 -55440 49825 -3455 -25549 27071 19112 -25857 -32386 -17619
r367 -16027 26997 -64596 -13019 -56366 -16912 21345 -39386 37956 38822 59051 10113 -50609 41759 2338 62838 64140 7877 -16632 -64327
r368 7787 -20583 38023 60140 11057 24023 6198 -22419 -32562 -37870 -22704 13469 -60822 -59713 43210 7935 50300 43172 -32820 -35303
r369 63543 -25194 -61590 -38997 -59325 64527 38025 -18757 25945 -43725 818 -49962 48786 58608 40858 -59237 -61622 3884 -26132 13645
r370 58582 -51302 4228 31920 -33411 -29033 -22497 -30948 30422 42943 9062 34214 1479 -33905 -19250 34888 54891 -19868 51835 -45625
r371 -4653 10694 -20223 27 14351 -45995 -27874 50909 -60275 -13492 23821 -19614 65063 39285 60153 58165 3786 -28487 -5739 10247
r372 -63592 29928 -55775 53374 -31293 29867 -45581 64693 49254 -28974 -19991 64079 -60731 -7647 1064 -5088 36580 61657 -52751 13923
r373 -49138 45036 -37745 57233 -47912 3430 43562 -49376 12064 10528 30494 -44929 -24022 41269 28484 -1741 34596 -8880 33657 -17850
r374 -40434 -27558 43087 -8532 1915 5777 28239 8365 -49545 4104 -25921 -36982 -48424 -8688 13435 5911 -42240 48936 15417 -18958
r375 11779 -6158 -24053 46206 -59331 28227 42829 24683 -45254 21634 -1722 -60096 -15092 -6996 56765 38566 9878 10956 -25537 -65206
r376 -51634 33816 -5938 -8179 -41865 10346 -64710 906 37851 242 -60446 3475 16208 41162 -30974 -61907 -38295 19747 -14712 11236
r377 56528 -41566 -19142 -56743 60273 -51369 -31395 34369 -29892 -52131 21915 34057 -35837 -6929 64624 -18867 -62603 49980 -1365 -20943
r378 -65430 -63935 -27799 -28791 63476 47056 -12476 -14730 4366 -30790 -35753 19721 43729 -41588 -16468 -18657 64377 -52674 58664 35607
r379 -10431 -65157 -36217 -16545 33245 -1159 -3719 64219 18214 8911 -31276 -22182 -41344 6091 29359 -55172 -30163 45004 -22500 62056
r380 -31741 43306 -42539 50898 -4612 -28577 34893 -39384 11924 33974 -25214 1099 37477 -19692 24134 -30732 -966 13638 64563 23872
r381 14758 24194 -59415 33431 61869 17043 -56527 -36498 63886 -38403 21441 9417 -22359 -21615 45644 -48649 54056 296 -30827 -21761
r382 -42720 -30117 -50672 -43071 28151 -54631 -18980 4507 -51679 -4976 -51295 -22705 64097 36225 -28032 7478 -7740 -8970 -21173 32192
r383 30165 31830 40665 37680 -64229 -28489 -52578 46231 28777 -8759 -31839 -60259 27692 -36213 4427 -64137 60877 -20512 37742 -60494
r384 50855 -16286 31671 39511 -7200 -56269 20921 -58244 -42401 -26487 3670 12002 39218 -54579 -19795 54637 19243 33185 42827 -65082
r385 3378 -35818 37206 30050 50465 28555 5521 -3649 -7691 -62951 -20758 -23713 33120 -14567 15511 57158 -31974 -54073 -59356 -19368
r386 42657 41809 -53279 65444 -46448 -49026 -13129 38888 -6417 64685 48710 -10049 25159 -10573 63792 21099 -5944 -4790 49774 858
r387 26091 -33153 -3781 -17588 -29299 3016 -8432 21034 -24525 64368 -55723 16384 -6257 13558 26658 -26860 -52819 8966 -49293 -13811
r388 -51254 28917 61903 -40076 40918 43775 -23263 56836 62803 -33551 29255 -58678 -44803 18415 12269 4330 -16031 45223 43060 5637
r389 -26964 32605 -42555 -4339 -12653 -35820 11753 -39554 -24441 61466 -27249 -19454 -35192 19551 -7357 60276 63524 18182 58823 -56482
r390 32659 -37520 -47041 10561 30515 33933 -14798 -49365 -38478 37406 -65316 -16030 -28377 -13369 -10445 20999 -11815 -18072 -30504 39725
r391 -19957 -6052 51176 -39254 31472 -26441 1770 55628 -28535 -22666 -37313 32872 -601 -6088 -47246 -7482 -42134 7966 -22510 -53075
r392 20749 -13742 -14805 48050 26562 -6308 -25058 -406 -49840 49804 -22054 -30285 51944 -15033 5072 -8331 -11555 62054 7757 -29918
r393 -40204 22680 -47079 -8631 -40790 21580 -48994 50929 -40333 -36250 32227 13946 -2969 37151 -57711 56152 47465 879 21521 -59908
r394 33542 50461 -5759 2389 -58104 8855 -49054 15083 -31554 35672 -43992 -31651 59809 -37830 45724 -60153 -47737 22676 -40059 13960
r395 13794 -30834 13485 58918 -47587 18002 -5362 -34065 59582 12026 -35324 -6810 -47636 50832 6611 48569 -32123 19452 29284 -64480
r396 -24315 -7199 -14327 -4213 61176 42635 59878 -18085 35835 23860 -6098 -25786 -25275 -1256 22732 -19224 -42375 63957 8099 -988
r397 -38065 -27642 44495 -24439 33477 -39031 -56580 -61464 43817 34675 4938 24505 -35613 -5618 45377 -31562 50165 -12522 -17464 -3578
r398 -29235 -40569 -62174 -25310 -59013 -45301 -48323 54393 26496 27663 -5559 -25216 -2072 -51481 6163 -41591 10762 -56101 -32997 10964
r399 -35553 28132 22282 -10640 4579 5079 -64756 -10578 30919 32873 45128 42224 20860 58296 9052 -58279 -61260 -41943 38937 -45263
r400 32437 397 -3441 61052 49748 -42975 54349 -12308 14723 -55835 -48418 57602 -30625 -44963 -58077 -2059 47887 62932 22253 -41184
r401 -3586 52423 -53742 36100 -24111 64017 27096 49215 7356 29536 -24380 -28472 -57820 39566 19406 -62275 -11804 -63943 4068 -5663
r402 -62242 -42733 53413 34144 -15055 -11339 27273 4392 15224 -19146 -2340 -46 -22899 32588 63407 -39677 -52291 -34564 20421 -55249
r403 56974 -49177 -18844 13986 9716 -53093 38201 -12179 40894 25334 45523 -6500 -20808 36805 -53099 -62140 -43732 51078 -50168 -18418
r404 2015 43436 -40306 17217 49214 -23457 -40077 42421 -5374 -3177 6886 -56936 -22747 55555 -13006 24997 36106 -6667 51008 34694
r405 31559 43955 -27527 -39589 57472 13959 18216 52785 36449 -34536 26307 50256 12495 -36167 64865 31000 2212 42599 52217 -614
r406 1014 35825 12962 45804 -17632 -13477 -34010 -62318 52208 -34002 7793 -2912 2359 17024 46372 -59540 -53862 -59494 17641 -50382
r407 -17533 62718 29081 29032 -62518 10261 22444 -61718 62283 -11819 -28308 -27875 -52242 -30781 34770 33552 -59883 -60721 -39548 -29388
r408 -30919 -2007 43401 -51531 -30829 30715 44424 44259 -46419 -11607 -25623 35051 40077 -3788 -62114 -42339 33763 36581 25160 27638
r409 -5851 -30124 -59396 8633 8163 -4434 60499 -37559 -5820 -57211 64545 25621 63533 -43932 -14350 -51654 -63938 56728 -10397 48093
r410 63872 58872 33564 45809 -46974 40866 38694 55792 -13822 -46373 -55208 13301 1707 -15967 -8448 -10763 59336 -61431 -14858 -56199
r411 60049 30268 51752 -14671 -21255 24242 50454 -3944 5662 -58503 -7949 59614 -14254 -48101 30183 -11562 34406 30288 -35064 -47497
r412 -30855 46265 62178 32750 58482 58480 -55050 -44265 -36323 56078 -26492 37981 -51223 22853 1430 -41338 34057 -63812 -53877 -58070
r413 18939 26829 45646 -20307 -37721 10896 18015 13382 52799 32639 -40691 4335 54012 -20856 -15622 -26884 27323 -1953 11320 -5528
r414 -5914 61862 56667 -38341 -22365 -65236 11565 -5784 21773 -719 8314 30753 -51487 57989 55454 -25135 37783 12875 53129 -58880
r415 3689 58730 16630 54944 7229 44633 -29587 -40257 31101 -14587 -11832 49604 -38994 -34566 -5820 -24604 -47488 -48454 -25243 -28492
r416 -38501 -200 55305 -12998 49114 32007 -64156 -24127 61496 16724 -49313 -53304 -39234 -56503 57789 -42648 19901 -50264 -32963 45007
r417 -51420 -32715 -58653 -10936 -32676 -34492 56015 -35112 -4774 11767 -57058 -13401 -33131 19754 25927 9535 27628 -5451 49186 34036
r418 -7781 34600 17781 -43948 21407 -25319 -17646 -46080 -8997 -30266 -27588 -1986 -32030 50313 -38801 53465 -7551 42577 63546 -62537
r419 -33220 -8057 40344 -60266 62323 -208 -49204 -43669 24471 -61081 -8069 -39032 -45091 -35885 -14278 8989 -46799 -29644 -46674 -17970
r420 27432 -25663 -47208 -55684 22848 24984 21966 -40934 58310 -7023 15463 15014 22937 13628 -17676 23445 15842 9990 -60795 -5102
r421 -40081 -14910 20907 -29225 30313 -26108 1493 -4003 -35551 44066 -45088 23784 28946 -39599 -64299 3750 -45932 24286 41466 43974
r422 39032 -50705 39128 21157 20016 22911 1670 -31110 -19123 -6288 -48400 -1841 -26482 26557 -33455 -64504 -43004 24007 -63850 63304
r423 62276 -23783 47512 48968 -16596 -22921 -43914 -57795 60587 38347 -36292 -19653 -64296 19253 -53197 -33929 16224 34726 -64947 -8315
r424 47756 23858 -19947 -64382 51585 49077 -50570 -24854 -21782 -917 -48416 -23439 43206 -32333 -41536 -48091 33370 -65349 62702 62309
r425 -59375 -35724 -14026 11244 61775 -11052 -64941 -17328 39185 30958 -11912 -46542 25792 40823 6198 -53244 33729 58775 -18203 15499
r426 55400 29316 17099 -60525 23173 -17974 16473 -31147 -14351 497 19599 -17493 20987 -20945 -932 -9663 60726 -59690 -4204 24544
r427 43947 51530 -33792 5972 23538 -51664 -38447 -34446 25695 -1946 8653 5954 41924 -25360 -17682 3601 8436 52745 36620 -42835
r428 -61397 -54905 -2506 50454 -15041 65058 40146 -26674 23337 -53874 59930 -16488 33048 6577 794 -1693 -19115 -20785 35098 -1652
r429 56943 16073 -14202 59737 24438 30914 19668 -64572 17690 34089 -29984 -47632 -30692 -40328 57090 -50883 -57477 -11667 -1306 -60632
r430 46716 -22369 -9290 -45654 -205 -2096 -16163 -5429 55267 -50874 -46151 29557 49498 -43509 31948 25962 -28250 -10 -41500 34262
r431 -47779 64791 5819 -38119 -37789 31679 36632 -2698 -58511 -657 7629 33312 29567 -31619 29428 -2549 -27271 -36021 23292 -40355
r432 -21609 54135 -45925 -48255 36433 -51020 3894 61379 33573 -43121 46198 -29572 20053 -38472 29327 -35710 -19288 -49346 30433 29637
r433 -53298 -43222 -51640 20918 59625 26748 -5625 48917 60167 22247 11154 -10372 -8302 -60627 -37600 40771 -40552 -42236 48290 31157
r434 -56842 51147 -50215 53944 -42698 60231 -49018 -41262 21504 33951 9019 -17028 4261 59290 61882 -48638 -41475 -27896 -43313 -64369
r435 -3115 47661 -38299 9744 58106 15238 5321 -15946 52078 34784 -26746 36935 -11794 57325 26545 46901 -57563 -14614 51430 -49438
r436 -59315 -7970 -59903 8809 18186 -44551 37511 -28226 51261 -9469 -21131 50359 -151 62344 -45185 -15397 18157 -33227 2198 8851
r437 -54484 -50545 -46388 62899 23237 63393 52825 -31115 40594 -30856 -49514 -62115 26183 497 43792 39351 22129 -2348 -13124 52846
r438 27541 -15246 -34782 -26955 36644 47608 51967 -65023 -55574 -25897 -62448 19236 -28499 -37863 49305 -31344 -30682 42657 -1976 -12864
r439 63768 38842 -7632 23681 51030 -57350 21478 60663 -52006 31424 -60569 13940 20719 -48358 -33694 -25764 -13656 1018 -8868 -36759
r440 50892 49571 -7919 43013 -1517 -7955 -50993 37977 -32988 571 21869 26495 -31780 57924 31529 22787 33154 45115 -10339 13046
r441 36480 45657 54191 14386 10534 -13294 31095 -37557 -38071 -62046 -14966 53116 36770 -57006 12867 -27791 42039 -9207 29444 -18069
r442 -65138 -41221 22926 18946 51249 -51775 -42177 21911 16903 -43822 -3585 15883 -3559 11015 3184 41144 -63479 -26355 35087 46702
r443 -61734 40551 -27173 -10067 -14620 -1120 -9444 -58619 -29040 -57 33656 -1192 25152 -21394 56162 30431 -34601 -12516 21240 -56725
r444 -49280 -60047 -25022 -51746 -1677 33102 -52228 -44509 13346 52688 -6231 -40607 19495 -19143 25361 30031 -12554 -38776 25289 -3658
r445 18701 54236 62207 61626 60223 -30013 36623 58568 11124 -35727 48276 -48072 -25372 -64910 -63868 34490 -46465 15433 2936 -135
r446 7022 -36672 -14949 -6593 17627 -33503 14430 58397 -58866 39658 55535 -20449 42790 61290 -5924 645 5149 27585 -43913 -30961
r447 -35613 -21636 27102 -53434 32676 -51439 38116 42449 41112 -7741 41920 44882 -4792 16757 12410 -48356 -61156 43824 32463 1247
r448 584 -62639 17071 11602 18259 31071 -44782 10950 59478 38774 -27443 -65285 -63109 -9006 -37202 18000 -35269 47736 -14818 6881
r449 28270 16437 -51975 -14654 7500 27540 35389 -38389 11095 25775 21578 -1824 -26090 -20171 238 59049 39149 10035 -13645 -9176
r450 -42657 -30782 -62565 -30759 50315 -17499 8991 -12159 22939 -1135 47258 -8905 19872 42216 53033 -47809 55940 40042 -34945 43452
r451 -32325 17194 -8441 14523 43269 4499 31650 -64603 -7040 51427 5118 2416 -63078 6508 20420 -34651 -5223 -23591 54788 -52812
r452 5194 -17579 -23510 -20529 42683 60398 20994 -62522 19975 -21174 -6798 27534 -38208 53861 -37965 -16583 11393 -31905 -57819 5670
r453 -15115 -14016 59259 4801 23243 53560 56685 38650 -1347 -50196 -1021 -3522 -35970 22533 -41473 35299 64594 15275 -65397 -54174
r454 -51761 42724 -9972 10116 -41120 -28972 -28744 24776 24082 -47312 -45893 63868 -12048 -42720 18000 63893 34271 -58700 28529 60722
r455 -14784 -21650 -60492 42400 42653 -55361 41653 -20971 -24566 -51086 6467 17971 -9202 -51984 -38681 37134 -7405 -6950 -42124 -25918
r456 -1425 4902 -38254 29410 19260 6061 -43188 -60390 11900 46685 -30654 -1892 14615 57683 11130 41808 -25299 -24547 -58918 -33257
r457 -34576 -40006 44396 63818 27735 46964 33223 3291 57568 53792 -52926 -25930 24600 8808 24384 -39074 -18648 -37073 45557 10011
r458 19511 -12893 -20956 -52607 -24366 -11178 61331 -18091 15227 -49107 41276 -27318 -46883 5871 22171 22662 29549 41972 10691 40263
r459 58634 -22637 31157 -18778 61471 25091 45772 -36465 21272 -40676 -8029 11445 42187 31655 -56649 3383 -56127 -13377 -16364 59627
r460 -20789 45776 16316 -16535 -10344 56901 55535 -22067 -23230 5880 -4062 -3140 -48892 19287 51496 24243 28212 34883 -8657 3734
r461 -31877 39492 -29203 -54928 -27187 41446 -4695 47822 -25394 35828 28674 -47820 -26543 -37118 31736 33623 4945 26811 -41017 33201
r462 -33026 1518 11772 43583 48302 -16880 867 -12771 54358 45424 55723 53734 18191 49955 -22136 -43327 -48141 -45391 -25467 -34372
r463 4229 -38891 -8991 36439 -47939 64619 60849 10606 -43479 32276 8334 -63042 -49219 27749 24531 3334 42589 -2647 -27692 50780
r464 15941 -33565 -3317 46149 -57010 -27414 -33253 -43684 -34835 -13107 11162 5627 54765 -706 56637 -33178 -17116 -64652 -62862 18515
r465 9698 -7353 -56699 53212 -2683 -7446 25052 -56301 35897 -65093 48830 59070 29734 -24539 -28858 -40582 31886 -58799 -15122 52712
r466 48732 4181 -5709 44877 8089 34211 -51064 56409 18932 -19331 -46765 -48637 50174 45390 35899 -42793 5013 -27258 -6433 -4615
r467 50032 37380 4927 -8876 -44570 39313 -28778 -29419 -49075 -43096 40691 -23 -4374 47834 24770 41300 54085 -1598 49569 50298
r468 14731 54677 46922 40682 25487 -61875 13301 -64922 20046 -11568 -35002 -29604 16363 -20798 50926 -31318 12125 -22633 -64235 26532
r469 45582 56801 8130 -22825 64347 25854 -40780 7355 42742 47008 -50865 -62845 32413 58267 61594 -63022 -13412 -45359 -214 34737
r470 -7863 -16173 -5819 65405 59277 9670 58886 7470 47084 36767 -57975 35329 29449 -36040 -3195 8486 37709 -11229 -6967 28908
r471 -62407 -62420 -32188 -16542 8905 -56959 -25994 -244 -12944 52299 5238 13134 -62976 10675 7104 41976 28593 -19696 -53863 13523
r472 48295 -40678 3920 -24662 -24856 15745 16839 30980 40719 15617 -35943 -62104 18298 63066 -52056 12746 37047 29296 48545 65300
r473 -21835 -39417 -52806 33403 58013 2577 -35566 38444 -19357 -35529 35949 48578 7067 -18645 1131 -7563 -30445 -3576 36087 -58832
r474 62342 12644 25974 -11986 52029 -61730 54912 -52952 17197 -49441 -29324 16546 61462 -2341 49927 57990 21515 31781 48278 15289
r475 -17791 -17917 -31294 -16184 26790 13751 58369 -11634 -55246 -65139 -3043 -45098 -36222 -16380 -52639 40891 32987 -58401 32354 -5375
r476 7000 -26142 52861 -42111 -14984 8160 43968 15143 -12999 43981 -19829 -31265 -1874 27218 -17345 9095 -57534 34151 44577 -20618
r477 34652 18144 57243 -55385 16294 -40255 2011 64103 15053 -19779 40695 12912 -43180 -2135 39846 42709 -29777 22093 50468 15932
r478 22965 -851 -46556 -40578 -7748 -36284 2311 -52346 7154 38065 16784 64796 -5220 52075 65308 -6232 8898 39270 -47863 -19411
r479 -20526 -4834 53186 -65090 -9389 43888 -33078 -29795 -11451 -3118 57753 -10796 -29565 -48352 -58877 -56978 5148 49371 33586 -41127
r480 51556 -37234 -53339 -62320 60384 -38376 37448 -35378 -5508 12612 -38355 -62466 -35863 -26155 -48563 -34037 20449 41181 -48036 -12411
r481 64461 -28921 -9141 -58556 28437 -36396 31261 -34815 -52464 -25907 2094 18651 -46629 -50632 46348 59973 -11425 -15169 -56291 2736
r482 64563 -10211 65066 29935 2256 -9014 48412 -55533 -11679 -57113 55042 28566 41448 63971 -30426 -36352 64766 -61946 -35222 -31554
r483 -25310 9787 27662 -61186 -30774 60478 10021 65350 -58323 -36977 -32484 38959 -58969 23959 -55978 37774 37365 -2002 -37927 48062
r484 -62871 25280 23986 -39404 18791 32886 -59190 -13936 -22572 47620 -47725 8466 -5447 -59704 47352 -59801 22438 -1224 -36164 -51733
r485 20311 40827 -48816 64606 -55013 -8610 -63390 -31391 -27917 -19818 61167 31196 -22825 14497 37026 -63406 -59887 54884 -55257 7884
r486 -37890 -42899 -58059 4931 -46250 39291 -61876 22759 -13467 -39273 39901 -37095 8818 59910 25770 32411 -29502 25125 6206 41104
r487 53810 -5927 24034 39546 -30030 22496 -59139 62792 -40859 53877 -8959 27912 48466 4402 5339 6473 15001 31880 -64060 -59058
r488 14953 910 -15880 14626 -56556 -61093 24195 -45304 -31835 19749 63420 40029 65274 56769 37429 60093 -10130 50204 -33297 3509
r489 58766 -28618 -58502 -64175 -9343 -34273 12819 -28913 -34503 61442 -36170 -4760 59041 -64995 65532 18946 -21438 62043 -15905 -32448
r490 -9353 37169 -54452 32328 8837 64075 -50916 -50808 -44792 -15490 -59787 47076 -24342 -16323 36507 42679 -13812 55999 -50139 19969
r491 4324 -18561 -2767 -35949 57221 -11434 -16215 20524 25485 40807 26351 60924 10234 20024 62527 -3863 -2665 -25126 -37064 34840
r492 -44546 -53010 -11437 65021 53554 65382 -62272 -61120 5604 39180 39567 24619 5956 28251 11958 -12659 22088 -2794 -57401 10598
r493 59555 62803 -56307 58620 -27908 29824 14128 -62611 -19438 -24601 50632 60342 -3456 6810 -15966 -990 -29553 -50826 -27948 39936
r494 16071 -52955 4029 -56452 22794 -29217 -1315 -51654 -10036 -44047 -44194 -26610 59275 25221 -36700 44520 -62190 33347 20409 1178
r495 1831 -4407 9006 -53098 -30972 37235 -64336 -59597 -9616 -1949 -4742 -1404 -17781 38017 -59099 -11953 -5039 50654 -54988 -62262
r496 -20105 -23656 2551 -64777 -63444 43010 -31134 -45770 -36528 -35027 -6302 -42119 44181 -33535 -2894 57016 16995 -2638 -42997 -31243
r497 55968 -10237 35930 -14474 -61614 -24215 34583 5786 6479 -4464 -18587 -47076 -18674 -42038 -24606 60723 -57491 60999 -33937 -48576
r498 41854 54809 -50210 -29663 -13815 43486 36266 -25527 -6396 63290 36593 -34073 7031 -45863 -51291 -7309 46985 60100 29952 22898
r499 43605 -64656 -18581 -48837 -37402 -60505 13884 -61324 60404 -16084 -40441 20968 -54368 5775 45312 28443 -62534 18218 -35199 -60312
