mTable4 21
KEY  c0 c1 c2 c3 c4 c5 c6 c7 c8 c9 c10 c11 c12 c13 c14 c15 c16 c17 c18 c19
r0 -39170 248 51162 -62335 -28494 -37806 46607 27364 3705 -50516 50942 -58570 -30258 -8003 -36016 57991 -5261 39676 -8332 -55350
r1 65388 44734 32421 -15392 37751 -19895 9823 -13724 -4534 41696 -32068 11948 -28495 -38201 22308 65462 -23937 14526 -43319 -1295
r2 -24840 -31073 26662 -12886 -38630 35419 -39001 49621 40975 39819 -4909 10225 -5689 -52866 -64653 -10125 62425 -16176 -18861 -24607
r3 7515 54859 -28632 63599 22611 20875 59900 27795 -4529 43174 -49199 44956 8519 -13722 45648 18767 33827 33841 43332 -51527
r4 50445 -40072 17412 -7519 -12119 59676 -9841 -43928 -63488 30867 -7349 58098 45191 -13522 -32286 -28036 54480 -45431 928 -10884
r5 -27244 19741 -33929 -6051 15769 -57542 -31354 52250 22497 -9843 -47107 7693 52074 -61189 6745 -26978 -58400 -42094 -56308 19501
r6 56055 61622 13517 678 3276 -37475 1789 6174 -8986 27718 33951 -30349 -1449 -8874 35773 11434 -58978 -17612 -52239 10799
r7 -29795 20375 -5307 -44795 41650 14989 -15110 -58962 57600 -64972 -11143 -37884 10916 -1451 -6157 48886 -54375 -17190 -57948 -25135
r8 -11174 -63888 40092 37497 -56756 28984 47660 -36970 -55840 -31200 -45297 3753 47424 28891 64685 59092 -39563 12525 -32244 -31388
r9 -2297 -4937 -61054 48796 -23698 49243 12211 -39424 -53246 -35833 32927 15533 19472 -40616 -31461 -26540 48207 -15360 -45815 -47624
r10 -33314 -44050 13159 -43652 -36567 3114 61680 -7037 -64114 -25953 49951 61393 -51350 -3321 -17224 18646 -47133 -43541 62117 -60847
r11 9257 -36230 17339 -25996 -59486 528 38071 -46004 10057 40325 60182 -62763 -30472 -25076 -1458 -44524 -62468 -33052 25858 39656
r12 24288 14936 -19041 -14953 -53385 43752 63818 12443 17914 4605 -12551 54695 28536 -31020 -61635 39528 15611 48689 28856 62035
r13 -4214 24258 -65166 -54474 -41434 -65206 642 -48712 -51175 -41368 -32576 34469 -43969 -64069 -38465 28803 -52943 47017 -39369 31337
r14 29964 -59918 64552 -9851 -63612 7645 59552 25755 63516 60874 65436 -39961 33504 36054 7420 38014 -23576 -46398 -14024 -54001
r15 -17729 24736 -23868 -65298 64241 -42211 -7745 57356 45802 -63378 -40618 -44395 46611 -64615 -19788 -60617 27568 43563 -60432 -25150
r16 55133 13431 -39134 5107 -44845 19333 -57990 -32031 -45747 24593 30489 -25974 -33887 -39697 35637 -51781 29917 -6240 -37589 -36666
r17 -41189 -22976 42528 42420 1862 -52031 -43597 -55752 -50392 35140 10820 31893 28574 56801 -10752 -38584 44015 -52766 43831 -38785
r18 -17581 60060 39796 -34028 -39111 63791 29083 -932 32601 -15387 4291 52050 8386 -61377 55270 -5193 40696 -45047 -648 -6087
r19 35357 -40840 3771 -57340 -46761 43895 -27645 -52671 53146 -58038 59420 12783 -49068 15186 38399 797 16924 28606 -11412 43599
r20 56741 50300 -7184 27580 31241 -60242 -61664 3898 -2559 -21148 61675 47217 48192 56085 19520 -51219 -6201 -53286 -39730 -49366
r21 -57306 -354 16565 -7371 52706 -17271 -51489 -40294 34469 31690 -14981 23685 61873 45808 40390 59424 -11588 40612 -28077 -38265
r22 25397 -41916 -63634 51260 -51361 6110 -16056 -29338 13857 60222 53021 25823 -27534 24351 -15067 -51904 53725 53835 33852 -46959
r23 61835 64145 48 3700 -52041 -23493 35251 46717 -41895 16226 46859 44171 60645 8506 -18004 61636 54145 -9702 37072 9779
r24 -54340 -4979 -46108 40582 62908 36202 21515 64152 12292 -36921 -48314 12930 55193 -40971 -55129 -15914 62523 27388 39200 -14867
r25 -65207 24195 -12704 -27547 41305 30980 59611 -63957 30418 -55510 -51559 -5658 -25902 59343 57332 60979 1498 -12654 -48614 36911
r26 13110 42753 -16691 36595 -55740 -65108 -43769 -40666 45554 -15258 -9234 -58017 59589 10826 49139 -27626 -15301 -49398 -47310 46805
r27 62720 -27645 -49464 20193 61786 -24386 -53938 -17445 -19758 -9267 -19400 57363 -45324 61506 -64930 59323 3534 40852 49037 47041
r28 5329 -51778 -47346 -23304 -43458 -51916 -22288 35519 36937 56005 22609 40137 10296 -55949 53122 23709 8155 46863 -8006 -32678
r29 62951 -33732 15798 -10992 -44842 -45807 -23998 44948 43740 14406 452 35099 -30204 -55452 -6479 40859 40198 -41354 61991 5386
r30 43310 56282 26746 55880 7909 46044 64567 -36334 16476 14918 8900 -57630 36882 48170 -15847 13472 30428 -64088 -9862 7018
r31 15995 -20180 -32107 57954 -39357 20255 10801 55707 -34415 -54353 49395 -37740 11625 -1899 54863 29163 -21992 -2420 49672 37954
r32 -15003 11633 -60090 33775 -38014 -15507 47200 52987 -52338 -61123 -63322 -44251 -29570 20029 -3432 34710 25407 40982 14666 64151
r33 29052 -28956 -52613 25600 -11904 -37322 2111 31615 29262 29151 15208 18715 62882 -19163 -59615 51257 -63974 -11893 -62744 -64644
r34 -4721 19289 -2693 -18923 33260 22750 21749 64424 22513 63454 -20985 42606 -64286 58933 24336 -14621 -40578 -57424 -14831 -10516
r35 -28270 -32722 -54017 -21311 -27256 47392 -52684 44856 -4056 38947 -34901 -5008 -41378 -5364 -50587 -10329 62231 -18602 47509 -33232
r36 -14536 56998 17319 48101 2476 -28215 22069 -39396 49921 -2321 48418 -25746 57412 -23646 -61309 32240 33195 3778 -24086 33451
r37 45344 -50134 -6709 9940 2464 -14685 -52527 -7729 36541 8162 -57760 56367 18496 -18641 62702 33181 14855 39876 40861 9109
r38 65001 -19146 55463 33748 -60770 -59747 -55443 -22770 -56177 22831 -65071 47257 14984 1958 39246 2913 -61077 -25607 -1118 -63803
r39 32864 -35835 -13284 5018 22648 -38456 -49298 -9003 8028 -48280 -63227 -31508 26969 37515 -28436 -25848 31647 6900 -51280 -41126
r40 -65262 57848 9312 15485 -1816 -39282 -40653 25075 54142 24677 6229 -63918 32565 -24793 -4460 -3753 -22316 -52158 37694 -34298
r41 31545 34188 -61993 -45077 -56698 -39537 18827 47257 -58687 -55907 63137 65313 -65294 -57363 47263 -30214 -40331 -42424 -60731 -37824
r42 4781 40860 -25322 -48076 -34471 -32095 -20919 42634 1104 -32179 52795 -1378 -51549 -19012 17257 34494 -62224 -29611 -43137 -18226
r43 -2357 17599 -57588 -4443 4382 29852 64582 -9862 -65104 -32934 -61952 41197 -14016 -61427 -33575 -15421 49852 -22669 49829 65400
r44 -49759 41217 8297 29664 -48698 -47228 39422 30407 5443 -26498 -35582 23382 -14964 49361 47013 -64063 4177 -43076 -19807 -49945
r45 49010 59971 33733 35035 29410 -621 40313 63060 51911 8569 41927 -19860 11619 4522 42714 -20943 -21284 -19756 53180 54969
r46 -28709 -11300 -10123 -13284 -64544 -57205 39308 -64258 31229 -32300 43104 -1934 -35335 63882 23083 42995 -44599 65337 -70 58248
r47 -58263 23877 -29176 5156 26153 -2740 60652 59761 53167 46700 -53468 39436 -41631 65176 34758 46681 -39803 -52976 -8417 -35336
r48 13071 -15298 -44287 -52220 48464 -57168 -14156 -40028 61018 38396 -1369 -33501 56745 -36209 57814 3833 -63889 -45663 -37990 62569
r49 51918 63334 -41589 -52131 -54263 62594 32944 -58542 35855 -484 -63336 -7563 -20728 5976 59404 -26188 -47627 27991 59932 14557
r50 1004 -62124 62831 -6560 58311 37694 -56266 -14965 33107 -41853 3666 -23883 -41793 -25568 13561 39697 -36348 45831 9460 -25978
r51 -15305 54456 -52381 36465 -32866 -36112 -40813 6061 -57397 12827 40090 -32282 -1297 9634 47517 17115 -6961 -17516 8135 19067
r52 34945 -9828 -24471 10046 8497 39263 -25113 -60995 34588 -24953 -152 17440 -43359 25261 -4255 40424 -51954 44180 -42601 4445
r53 -25823 -42088 -17043 -3417 20509 -25646 531 -7672 52550 -63323 -18219 29524 -28828 -17084 -55839 -20318 43554 -10961 2096 57532
r54 -25276 -41965 -29739 -26059 28421 25696 -33369 35666 -64087 -36230 39228 -17153 -31173 43007 -64404 895 2613 56629 10930 -36174
r55 53131 -4499 11055 -11132 45799 33138 40075 -7682 -17145 7236 -21003 33500 -10156 4604 -36375 23087 -7237 -7961 34478 63652
r56 -55884 -21416 -17464 29460 7837 6027 28665 -6005 -30544 48104 -51918 -9940 -48754 62027 24617 64327 21527 6135 -6632 17309
r57 -10879 32522 61535 -39429 12439 32779 -65357 40371 -19051 37780 12813 -58131 -60856 29026 42845 -28898 8965 46236 42782 -63987
r58 39891 36313 -52239 353 58136 20453 -6638 17003 -63361 -11780 -64683 -23966 9592 -55628 -51910 42532 34444 -48754 -24900 14110
r59 38839 17583 -33325 -43738 10227 15221 -30091 5306 27478 1036 -21118 59312 28133 12767 3506 -30646 9201 43110 44514 -59525
r60 27479 54690 -56340 8626 -43636 24469 -51655 49667 -17767 -15321 62029 -3092 -4852 29980 19698 -18154 -1918 -25383 37252 35191
r61 24669 28568 46295 -48589 -24337 -61533 -42960 62033 -36092 65445 -27395 -58490 -52091 55057 -51559 52121 -30505 -18534 -24778 38672
r62 -51727 -43694 65273 16114 -54259 20439 -24451 -32940 58240 49841 -51371 32867 -15522 -56688 -23037 16940 -52144 32100 1092 24812
r63 -32380 51610 57646 -41788 27484 -51804 -62788 -23404 -55241 35612 -47652 58875 -55669 46564 -38429 -55796 22195 -44392 -35343 28396
r64 -61461 -23727 33255 206 8890 2748 51582 -36290 -34205 55723 63674 -20385 -1353 53603 -16400 11048 62975 -58678 -33408 -52851
r65 -57250 -7955 17536 -13443 -30788 62551 31976 -2723 58032 39089 -11606 13654 47065 -29539 -34824 -14214 23307 -1147 55949 -64233
r66 33270 10413 -47305 -31171 -62680 -25576 48493 40050 -58968 16157 20968 55485 34187 -52027 44832 -51947 -11865 12516 44436 -44796
r67 6311 -1708 -18182 -34215 -61833 -51796 46116 2533 7834 -47425 6357 64232 51849 -6733 -55372 -64393 -37128 -47805 -62470 -49594
r68 -5177 57031 -47908 -33551 -49805 49777 25425 -44769 -19100 34852 -39609 -49989 24333 -19294 -32811 60827 -56302 -22689 -52907 -2734
r69 38615 58233 -41733 -47777 34570 -24991 3609 -25289 -59700 -58965 27621 20380 30593 44443 63264 15627 -17855 -313 4293 18781
r70 2199 52521 -4422 -7739 -61852 10803 -23771 26415 -51916 -54618 8194 -2374 55054 -1910 -34354 52323 35972 65411 19128 -50820
r71 39725 44166 -24628 -28564 -3404 -4977 -63004 40439 18581 51392 7123 44822 46948 62865 11149 -15568 -61888 -41445 11301 -24042
r72 -49322 10231 65269 -15841 19520 -23718 -1663 -58627 22193 18044 59802 9222 -36000 19549 -40214 22394 56408 -40640 39910 53182
r73 7506 19625 -48335 42127 -8609 -22850 -48233 25929 -62418 -57720 -55450 53248 10733 8034 -21915 44231 28005 55136 -27455 41025
r74 -42363 11111 48982 24431 -18193 14105 -51490 53657 -49717 -3645 -16796 -7258 31673 -4068 40091 35443 33806 -31798 -23719 -18943
r75 48299 30270 12724 -30410 15821 -63326 53508 16718 -62728 59334 62912 -5923 -48728 55535 -25416 9936 -10048 -36417 -40935 -13512
r76 20560 2226 -48166 25914 65258 54206 -44313 59840 -18511 53776 26802 -30761 -5939 35407 -4783 5620 33122 -32659 -53022 -13866
r77 -22052 -2586 55070 -5331 -23430 -48317 2599 34952 -13782 -29127 16837 -62274 25291 -9963 -47464 18872 63403 31851 -62445 44152
r78 -61790 -45340 33046 -56527 64521 -43840 54195 59602 -20762 13730 4211 30882 -1917 -50964 57080 39956 -28502 33570 7733 -62113
r79 2274 -36242 55218 53164 -57890 45714 63264 -25777 -8673 -3238 -11390 -8278 16755 1043 -42680 -35884 -37761 23400 -58256 -42600
r80 -53188 41511 -61 42540 -18983 64577 -45785 63318 56811 18491 5771 -34454 -53707 21019 15735 9973 -16361 41244 -20438 -13763
r81 53119 55150 24141 -57761 59566 10718 -37384 17177 62126 62039 -12300 62647 58759 -27513 20218 -57910 9288 46696 -57544 -31856
r82 64641 16711 36593 38797 -480 31756 44040 52228 -56295 38739 -41103 -6347 28026 -50505 -57530 -6562 -9409 -26099 20740 7355
r83 49910 65141 17627 26985 -26247 49132 63148 -25347 9033 38505 7918 -53572 61042 18637 -3473 58345 55083 6766 -50588 65283
r84 15096 -1310 28565 -48380 -13294 62819 -55357 -56634 19305 -18234 63907 42664 -54681 60922 -7227 10563 4289 2743 34260 -40839
r85 -40612 -4943 -43468 -26306 53229 40824 -7005 64007 -11415 33841 -27447 62115 12529 38340 20486 -6375 60981 40459 -52973 -45669
r86 57098 39554 -40165 45592 23012 -12946 -54250 9906 57876 65443 42925 14348 -5312 -60240 63812 -10794 -16248 48867 -37290 -59484
r87 -56404 -16561 -2238 28813 49234 9410 15921 61046 30175 -2942 63781 61080 -4629 23237 -10939 8066 -54493 14062 -31111 -43164
r88 24873 -28796 -32213 -45248 -46990 -20551 36942 -22270 1371 -34282 11752 -57219 -43418 33204 -3503 -64566 49749 -7391 64817 38419
r89 9349 20582 -21789 -28883 -11306 -41236 60915 36469 -30006 -41183 50047 60495 -34651 -61352 -50119 27800 25757 53805 -63039 -46604
r90 9309 -24056 25529 20272 44476 -601 -44616 -1852 43140 -25724 -4903 60509 43830 26470 41924 -20517 -35173 -58502 -642 -22530
r91 47128 -5939 13604 44029 -26093 42566 -33302 -59833 -20068 -51071 31131 -1718 16276 -21252 -38221 60139 45228 6498 48953 40057
r92 54851 35076 -15121 15050 39289 -59423 12572 52075 -54197 9032 -34274 35950 29556 26150 -20687 -26479 52029 -34118 33769 24881
r93 -57628 4417 -52596 44327 40785 -21729 1845 15964 62302 -4466 -45972 62497 33766 9278 187 -21869 40623 59050 3220 64986
r94 20363 -29574 -20445 -64357 -26069 -39985 -55188 -54345 -45097 -5471 42077 41433 -46684 26211 6473 -43623 5366 -32464 -51134 -10592
r95 4650 36555 36783 12506 -54649 -12893 18754 6528 49772 -13137 -63415 13492 50775 -16973 15400 15999 16613 -1060 -42323 13403
r96 64628 45843 -34546 62592 37584 -32071 57555 -27949 25155 17416 12275 55664 -41247 -52028 -13294 55331 46849 19018 10646 -21425
r97 6817 41417 -62328 -27195 59426 -42646 21164 -20326 -47753 -42415 -21611 11331 52241 61184 -34211 -11356 -47170 17362 44229 -29177
r98 31249 -34923 -50901 590 64297 20463 -25 61050 -63305 22825 7999 29219 38364 53543 45601 60884 -16532 -30233 19686 21119
r99 4969 51016 48556 56967 -23001 33105 18184 30835 -62288 21540 -19757 -50639 42252 -4167 -55798 64244 9063 54509 14058 46907
r100 -36118 59532 -18168 -47819 -64497 63125 56837 19134 62109 -28829 -42699 54122 50781 -56903 -12093 30971 7604 9062 31707 -2388
r101 -44931 44550 -44784 51231 -53332 -4154 -53154 54799 507 59638 -50552 27214 8457 -4011 -44142 61855 -6242 -24631 3349 -7899
r102 59125 -22611 -33695 -36339 10802 -36880 -1900 42941 22725 -42814 12858 -38915 -47303 -51651 38985 -38954 20621 -30080 -1541 -49707
r103 10505 20190 37437 1780 52452 -12614 -30393 50855 -58385 46271 6629 -61287 -8080 -55822 64342 11858 13882 -28989 -29655 -3413
r104 -5078 1797 -4234 -37423 -43249 -63498 -35021 -34422 -59168 -58904 -52652 -49943 -12797 14974 -35558 59994 -26511 31408 -57980 -7317
r105 39437 -61612 -29428 -43576 -56844 22419 -42846 -45127 -26039 -61347 3998 -29548 -13097 -16939 -55937 45400 -37740 50987 -56019 -45484
r106 63070 -55830 55901 -38269 45193 -53121 36067 -52430 -55807 60236 10921 -6542 -23661 64296 7097 57560 13907 53520 -60911 -50408
r107 56317 50762 39006 -13223 -26909 -33005 -18875 -32972 12237 45752 16522 -26180 51669 -5688 38345 64843 -8053 33424 -50289 35339
r108 -3312 30677 -52160 -38098 -34392 14431 61870 -25501 -11271 -60642 52288 -35311 58558 -14113 -39717 20409 62576 -7527 63191 -54655
r109 -51754 32388 -39566 -35043 57694 -50968 64718 -64206 -63296 53643 -20278 -1466 -3498 101 -44890 -6735 56266 -53256 52396 -8031
r110 -43349 47185 -22523 -61363 22030 56407 -47248 -51330 -14692 61705 -48598 47288 52170 32731 26393 18760 -16044 -4350 44567 15676
r111 -17542 -60250 63289 52959 -27153 -56571 -62914 -63101 30776 -52127 -35409 -35853 -62446 51124 14311 50674 26487 -796 -16490 46653
r112 -65533 58107 -15703 35442 56170 37034 -12396 -6406 1635 -29527 -10618 56768 -18053 12591 52042 -3058 -4161 47181 -50590 63542
r113 63030 -13662 61828 32881 20524 -50316 -34883 -3231 -41863 12337 45234 61594 -23242 -3618 -40388 -13685 -52890 -10658 42648 -53759
r114 -48547 50260 53149 35174 45126 -16251 -6861 -1693 43381 40918 -2588 58246 43796 7137 45528 45309 -32762 -59279 -58425 13131
r115 -16384 -25441 35607 -36681 -54252 4360 29927 -50142 -36643 18119 -10957 16164 -18101 -64801 15241 28156 3179 62638 55828 55521
r116 54210 22855 -4870 7435 -7556 -8354 6865 47347 15745 12173 -39702 -45287 7049 -64081 -44637 -46911 -2071 36757 63591 32903
r117 -50417 -4626 33494 60943 -14765 12545 39145 23408 -7506 -31584 38887 59838 -57598 48036 -39469 29302 -48915 41451 20328 6913
r118 41834 51366 18889 -38707 45734 -6044 53478 -57810 20672 -9956 -36157 -28268 49268 9563 36052 17535 -23577 53650 -1370 -14248
r119 29596 -45178 -13391 -48300 33165 9645 4118 52297 -17391 -59050 35836 -40551 -45604 65528 7597 -2370 -8927 12813 3236 -59573
r120 -40940 -59821 -24629 -39875 -57945 -13936 57632 6484 -35108 32418 -11154 -10293 31566 49446 47833 51807 2963 -42523 453 39509
r121 -43160 -23884 38172 -1840 -62782 28438 -16435 23519 29377 -49200 27662 -25654 41213 55806 12010 43793 -47076 -54196 23616 -34842
r122 -38646 44804 43187 -51601 -12672 -35590 -25525 -33047 -5104 63271 15715 30478 -64099 50933 -31923 -34722 65214 -7841 53836 -44825
r123 -46688 -12306 48110 55577 -41863 -49931 31635 50305 52735 31711 -36698 -53967 -19588 52668 -34426 -62592 -13569 64703 -56862 35839
r124 42107 -5821 -24478 47945 59774 1811 62313 40894 59730 58296 -16789 -23346 -6910 8263 -54648 -2387 -37603 41344 -7417 27686
r125 57103 -40032 -20076 -11870 -57995 -13219 7957 14210 -44176 25777 41178 -14350 -46195 13200 -29353 28771 16951 60545 -6021 43519
r126 48081 28895 -36192 -40411 -2082 23207 -2289 18670 28276 21220 35724 -23165 32425 -48156 770 -27311 22052 28483 18006 -24578
r127 52162 -29215 -601 39142 24234 852 47078 37920 -48931 -58299 44505 -38848 -40253 61382 16925 -12579 13714 -8688 5331 7903
r128 34427 24099 -14508 59979 16133 -52882 24228 -51170 10510 -8558 -3220 32477 -57155 27522 -64474 29190 -52045 41393 28889 -23855
r129 -26024 -41996 -1003 31229 -5526 4533 -36288 -23123 -48800 -37582 -54660 50999 1068 -17275 -7211 -63688 -48710 -8311 -42484 -44382
r130 -20458 209 7682 48337 51404 44183 -47254 -23063 38071 35148 12856 24134 65342 -61577 -11752 32093 35173 64833 -52965 -44856
r131 29320 -54221 -50638 -10478 -28193 -24641 37644 -25454 23685 -30377 -53350 7031 -13468 -850 -7618 7447 -5823 -136 -38558 -50829
r132 -21046 -2531 -56065 44494 -39937 -65522 59314 -30053 -17376 -398 29911 17447 -9716 -43403 -22181 4111 54697 40507 -21301 -54079
r133 -38830 -34046 41161 29418 16456 27459 -24359 -7492 11585 -56445 -22427 -56789 -22314 14715 44472 -46110 5866 5368 24562 2938
r134 -14921 1532 24918 19749 29985 52677 -2321 56514 42859 2506 61995 -7867 33991 -25431 14232 -37168 44303 58624 -40082 -6594
r135 -34611 -58062 -1939 -59992 3370 -33701 -35021 -35967 5792 -10861 22011 6163 20479 34173 -16849 -16638 -59568 -55207 -46527 -28977
r136 59743 4536 41454 -16427 34768 -44074 40431 33981 -46341 46854 7139 -23379 30396 1447 61277 26145 -48239 -24852 33230 -4300
r137 -29445 3273 -2808 -54033 -13749 -13729 -44549 -55825 7490 48825 25676 -46637 -37173 16923 45823 -47026 50427 42365 35372 -54203
r138 32791 -29347 10397 -60667 48578 1896 19220 46253 53187 -41922 -49225 -55903 -19410 42300 -9129 -25942 40161 43371 -33990 25571
r139 -58903 -60493 -53637 58526 39391 29022 21904 25105 22669 39837 -37621 2924 -8904 13685 -13886 30744 35502 -34823 -7116 -39022
r140 31057 10813 -44236 8256 -31714 25647 51646 -13717 -59546 62052 -26633 -57999 35011 1610 5011 3960 63339 -26409 25959 -62682
r141 -7564 -9173 -3535 -63578 -27062 97 -57661 7704 61155 14252 38551 51559 -41845 55330 -37356 -62858 35078 4675 -23045 11000
r142 -39203 56913 -19084 41878 26283 16138 -49674 64421 -45726 -62565 -25099 -22717 -7415 -53673 -65494 22380 -4177 64688 24116 -5317
r143 -53868 -39770 13490 64382 12056 21166 -18889 -26655 -35408 27803 34283 -31475 9256 65079 38870 -21556 16709 -52383 50023 -62048
r144 -8707 -58400 -54789 24148 -24185 2098 -23337 -39626 28606 -64371 1468 26491 63080 703 -17041 23097 52182 -14036 -10061 49233
r145 -31000 15327 22170 407 -39255 11628 -34545 -38761 -8301 51936 -54199 39151 57550 34006 3280 53462 16849 27072 61710 52336
r146 51737 58020 40319 33770 -64358 -51331 -11160 27465 -24588 -3612 2241 -38224 -826 -8503 11468 18573 348 11953 -42047 -60138
r147 -46047 45930 29927 -23494 -46453 -1068 -43625 22560 -55388 -50825 49450 54542 30600 -56314 -63163 -47359 32263 -43116 -63214 -10133
r148 9218 -27522 65494 27837 -20991 -43393 61235 27253 54489 -26573 -24442 -58687 -65094 9761 47153 -10056 -55502 9664 -32162 -59551
r149 2260 62058 61137 -46193 56387 -64617 -24378 39884 5707 -3932 25662 20424 -16589 -29276 22995 55463 -53217 -22236 -57041 -59181
r150 2544 -25314 -22822 -15364 -62394 60960 60859 64697 -20710 -30494 43265 19196 1825 -17132 37575 -50231 22528 47084 37816 52572
r151 15506 -57027 38404 60429 40209 43198 20486 -25534 4512 11110 -14663 -3739 18586 5951 -32705 2799 -20253 1532 -58325 -21347
r152 -64435 -28232 -22991 -16116 -55051 8652 -28997 -39508 40840 -41994 -60985 -39785 48820 19698 28273 5348 -45111 -59230 -43359 -14080
r153 62284 18273 24939 -43738 28883 -56149 40033 -52315 52730 8683 -10092 28532 -3866 60283 43060 10545 49527 -64625 16348 44254
r154 -46385 -49130 -27318 25604 -29227 17498 -10116 44113 -58837 -33463 -27457 8837 36579 57303 5346 -5597 -13495 35230 -56757 -27575
r155 -10862 2053 30143 -30734 -19512 -35778 28955 20306 14377 -26290 11858 29426 -48621 3733 -57571 -24567 59509 -29064 50382 -31996
r156 -60100 -22363 -27988 33787 14609 60749 -18929 -14763 56909 -55126 61210 -63900 35742 29129 15741 -37629 40045 -52400 -17720 -43827
r157 -8897 55347 -55447 16541 47972 -482 -49142 -52127 -995 -22140 -25815 -25115 -15011 -24195 5237 -7687 -28035 31743 10699 -51188
r158 51540 -38226 -40429 -3400 -5768 45136 6499 30364 18491 2131 -64450 -26329 29457 28918 439 -12432 -59119 55911 -28155 39043
r159 -26619 -20353 16326 -14956 65448 -39106 18846 -53833 -15651 -18598 1126 -39700 -4020 -38802 -28300 9828 52972 -51898 22549 -44856
r160 54730 -32510 11150 -26536 64063 -53434 -12446 -750 -24314 45879 20043 5247 55271 32884 60560 50557 -15014 -50775 -41519 6077
r161 -21430 -62786 6571 10717 -1776 1412 59742 5995 -20504 11939 21683 2748 -17080 8917 -56864 -58733 61774 58260 -4126 -4670
r162 -39183 -46472 -10485 -41989 -25038 -10295 -58216 -9273 -5991 33629 30496 58607 -61995 48723 -46198 30403 40654 -39100 -29528 64339
r163 65085 55714 -44888 -27136 -3579 -17273 57456 51740 17819 -25799 26504 -37566 43190 57485 -15964 -35884 50839 -36763 45510 -12582
r164 -4643 10697 -60820 6718 -34404 -42132 37884 -26648 -3313 -56945 62523 12401 -24353 -3378 56458 -44239 -50447 18351 47097 6992
r165 28565 10863 -57018 3736 44344 51477 -59540 41075 -6043 -15738 -19920 39323 56440 8967 22847 -17636 -35525 -30564 -32997 -32609
r166 24616 -717 32497 19087 -41008 -33712 58371 55088 37309 -10801 -23004 -2073 31807 57917 59215 -44414 -24737 13527 10877 -51233
r167 -27115 -63602 -32704 20766 -63573 22516 14063 -31196 17055 -44595 7205 11922 -30913 25984 -58876 -53175 2029 -16392 60692 -17059
r168 -46145 62651 62570 -22988 -29812 59709 -46977 65072 4122 -29868 61985 -14293 -43297 -39901 -22512 7010 -44305 -37677 -19996 48775
r169 -18134 33391 -33169 -18209 -50067 -13002 -14961 -62771 -29366 60224 -52312 -11272 34983 -62451 55450 18004 20086 50742 -10286 -21093
r170 -13249 34505 -38249 58241 -56217 56915 3355 13957 -44804 -42867 28382 -50853 61410 -27032 38922 19792 -38127 -17286 57221 -4092
r171 62974 -44747 24245 64467 -14289 -37653 -32285 52179 28648 -3042 7029 7701 -40526 -26629 -59406 -30034 22131 -22538 53749 18689
r172 11006 35285 -9614 5371 -45670 -20616 53388 22926 2152 33866 40965 -33543 1808 23196 38243 -51341 -28320 -19172 48981 -24269
r173 11843 -27560 -30046 23994 -15091 3132 37788 56963 -48694 -38014 -32228 -1304 30888 -7677 -51462 -547 -19162 18870 8865 32781
r174 52578 46627 2075 -32103 -23512 -60882 14317 22989 62436 -9444 -54150 23555 -36710 7891 -21427 -8851 -56486 -25903 12429 -33541
r175 37351 -59160 -41429 38588 -48269 10470 -25888 -41683 61630 -39402 -5206 -23804 -46982 46256 29815 6490 63135 27434 -27249 47986
r176 49522 -26808 -41764 -23283 -15319 35575 -42799 3733 50778 -44341 -49893 62858 -26832 19956 -43736 -51538 -46136 -36274 16384 53737
r177 3610 -25565 43025 39939 3652 59215 3764 -2275 40050 -283 -60609 22820 14730 24522 -41358 -25768 2161 -20831 31829 -47990
r178 4371 -55390 19846 32617 11896 61509 58167 23623 -20769 57434 -5156 32745 -8194 14690 14266 23248 19507 -55039 -31366 -27487
r179 65131 65359 -21810 -25444 57721 8004 12851 -47794 -63918 -16491 -20195 633 45534 -19989 -60648 59349 24945 43555 -58263 61178
r180 25466 41255 16371 65210 51569 -9947 -63021 -56102 45062 42718 -21116 13660 -18609 33266 -41274 47098 51874 -16599 -34956 47753
r181 -40613 -51606 -51368 43634 64563 64524 60233 -39748 35209 -18700 15436 -24179 12959 -65149 43318 30327 -41659 34339 -4102 7999
r182 51093 -54964 -41258 32725 -32388 2110 -29101 35057 64635 61568 -50801 17294 -13408 -39899 31857 -16632 18979 -51970 -25002 -57573
r183 -27509 -40422 1810 -11178 50691 8474 47942 43896 -23401 -27157 44228 15119 -32932 12960 -10464 45204 -17842 -11331 15880 -24468
r184 -18561 28506 -26960 61310 37187 32905 43609 31099 40418 6872 29371 -56646 38605 -43107 5879 -25089 -54555 -24622 -37882 13153
r185 4744 -55080 44334 -31114 26067 73 -36146 -40432 -18518 -33809 -2463 53416 -64932 -50442 35576 -59695 -65304 -37473 -40213 18758
r186 40893 -23013 -2151 -16741 19164 45540 50922 42615 -1198 -40641 -57165 63355 10463 -48246 -30673 18164 57685 -41927 -17938 -16058
r187 42505 -22595 -30948 -32032 32342 41899 -19006 21157 31047 -56848 10051 -32253 -63648 -12951 -24333 -21300 51869 -47128 38650 49501
r188 -62818 -47600 904 48904 5448 38785 22253 37402 -39954 19210 -48921 -42799 22781 54913 40938 -54866 64495 -57207 18069 -22780
r189 -59870 57694 41642 -23344 29815 -53804 63952 -24087 -62723 11390 9039 -5445 -58485 56786 -9358 47417 11706 -24798 63808 19709
r190 11233 43151 -27487 -46502 3547 -39407 51623 -7267 -11610 36419 49322 -11275 -64344 6915 18988 52592 23298 31341 31614 36228
r191 -7071 43758 35249 15908 3107 -41969 26593 52681 -18866 25464 47561 -35591 65476 -2408 -4012 33620 41754 -5304 62969 -56094
r192 63057 -60170 -46935 -47335 6792 -12264 -39320 9557 34098 -19214 60504 30099 -43848 -12388 -2942 -61499 -18515 25063 -19591 12703
r193 -2225 13681 28560 -49308 43150 -53013 -16589 -25170 64339 63646 -65407 -27146 -37385 28133 -12285 9029 -54375 -2786 51596 47528
r194 -22393 -24790 44627 288 7900 30814 6282 -53533 64186 -51900 -45034 10677 -6034 -10584 2721 -14419 1263 -23897 62020 -36746
r195 61445 27961 16292 29417 -24233 -18959 -33194 33674 -55394 -48448 64106 -65256 61788 -46052 20979 14559 -61782 19977 29556 20415
r196 1516 -42306 44936 -43148 28894 -7665 49052 18970 58989 49930 23051 -48246 -58014 63748 61244 -22584 -26664 358 -44781 -14133
r197 -8850 1499 27546 -28367 63595 -26765 -16603 -48515 -18851 -24642 -13692 20908 47677 42413 51017 21260 52402 -26257 7343 -20621
r198 28134 -18968 -51342 -6630 -28360 59397 -24789 -592 41670 46031 1405 -63989 47637 -53355 -54907 -36337 20270 52615 -37225 -29714
r199 -55679 -8612 -12866 -44858 41461 38626 64694 -57650 60079 -37548 -12222 49169 51051 -24581 30265 -61063 33536 -15723 28412 -28691
r200 10978 62648 -26221 38116 -61936 -22906 39433 58160 -53058 52199 -7751 57162 -16415 -56188 -18460 16539 58260 44955 36887 -35873
r201 46177 -13447 -30888 41352 33984 -7052 8653 -58714 55224 -3406 355 58923 -14581 43437 18214 2291 -16894 -32333 8338 -26023
r202 -63950 -1141 57267 -29373 28376 -11918 55985 -4198 38696 52676 -47695 23483 1086 31207 27746 -11781 -51206 21163 57453 -59157
r203 -52803 1936 17734 51281 -43452 -17251 -46071 -1092 -36372 58311 20264 -38764 5160 16748 26226 19652 -46747 -30181 -38035 -44699
r204 -54785 -23639 -24650 -9283 -2032 -40761 -52951 17143 57527 22314 -18138 26481 -58111 62913 -2016 9808 -15447 13524 41176 44771
r205 34011 -4215 -31314 18094 20099 -39890 -48498 -12980 28923 21631 -24952 -61977 -46087 -33254 -16125 -58997 -3037 -11874 -35075 59824
r206 -16072 760 -1529 34764 -16014 -1763 19464 -19562 60991 -55146 -54728 -49437 -53269 18258 37075 -22831 3463 30902 -65260 36613
r207 -33609 -1444 14301 46756 -15007 -46243 -59325 -42094 29642 40979 41738 54534 -20277 -9214 -42842 -8556 35962 46342 -5150 -10323
r208 -26535 -19388 6986 -32399 -12027 -32706 14560 9586 23452 -41636 -42663 -21871 7910 12015 -63422 -16482 15131 43974 -57579 -15127
r209 15383 15858 -8752 -36259 -14970 39978 40722 -36302 6957 14283 25202 118 -5332 -27247 24447 60468 57775 -34492 -40232 -17149
r210 -24934 -34491 -36825 -6312 9289 -4820 36829 -48919 -24550 -10418 -36352 -11286 25971 33379 9333 63100 44937 39896 6476 -38915
r211 35679 8915 21653 20117 20501 -42858 -36554 -29741 -59683 -21730 7631 -21347 -64759 -56636 39803 -30790 -7612 1062 49312 4135
r212 52807 -11549 -27901 25583 25366 -53323 -36400 -5785 -45280 28206 63134 -19555 -52218 51040 38109 -4705 2448 55949 46644 15728
r213 48848 3214 -57662 -9345 40910 45076 7315 225 -7959 52806 18807 -57922 23000 16784 -28947 -29642 -4472 -52588 -5822 62476
r214 -40217 9756 -24386 1126 -25376 2702 22353 10274 -23044 -36022 -12116 46840 53922 -24603 -2721 -15769 55776 -49976 11829 13376
r215 -61004 -58645 -20534 -24644 -18683 35487 -37714 2424 -12413 -24261 8096 61721 -5984 -64011 50692 48381 -23953 27320 -33778 -63382
r216 -13161 -57998 49359 63838 -62563 30202 31542 33621 41510 12877 -9950 -33363 29128 17294 -7675 -64022 23420 49759 30873 60357
r217 12609 -49538 -44266 994 41069 48605 -23600 -56488 56885 -12871 -62426 43104 22889 -37191 50484 -37719 -51483 61590 2356 -46005
r218 -63839 -56234 -14873 934 27129 -8109 6926 4468 2391 -46530 53974 64843 -46207 -61480 3550 1688 55315 11780 -46685 -63496
r219 52646 43368 46544 14436 -52606 -43761 49255 -43010 -62090 -16129 -61429 -51329 47723 -29564 -2614 30252 46314 -38315 20813 36553
r220 34963 -56881 65300 46412 -16475 41300 -45829 50885 15434 -16379 47735 33606 -37679 34896 16371 -39085 -50705 -36378 -34991 -45192
r221 11214 58343 -60761 54632 -22214 53215 -63490 -41156 -61138 33941 -35723 3325 3430 -60900 -48274 37068 63888 -36554 -50637 -50804
r222 30646 13889 -32840 21493 60364 -1019 -36989 -45371 40254 37484 37758 38625 21557 -60745 63710 -19456 -61938 -43905 -17588 -25435
r223 54654 10442 44338 -55041 29877 -21264 55976 31665 -53796 36375 -60664 45480 -55913 37762 63404 -27764 52641 -51231 -40706 -40832
r224 -26455 26186 -6213 -41189 19398 24103 25711 -14384 -53488 21349 -62016 50016 23269 15609 -24376 63195 -9790 15501 25695 -37627
r225 22676 37851 2700 -20334 49381 32335 5812 29530 64107 -35023 -51172 35202 -48949 -33440 48717 27477 -40912 62358 2549 22772
r226 6223 34412 31940 -45791 -12630 -50091 28020 -61235 13070 40617 27075 25828 -47898 59529 12586 15178 -32392 -25683 -15170 10941
r227 57284 -49159 -59188 -37264 2393 -23817 -5110 -36535 35835 17437 41259 1803 -36806 37648 -38612 38994 29340 -51495 -24535 21463
r228 -22551 -39551 9147 -55529 -8911 -51837 -48361 -34958 50920 -12528 43763 -52352 -30809 49922 -47301 4386 63183 35318 -21619 52292
r229 -34111 -39088 24012 -11020 -25442 20652 9788 59716 -43901 53107 18912 26660 -61202 50951 -8800 1411 63702 -55456 55427 -7747
r230 3058 -62477 -26721 -41308 -63430 -546 -26771 -9492 31456 -3562 -58475 -55016 10186 44536 -120 19308 -40359 -2247 61333 -62059
r231 29515 59712 -30176 -65441 -53529 -44383 62371 -8249 -34080 -36595 -9534 55172 8593 -5443 61847 -53113 -56529 50709 61000 -58880
r232 43602 -20563 -28957 -21426 -28974 -52595 -43861 -38145 -30284 49601 46301 -17483 -10575 31298 9626 -39462 18303 -16056 3889 -53232
r233 15228 -1363 10873 29324 -58803 -10019 17283 10131 -2335 -40087 -23897 30511 63690 -18716 -35956 -64404 13528 40248 -7289 36024
r234 -4324 62515 -11664 30315 26760 -29895 39412 -49427 -34870 677 6283 42532 40455 -33318 14443 -18452 11364 -35911 27461 -7675
r235 25596 33911 -17154 -2809 11369 -1844 52147 40571 62933 -39822 29570 -33010 -16063 -22916 -54076 23765 -63320 -64453 -43266 -57921
r236 -40023 -16051 39049 56520 13143 -39206 -8520 -2382 37377 6146 7399 -55566 9154 51538 26645 -10285 62926 -62648 -45558 65068
r237 -43249 40063 37510 30356 -54015 -29633 -14387 41053 32060 -63380 1558 16216 1835 23947 -45341 3821 -24466 -60167 -8173 -58909
r238 3296 24893 11248 -52748 -61983 54541 -56281 8751 -24083 -60480 1484 22274 13603 -34285 48193 22978 -4334 33355 15857 -8819
r239 44264 5362 -9484 52256 -20543 -61910 -43828 3293 10636 22425 40937 -18730 -48907 -9710 -61445 12304 17191 5809 -31189 -36973
r240 47753 54629 57935 -46600 -44164 -42932 39018 57526 42695 54251 -61694 -24719 -32698 -27370 13966 11445 -20852 -32692 -21345 52037
r241 -33016 -36395 -618 -13468 35257 -16885 -57701 57310 56626 -63613 -25243 21624 1918 -4036 -672 -13263 -13509 38380 10401 18094
r242 -41464 -30028 53148 -6283 56783 -57107 -25765 18900 4806 50618 -6033 -48214 -12563 27352 -27284 -4061 47045 -53441 45939 7802
r243 5182 -36369 -13813 -1309 -44903 5093 45256 -52421 2270 -17729 -40904 45914 -16594 22520 40316 -14168 -45816 -52371 37317 -39656
r244 54286 28578 16156 -9814 -22864 -4610 -7167 -6216 -6317 -32845 -46089 -38498 -57821 5276 -949 -35356 -42207 -16558 -13641 30781
r245 2935 2970 -48589 26956 21609 2952 34578 59499 -36016 -48266 -5983 -41411 -20486 -44302 27411 41670 -51135 27500 -28880 27683
r246 -34813 25928 58369 -14593 -50684 45946 -14179 -23082 -21810 -28635 38608 40294 32652 -29294 -56554 32902 -52356 -26483 13795 -20212
r247 -53402 49293 44691 -41372 -25483 -43027 -48366 11021 -24572 20944 15466 49091 -17965 -42280 -64853 -60438 26471 63290 -58662 28407
r248 -28548 15114 -45000 -2999 -40180 -46795 -31585 -34165 43397 -31842 37292 -25839 59266 6632 -51420 -14006 12305 -18624 -6547 -53080
r249 10919 -6391 -25223 11236 -60830 19457 -4701 -49863 -9284 -16677 -19288 40986 -32534 17354 -48291 37107 -1968 -50044 -2765 33184
r250 -582 -48412 61755 -43884 5639 47712 14144 -9238 56860 -30658 -33831 12021 -51084 -34936 58841 -56605 -13091 -9893 -34800 -50001
r251 -4466 -44160 541 56610 5116 24647 -1256 -50936 -64664 -19288 -17050 34551 -48541 -66 -47309 -46820 -45081 -62034 -40449 24997
r252 54187 -30460 9984 -6151 -41333 48226 -29688 38906 -32019 58025 27960 59312 21303 -61557 -5630 53896 -34961 33836 -17976 8140
r253 32285 -44212 -11397 45439 28246 18516 51432 -4020 64836 -64969 -25617 -17462 -48732 -20995 -49 44932 -39477 -44906 40363 7173
r254 59624 8359 -40334 -18122 -30389 -38740 -33525 -42787 -23862 -62707 53587 875 22173 -43783 24720 -22149 13374 46423 22739 -1927
r255 -24946 -11951 -11315 63505 -56532 -35419 573 55071 -31128 24360 41086 54706 -35962 34403 -1448 -14790 52711 29718 -45104 39860
r256 -34741 22450 -58443 44627 -917 -3343 -19951 404 -50813 57381 46744 21579 -7462 -64270 37955 42445 41954 5438 -64473 -39419
r257 -27155 -5148 18979 -53830 56417 58400 -1550 34380 -6460 21508 -8805 57346 -46360 -40495 -40479 25679 -48607 -38477 -4669 33670
r258 -29695 -55802 -62788 -35281 -16664 35335 62775 21559 -61989 -63999 -32754 -10442 -3403 25834 52161 25840 -20055 36575 3134 55637
r259 -22208 61190 45256 23832 33523 -10122 53183 -28169 2606 25980 -29024 60247 9755 18481 34155 27213 -10514 -53015 25985 3497
r260 -60834 -30599 46035 38922 -16788 2873 -30306 -30809 -62608 13679 35827 57176 55276 -65410 62396 -53698 12894 41552 38929 -60472
r261 22913 47600 9489 -51886 -23874 -26991 -9035 -49862 50130 -57493 -39278 -9741 -4486 -58468 28638 -9956 63174 50407 -44576 -19646
r262 26527 26947 42391 -56572 16263 -36576 8937 63725 -28273 -44349 21652 59139 41596 38273 29781 -63961 -62238 25538 32622 9209
r263 -53940 -3541 53244 -7029 15035 -38469 23976 480 35391 23498 14433 -25060 -14077 -34004 -62759 32918 39628 -54496 8197 -59685
r264 2001 -11105 -18077 -6960 -23974 33814 61894 46486 -21928 17725 526 17085 -35091 35798 -23833 28359 -43875 -50837 31310 -36611
r265 7165 -57524 -46867 15910 -63598 -33663 -46983 -43665 11707 -56089 29293 16959 29784 -4184 -33577 59188 -29905 35200 -32285 -30745
r266 -22382 56721 57159 24794 -29540 9882 31419 3403 -48035 49676 4767 59687 -46546 -29578 -18388 51924 -12207 17698 6913 30010
r267 -996 30659 -22482 -44883 -60640 63207 30128 51342 -46870 -29192 10364 51659 27030 -57663 -50839 45583 -59305 54640 8889 -24537
r268 -45718 -4066 -45219 -30381 -1118 24633 52126 14705 -36329 -64120 -48161 39715 -58847 -3373 -30127 18393 -32788 20206 -50809 -13912
r269 35932 -5609 -60366 -25399 -28527 -13498 -61744 -42222 -42757 37811 8505 24647 -2374 -5989 50655 -28768 -57215 47134 -14711 44718
r270 -45791 62476 32108 55004 49209 37805 48513 -64272 62795 -40253 -37292 17303 -25762 11062 4507 23552 -1824 19313 6117 47306
r271 28176 -5594 -64429 -20907 -4137 -6011 56831 -23717 -15937 34876 46390 -17883 61170 -39939 -28818 11591 19573 -4299 26730 -1927
r272 41282 64067 52402 19906 3323 -9542 -32348 28704 53313 28667 -20945 15910 -54388 -62105 46125 -26051 -48154 59659 -47211 32079
r273 50057 -20285 28891 -29270 -58986 34843 13218 -1846 48524 -7996 61917 50830 12176 -22240 3792 39152 34822 -56831 35084 -13373
r274 43071 -32828 47330 -49945 11640 63938 -35158 -47822 17200 41639 49819 -26528 -10503 -20439 -34533 -3435 45614 16685 32472 55834
r275 -51595 54936 53332 -4541 -22021 4432 -49856 -3098 -28968 29866 23221 16813 21074 -57905 -63980 835 -15327 -25989 -59706 -12425
r276 63375 47903 -52253 30171 35901 42118 24126 42224 -30227 11790 -16898 -21197 21703 -1648 29979 23665 -62591 -37536 17151 -6343
r277 34582 -53433 54211 26576 -26989 49109 -11310 -786 12660 6789 -52639 33659 1243 5943 -42387 -14787 -58477 32921 45948 -47841
r278 -18956 -18289 17706 -10175 -25171 -25729 -31031 34214 -57503 -65335 61790 -4723 -41255 -11533 45194 -53812 -50036 22236 8811 -38146
r279 47146 57334 11741 34129 56813 -8469 -27971 -50671 -18257 29037 54147 24226 -33059 720 45332 59404 16338 -45253 16018 2611
r280 54529 10162 -1693 -26570 52787 21064 -62209 -12854 -49874 -32549 53208 31546 55841 56749 30249 -58416 -15462 58797 -30797 14080
r281 32633 -20640 45046 -16542 -57401 6959 32823 -63044 56622 17024 56033 -9197 -62763 41756 -16009 63392 -17519 -62479 59004 37500
r282 43604 25338 18595 16108 -47441 -32742 -9305 -19834 -53552 -48626 -43285 -2455 -18528 48576 -9717 -50399 -25066 7436 33063 55827
r283 -18883 -16406 -39899 65492 -64871 16459 -41475 -31268 24795 -38256 -40776 -9766 -56065 -5282 310 -44814 32515 -56724 51556 17974
r284 -59687 -32424 -61174 49329 -12726 325 41423 16622 -54602 -53139 -31202 55034 62779 -16842 65406 57133 33415 -19205 -30441 58239
r285 -19392 -35091 -28597 -38511 -37771 23782 58451 14211 -29122 29578 -17493 -30716 8494 37415 20916 56822 19882 27024 11287 8633
r286 6167 -16651 60509 2531 -56903 22264 -8209 27171 6476 57293 35986 56582 46853 -34178 43649 30585 -35666 -21713 49791 43295
r287 -21122 -60757 17526 -27835 -48155 -41671 65369 -50190 38023 -63524 -34579 -39888 59431 -31621 -7708 -41359 3489 -50317 -64734 36060
r288 34297 -3257 36758 24587 -4597 -22883 -57296 -21058 -58399 -60178 -13412 1404 47227 39901 43166 -32335 56953 -23048 -11188 25001
r289 34202 -6333 -60932 64947 46313 -55518 30144 41514 52045 -45190 10734 44898 -13095 1698 -58229 -51227 -16574 5756 49740 5104
r290 -1279 1617 10195 -12999 -58660 -38683 16657 15486 -38752 57242 -15541 20608 58127 -17874 45804 50458 -49120 65458 1044 11724
r291 -37449 -646 61674 37425 -25856 28641 28343 851 41024 -45190 14015 -8351 -4376 -46140 -42537 -12932 -44336 -60564 -949 -14554
r292 52395 19493 2859 12046 -26880 31693 -48759 -25691 -40981 53165 49612 -33621 25172 11665 63913 3610 60813 -4110 -21260 -11073
r293 -28172 -56955 -55718 -50613 59760 -35849 21803 32062 33061 37950 12088 -62823 31960 7084 -62047 -11226 -24739 26469 18584 58874
r294 44027 -53011 56027 -59602 -2682 42508 -20207 -42791 -53054 51841 -58922 62604 14837 -9512 -43658 59283 -57162 -1939 58625 -23297
r295 36281 63905 13741 -43718 -24458 -19904 14902 -34005 40251 -32457 34338 7687 -36193 -61824 -24203 -44119 -49788 -7593 -21809 -47525
r296 10815 19938 -37528 27783 40292 -660 -40794 -45441 -26228 58989 10366 3465 -13152 26388 -7790 -10935 -65151 -43035 -52985 2
r297 -5485 52205 -28018 -18632 26367 -56638 29698 55342 26543 -144 33931 50191 -22898 -6814 -51430 61079 -53368 -10792 -51009 46931
r298 -43992 -39256 -58704 -32366 -42751 -58150 -35803 -12774 55163 4616 20007 -5137 21220 -35904 34430 -47050 29870 -52780 -57641 59768
r299 -33452 985 57136 -2324 52397 3781 40177 46038 -56784 -12870 -40245 36191 -36311 -48965 9194 31726 -65310 -29500 -12873 -63530
r300 -40812 -31072 -38633 -9646 6362 -38991 -9496 -2943 29041 11948 -65096 -60599 -32753 -30436 4288 51708 33595 -61805 60805 -58478
r301 143 -59915 10424 26448 -38225 -22594 39178 -6903 -11980 -24147 -14806 -11563 -44178 -12305 47984 -48530 52614 26771 -36066 62211
r302 63721 15249 -25198 53604 60920 58595 3942 -59389 -14202 64965 -33543 19843 -18474 -58782 -17647 53283 -3347 51737 41082 56212
r303 29847 48752 -12787 39913 5602 40649 9198 19425 -45966 -4860 -29689 -51747 20638 -2592 -65434 3409 -51957 54292 -20614 43005
r304 -3351 -53130 10595 45765 5674 62894 19302 61259 -18191 39206 -6073 5511 31700 26789 -41943 -29298 31547 -17457 -22461 -39630
r305 -38380 33220 -65512 -62179 15530 52053 -5081 -34722 -8258 37321 13053 -58158 -47517 -37710 -35271 13304 -40558 17711 -28727 -44133
r306 55033 36267 -56984 25760 24409 49673 16366 7564 1835 -8229 -40996 15670 14074 44624 57672 -43885 20297 16480 14497 59660
r307 -6550 34709 -55336 17179 -55132 -28025 -25309 -16531 45786 47362 -29121 -42001 -29991 -45485 19508 -5706 -15741 7434 30477 -60458
r308 -58022 24403 12937 35018 27669 64351 -47354 15646 51583 57230 -55260 -54327 47497 28875 -25641 -34269 61088 29444 -21734 29101
r309 52638 48390 -188 -21201 -61275 13001 56526 8568 -56173 -44588 27166 -52418 -45932 -35863 -893 -63425 -34479 51688 -53392 33535
r310 36844 -32164 11796 -16818 15140 64620 64394 45574 -11395 62615 -31934 -34085 57408 -2487 37584 -47888 -63713 -50122 -47951 28983
r311 51636 -28897 21874 -48498 -11687 43938 -42643 -39477 20988 -55943 3594 -33739 -45664 -33279 -11511 -3339 -26565 -44812 -63287 -54005
r312 -58595 61526 -48731 -19066 2011 -61525 30147 52426 -4346 -4297 6479 -13499 -31269 -52283 48434 5420 -18292 48864 47774 -65141
r313 31702 7863 -3767 -42385 -27434 -63460 -22097 -2538 -2183 38351 -44943 64799 50992 45093 -58730 -20859 1947 1233 -36398 -53806
r314 -61799 40897 -33996 26996 40076 12023 7845 23266 10174 -61493 -6513 57864 27874 52267 -16997 -17089 -57866 39964 -28351 56904
r315 10110 -44329 27824 9265 50435 40762 46043 50617 53789 -5088 -16338 -40422 2821 4247 -3873 -4325 58772 -21279 17805 -19792
r316 10788 3077 31870 -47297 -59232 -39523 -1092 -45168 -59154 50440 -38356 -44300 -61241 -10499 -13785 26953 -3479 -11461 1440 50172
r317 6499 -55647 13198 20306 -7596 33479 -16964 45241 -11069 -46478 11747 14929 -989 7905 -16447 -8825 -63715 18042 23138 41617
r318 -5770 -45956 4488 45753 1676 58926 51594 55916 -9255 36235 -7864 -3199 -34008 -14133 27884 -28305 -54473 36534 -22301 43354
r319 11817 -12318 47943 -4614 -25084 -29325 -28833 29126 -9570 15573 53445 -56985 -28991 51590 -7106 47149 17812 -58859 37028 -37898
r320 -24355 10538 -31804 64720 21844 -15268 17814 28873 3190 -15508 23476 36523 -47388 -19600 54069 31694 -42778 -24407 -15663 -4407
r321 28264 31429 52123 40710 35133 -13874 9823 -59050 -36723 -54513 -48356 -62959 -20642 2283 56904 -19243 55999 -41833 37509 5965
r322 -18368 -2650 -32235 60411 -8869 29618 29879 24760 -2750 39395 -5189 -7527 13848 -57207 -35932 3732 -44356 23851 -15927 11512
r323 -4489 47516 -60422 -32080 31431 -5120 -8441 57252 15416 -45211 45954 -3010 -36943 56592 -31364 47398 35729 17150 -27850 57234
r324 63994 -42731 -47569 -50254 -28445 -46413 -9403 38690 -28118 -37972 -34321 27120 -957 -36249 41033 -49992 -44884 41384 175 -4678
r325 6895 -36023 3673 14392 64467 11413 34794 16699 30201 -65046 27221 43048 -147 -30345 6606 -60589 -25925 6579 -11118 8851
r326 58598 -13377 53976 1498 50501 15702 -56086 -14003 45122 4124 14088 24689 -14117 28811 61870 -46860 -36657 56114 34282 -40062
r327 29953 57719 -18479 35996 14808 -48879 -47233 51510 -44717 -52802 19848 16411 -54873 39789 23936 -48634 -5704 -50676 -10337 -4367
r328 27544 -62839 -53411 -62233 -62432 -40088 41467 56509 -61358 7050 -50329 50542 -5215 65158 22553 -13625 27957 -45766 38584 -23418
r329 -5858 -57373 -35339 -63456 19960 37776 -39761 53253 -54574 -25751 -848 51388 24952 62355 -46379 62819 30506 -22672 -57319 44268
r330 -13925 16535 23435 28189 -64640 -62376 41577 61419 45293 15968 -5589 -11916 -25093 -40276 -20777 29450 -24255 26375 -59162 -3080
r331 18817 57731 33120 57078 -55373 27776 -48213 33730 -28082 -3093 -26709 -15088 -24380 2354 -13829 10366 17761 57553 6872 -42438
r332 35104 -46596 -29990 -61653 24935 346 -23516 -37201 -37036 24126 -44766 34214 21471 -16505 -6816 -9854 64585 -42880 49924 60046
r333 61090 15920 41342 58654 9232 7130 63988 -14304 43254 52923 52130 -49045 -32797 48550 1422 -37026 57021 -42759 -18971 29800
r334 37673 -54125 7370 -25354 -41393 -60206 7293 -18897 57014 -32822 39663 49446 49151 32207 -42005 -7977 9121 -2548 -59736 -9141
r335 59317 -41499 40995 45866 -61998 -44093 -12739 28095 61587 36248 37525 -45086 14404 -47683 24544 33450 1238 -4446 -62360 61617
r336 -30339 16257 -56949 2602 10143 -63730 -34284 3305 -37784 -46515 -45503 21377 -31344 7062 26214 39968 18944 11372 15334 -19822
r337 -4749 40385 -10102 -10234 -18046 9121 -3702 -13683 36242 -6596 -1759 3047 39328 -28851 56003 -54454 7082 -24712 -19250 25547
r338 -39189 -12874 -55729 -61312 9642 -59378 59824 17465 -59580 633 -64440 -16443 25065 -14890 -31132 30584 7423 -45970 34567 60769
r339 -13911 2797 33231 58368 -39603 23840 28743 -64165 55458 -22105 25371 -13567 -10675 7333 -15722 -27883 -19322 6771 32297 -23214
r340 39261 -58495 -7112 42551 -60141 -37810 4214 59394 -56566 -3019 38247 -3127 38391 40185 15557 -35173 17810 25408 -59579 -45985
r341 31203 -38902 31706 -1513 -52952 -46395 -36822 -39814 20222 -43807 43472 -10910 46102 31272 -40537 -5051 3287 -14897 46076 5442
r342 -26881 15654 50425 16987 -22293 36799 62880 -43861 63167 51981 52010 9865 36619 9873 -58124 -38485 -44399 -18642 -1349 -10414
r343 4417 3965 36802 58056 -39037 23239 38065 42125 -21166 -1897 -17750 3690 42399 11918 -2327 52384 -21649 -54948 -23579 -6268
r344 -35645 4329 50402 -26525 63382 52614 63842 49086 35027 17523 -22170 41398 -31025 -51711 -6697 -20698 63192 5026 -26678 45375
r345 57441 -52539 -46666 40425 -64780 -35065 -54412 50885 -4068 27577 -43590 49391 13633 6726 -58883 50435 28754 -30628 -14466 23203
r346 -59572 -29783 47381 -52658 -9169 46172 40597 12881 33076 -39199 -62104 29126 -49134 21999 -28625 -44479 53267 27763 35947 42663
r347 -14575 -63641 13549 -3002 21225 -50581 10111 39877 -46463 -47259 18362 -63471 45014 -22043 -55095 -24980 -10434 -7032 55191 22628
r348 39987 -20589 22929 -36039 -38831 8690 -51412 -50275 2567 41256 -29283 -40661 23474 -52734 -20328 65208 -52067 36202 917 6440
r349 21388 -15367 57926 -32722 14247 59753 4528 -8950 21964 -39685 -52803 53268 -33167 -32434 22738 -27763 -54648 51 -60800 -36177
r350 -50015 20167 -43499 63222 65012 35272 311 35886 -35037 -39448 47232 -62601 22987 31117 52370 37240 -45379 -36958 59864 -1976
r351 31000 -14066 -11528 -64479 -3895 -24240 54680 -16524 5086 -36707 23625 49644 -18788 -22761 37143 39380 19040 14952 64124 44733
r352 46990 7836 -3334 22305 -37709 -44972 -14456 7901 38069 16753 57689 21678 -3761 20496 40017 4573 39610 -11132 3533 -19034
r353 25152 41743 9068 -4587 -33125 -62050 -20333 12647 12219 -47885 47359 -2545 27895 -42777 1923 6599 39680 22368 12120 5949
r354 -27018 -65089 -39736 -25886 57456 -32831 33785 35353 36782 58879 -40655 -25657 -50246 -29283 -16818 40373 -56145 26753 -15669 2243
r355 -40985 52851 -63827 -26412 -31668 -18 -7640 -49709 56383 -29267 56934 37982 55182 41962 8301 -43476 28332 32742 -52597 52543
r356 -1166 -47062 45520 -54844 -12122 -8096 42008 -41869 8318 51603 -33966 56886 57368 -35370 37156 -38479 25662 -47183 -47698 32117
r357 -48776 -28337 -18071 24111 -98 -65153 26072 56354 28570 30017 41396 6488 1864 -9373 -13709 2644 42411 -19228 33203 35392
r358 -5593 53560 -34092 -57663 12827 64240 3067 10846 47872 24732 25422 -735 -39651 6732 -2479 35232 -50821 -1706 43512 44466
r359 55396 48892 9465 34874 40117 -13321 6087 60758 -43819 -20552 33995 44520 38624 22835 -17562 31715 -53378 62835 16758 6079
r360 2232 -15424 -31782 12041 58569 -5975 19790 -48856 -1058 7095 -24343 32178 -57745 1010 -57276 35561 13076 44323 23540 13183
r361 64532 -64681 -45816 -37781 -37245 58329 12034 18592 -29302 58337 45658 17592 9543 14155 27701 36059 7510 -56729 49644 27218
r362 -33534 59174 44359 -42359 27135 -40614 35990 45751 54465 -50819 25258 62603 -35115 43388 52508 55824 -31129 -30088 -30156 30655
r363 -17481 -16550 -18585 -1818 56794 -63875 -55470 -3995 -39957 28909 -17317 26942 8448 -57042 -52857 4264 30757 1548 -20485 9448
r364 39654 -19138 -65143 -2228 -27320 -5202 -47155 40122 15262 31685 -2618 64654 -35848 -30299 -65102 -61772 -11202 -34172 31819 2022
r365 16569 -59705 7957 10214 -65229 42227 -49517 60439 14661 -56922 -18277 60956 -12793 27777 -45872 44367 -18712 -51548 -56076 -29237
r366 35422 28434 -50437 10249 -12044 -17336 -7556 3013 -25549 -59797 8029 26849 -6567 21582 48468 -25675 53479 -58699 -44236 59767
r367 -21266 18384 46551 -38536 -6805 -45886 6869 -44982 5682 -64275 -45961 -30279 2194 12505 -20360 -19360 38938 -22955 -38951 45802
r368 -61932 -44821 -57074 57061 39986 -53069 60756 29851 -39805 -62300 -30075 55887 3768 -31792 18212 -36625 -35407 -60024 -42822 53828
r369 -27654 -12465 4033 34964 30809 -60952 53647 26902 -17477 -137 -48027 32132 30982 24321 -44946 52083 -17430 58132 18192 14858
r370 19605 32914 -15384 7264 -63598 -1985 -38758 -26445 45160 -4983 26745 -34046 -1539 33605 -2169 -64580 41317 2016 63085 -24650
r371 -19738 17486 42730 -8470 19286 26703 -28828 -20755 -61248 -40752 19116 52858 -63234 -60108 39751 -8465 -52479 -41081 60710 51925
r372 -6474 5790 46783 56247 -65512 -60155 41740 -35337 -17848 -57175 -57950 -18004 -28803 -8276 -56088 -43703 43121 -23237 -7005 -13533
r373 -53098 -27095 -43214 61825 27364 57417 -24976 -29897 -19105 10978 26567 -50428 17003 -29107 60564 -32255 -30075 -27230 -19165 -39575
r374 149 47249 -20700 51925 65180 35298 -61458 39122 -45004 -1141 26713 -54526 62619 -56242 730 31713 35660 -33778 51696 27773
r375 60753 -7432 63933 39050 -40627 -52811 57200 -7315 -43527 -15352 -19787 -310 -51869 -5852 -11743 3794 5562 -702 48764 -18712
r376 25711 3915 -24763 25274 17843 30031 -41965 64954 -5135 -57214 -34896 -62221 33171 -33832 49562 -38111 -30107 46788 -4407 -51202
r377 39564 39291 -39760 -20069 -16958 9620 54898 4959 -59603 23659 3467 54519 -2576 55641 38222 -15663 -3216 -55527 32549 -55865
r378 25811 -27671 13142 -30215 20811 29900 -41971 44799 22370 14941 -47879 44532 -8052 -45113 50139 51015 6912 54803 22190 -46404
r379 -59632 44972 -2321 52979 -12141 50728 6817 -61768 -64046 -7220 24912 -30021 -5320 -63410 -51267 62897 21543 58445 -59290 -18913
r380 9233 -11555 34636 14139 -15977 52721 63071 42813 570 20732 14805 -64599 -23595 52494 -52104 -50119 5992 -28553 -40180 -36005
r381 15529 -14207 54270 28713 -31734 -41544 56685 -43163 -30301 -52147 -9288 18149 56923 -32636 57968 -49435 55095 41968 12172 -24781
r382 -9428 8840 7530 -37899 -5410 1232 -49762 -39794 -22954 -29632 -39983 -31639 -43840 12638 -25663 -54638 56011 30049 -33892 7873
r383 -41270 26441 -15789 56050 -30590 43776 -1661 32618 30801 -6289 -16152 44113 -11724 62890 -46377 -49291 9789 5020 46953 7931
r384 -22537 36248 34873 -41539 5580 -59504 -45932 6782 46676 -38740 -223 -64992 1046 -29590 -32434 54810 19383 38446 61784 31147
r385 -65362 -37681 -41044 37451 -25423 61160 42766 11507 34143 14789 -21605 43933 -41417 20701 26514 -55460 -38689 -21584 -61402 14188
r386 -37025 -10327 -12197 -15168 22861 20862 -15660 -10890 47664 48225 12415 -46287 -65003 -32328 -42624 53402 63685 -25241 -1992 -8104
r387 26323 -39331 2718 8960 40720 -8668 52297 -6134 -7711 -15883 48450 25779 46157 -27980 13865 -8546 10072 5122 55592 16569
r388 17391 -37099 34222 -65415 -10646 49948 -37393 46487 -18808 -50624 -63446 -26691 -24138 -53890 42060 3663 -15743 44015 61896 64503
r389 -56508 54866 -48468 30936 46084 -587 -57661 14706 -42090 -61275 30631 -18466 23645 58965 7415 -37543 -2307 53079 -41829 -50754
r390 -38713 -19330 -23962 59127 62260 -30263 -33465 -50544 -46954 -9656 22943 34595 -25479 42608 -64308 -20033 24800 5596 -58418 -29196
r391 17087 -65399 39692 87 3658 39378 -1097 -52169 -43212 -28058 -39238 32081 -1005 -2270 60309 -15090 25193 -46232 -57408 57703
r392 19104 24680 -37469 14436 -61762 -38813 13104 47396 64024 -4835 -52316 38050 61397 -47206 -40748 -65203 44872 -65191 -32383 39942
r393 7731 11062 -47414 43578 21071 -50698 -13635 -25467 62291 -22888 -20827 30862 39937 -50833 -24919 -40330 8299 45269 -24910 -19725
r394 58584 -24133 37001 1957 20952 29687 -50423 44790 57958 40568 13431 23953 60475 -17707 60831 -60036 -43750 -24291 -64722 -64799
r395 9642 5661 -55728 -44250 -12686 -13720 60497 -48895 22149 -36554 11745 -9898 -36311 -63740 44129 27765 4109 -30377 21110 -48690
r396 21622 -6442 53631 8525 -5164 60117 38233 -923 47790 -17936 26042 14651 47359 -18878 50556 -38960 19445 -25078 -34086 -40549
r397 38071 51912 30834 62266 -46127 -45141 -35157 -44128 -42591 -40959 20168 -6957 -52808 -9474 42163 -63809 -26123 -2442 -5693 -30683
r398 60342 28012 -38591 40921 9486 -18718 13928 53324 15601 -33090 57621 -19493 6683 -3656 23656 -6592 -33154 38704 -49840 25458
r399 45559 -44368 32038 45866 63266 47433 9975 -43902 -44794 27872 -11686 -40576 6216 4077 -36341 25831 -32573 -31839 -62402 -22005
r400 -41779 -50604 -11860 23411 53212 25836 -7374 8114 -47952 55779 18053 -27795 -4011 4999 6959 -47404 -9791 45844 56192 -63733
r401 54038 21497 -30121 -52319 54597 -22384 -64849 -18131 53739 33785 47832 -51159 -36951 -53769 -30711 -43182 58610 28897 -8522 18612
r402 11640 27623 -40189 -6444 -59256 -42424 9852 34317 6920 -43714 -24180 -20679 -34886 -24165 -38704 4581 16838 39643 41818 -18167
r403 -46416 -53796 25223 20286 62111 59986 -31296 -31184 24703 -20083 43849 8144 -46859 64181 56131 -13086 -410 -13721 22319 -62683
r404 -64003 -37831 -4944 -43358 -35295 62529 -53827 28289 -27481 -25915 47606 -49973 -41910 31960 -50212 63875 -24322 41771 58433 40312
r405 20136 -10028 -36152 39442 -44670 57751 -39666 -27711 42491 -1343 -52500 -1966 -34941 -30552 62850 -7258 53132 -4600 -30639 -55896
r406 61604 37588 -15489 50239 64792 -50355 -42993 11613 -16075 51976 -21811 35016 -18812 5548 4125 59707 -9841 32232 6977 -33697
r407 40916 -35799 11649 -46401 22592 31207 44397 7387 61719 27879 -63362 -56471 -28461 -39241 -7283 34871 17584 52688 -49752 -7820
r408 33091 -64510 -29533 57097 44143 -17392 -61277 59388 -60490 -56050 -36286 -46093 32907 61823 30771 5206 47809 -59667 49085 18468
r409 18135 20948 26343 -59775 16585 8091 9849 51940 -32899 56162 470 -48889 18464 -44940 -18931 2108 44211 35707 25454 25734
r410 60226 47858 -593 33887 47536 21180 -63570 -26696 36089 -5303 65116 13722 55677 -61462 -48458 60954 -1214 -65129 -56524 -2310
r411 30110 65260 -9584 43924 42098 9671 -9220 -53611 -15453 -54248 29495 -62434 -32992 -45964 62978 35217 51309 -19664 -42962 60871
r412 61189 22272 46043 -24444 40559 27797 -19938 46936 35183 -7454 -19810 38332 -26282 13502 37892 30021 36995 12313 63888 49193
r413 -27158 -10488 -9276 -17818 63935 6332 60452 33951 15000 -48238 20450 62413 -53985 -41190 -21714 61119 -34138 -28152 23155 -29137
r414 -45486 -12058 255 -52359 -1802 -47186 17918 5688 53165 11621 -20436 40810 -19943 -24088 31075 7907 -49562 -5015 -1431 -39921
r415 -49937 11999 13894 -61574 62715 -65087 -11693 48994 -43486 -53105 64927 -54394 -21482 5386 -22065 31541 -20907 42241 63228 37449
r416 60921 -5383 53234 30996 -4805 -28543 -63387 -41105 36537 62927 -49682 54712 -604 -15920 29623 -4320 -20603 61445 -3514 -48173
r417 -25320 3810 -10426 -64077 -40514 -65173 3793 -15526 -9029 -59664 -12027 -39698 -15931 16208 -1375 3112 -34856 12794 31470 21320
r418 -1544 28257 -54254 -16447 39447 -41426 55053 26348 -57506 -60268 33228 -41579 41220 -32823 41566 -23682 -60201 -32525 61409 -50174
r419 -45062 4447 46687 -43007 -33055 -51688 -7694 -28469 55257 7379 -37545 55049 33929 -25015 11881 16936 -26249 26396 58314 -3091
r420 28462 -7304 -31804 -63785 -10263 -49175 -48076 39687 43335 -33506 -32041 59298 56445 -64896 34530 29606 -14402 21500 35177 -63412
r421 55042 -17848 -8912 -61775 -22391 12092 -37026 29739 16922 40265 46632 56338 -53529 12650 -33914 46243 -20837 -40359 -53494 23652
r422 -38854 -64868 -49762 4674 24833 -6085 -16021 57695 25019 -28348 -23489 56165 -20230 -47380 -30250 43645 44609 -64408 12399 -22874
r423 64155 3534 -60449 -10694 -52414 -61943 -14014 -24689 -46557 8678 18828 8451 34179 -47946 -15564 11247 -45921 7518 -63746 29346
r424 52290 -40633 25155 20023 -28316 -39198 -56806 -58334 37100 40752 -14586 -54277 64609 -4237 -41679 -62145 -49378 -42356 28242 41521
r425 39803 -50277 -37380 41807 -60486 -5240 14782 56500 39718 -11108 -39236 65359 14582 57734 -10644 39049 33607 13281 -42219 -45415
r426 -37270 -23454 -41033 48148 -25246 -11260 50530 28493 -31253 -29757 -3357 12341 60591 34875 -61445 -9436 64745 -44340 -5787 -44144
r427 -64732 32163 -1640 19014 53721 60835 52374 44011 30341 -55133 48274 -7687 3526 -65110 57983 -52527 14559 -6719 -38322 56019
r428 -50478 -35366 -179 -37381 32770 -54018 49897 9878 -40274 -47899 -32607 -19650 56404 -11198 58886 15838 58418 46823 -1291 -24981
r429 -60783 -40619 -47868 59985 -52146 11940 6037 15008 -4444 39294 28355 32156 -32072 -33111 23632 3916 -40348 62752 -9545 25030
r430 44526 -26215 -50662 -56540 -31136 -37466 -22851 2714 59424 23865 36461 46015 22558 41805 -13141 7481 -60781 -13351 -38405 19443
r431 7947 -64625 35703 53632 -7091 5933 17044 60133 -23344 -48896 52063 48254 -42809 -1557 29862 -44756 5872 -30194 38658 20533
r432 47658 -64560 -22507 35246 -35178 21886 -54402 22208 9880 -46870 45471 -28779 -25243 36062 -14946 55770 31966 27196 -44658 18308
r433 51397 41167 -28895 -6194 9430 29251 -41306 13568 40079 34798 -60551 25703 -17151 -48354 55238 -53031 51997 -60132 -14159 -323
r434 34267 -5524 45185 -3817 37571 49780 -24372 -16148 -44452 -48351 -45202 34905 -64749 -38559 26908 -20918 27512 48827 25184 -30600
r435 -2296 46308 -32662 62658 31803 61110 -57699 -47334 5027 56930 -46197 46331 38211 57029 -35864 -16447 -53001 33610 -56982 -65061
r436 55982 -51359 -63007 15849 5213 -19911 -38503 14081 -25315 -37752 -49443 -57031 -15670 -46594 63630 -7631 36701 -9745 38614 29129
r437 56067 -11112 17216 56228 -20217 -35299 43934 44427 12613 -6317 33329 55386 6104 -13587 56133 -41061 9847 -29992 52043 19774
r438 17242 3976 43484 -9280 38731 30563 47519 14537 37887 24806 1697 2238 51388 -50571 -39271 20261 59542 -31110 -36401 29046
r439 -22821 685 -2542 -16156 38363 40230 34071 -20191 14871 -2525 -54333 -61445 9156 -21936 -2747 -22315 -1959 -38754 -59228 17437
r440 11535 22110 10280 22203 50844 -10618 -24946 -16948 59914 29214 -3483 5393 61637 -10808 -28946 -23251 -44474 23378 -38756 13144
r441 35347 -32056 30786 -3399 13458 28795 59726 -47061 -56644 25750 54241 43417 -54672 -23232 19447 6373 2265 -30296 55321 3765
r442 44286 -4714 -47776 -8719 -44428 -2148 -2141 50316 53509 -61234 -62086 50048 -29909 47474 43367 1025 46625 2655 -35144 -51616
r443 -27507 35433 39276 -49197 53030 -61861 3730 60174 -2075 65302 -34290 -37324 -1370 -55643 -32868 9469 -24220 -3674 8879 11435
r444 60538 -48551 -56095 -32222 3663 -43943 20850 -30946 -62675 -49826 64581 8062 56293 31961 29710 30949 -48508 -35298 -22217 -65428
r445 60925 -40168 57064 -50443 35338 38764 56328 29921 572 61138 15985 13592 -54559 -34396 -49302 13889 47336 63797 -55653 62743
r446 -21017 -18800 -21709 20872 14179 54452 -27354 3041 -631 41546 23215 -18477 -1031 -5987 23464 -33213 -15126 -25851 14258 6292
r447 -479 -17516 47135 17487 43429 49242 34447 16712 36833 -48844 1402 45806 41177 21587 -26432 -19239 15745 1821 36411 -13060
r448 23706 -55782 -36024 -54686 -60721 -8229 5655 -60791 27385 21311 39831 40924 -26119 15113 -22929 -20405 -37751 20383 -41177 36731
r449 -18327 -43063 22526 20438 -610 -36654 -26177 46844 58401 40043 -55203 -35527 -42062 -41803 -43611 -53272 18420 -11135 -1203 -59567
r450 44933 -37551 -868 -60923 -4347 27855 -47104 39911 -32945 16751 44812 -27581 55639 -29150 22147 19629 -58672 -52587 3032 -49396
r451 -35517 -39213 -32113 -47431 10710 -38043 -42924 23532 64464 63928 16494 -61509 -44361 8116 36984 -61008 -65236 -7935 21110 -6330
r452 10277 35864 -29414 -21214 40223 -1643 -13234 -58006 -54154 -24609 52756 -44987 32869 -31716 -11484 -52888 -29921 47642 24992 33265
r453 -40067 -48678 -15885 61258 1639 44929 -50263 33430 45317 -8464 -37467 -11272 30306 -33142 -51729 -55849 -10008 39950 5783 53777
r454 -21660 -25990 10154 5478 49553 -19811 43029 37663 -59429 6134 49281 53110 -2042 -65509 -37710 42808 46073 64917 -17881 -6853
r455 47162 -53667 -39926 27887 -33312 1099 54767 41603 -2151 20827 55872 32031 32302 31146 -20867 -57929 -20281 57913 -2895 -39384
r456 -61729 -29593 -17852 -37786 -18645 17380 28116 31738 8896 13704 -48709 -268 -30170 -36965 -30024 -19313 237 33544 36481 29208
r457 2863 21659 35155 16073 -11445 49304 -12324 -53855 -64929 59430 -39333 61455 5023 -3359 -26503 -4030 -55173 21111 -9983 -38919
r458 5594 -32943 31862 21937 12130 -22483 -49361 -3218 -44386 50677 12768 162 -37966 52855 14573 -16104 31905 -517 44663 56242
r459 -20090 31025 20733 14523 7651 -62590 -20722 -32969 -45351 27154 13836 46095 64043 8905 64828 15351 -33355 1977 28665 -44755
r460 31859 8287 -19552 32264 -17028 49771 -3339 53476 -27922 7885 52591 655 143 -38441 -50115 61652 56028 -27288 20283 -23425
r461 -46433 -51208 -49257 20550 18613 8038 -61469 -23106 -22030 -65348 -21147 -45791 53955 4615 -5007 57624 23218 22190 36850 8902
r462 34429 38096 -54788 14133 -50329 -14278 49849 -50392 52297 3042 -59482 20388 375 -31854 8487 -44060 14261 -34824 65183 60413
r463 21400 -26756 17962 -55182 55568 -11071 25094 31931 42814 -64152 -61190 6492 24037 -60467 9570 55023 50606 -26320 -27802 34820
r464 -49821 -1796 7588 -48399 57600 42086 4009 3267 -52035 49920 26436 26438 55235 -23443 50159 -34802 -36684 42965 -25264 -11744
r465 25082 -48673 -30439 -47067 48387 63314 49165 -11137 -9235 28519 17582 -35005 64319 -61727 64738 37323 -27658 51507 -65057 -32954
r466 22796 57116 25637 30008 28381 -38809 -60820 -54438 33744 -52696 -10243 -40781 58992 64825 -6536 50510 -22621 56451 46787 60177
r467 -43348 -64018 10935 -13767 40309 2436 -56007 -43739 -8257 37486 -9137 23032 51020 -61094 49829 21326 17243 -41698 -56595 4525
r468 57354 -36196 41870 61916 9231 -32257 -31088 47035 22145 31802 -64149 -16657 -13851 -17186 14771 -5108 -2338 51630 55985 11656
r469 -4263 -55978 -35213 22933 3929 12533 -46433 -45568 29047 973 33282 -19595 279 -55894 -18167 -60689 40271 22628 -28737 2670
r470 6148 44233 57076 59358 31380 3306 -59672 34482 12531 -14584 38804 33750 -14081 -46754 -30492 -51995 54837 6817 -9076 36485
r471 20526 58938 -54615 2144 -9208 19225 -30542 -47527 6072 61517 -61658 63779 54076 -16179 29581 17794 -7844 62030 63267 20962
r472 -65339 -54646 -6860 45674 -28677 1011 41903 -17737 5579 12993 37190 32740 -14879 2173 7040 -39876 44170 38798 -51003 -15803
r473 28630 -11308 12991 -23943 36622 -39076 -22836 11799 54312 -9918 -44853 -23431 2225 27504 -32754 -16588 -24064 57955 19446 18651
r474 21754 29996 42720 3464 1299 -44878 -49650 569 -7145 16842 -18479 -17454 -59153 -31295 -25915 -33838 -15912 60287 4021 7241
r475 61314 43959 28402 30855 53338 20035 -10488 -47949 -15108 -11715 32821 -50211 -57179 13792 -30280 63376 -17107 5648 -880 53404
r476 15459 3686 -43983 50783 30969 19074 -56136 -24713 32858 -4976 -26045 -43615 -65143 -2040 26066 -63020 -36643 -9428 19864 9017
r477 29698 54603 28702 -41654 -47306 17811 52092 2010 -49381 25445 -59384 -63696 47242 34106 38599 -36559 4356 -35424 -14085 6947
r478 35159 -5640 20337 59489 43496 -38022 -38784 -57506 65470 -38465 48946 28265 57185 -27486 11037 2309 -3455 -4983 12610 25163
r479 39519 61358 62594 28900 3341 -59957 40272 -36761 -18198 -16270 55667 -35407 -44236 -19978 31802 51492 -41911 -34840 -57124 -10064
r480 65219 -35769 -61459 53784 -63509 -56032 -17628 -43118 63225 9000 53519 -15057 -18244 13042 47309 53664 -6461 -25981 -32725 5750
r481 11413 -65133 26417 -47386 -25484 -38622 4921 4887 22129 56461 -10218 -20775 26589 -17933 45089 30893 -41657 58880 2881 24122
r482 -62194 22747 -5746 32715 -455 -43202 -59194 -31882 -38888 -21878 5443 39133 18905 28504 -29886 36032 55957 45498 19943 -30347
r483 -7404 -32664 -32651 53671 -36646 -15146 -32402 6307 16629 -41061 9011 -60036 61503 903 35960 -50631 -54275 -40427 -65154 3265
r484 56189 -13201 -37899 -31793 56596 -37234 30643 63961 26240 -8540 -34344 38851 39594 21641 42058 1828 -39583 59878 14820 9737
r485 19389 -37474 58448 38427 59466 60783 52673 27397 -42923 30596 8924 -48932 -29949 7384 -49073 9434 3987 38747 29852 57741
r486 45052 34374 -51723 29470 -51279 -8054 64717 -61076 -12922 -60581 4878 -23118 -48375 58564 -60365 -34256 -19961 33644 -15358 -22758
r487 -12048 21167 26075 -21301 43050 38004 -14420 59706 662 -6211 -32919 37454 31826 10449 2473 10621 -37407 36382 -42986 32046
r488 47364 -28771 -34845 45274 -25416 28252 -15829 -55262 44578 -49 -44957 -49132 50478 -18520 42798 -23873 -64293 -33738 -8238 44514
r489 47609 50544 60587 12220 -59312 11402 24009 -25069 -60101 36350 -26716 -5856 58450 -44880 -40148 3519 20880 32492 40960 32117
r490 61015 -46051 56768 -52327 46378 -29634 17478 -31359 -21613 49806 58509 -64385 53923 45484 -25208 -51546 -52127 27327 19436 -6636
r491 55496 -40184 13494 61263 -38520 4470 -39442 5886 51887 -26869 -17148 58169 -65256 -20512 26674 -22901 17402 -47862 -43909 9015
r492 37723 -64536 12154 -58611 -43430 -13521 -41032 48519 -14357 54259 -39705 22084 56336 11240 4144 41912 49740 -31295 22693 -21520
r493 307 34671 8162 14751 44243 64388 -49954 -39854 19434 22082 25390 14834 -10010 39707 50630 15544 17294 -41089 -38590 -44900
r494 38452 45590 57562 -37899 -7001 -16701 -12718 -6445 23493 -35145 25661 52892 30840 46083 22070 -43878 -5578 28105 -9461 -26789
r495 -48173 -46362 -19103 -31723 -12784 -63888 22891 9643 -47355 -15735 29813 47666 -53149 10115 -3026 -34943 -47031 -47924 60234 -2162
r496 -27876 -48319 -35065 -62615 -23333 37437 -19892 15230 -24446 -54428 -63694 -59210 -30683 16009 19389 26939 19753 55103 15274 42746
r497 -8541 -50412 6559 7225 -51550 6930 -60475 50899 -43057 -17431 40327 -20728 -38426 55082 -25554 31792 26055 -29727 -21462 9203
r498 8351 42346 -29264 17156 -49052 19968 34197 39493 -26100 8744 -35349 28590 -47293 -23562 -32231 -31210 -28835 -55780 40407 -7745
r499 27461 -13718 -46112 57165 13024 -49837 -5197 -40955 55765 -32406 2222 -50410 -34060 40385 -48093 -32225 -8673 -45928 10730 -17072
