mTable44 21
KEY  c0 c1 c2 c3 c4 c5 c6 c7 c8 c9 c10 c11 c12 c13 c14 c15 c16 c17 c18 c19
r0 -28084 35607 -28355 -645 51052 -25563 -48933 -53003 -31683 -65202 25838 -52979 6580 27274 13898 -888 -42066 51770 -34531 5945
r1 54248 9935 -27277 39885 -30074 -30887 -2891 -29301 -64839 -47261 3561 37458 -38327 -34368 2994 38912 26206 -64596 -32051 27417
r2 61940 -4758 -56370 14418 51093 33102 61412 34021 14408 -54897 49223 29200 638 -58576 -59497 -11358 -17744 -18946 6094 41866
r3 -64384 -44449 -18449 28244 -9644 -45663 65501 38919 -1159 -55335 -35414 -31409 2474 -12813 40085 7645 -51307 -5191 -38632 29878
r4 -26523 17449 -58764 35028 59483 24677 55207 -45524 18840 -51464 6049 61319 61190 37765 -19624 -21964 -43173 -20491 39588 -20360
r5 32927 -20674 62893 -31474 63598 37645 -19165 25837 55049 13567 27879 29221 -59825 -41783 36029 41682 17232 -5468 62868 -14509
r6 2632 -19422 -3228 5948 64823 -12335 8772 -44773 26609 13032 56683 -62152 -63161 -12794 -24666 -62353 -18199 -57950 -45379 56543
r7 -54296 -57881 -61295 -31390 -11193 4983 135 37046 -25057 -50892 -62663 48736 61979 51596 -34591 -9745 3193 27856 -39768 -9387
r8 -8803 -65532 41416 -37121 -51795 48135 -12487 -14158 54020 39912 25876 -24969 -13483 14041 -57700 -24618 12433 -17733 -4170 63034
r9 -10861 28888 36178 9138 -7925 27488 -30550 -4252 -6171 -38073 -38892 -25429 15474 -27685 9072 20786 -27433 23106 18473 8009
r10 38792 58082 52298 -26348 -53495 -21637 43916 58132 -63753 10067 8057 54551 15422 -10119 55903 -55861 -39995 -3495 7186 25150
r11 -65463 -51461 -15833 -41683 9329 31420 40728 35884 27235 44634 -36051 23136 10176 46184 748 -20188 -21559 55698 -45297 64725
r12 -51865 -54678 18320 -7209 62308 61 -31503 -39990 37722 20000 -54734 -2187 48288 18001 -16060 54450 25171 20353 64570 -39343
r13 50271 -44261 31672 -48545 42746 58514 41065 -17242 -62036 -20922 -58594 -50867 59798 -25867 -26860 30120 295 16894 -55782 -47147
r14 -16900 -61539 -6532 52156 -24998 28943 -38807 -2311 22939 -53116 -4049 57490 -30347 -61549 11044 12869 12448 -45336 -18025 -58349
r15 16513 -11965 -46024 -46521 45246 -18954 -26820 2067 13854 -44124 -44271 -20692 -57517 -46345 -31055 -34725 46112 34301 -14911 52292
r16 57996 -45115 827 64713 -31035 -58230 43821 -29235 50948 -63849 -48656 14448 -56815 -5723 -20950 -11500 21553 64951 25389 64303
r17 -37450 40483 42150 38388 -24478 -15545 -15051 3675 -36248 -7470 55302 11464 4425 31334 4620 -42207 -55062 -63289 -32989 62462
r18 -10876 20817 -51457 -54946 29468 -21572 24268 1206 -45726 53531 -59658 33342 59696 9135 33966 -17363 42193 20972 51164 -20592
r19 -23140 -16805 20707 -10671 64327 7574 -20237 42305 -1425 -51413 -15487 60208 -48763 -63524 40036 -63660 -57569 21853 -31958 58124
r20 6725 13364 55687 15476 49035 42082 -788 -39467 -62340 47510 56565 -10948 48450 -29705 -267 -26957 -28594 55294 53087 -30296
r21 1406 37979 16679 -64460 27758 55491 49118 64627 -19920 -50455 -47406 62115 -34343 16793 -56632 -42130 6868 -45386 39752 9213
r22 10958 -60542 41524 -6705 4623 34995 -60745 45812 -4519 -42458 62631 -26383 -38488 -63544 -13261 -13093 -51924 14251 58633 37386
r23 -56917 -46706 5849 45930 63892 13053 -30172 3414 -40739 -13734 -41914 8756 5370 -27917 20700 -16314 -54611 61355 52331 -33547
r24 5696 -46620 22578 -16236 14052 34123 58296 -56073 21913 50443 19094 -37290 13041 -40260 -64 52069 27040 60035 -58261 65426
r25 -44749 -15970 -38356 27797 8357 50116 -13293 -15341 30522 45486 -9674 51325 -10484 50197 -21750 28576 10169 -44953 49013 -53246
r26 45282 -63859 -10754 -59541 -37172 -43545 52207 -61807 52697 27889 58122 -4974 -65307 47997 -38588 49365 -52814 -64243 -31349 20237
r27 12299 -16983 48091 14453 26904 -13265 36503 7840 -21198 38198 38066 7670 51608 -26731 -7340 30865 30732 -2398 49032 -3244
r28 57484 -5111 -50050 4504 -26259 -16775 20149 56656 -42136 62191 -5004 61530 -13728 63 -21678 -53447 52395 -30977 -37790 -40576
r29 -11392 -6557 -51442 -24254 -21157 37540 -30505 -33156 14926 3785 -3228 39505 -32649 47965 39090 -51494 992 -6831 -45744 -29863
r30 -2937 37893 52438 39169 25374 -22334 -13703 -28778 28079 46308 25778 24807 -47683 -4660 -55332 -743 -18517 -46818 11683 -60765
r31 23232 -54928 -53884 -27381 -3365 64869 57217 -10372 26757 -19743 -65206 58441 22488 -50145 14547 -62741 -23659 25180 -31171 13875
r32 -52328 -52969 43066 48534 -60075 54987 5653 -57161 49680 -46937 4197 -36189 42235 -63847 9005 -1319 28050 -29593 -38876 34870
r33 -59814 6258 -3147 52853 57217 21181 -16762 39731 -40744 63273 -23200 -2849 -7412 -37598 -48639 3874 24209 41110 25340 -63944
r34 -56162 32439 -14063 57993 24532 15365 -29411 -28847 -24164 -64771 22790 -7644 -49130 -13825 -46160 -63433 10833 28638 -59016 35667
r35 323 -23053 21209 58691 -36704 -7127 68 47558 -38997 217 -9046 37498 17123 -56979 -55913 64654 -32656 63611 21287 -27698
r36 1124 25014 -2677 -37482 -11514 -21749 22483 -33826 -56089 -47290 -45265 -3619 -7900 -24800 -65523 2646 -54856 38975 22224 -32594
r37 10094 63044 39597 -50868 48534 11077 -48488 -39716 9093 27357 -43238 14561 -49878 -8991 -5989 26059 -43801 13284 45381 8480
r38 36201 43404 -7230 12514 11559 63345 20869 13572 -2023 30707 -9478 -6255 -31020 49419 36834 -51059 -47010 -1332 60947 -34976
r39 -49379 65109 -54645 44063 42318 -26927 -54889 -3523 -16002 14485 -49597 -10746 20917 24160 -41517 -31149 37733 26451 25288 38677
r40 42844 -50031 -55966 -64011 5074 -32971 -49223 -25805 40249 -39769 -26463 -44071 -19604 17064 -42096 -1934 58144 -22643 -30428 17551
r41 61473 -24460 -38905 -659 -59749 -21421 53198 64265 51439 15235 43682 -62742 28967 -49020 27285 -38691 -19543 -39564 -1687 -10208
r42 31468 -18717 -23426 37908 5474 12999 -14276 -63992 -9740 40476 -62640 -14494 -59755 65295 18297 -54901 -40700 -45594 47176 -26149
r43 61920 39020 42295 23873 -43234 -342 -18139 45261 6128 24232 -6046 6008 -15810 20612 5637 -31026 -6703 19297 18414 59772
r44 -26448 4971 11697 51933 -2106 63816 53034 29791 -56702 -1806 -57893 -29922 -36958 -57889 -53169 35483 -51048 11248 -23272 -56625
r45 29953 57478 -62640 -16015 -21115 38944 -38477 -44461 810 -7968 11876 9573 -65458 -36648 -31323 -18555 -63395 42109 -56678 36082
r46 7474 -56974 12466 -18757 -296 -8181 37656 -37701 -18909 29442 54556 4053 54074 10684 -5160 -18858 61701 -18960 -64411 -37540
r47 7405 -25747 -22158 58522 -13428 27513 60330 29440 34545 2843 7182 51096 55885 24220 -45347 -3466 -39011 -11699 -44500 48566
r48 56772 -47754 -1170 -38236 -16813 -60901 29538 -29069 34224 8232 -3766 -35742 -18385 55473 -15927 -11262 -44090 -30115 -9223 -27864
r49 -7764 44450 24353 38229 28436 20296 -36154 47724 25948 -10671 49542 -62043 -57406 -43952 52981 -19365 54246 35250 -16193 -52365
r50 1565 60093 -12092 -57821 -65047 -37128 47473 20406 -1663 40096 -56303 61566 -26118 -58261 48051 -39240 -9760 29995 27455 55549
r51 -61851 -1270 -2584 -20924 -60470 51214 60011 38880 34979 -46249 -38588 50864 -61305 26685 8704 -29092 41610 -36466 6521 6009
r52 29503 -18252 -41856 -12238 7080 -4788 31697 45001 11262 42579 16794 -58348 -43687 -36397 55625 18669 24509 -28860 64851 -23561
r53 -52275 -18766 -14468 45618 -28502 -5167 -11692 -3399 55436 11455 46662 18516 67 32079 -65071 -33510 -38132 -26404 58869 4441
r54 -25070 25778 43470 -1181 -19693 58073 4311 1684 29810 -63912 45155 13605 -26049 46615 58666 -56611 62184 -35699 42230 -60141
r55 -9686 -47239 -25383 4484 -62829 -33083 -23484 -11240 -45098 -43507 4560 61370 -51921 -38998 -46742 5434 -31224 36276 -41074 12082
r56 -10628 -42611 -18165 40882 51808 34106 18721 51843 34221 -4040 42448 -1499 -33990 -48359 -1922 50427 45219 -54167 58784 -41229
r57 -21735 -41754 -33106 36660 46095 14102 29047 6062 49008 59041 -1627 10745 -7340 24830 -5911 -47333 -48874 -36726 24631 62007
r58 -29945 -13646 3266 -22670 -23383 -43345 -48460 25679 -2121 1341 48022 23852 -53019 27640 -34267 -51657 -35162 -19669 53789 -5072
r59 -18319 -31116 -10919 -38769 60647 35834 -11131 -5127 57552 43759 -51355 8826 12296 21981 52249 39464 -4831 -59961 -31988 -2990
r60 -7395 60122 9818 -62027 47221 18496 -53097 12693 -12986 -8783 -38937 12158 -13991 12609 17635 -23712 -32410 -33637 -27995 13757
r61 -11007 29180 -27600 -3357 53970 -33305 52888 -27467 -55179 -24580 65514 -65231 54381 -55349 -45939 -35671 -624 15330 50457 -55057
r62 46373 -40227 -9401 -25657 -42964 -25600 61484 5639 -21073 -63049 -33700 4597 -27318 -10342 -4650 35876 6194 2154 49117 49592
r63 40113 -38679 -11437 -18311 -8940 28593 -46674 -41975 22752 63353 -59796 57422 -58502 -64949 -18141 -23663 -62906 63844 10443 5897
r64 42704 10473 1042 27508 -56589 -2775 -58740 28600 -25167 -41998 4023 3505 -22403 -57055 54756 32693 21667 -49133 -50756 21594
r65 3701 12354 -26835 -26733 60049 19813 -33785 -11337 -26160 33131 17214 -58757 28923 50623 46455 7423 33292 54217 -52351 57536
r66 -18847 31128 12168 7711 33282 -43178 -1385 55715 58221 -54780 -1209 -7099 52568 -26570 47645 -7483 60325 -63455 -43918 -20073
r67 -33210 -53895 -24003 44802 52476 50065 61978 56773 -11909 -8387 -38829 -41583 17350 -33456 52934 -39215 19045 -28909 -61664 -29551
r68 44598 -19439 -18836 -51966 62191 49741 24122 -28581 11587 58872 36835 24319 44609 -192 21762 57176 41067 57666 2432 -29834
r69 -14728 -58487 -47402 41338 64510 -42039 -65407 26935 -56564 -7838 4670 25111 15190 -8852 22774 -1749 23253 38564 7704 36446
r70 -13757 -4023 55753 65090 50390 -42815 -22779 16805 -3525 -39953 21113 -20390 -7763 8686 -40362 -61970 58359 -38602 34697 52095
r71 -19549 4168 60520 1459 -29492 58804 10425 46422 -22049 10044 -39461 60455 -60565 -20281 15615 22577 50743 61045 2129 55411
r72 -27247 18851 -64495 -16462 -47327 1201 8949 -29867 61385 -19378 15277 32643 -23890 -36711 -61019 -1576 -16740 -33516 -7836 36111
r73 -40847 1085 41424 858 12853 62081 29426 12514 -57593 -24670 -35438 24197 54473 35780 -28098 -19818 18095 46866 50849 -49940
r74 40405 -7069 7518 27172 -37637 -49671 56792 -45258 -47074 -44017 63939 -18041 -32557 54212 14625 -52024 -6121 7708 -64958 23372
r75 13289 819 -54185 15386 28751 -16191 -8116 42642 -57878 -37552 -54880 15388 29710 1637 -1142 -4286 -22481 1624 -29970 43482
r76 55435 64966 -29212 19141 39377 -54979 -57063 64919 -64962 -56179 36121 -30969 62821 60499 14306 766 46600 49449 15756 -54449
r77 64527 7662 -4519 61052 -3103 -50956 42429 -38706 -28903 -27640 -63547 30613 -59111 -45185 51786 15338 -4047 13196 -59906 12667
r78 54137 30563 -52494 52534 62067 38634 17522 -21432 43390 3889 -44619 7895 -53895 39489 33586 -2157 37422 58818 48190 -48880
r79 37469 -60222 -29875 -37057 48727 -48461 -24826 13235 23914 -45839 42826 34497 -64212 22264 6811 26031 -1983 46553 -39618 -16452
r80 -19221 -17659 63228 -13449 27120 -45619 -9506 -41985 19454 -4978 13078 -16083 15356 18516 1522 8607 -52748 13384 -17860 -12643
r81 45213 42120 -55090 19922 16916 48173 55394 -33906 -12684 -21982 -59633 -48570 36867 20413 -5469 9712 48885 -59249 12855 27563
r82 48603 -3112 63076 54896 -61318 30701 55069 1388 510 -1625 -8236 -40662 2547 64228 -31594 10766 58223 41172 8172 45844
r83 -56565 3938 -11869 51256 -27295 -60785 8343 2297 -26716 -20607 -22261 34824 -51611 13455 -58482 -56182 -41967 -4490 -44228 -42683
r84 -47415 10427 28888 -58236 74 36718 -3610 -63016 -21500 46795 57855 -3667 41559 -40999 52520 -46989 39529 -54464 -56143 -62692
r85 -20205 13102 14992 -62746 33367 -7799 -55180 -47847 5306 -59516 47903 -8956 -26541 35876 52705 48365 64756 -48428 62082 54551
r86 -65073 62964 -27489 41512 -27896 -23187 -44689 8635 -52459 1007 61674 4036 25699 36263 13963 8911 -39746 41539 24156 -2549
r87 13683 35913 24826 -5840 -38875 13604 53207 30336 -61299 -60094 53550 -40281 -52522 53410 39168 -14173 15436 -11159 55182 -18068
r88 -18403 -7710 32201 7911 -12561 44033 -14575 54662 64585 -55161 30675 -16056 60427 2815 -3683 40626 -58155 21499 -21422 -34868
r89 -4861 -17914 59305 59474 -43111 -59759 47474 17305 -36841 -34329 40557 -47910 36812 36661 -21634 21785 -48128 61692 -63476 21475
r90 63615 -56504 61098 53525 -22461 -23478 -32151 -9806 64310 -23144 35838 -53121 11902 1589 -27868 -4477 11637 5558 3186 58834
r91 52555 -12436 32135 -33725 -2588 35775 -24342 34982 -29570 -39304 -21530 32165 -60075 24446 -33258 1725 7001 61162 -16225 65289
r92 -60548 25534 -8513 -38695 -4172 -50271 -9238 -24508 10928 15208 39719 -54637 38059 61760 -19622 -51513 51523 -58315 -3948 61396
r93 27777 63908 -55729 -20444 4795 8366 24358 16350 -715 63503 -18197 59090 26993 65532 17343 -41787 3249 -15587 51830 -44777
r94 -44279 -31879 49941 -31082 -38204 -18016 59856 49255 -17435 59734 5597 -41820 11844 -36631 61122 -23787 -11273 -24068 39435 23195
r95 21638 22666 -59691 -39629 -8018 53401 23184 21910 -52834 11021 -38970 36492 -40904 -56240 5 -59659 2655 -35892 3445 8842
r96 -17771 56448 -14008 -52418 61007 -19188 -4947 -57902 -57569 -42567 58334 763 -19965 56034 -49785 58210 24926 22186 -36809 47763
r97 -10069 7755 31999 47207 2674 50160 -9561 -40207 -61701 -45870 -29202 19294 -60238 7456 58033 40349 41643 -13011 22958 -42060
r98 -58911 39894 984 -12694 47428 2224 8685 47733 -34335 -31380 -1247 -6128 48291 48345 13129 -14502 -8720 34164 47848 -39830
r99 -60615 -28682 97 -17684 10146 18178 -16126 51262 -45927 -19624 -35957 55065 53758 -37844 -6747 33149 -60537 -63946 -51478 -9917
r100 20928 -56198 58279 -44530 37551 65046 -48017 25915 9582 58139 -8329 -56383 -809 24191 60908 65310 -17403 21809 8925 -32525
r101 42622 13615 -7610 -43596 -31170 -64878 -26481 23676 -31005 54352 20049 45430 -48756 -62595 43661 49342 32743 -8718 58572 39202
r102 44875 37924 -25665 53681 356 -39924 -56778 61932 44471 20883 35052 50632 -8082 17557 -23534 -54772 44184 -53500 -57284 13451
r103 64747 39319 -40049 -7915 57465 -13350 36539 24782 -18518 -14153 -37034 -16150 -57307 3058 -13565 -50715 -2907 64370 53979 58479
r104 9850 -17541 38403 10199 34115 -8315 10772 54815 -8233 19490 -10335 -61790 -27967 43944 51727 -55369 -2120 3438 32103 16218
r105 -11722 -13787 -9118 53392 -58030 19442 -45484 -41682 14329 50288 -21051 36385 42962 23947 45012 2374 -42933 -37395 -58923 -15292
r106 -17371 44912 -64135 -42530 60667 -52001 65149 8746 -38874 -6735 2844 -43733 -6531 57426 -53124 59861 20341 34731 -5399 37249
r107 -59213 -42122 -11920 10934 28449 -52055 -1131 14975 24083 39716 33174 -28651 -3675 30291 -50943 -31695 -63379 30537 62454 54751
r108 -9897 -37502 -63023 6610 -56514 -15953 -64136 -53899 1634 -40043 61956 -45772 52578 -61755 43025 -59823 26827 -45968 -4653 53404
r109 -26658 -60157 52291 5314 -19910 26294 -17832 -37913 48340 -28340 39592 30593 39916 -48740 36048 51864 14723 21428 39162 -29521
r110 -29983 -8226 12798 -49804 52411 39381 52749 -45076 39174 -39339 61785 43201 -5732 64483 44962 60791 22399 -25902 -54616 -25124
r111 48284 16463 -13820 -4061 -30949 36755 -8426 -43198 -62562 -60676 -41353 10277 26341 35441 52014 -39907 -62883 -24607 41335 -50638
r112 -2535 37862 40936 -14061 26037 -43079 -61333 52876 -64305 -60013 7197 10934 -12711 -20015 18285 34699 48085 -14655 -58050 -6975
r113 45662 -44856 22465 24880 24563 -41 -48410 -17431 -30148 20909 -49248 32065 17098 51786 42639 47789 -52873 -57141 -41664 -33804
r114 57763 -51361 -14664 -20434 -27624 43713 54262 39479 37366 -38780 -14602 1482 -2751 52029 -19850 55584 36706 -17486 13735 46793
r115 65436 21570 -14062 9611 -36411 -42624 36432 14641 14183 -7177 -45601 -3555 -43466 -30474 15580 -42702 -62066 33193 -30057 52368
r116 -8261 -58382 18048 10304 31712 63272 -36265 -60094 53917 45370 -20221 52032 65173 -16211 17177 11827 61266 -5183 -53475 4379
r117 12739 -35071 -48605 -49400 -52398 -41545 -20279 -15065 -32612 -51409 55229 19420 49469 -21297 -56567 -47977 -34423 32305 -49888 -3595
r118 -27651 -46173 -33644 38884 -1960 -59012 10958 -51518 59859 45473 -1315 30600 13218 27440 -53642 6235 45942 34489 -7052 -46240
r119 35208 -7933 46292 42052 5597 20310 6028 -43696 -63355 4440 53994 -48894 6356 -65437 14305 42442 -23957 -44736 -32841 -24484
r120 4609 26641 -55207 18405 35016 -60273 -55714 63805 25271 -22090 30417 -42778 60082 -53116 43182 -51937 45621 -42242 10278 -15678
r121 51396 -24664 -3442 55878 -48769 -1656 -18497 -23872 -7842 26103 1213 23695 7433 -17114 27956 -17771 -63311 53607 123 6164
r122 -15514 3765 30033 -8880 -58617 -19613 -37895 34325 -54291 46214 -24450 -48063 23468 63450 -40641 -62719 63291 15429 -36155 46879
r123 -15541 24410 -38485 35116 -55871 8389 46897 50231 8832 46762 -9103 -50914 27108 37446 57117 -18067 18030 -62820 -56821 -6440
r124 -63228 -54794 17614 -31566 -8074 32308 27660 -9737 6108 53444 24623 -43869 27619 -65397 -32183 -60876 -20870 -57692 38664 -428
r125 -56180 -30509 -28210 -55261 60271 -9007 -52539 62419 -23834 -54013 -3430 2045 -59411 -15011 -43703 53283 -63352 -64967 -54219 54015
r126 -15894 24654 -64560 24580 27970 -7371 36139 57044 -21105 -9267 21874 38872 -8242 30754 6089 -47006 -31387 13092 -47991 -52519
r127 57157 -54892 21566 -2007 30143 -13942 -28092 -47126 15673 24996 -59427 5029 -64524 -3339 26460 58790 64339 23441 38006 39530
r128 -45603 23672 32377 34695 6129 8388 -53674 42075 -12593 4537 -18593 -38825 16034 -18290 20323 -33915 961 -41116 12968 -10877
r129 52127 18439 -55410 -17910 -11641 -18053 53473 -45023 52942 -16709 -33047 57938 27854 -20431 10364 -16681 30406 -22004 2692 -50866
r130 22449 -29278 -40968 -53887 -30822 -22356 -13235 9081 22408 -5460 12477 57498 9386 -46927 -13580 -37471 -58973 62505 176 -22455
r131 -42777 -54432 19817 64221 8012 55369 44427 -59031 -61464 -40855 22346 40123 11608 11281 -40899 -40510 -14071 41626 63592 35100
r132 56631 -34323 -49555 -33838 30703 -49837 29508 -39627 -50855 40460 15103 -61025 -7991 -41488 -21305 34446 -21898 -17299 52880 -38428
r133 46022 -44844 41167 31114 53469 27254 -42962 65070 54117 58920 -4779 44754 -39000 31873 -51746 12056 13907 34595 8729 42966
r134 -58404 47542 39812 39828 6080 14568 1980 -65442 12679 -60308 38494 -20313 44265 -29297 57146 42910 -54707 -14601 -21770 58723
r135 -27393 20622 -22253 -913 -4645 50423 34098 -55692 55196 22578 29664 57901 -55947 24587 9058 36199 50265 59215 57181 -44284
r136 9390 60818 -14199 -27484 7420 -45505 4152 -54226 46065 -29593 -56017 64960 49903 -1253 -26246 -42590 38137 -48383 -26874 9650
r137 53746 -41054 -51809 29245 10420 33919 -46289 19937 -49375 2468 -28298 38359 -61953 -45193 -52906 4973 -59732 -16587 51101 -42305
r138 -58623 9074 6324 -35056 57190 57846 -58743 -32436 -28264 15833 -50391 -10299 44420 39874 -38965 53309 13515 -4609 33095 -18860
r139 50107 -40917 35174 -4695 36598 -51769 -57608 -52345 22991 21155 55564 -61122 12183 -56505 -38732 59816 -42490 14512 -57164 -59773
r140 31478 15712 47111 26377 6463 -45296 30015 -35829 -60737 12761 60378 -63914 4400 -59346 11035 634 25112 -26453 -26224 22719
r141 -60169 -23336 -58837 -61516 -35108 -48427 54818 -20391 -39559 450 61994 -7843 -58740 -30691 47830 65156 -43575 46057 62046 -36139
r142 21642 51849 -226 43563 64258 -21747 -21081 63579 20452 -19306 7932 -47495 -63455 30558 -38823 -28804 -7871 56162 10244 -21230
r143 4607 -12645 -673 -37787 -3705 34806 -20452 -54868 57035 -13752 2368 15789 28572 51199 -17595 -36042 20636 37477 63301 31668
r144 48144 -47948 -25795 22158 -2656 50436 -10400 34682 18316 30570 14878 -7501 38716 -44086 5595 3406 41685 -63140 43433 2213
r145 1200 -27728 2203 -22741 59513 58562 42132 56347 16379 -40731 20586 -22490 34722 -33022 -35851 -21515 -233 -29319 45227 26959
r146 -10063 56029 44104 -27234 64089 -7419 23209 56836 17482 -20919 1402 40754 -42145 -46963 -8960 -4744 35389 -28185 20350 -54866
r147 -25585 35896 29390 -53452 -46871 48759 -3126 -29549 22698 44865 51643 22941 -3818 -17819 -11918 -53132 53890 37742 24018 32065
r148 -21363 -45148 -21420 -24388 31662 2382 -18250 6216 13963 -50319 -25427 -62668 60558 -12048 -34037 -24314 63308 36763 45463 59261
r149 -43493 -62875 32142 61727 -64794 23289 23583 26644 -36822 8473 -56634 57022 12953 -54709 -14367 -8450 -13406 -20874 -31408 -29336
r150 -22406 -24575 -55861 -54882 -33872 9311 60473 58298 44079 -26862 42953 -61287 -12443 34871 14793 -26507 -822 42999 59119 32741
r151 53832 -63076 -22522 21007 37472 2025 -39301 -54218 -16976 24121 53578 -62319 1620 -25794 -1406 37645 18503 3027 -60607 -28045
r152 -2386 37642 -32089 9905 63413 1406 3115 62123 46453 13564 -44456 9809 -15203 2771 38405 60646 -16364 -27423 -58824 -23687
r153 -35024 23398 -9854 -7066 22720 5654 -40962 -40255 -6698 -39137 11893 -59090 21513 -62000 24420 56015 253 36633 37388 2249
r154 -24320 -53623 55771 42072 29800 41890 42829 -37893 -39657 53700 -60847 30700 56414 -46707 64674 -64047 -40187 -17763 25165 3522
r155 28762 27264 -32626 9895 -64856 7341 -29973 55190 9950 6460 46674 -41170 -37403 -55263 -58638 -25865 53290 7036 61065 -20541
r156 61569 -1845 40440 11585 54159 33276 -48568 -30850 -48686 -43993 4282 -56067 -65489 -45397 -46345 15006 -39941 -23807 -22120 -2927
r157 30252 -54079 -40508 -28118 -25710 -14274 -20162 53965 -15028 56594 -11235 -46250 41741 52429 -31924 50938 -23007 -48956 -5266 -32665
r158 5966 44280 22789 35041 -20349 55681 -25134 -46620 -62521 44513 20072 -24565 -55788 3064 -12290 60594 -46414 -42565 11843 -2268
r159 -13624 23403 -23833 -13864 44482 11217 59668 -63322 39825 -14061 -23999 -63115 29560 -35779 -18947 -2217 53915 -57386 -26543 44016
r160 -27781 -9569 -28632 50908 36086 50071 -27698 21080 -28689 -50021 -6255 26571 -8059 -61262 56553 46789 -10232 50074 5432 32224
r161 -36948 -26741 41410 -40896 35996 -52829 -49280 26470 -26193 54817 39554 -47871 -52719 -9024 47086 -23389 -54506 39213 -61265 2689
r162 -4353 -51640 -2096 -64191 46874 -28870 -21386 -4853 -22825 13626 57782 61844 18845 60305 -43614 26753 28638 4049 56716 29842
r163 -19444 -62205 -64995 -16396 -15331 50388 -46199 -14946 47694 -27152 36966 -55919 -54404 4634 -726 -11427 23517 7057 -58719 -53282
r164 47603 -62952 -26571 6354 22291 7653 21022 61331 -3893 53870 -35881 48852 -17339 -34754 59747 28876 -17906 33870 -37409 15513
r165 4183 22979 39190 21444 65390 16277 -34701 -14157 17461 -11150 -54 35113 -54817 43170 53490 -1647 -48611 -7530 58684 22281
r166 24426 26083 -58462 23626 -40033 37406 28857 22109 -61298 -65185 -13826 11059 48263 -51259 -6459 47733 -64599 54750 -22919 -37802
r167 -46631 -27837 56666 51345 -61869 30086 21328 43785 32231 -64457 -16588 12548 988 62690 -43174 10280 44115 -10493 19121 40260
r168 -49538 16748 48029 13757 29227 63087 15130 -56723 12833 -16479 57605 -48020 -47238 -44767 -32135 10767 23469 -42898 16403 -6723
r169 -39538 15605 -49119 11225 52365 -51472 -43561 -47941 29317 -52011 -49600 6389 25236 57386 -3206 -40660 -57219 -52000 27796 -36888
r170 31823 4980 -23649 -19171 -1489 63409 19412 -11180 39359 -53349 51874 -21206 -62356 -37266 -10450 14449 51303 11223 1720 49548
r171 2502 -14416 39273 45898 1697 -42506 62821 -33875 25427 22056 14467 -34978 -57308 -52058 -6153 64020 -13977 -53728 -23439 -17523
r172 47054 -20630 3737 -26080 -54133 7867 63643 60352 -20131 -43848 -47916 58685 63327 -43591 -44265 31625 -24942 -63292 37586 -17893
r173 -21827 -44319 39398 51684 -13410 -47387 36931 23409 10185 29660 -30657 -64409 -29674 -34102 49785 41234 32008 13387 -12858 -3052
r174 25307 -5865 -61010 -60883 -7492 -59476 -49533 -924 -41842 -62629 -19109 -13143 -47885 -8429 -58838 -17577 -6745 7758 46339 -30156
r175 -1414 64683 24439 27007 -42148 -40140 62784 40516 59613 30703 23452 6923 -15498 25023 -62458 -4616 62736 -34834 -47491 -28366
r176 29859 -58583 44563 52360 -8192 54152 -44445 52616 16273 50987 18353 14178 -30645 44691 -18095 64578 -25102 -62909 -4886 -29370
r177 34948 29100 -6317 -24698 27511 -57922 -13930 6941 -6928 -21687 -51196 46770 -56496 9311 54816 14244 59113 -44499 14888 25233
r178 -22302 45024 50822 8521 -17568 22229 61130 17781 -16703 -57073 55053 50353 8997 -15158 -62831 -33703 5420 53230 5119 36167
r179 64542 -18431 63200 -52389 -33088 -55491 -30291 4451 44291 -29402 -58156 -13087 32617 51607 -23268 -35660 -54678 43297 17806 6496
r180 -43408 36248 26620 38592 31776 24610 -63039 38748 -10740 49721 24289 63161 3694 50730 21820 43945 -6065 12166 -4437 42059
r181 -55449 -37275 -47009 7440 1688 -20150 37094 25234 26351 21080 52321 1336 65516 -10425 34769 3212 -12786 -39380 7031 -35784
r182 -25682 -48797 -12300 54854 -37460 36537 41028 -17141 -19605 50388 -47898 5763 -51941 -43039 4875 15819 -61575 -12421 7600 -30437
r183 -6277 2151 -16625 -2703 33809 -32337 7747 -51786 -43629 -45996 16733 -34740 39933 4626 12097 21165 -48620 14699 -791 21366
r184 -743 -1975 42258 -34167 38044 6386 26774 -14135 -28947 -7983 -7279 -43274 29151 42705 5960 40773 45974 -18873 -13425 -45437
r185 16364 -5625 39682 -42247 -36507 -16864 28079 28642 -15835 -60942 53987 -64053 -25592 6113 -42802 -57693 56194 -14005 48327 -35400
r186 60337 -7215 27925 -26460 14949 -64413 -11510 -16689 54087 -62860 -57728 21689 52595 -20019 -50185 30615 -31819 38843 -25861 39344
r187 -2476 -34818 -33265 -33862 53854 -3841 27699 32852 63711 45660 34904 -5407 18947 16105 19939 -49905 -46701 23049 -11456 20254
r188 -41151 -2014 -8445 -6824 -37209 13180 -20958 -14717 43417 54335 -42431 51648 12202 37871 -13567 14647 -2853 20702 -44770 -7654
r189 65200 -62707 -21773 38336 64448 8227 22563 58342 -13314 29453 -64825 -4386 -34657 -21271 -54183 36419 -44989 -52558 47869 48932
r190 -17936 24827 -41831 -29433 -22831 22209 40466 46740 -33859 22617 42119 51112 40776 14790 41639 32993 18982 -20634 -33811 -28723
r191 -57690 -45017 25360 -57220 3530 -23146 8841 4576 -61696 -24180 10560 10130 -44654 16901 -34404 -52370 -21425 -52320 -32278 -32164
r192 20480 48859 1740 17188 -40160 -21289 -25901 27821 41196 16488 4241 59761 -2022 -16877 3917 -28813 -49877 37680 -15091 -23887
r193 5956 22188 60117 -36478 35170 -39751 46184 6232 -31304 -21003 -3646 -63577 -30744 13674 36108 -54334 -17895 61966 -33460 26834
r194 -57287 28944 26790 -7103 -61857 -47308 -62187 -48846 -56154 52247 37117 -61931 31735 48611 31692 -29594 20436 -51823 -41067 2405
r195 19310 32343 8688 55284 -58408 -9371 -6623 -5598 -97 9359 55037 48074 -24599 -50822 -57253 53840 47326 36274 -54095 58651
r196 55304 -34012 26961 -8946 -23629 -45786 -63650 50849 10799 -30182 -11042 -48009 -37666 -11824 17 -279 7548 -61000 -37527 61255
r197 -37041 -32780 -9449 -50982 30982 10701 -7702 -4395 -16605 11780 26834 25754 56212 -34286 -2668 5640 -19894 14508 8761 36808
r198 16035 -50093 -9595 -25265 47802 30070 56670 52111 18815 33711 -14790 29971 -59132 -23654 37995 -985 -7538 -3947 10164 35607
r199 18828 32150 -3124 -23014 -48090 51482 20387 -17517 -23499 -6778 -39608 -14244 -41290 3189 -56170 -43100 -15592 -14941 -48590 -54490
r200 6885 -64642 57471 -52235 26653 -35508 -59472 51458 42661 18033 -2896 -18225 52448 -24504 61958 -57544 41755 25471 11901 65100
r201 -40899 -57266 11241 -2553 35253 55518 -30066 -64089 -56234 6771 -54828 -17512 11546 37248 -15075 -41351 -62953 49773 28442 63127
r202 -29612 3770 27820 -34813 9856 -18495 61961 -3648 49760 53173 -4430 -4708 -18732 837 60097 11160 -17294 -13300 55116 -27577
r203 -13690 -18680 63396 -34303 41439 40407 51048 -55060 -22309 44579 -58730 26019 -13685 -3777 -28424 -29589 -64135 -43095 -34653 -36520
r204 48547 49271 11539 17958 -40497 57144 43835 -31541 -64081 -47486 -51684 61221 8458 21405 -30815 29955 -46993 11336 -39386 -7276
r205 56992 -53907 59622 25074 548 3559 -58798 -65363 -27844 8718 -41882 -11748 44820 -24316 -55870 60107 -63058 30569 1600 12340
r206 -52271 -48388 -768 -17164 -25266 -6312 14701 64430 36616 -61442 -20399 -32028 54489 35612 2780 52426 -18387 -17931 -53165 30858
r207 -13301 -61066 29955 62322 32384 -16717 -47518 -48433 14619 40261 35473 -42259 -58516 32527 57625 20871 30585 -25474 43460 -23161
r208 -27214 -39379 345 62831 24642 -1211 1558 -12631 -56543 41629 7716 -42287 -7840 -19254 13691 -3656 32685 -53081 -28349 -49486
r209 5939 62385 -32946 10798 9582 55979 53100 12569 -65230 48152 -59715 -34908 -50541 -29037 22700 -24311 10968 -34613 41692 27656
r210 -57860 57354 63035 34045 -24754 56040 -46269 34402 -49509 4252 -60203 -26109 64873 25305 -58111 9284 -5461 -7867 30755 -16008
r211 -11792 34580 36993 -4528 59048 -4532 22967 -45600 37059 -27647 -20326 -25951 44620 2092 -41322 7403 24812 43109 24176 21791
r212 -27889 50388 40510 -24535 -39800 -22132 -48797 -34925 -24922 -64809 51274 -42072 -65024 -2083 -56951 -15116 24628 51936 -15232 13078
r213 -50487 -48021 -20805 -39187 -59507 -33603 62049 23432 -31121 -19586 -37087 28663 4076 27788 -23479 44657 -6354 -33636 -33664 -20797
r214 -18669 -52836 5804 -35843 -26225 3662 -1793 62510 3749 -11402 -29209 -64732 -17323 -38095 -33396 16441 63176 -26017 13569 14634
r215 -5790 -55610 46442 -47050 56030 61844 61385 5094 -49053 -38454 -12993 46071 -15175 52122 -36245 51117 -58629 -41202 22132 4163
r216 -18237 40376 -29833 -23128 32451 29064 -56463 -9173 -24678 10181 22768 37378 -47366 51111 -23731 41553 -33139 -17829 -38670 -55419
r217 -12497 -26485 25928 -14256 -39134 -26437 5257 -20946 44717 -62875 -6198 -39495 12357 -19538 -49053 63309 -12293 -14035 35602 -53370
r218 11262 -6231 41990 11797 -62856 -32194 -18935 -61596 -42574 -45598 13410 -18928 -8587 35789 14841 22367 45494 -21962 -31380 63736
r219 61856 -15878 -21414 42848 -46593 -41293 17893 10918 -52021 -21738 -65380 32808 42355 -21775 2338 -33824 -5221 -53677 63173 -6301
r220 25339 -26784 -62974 -51438 59051 -3914 -23888 64402 22265 42224 -16894 -39309 -5848 22086 -60182 -62988 -8903 -38108 -59920 20373
r221 21182 -5958 -31650 -45221 -54734 -29245 1417 -63645 -44234 58594 44888 -17917 42833 61213 -11743 -54688 49466 6776 -461 -52666
r222 -23244 23148 -28990 3458 8035 -15979 -5924 -51220 -21551 11691 25353 33867 -58663 9426 50125 44834 -26718 59182 -17265 -16499
r223 -54478 59777 -58311 -58006 57328 -56226 -26540 45934 58721 -20619 13795 8610 13507 -23534 53153 18672 -23126 -43717 39236 30651
r224 -65317 38491 61015 -48116 -44189 -37889 28341 -64680 26165 -52354 -50639 12940 -22894 -54075 -11851 6744 40242 -31922 416 -27470
r225 -25476 -18212 9594 59708 30131 -4750 62607 57361 65334 -28433 24746 -64604 29675 16392 46196 2363 -61758 6027 45477 22356
r226 -16858 -23337 59964 19618 45529 60606 -60695 63208 -55405 35193 63717 6263 -638 19849 -28664 -2378 15832 31297 55913 -13977
r227 29745 -55816 10855 42519 -40355 -18860 11294 -38502 3383 -2195 53308 24575 -41860 35495 64824 -64557 9051 11183 -12030 -29647
r228 26698 23666 -55819 -56523 -64090 47779 -54367 -3176 136 41599 65325 -34434 -56870 43904 5533 9403 -47131 5939 -5328 62508
r229 -15168 12049 -5240 -22944 17316 10841 -51420 -55481 -13279 -59048 58335 5148 404 37402 -28259 39289 -12756 60766 -21561 23063
r230 55409 -3719 34146 11607 -25967 18884 7480 -3799 17688 -10160 -30103 37021 5551 26887 21043 -49312 -936 -64279 -61350 26641
r231 -21418 37835 -25871 546 -49396 58262 63190 -13058 -29215 -51033 -42421 57206 -42327 -60025 28654 -53547 -2340 -34278 -25245 55068
r232 -22628 -60039 14094 44605 -49 54171 54521 21561 -58590 -45944 -40320 -33623 -47938 -37337 22838 -1050 634 42293 58667 15246
r233 -47831 45268 -59153 25776 27044 8328 -19781 -45918 26984 -48736 63689 37401 -56656 13676 -14660 -10431 -26406 -7571 26874 -50700
r234 -25842 50856 -56763 58599 24995 -63542 2079 -55362 51372 22080 6103 -63049 -26532 -12230 -59637 -15901 56081 52446 28527 44322
r235 16794 23016 52422 20907 56679 9732 18403 32309 44299 40981 33672 60211 -61100 -60126 631 -41046 22866 -19942 9889 -12813
r236 19838 13388 -21486 -22569 -41818 33165 -58521 -26875 -15778 4011 57480 4423 47586 -64027 30078 -28330 -50843 -22278 51229 38983
r237 -21987 -22696 47012 -39867 -52086 51316 -16162 -56801 -27203 -57809 16970 -28246 -10512 56176 45118 51573 37649 -2981 6644 -22771
r238 14001 56337 32834 47581 -45807 61134 43910 39847 37742 2847 18727 52609 2030 -20357 39627 31633 4201 52077 33466 -16002
r239 12069 -47562 38237 -35096 -38431 23639 -8013 22118 50854 4387 -52316 -17724 65316 37104 -1217 31446 26195 53375 43769 -13305
r240 33740 19555 59285 -28116 -11077 -31270 -41199 4853 -19081 16756 -12883 -42449 -41698 -692 13002 49769 -62865 -37526 -5534 39014
r241 -50657 29999 -16178 59336 -23019 2935 25455 -59651 15124 21916 -34942 -31185 61235 -32050 29471 4831 8128 -3937 -34907 11362
r242 57092 42945 -39177 -61481 48462 -14092 65455 -52603 -19139 56706 -56268 57588 -6290 -21581 -62447 26830 42423 53499 -62792 30675
r243 39537 8567 8692 -31446 36923 19700 -23507 48112 -22226 -7683 47217 -23506 -4577 -24678 37524 -3154 -64898 13040 8469 -65437
r244 45184 -25776 -1074 -16984 -31928 -30564 -14590 15950 41956 -40400 -26764 -28114 57080 32946 -55364 -17711 2943 50586 -36981 -27835
r245 -58650 57552 -26060 54765 -18437 -28927 -35980 3010 55783 -15807 55022 -62491 -18735 -40905 1810 27006 58105 7757 36747 -46176
r246 29970 -15563 28236 22218 -44259 -13349 -55650 -2467 -14152 -51969 -31947 55586 40616 62289 -21161 -11355 24867 15049 -61027 -50212
r247 -14597 -58245 552 53298 2152 -13049 47989 -41461 -47456 -39160 -1953 -11529 -5127 20943 64790 -40861 17437 1327 -7165 28875
r248 -10128 9289 27942 -16956 -997 63137 -2160 16566 37127 -31571 30580 -54738 -31769 23061 -31069 -29501 50160 60419 -16512 367
r249 -41950 -47622 11854 53762 -32626 42080 -31479 -25659 38011 -18658 -49799 1038 38552 -45250 -45710 -100 45327 -23249 -10788 -1571
r250 37652 61265 32635 -2596 2796 -34343 -56449 23867 -36208 -9908 56713 8688 57593 9671 1164 -52326 14194 52239 -16223 37794
r251 -5865 29318 10661 3460 22869 52834 38169 -21506 59618 -57223 -25869 24925 -47714 50849 17099 63937 15852 -35176 28501 10198
r252 35278 -16471 -11864 54544 41884 58103 28844 -32114 21426 11721 21215 -30989 -56182 -28151 42557 -23364 -48132 -56080 56651 -62894
r253 -37600 -38884 10744 -25331 -23734 3767 58566 -50788 -29137 -5578 -1191 -60605 23117 -42333 -5430 27504 35359 -64406 215 44843
r254 -34130 40603 -7311 28833 -6545 40311 -43326 -34104 11258 -54224 -37669 18346 14066 7089 -20660 -23755 41451 -9542 -10909 1468
r255 -47478 41111 -33673 27022 65262 21089 61970 -14883 -38674 -32011 14303 -41821 47507 -24135 -42280 -24946 62593 49583 33403 25300
r256 -39272 1330 -13512 -6095 52053 -9939 -28384 -14747 -54505 88 -21274 -4588 -1908 53164 61465 -46500 -4326 -54601 -3148 -58905
r257 62619 -29570 57543 28980 -45746 -17579 -33996 -54169 -60082 37435 -9713 -14349 54203 -31015 43948 19470 -3581 -37997 -61602 -41557
r258 48928 -59048 32749 27154 -1797 30377 -36505 51130 -42397 59937 -4024 56438 60329 1876 -57156 25277 -44085 18348 -34020 44652
r259 30010 -28248 43274 14851 38038 35717 -1017 -43026 -64138 -7058 -43761 10688 1905 -62453 31471 -34776 -26090 6746 22773 3204
r260 29791 -8588 -34132 -28487 15671 -21282 16463 43158 27125 13215 -52155 -51917 -34744 3880 -64072 -39065 1726 -55217 8533 -9502
r261 -59909 44732 25377 14101 6095 36768 -40892 40223 41292 47367 -55065 9691 32992 -44788 37256 55675 9666 30467 -57009 -9071
r262 -8423 53332 -56930 -61358 61091 23252 -147 49411 32019 -47958 -57652 -8488 -12289 59875 16790 3528 47504 -20710 32735 -51790
r263 -28251 -46309 34958 -9920 24865 47875 24161 19323 -52913 25811 -29065 5985 40780 2117 865 45869 -60879 52189 58963 59238
r264 -25093 -6851 26876 64615 7082 22975 16012 -3265 -49857 -56803 -22129 -41441 39300 5222 -19908 37024 -41108 -21770 -48214 -53836
r265 -52157 -29970 56293 -20299 36700 -562 57416 48592 -54921 -62742 -6935 795 59023 -33277 7214 13137 -11638 -25182 25138 -42261
r266 -46877 20255 -32004 -33941 -36204 147 -4978 47780 2986 61465 59529 -13510 21550 30468 27720 35987 9590 60204 12342 21514
r267 -15990 -46893 19549 -50662 -40897 -8079 24526 24751 -22195 -31722 36875 56938 -40312 23637 -42644 -29419 63436 23888 -2447 -48931
r268 -37289 -61774 60865 -34476 -65512 20414 55369 1878 57039 -45334 38490 -53754 53680 10027 -34856 47951 -58112 36012 -35406 5426
r269 32255 -16352 46477 49081 27810 36708 3621 1314 53337 48603 258 60661 23090 8776 -59189 29174 20076 56157 4623 -14596
r270 -47893 -58376 -63256 -24579 940 36906 -14428 -32832 -9274 22768 60987 -26952 -47354 31393 -42688 -55601 1401 32379 61340 -54905
r271 -12008 22433 34057 -26414 2265 -14984 21122 -64553 12476 20976 31048 -12736 64671 -33056 59732 49570 -59474 -23542 19011 -11547
r272 53957 -63452 7470 5632 36624 -50659 2221 -48893 47074 -54286 52727 -52110 15789 -40719 64579 16399 24553 -58409 -7286 26386
r273 -63243 -11484 30651 51552 -24780 36304 -35602 -33243 -7669 1678 16331 -43498 -778 -52709 -29866 -21252 -52467 -57061 32146 38924
r274 -53083 14661 -2521 13980 -22811 -40193 1436 -29366 -34193 -19110 6553 -65303 -26874 9084 58075 23655 40837 16724 -46129 -60747
r275 -36700 -60713 20005 49982 4651 59182 61619 60123 -51246 37734 49783 16605 8670 56974 27485 14075 -19279 5997 10244 43158
r276 -11078 -22336 -15095 60623 -40165 -38622 -22298 12387 24926 -53002 -8327 -12308 9408 60626 3281 48673 -63627 53011 -61777 42291
r277 -12460 -22822 43525 -32082 38507 14018 -32811 -11713 33603 28726 -17101 -28219 42280 33464 13908 44011 -22344 23205 32600 20011
r278 33864 21406 65055 -26644 46897 23334 4029 -35263 14043 -30149 20419 40431 29023 -33894 -340 8383 43524 5513 -34215 -42983
r279 -30985 -16152 -46475 11807 -32364 -49490 -61503 -13210 26370 -9446 -57955 20140 -6112 -47206 -36277 16263 -22940 -36533 10204 -17509
r280 31965 -51851 -517 -33126 -45334 -24999 1821 -7250 20702 -20049 49105 -27995 60575 -8386 33039 37112 -37485 -4523 60647 7487
r281 -52361 -24922 -3038 53468 5070 15322 -15074 30088 31891 4510 -42959 30203 3743 -21897 21179 63394 51720 -43820 -36462 19395
r282 40210 10915 -47022 22212 5753 60440 -55101 -18316 -49348 -64227 -9676 -6774 2824 45590 -34958 64300 -52877 -45654 -30813 27188
r283 -53549 31546 6064 62710 -48794 -48517 -15468 -6244 -8625 17420 -58741 -16991 16465 13424 15253 -36763 57091 -50034 -437 6929
r284 -35000 46475 17076 -12280 -3981 -28858 -8401 -35268 65176 -43140 -20163 58261 53728 18414 40218 490 -44462 40453 -30987 27197
r285 -25274 -39990 29764 46848 -52395 6730 -61471 -25623 52625 -32242 -25951 -49245 -64012 -30498 58468 -3215 30653 -46012 37728 -40798
r286 36514 60377 36876 9134 -59375 -48285 -13188 -19665 -51542 6035 -51389 33711 34218 39881 -37316 -24334 -57851 -15782 34778 -1746
r287 11225 27477 39220 10061 -45008 -32607 47941 -45239 -39729 -1416 -4093 141 6845 143 -60494 5134 4296 10842 64962 -28798
r288 10393 -57309 -11448 -4029 5843 -28894 -53310 54603 32258 25410 28019 55197 47832 -26933 -56087 47923 59782 17092 -62688 -19050
r289 -7094 25152 33011 -51860 -4242 -61604 -55361 38344 8161 -39869 51015 -59706 449 63732 -12176 -36128 61426 27586 -14138 -63240
r290 -47226 -42721 -10689 -12772 -49944 -48947 10853 25543 -23870 17880 -54745 -22043 51861 32093 51798 58725 24343 -48481 10003 11641
r291 59881 53083 -53480 6111 -38714 13634 -63641 -37203 -56938 -48721 27687 53767 -33369 3526 -33511 24182 -14904 58707 13506 31124
r292 43434 7956 59146 -21218 -31476 -3418 35299 -46730 29843 -39098 -55132 -17728 22605 -49754 29434 26918 -5259 -6202 -61771 -10810
r293 63227 41754 -12842 39714 43623 -52321 50011 -32416 -38829 51473 20460 -5783 -48576 -56338 5765 -23725 64541 -38122 18103 36348
r294 61137 65521 41061 26683 56853 -29045 -16613 -35823 33861 50214 -48735 -26812 -5849 21407 62104 13375 -49900 -13835 40785 -10257
r295 48511 -54281 3605 27004 -3851 26567 -10546 -37258 45584 -21515 55515 -64781 34702 -52066 18955 -54229 -63065 -12642 41686 -39341
r296 45344 -26538 -29556 -21724 -34113 14728 8667 16919 13374 664 -10526 24314 -57442 -25394 4079 30194 15651 -33706 6337 41042
r297 -9223 -11496 -1765 23036 -57745 58726 31808 -29755 -29184 -44917 6699 -12794 -29452 -59888 -7204 -41082 -35236 62825 -48431 -8628
r298 47666 25076 -15274 28128 -55579 -12815 -27711 -18493 30954 641 51374 -34434 -2458 -58390 -38807 28814 -41018 594 19855 12094
r299 62834 25567 53142 -18508 17513 -32944 -16419 -2262 -48493 30917 -58223 51958 31613 297 -21747 -59403 32214 44795 46928 9244
r300 1529 -10348 -58575 -53513 -26502 52284 52593 -32172 3507 36883 23163 64410 -20464 53378 -40370 14622 -22191 13321 -33155 -2384
r301 14213 -26262 -19629 -15654 -23791 -19175 33643 15736 -50821 -4342 38093 -10176 34957 -55334 38585 -49787 62042 10520 51439 -53282
r302 -45267 48553 -14977 25174 35558 -48560 32976 -10026 -43679 46037 33299 27938 -16879 -26681 -65292 -51573 -7431 32898 3739 -55907
r303 62882 -19675 57219 10048 4153 -36046 9413 35631 -3499 -59575 40980 -36764 -55289 42576 4215 -59123 -23184 -19963 11101 3306
r304 37526 19113 19455 13421 177 61390 52152 703 -13195 33824 -56801 -10517 40829 53745 38537 -26315 -6179 -47095 -46935 -8789
r305 60616 -34852 8472 52968 -7295 41586 -2317 -14546 64617 -23151 8287 -6701 45052 39183 65458 44207 43012 16520 -4477 -27903
r306 10331 47570 -4489 17667 3173 1682 -37856 47993 64437 -34114 -52334 -64515 -41948 9377 -42026 56493 -26237 -47758 7628 31540
r307 14378 -62059 1720 60970 -23629 36564 17276 -43995 -28994 24647 -42866 5593 4130 -18550 -6316 -46111 -38892 31649 27954 -3541
r308 -31070 27576 -3829 18839 62834 -50404 -43025 -20260 -41244 40032 -42153 -9513 -37342 -62178 42818 -24433 23877 -50770 47640 65082
r309 -3301 -37571 -15837 -40603 -51325 -27309 -64378 -1716 -20811 -25 47943 1661 57267 59426 -4996 64843 -30409 64963 2366 43283
r310 -2056 -6604 -9146 57253 -16834 -29279 35321 -50191 3774 29953 3411 42997 -5626 -34233 -50260 53457 -32556 -45790 23896 -18051
r311 -51292 -56064 -9556 -5721 7256 -61720 -8189 40061 -64201 -33333 -8111 -63421 9097 -33785 15163 12030 -8238 26335 -19945 34043
r312 -12660 -20045 -59008 48432 59069 -35850 35588 2104 -18103 33797 -46538 62167 -38454 -59477 37404 -24594 17522 -6639 -52332 5119
r313 35125 -25110 -46699 -48215 15399 20159 9261 -46061 4925 -33976 39483 7053 -35544 -30672 -8197 30781 -37174 -9857 -29706 -38198
r314 39215 9934 -20042 -46075 34644 -10467 21753 59657 22387 46730 -3666 -32347 -40882 63824 49617 31257 -38539 38506 -14245 -22885
r315 -57091 -24148 -23294 23457 -1607 56637 -48418 41127 -65387 -26216 -58345 48955 40701 -3823 -4969 44986 45132 -10764 -28611 -45308
r316 -1512 -62811 -14624 1928 13263 -1836 44300 57590 -53690 -2607 -44353 12051 40437 -60234 38563 43985 -48738 -63990 -11767 -64758
r317 -24806 45594 26697 -62628 -56233 36659 -7285 -54928 -33563 55681 -40813 43732 -37561 -35308 6739 -1972 -1176 -41433 -63340 -19975
r318 45481 4320 60179 -44040 -3007 1564 -26800 -50421 64337 46186 13606 -37656 -44242 -38483 42110 48473 64890 -39142 -45835 6131
r319 2788 16756 -13520 -52168 39298 -4040 13438 4300 -38575 -58530 21597 22431 26885 41424 32356 -36847 60494 -32811 8636 -36944
r320 44691 61285 -3611 -14379 45481 -26868 54789 55304 20331 41807 62315 35764 -33312 5052 -50722 12128 -28005 44837 39231 -6728
r321 -10229 40611 -60657 -56019 45369 64417 -23691 -26591 -14494 53511 -33579 -35534 -9720 26052 -42335 34299 50401 -64892 53891 -29772
r322 -9757 32542 59282 46413 -31591 -1900 -55769 41496 -10425 50817 53725 28339 60175 30439 16916 -43322 44059 36075 40202 -40734
r323 -60780 54233 20511 23059 -11721 41883 -29452 24261 6664 14789 -9945 30987 -39387 -48996 41569 -59520 46917 53879 9627 -32906
r324 29196 -10293 29426 -42794 -11250 -11180 -24339 -56912 -45550 -15963 22393 -40523 16971 48520 20306 -58731 30980 -8627 -5096 51575
r325 49975 -63391 -29688 50980 -49507 -23133 -28336 -61336 52657 41358 10068 -57075 -48 -47059 6517 -4502 -23252 17642 43658 -39341
r326 -1288 47749 -30859 -45097 -33002 -34679 -58505 -32212 -38344 -18329 -32218 -49366 -5036 -10193 -47371 -9711 49266 24751 51634 -12900
r327 4162 19711 -13115 48164 -51757 29292 32499 -31278 -22377 -57687 20174 -15496 30973 -30704 -26967 -4755 -41146 -36640 56854 33568
r328 54457 -47770 -6869 -62766 -37904 17576 -22255 -33042 -62779 46502 41713 59913 -13145 -58093 -15402 11982 -1680 -42803 50975 -14987
r329 -51056 41094 -25546 -53638 61369 62390 36843 -56688 -19027 -50575 -4770 17431 -34131 11043 -32107 10131 13441 -36617 -6439 42856
r330 61613 56552 -51355 26803 25748 -58954 -53036 46941 -26665 5373 -12773 -7388 -53300 -56053 -36365 -43408 -52019 -279 -36513 32670
r331 12068 61183 5306 -29727 -64826 -16346 -44296 -6923 56883 -9877 20662 19742 -21318 -7392 33114 35946 9649 24294 9483 60798
r332 58640 52303 -17738 5016 -62605 -15457 57831 62923 -58291 65501 -31632 29907 -52878 60529 -13528 56366 46841 -51486 46029 -27204
r333 32250 45546 1983 -40502 -61 -53380 -807 -28560 32984 -29380 -39978 -38717 -63167 38390 -778 -2562 -2914 -62759 -29993 -53344
r334 -52083 20032 65302 29889 -20287 26914 50219 -26490 55331 -29405 47252 -63845 9321 -10394 11342 53665 21017 -17678 20993 36399
r335 43194 15858 -32039 -65147 -45183 52102 -12668 -26108 39674 37652 34274 64320 -58256 -21764 -4154 48639 29093 21944 53391 -30858
r336 -62170 -35526 55265 -22594 -36735 -16997 -14713 1898 48782 -39523 -7145 -37697 26850 -50007 -36004 15843 21992 39996 -35728 -63388
r337 47831 30234 27673 -6950 37825 12375 38219 -48393 -55451 -31359 64519 59963 -62158 39113 -10923 -32452 48333 -65091 55083 43882
r338 -12153 8555 -58307 -1974 22929 27983 2925 -58417 -60142 65444 -25302 49330 48423 -20314 51353 1083 -1332 -39581 -34877 -20240
r339 -8900 -34550 29816 -13822 -23027 54270 -40604 6769 12240 8387 24797 9112 664 -37187 18593 -49148 -33301 15227 -6135 2622
r340 24773 -30851 -4585 -138 -13891 -32576 -54571 32312 14911 62025 5946 -52983 -62011 -37321 7521 -53781 -25134 59341 726 49781
r341 11853 38920 -3836 52930 26420 -21792 63673 -13418 9760 -59240 -31136 -36744 36411 -35436 -41611 38779 -1916 39447 -32747 1578
r342 -14082 8936 -27461 39414 -10422 32153 52670 -56954 44072 55009 -48148 15171 14479 -31799 57095 -6412 3292 46391 -45517 -17560
r343 60022 -13849 -9368 -51176 -23879 42546 -45829 -65248 29626 30487 59392 -20762 33708 37560 -40815 44436 28186 11547 -48057 28988
r344 -24852 -52527 21605 -10138 -64611 -50467 35645 -7396 25531 -62202 -3625 19106 42736 2151 -25747 3706 2617 -56619 -26578 -64218
r345 38575 -62023 18211 -9271 60085 65007 53757 -11629 -11405 34248 -49340 50126 -63456 41927 -4328 64678 49441 -34855 -55766 -39804
r346 3760 37362 15347 -25775 -60287 -31760 20578 28306 -41483 -47571 -60959 60035 11319 4628 51232 -16376 45177 -30452 43040 31907
r347 59055 45072 64323 -48395 12186 -60429 1672 -12915 -62298 -694 -56718 17202 4911 -42531 28363 44452 27414 -14731 11243 -5200
r348 -21045 -20135 10208 17277 -14645 49655 -55507 -8710 4130 9600 15619 39206 15899 7076 58049 58614 31946 -63090 -4950 -45906
r349 54870 -45325 -13470 58790 -12684 -62810 -8976 -568 6792 -870 10651 -41847 -49785 -55263 -51074 63406 -30600 61002 -29329 29119
r350 11293 -9540 -64190 18847 46291 8827 -39796 -59349 -33824 -35667 59955 -23576 -27621 52723 -35447 1869 36174 43571 50941 35071
r351 42392 -37812 -31902 -40993 -9451 46053 42463 31483 5101 -48951 -40713 -14875 -52497 -19552 -19888 61089 -3258 -36077 -49852 -551
r352 38758 51438 -59125 6688 57719 -41670 12500 -50961 -50619 -16482 15874 61512 4332 -37176 57130 52022 -25754 -13342 -13057 48604
r353 8452 20381 -8259 -58620 20585 15946 53104 684 42326 -64695 27332 -58122 8026 -17485 -53980 -40829 -30731 -21088 13328 -41187
r354 -50860 35779 55326 35711 -25497 -1833 -64965 -64120 -18483 -48277 11876 7694 -46648 -23736 -25639 29835 -47230 13193 -18972 62958
r355 15350 465 -26638 63265 6304 56245 -18485 -43839 53065 -63741 -52506 65063 -27614 -29997 25971 -44838 16039 -20867 31537 41914
r356 448 44128 -61039 -1111 30411 -23729 33600 -5724 16393 7248 -6321 64045 31038 37964 -19635 -58641 6762 36480 -50885 2824
r357 -60483 60923 -1115 64061 -61111 25903 -39516 -25179 31859 -4421 -34566 48405 1862 57062 -49848 8170 -36271 54962 608 1095
r358 -40145 -46402 3095 7857 25890 -11376 52495 -21517 22592 -47594 -18042 57134 30273 -47273 16499 -3736 -2537 56688 -60902 57052
r359 -31738 29184 36661 63432 18397 55319 -56808 43944 47280 14037 62333 54813 4691 49277 16763 -22006 -59224 -59196 36021 57110
r360 11290 8770 8462 43748 60177 10837 58160 -35460 -10250 8321 -28472 -18373 35652 25655 24109 -58109 -16025 18060 33168 -20288
r361 17800 41049 10523 -31468 28141 24142 19892 -22107 -61375 38863 -3974 50059 -49249 -30917 -12765 10317 13558 -56152 2403 -57694
r362 -33069 27013 -63306 11080 -62950 -33870 -37238 -35538 -15442 33749 32835 61184 -24696 -38484 9607 -57098 16753 -47047 -41888 -51599
r363 23757 -30384 59285 9004 51049 -40170 -32972 -12143 -14368 46885 55883 -22965 65251 -32803 -54887 -48166 -6111 -19702 -30093 715
r364 -19917 -13695 -43105 -21959 27450 -12923 -36898 36844 -56202 -27895 61451 59676 48118 43274 -34954 10676 -30846 -55691 -53241 56153
r365 3747 -17350 -34142 -40867 54541 15392 35406 38123 24226 -57404 34393 -56202 55364 -17174 -54585 -33636 -25430 1563 46361 -29468
r366 15954 44241 22568 6928 -42231 19564 37211 41138 -308 51472 594 -4252 4186 63150 30222 -2408 24120 23315 50397 -51716
r367 49265 15530 39656 24473 46321 27010 -29179 456 -24772 -42524 -40624 44569 41071 38049 4109 -46477 21712 -41218 5023 15475
r368 -18616 25714 -21733 -46214 -38243 25419 44440 -30326 41275 -12304 53764 38223 15976 -40957 38309 -12763 26498 53835 410 -53160
r369 33459 -32476 -31421 49735 30781 -55173 56331 63957 53376 -13532 -57075 63356 32261 -42233 19112 -4337 -20315 -48136 27019 -38255
r370 62410 26482 1041 7143 -39084 22817 -51487 42136 -55123 -3335 10103 -44782 35087 -13589 8306 19515 25649 -12841 -31317 16197
r371 32801 18911 -10106 -61713 -54301 -8696 54881 755 40711 -64307 6920 39268 -52287 45804 -14621 3395 17393 27822 34567 -29226
r372 34021 53074 1250 -3727 -41872 -38722 17951 -23668 57285 -24609 -6481 36371 -61216 30266 13474 -1708 -47089 -52878 40247 -30908
r373 -33438 1708 29021 9022 1631 -9316 3757 3760 59020 -28647 9346 -36937 -59206 19052 30508 61597 -4130 9276 -318 19959
r374 -37472 58574 -18237 7583 1448 16692 -60962 -21836 -40455 51305 14573 -14008 -19874 39899 -12057 18942 -23329 49944 9631 -44627
r375 57973 -10632 44704 -55657 20825 15825 -51548 51152 53843 6001 -59974 -4395 -54402 44549 20036 -8133 54504 43378 36849 64734
r376 8919 51525 30422 56713 -39650 61912 -42995 -18327 -43962 -59833 -8228 56589 6127 -23334 57748 -7729 22397 1722 7634 -386
r377 -56360 -50791 -9884 16746 59479 17783 64936 44546 4114 7356 -56843 -2076 37641 30177 -15288 18773 37882 21951 -10346 -57826
r378 10325 23572 -32751 33084 -51602 19436 -63042 -58453 -24432 -31248 -64190 -50130 43597 38638 4618 61309 45302 20177 26993 -45240
r379 -45276 -50878 28133 46149 -34232 -2564 -3286 36605 839 44491 -47140 7387 -53236 45019 14731 457 18414 8964 14124 -50771
r380 -35170 29216 -16148 -21746 40981 -58919 -16375 53859 -22961 -57156 -10691 13922 51915 12045 21951 2216 -17542 61774 -3419 -25178
r381 33303 -41980 -3490 -27681 -52954 21034 -6726 18733 -31543 -44420 8301 -14337 -60783 -21957 3839 -51721 14641 23098 7428 33780
r382 -9727 21120 -11065 -19203 -48441 -63140 62157 -15084 -64759 54290 -52683 -26367 -32062 30903 -10865 -55675 52085 20807 -42537 -47420
r383 15773 -13728 12057 43987 5088 -33966 4822 -20477 -7983 -36454 22487 -14929 12528 -30060 4380 -63168 -17761 -20157 -52055 -27926
r384 51654 36339 -51917 39512 41703 52886 35995 19457 19340 -49744 -29099 41231 -50154 25809 -14255 -58094 -33671 -5318 -56145 38671
r385 -9194 41900 -34990 52818 -58840 -23216 -5782 62005 -46101 61186 -30178 26926 5727 -34623 -27132 22525 47007 -31355 34625 -2612
r386 7980 58044 9878 59449 54558 -48607 -37586 63278 55952 16002 12989 41547 48858 22443 17767 -29523 30454 -22691 25179 59215
r387 -34364 -5266 -60441 14317 -39779 -50353 30801 -13111 -27399 -35844 18772 -13727 27428 680 -3907 43418 62698 -63789 -53864 -38779
r388 -7918 27382 41436 -25496 36501 17047 -53287 58973 -13162 6457 -17441 22730 -45069 4890 13248 -50819 23039 -48082 4477 11586
r389 7869 39465 -19027 -2552 -34094 -28854 35425 -57291 52482 61372 22133 20120 50616 30378 16687 -57613 -58083 25304 -25582 -33750
r390 -56318 -43630 32940 -12824 -12157 64612 -24657 56019 -49617 -26473 48499 5650 -39873 -56324 25715 43319 -56956 -18125 -54610 48499
r391 -5577 -6641 -14184 -60803 13735 -54240 35791 55859 14263 -45533 -39772 -13233 -27082 -12207 -34363 -28665 -2209 33728 -18540 7500
r392 25250 64140 -396 -64126 42996 33631 -32927 -29674 -41324 52602 17896 2147 23906 -19030 -47512 -2984 13781 -41909 -7918 -64701
r393 53650 -36535 -30920 24893 -52639 -20796 -65261 27075 27006 -34220 35703 -13257 23414 -16768 -2267 -43511 60356 62711 -32348 -29733
r394 -40249 -10736 2039 -62799 -9706 21582 21863 55875 -14598 -32702 24323 49129 -54043 16632 59573 -49049 6661 24194 -53149 -16704
r395 58093 62611 -16094 -13506 26657 -10514 27524 -65249 -43608 -56096 63708 38582 21764 -57057 -40232 -31507 17244 6058 -30575 -17528
r396 -28125 -14066 -19047 20625 -35910 33701 30710 15212 13190 46305 -48740 53128 1298 -12503 -2277 -35163 5442 64342 -56204 -59275
r397 53722 51077 -8667 33847 -39061 -52757 26101 -41268 45183 -41642 -1274 63314 -43578 57205 43247 -17666 25415 64585 -45655 40204
r398 -4617 -25567 -18260 -11116 -52415 -4221 -56322 58989 24538 -57969 43001 -736 -6260 -6742 9410 64013 61009 -54776 -26485 -53569
r399 11027 -20589 53934 45392 43225 -28077 9744 28580 16624 -34922 -22844 -55887 -25070 -27132 -33872 -2090 -63630 15848 -44627 -43889
r400 -21979 -50306 -56600 60181 -6143 33487 21429 11978 -44697 -9135 33082 -27134 50235 53910 -26461 26968 53553 63034 -38893 31440
r401 -8914 -10896 -2530 1864 -45700 -48928 -47260 6804 21306 -63660 61607 54412 -2505 -36177 -14420 31572 -44630 27515 -43819 -54223
r402 11939 9822 4296 -7412 10665 -62923 6968 -10880 -65320 -51107 46460 3223 -3393 57465 20387 26568 -5278 44102 16309 54375
r403 55460 -56488 64232 21992 -54646 -59381 31979 -25560 4358 5675 33441 942 15071 27247 -41181 10675 -59822 -31338 -57274 -20407
r404 -32111 38038 -50731 44309 24687 42532 -10010 -29207 -34921 -3088 -42016 61902 -17864 -29915 -63508 38089 -55078 2015 12480 9094
r405 -59841 -63453 -15867 57182 -22227 638 -57903 -6864 42077 39159 5970 39761 49077 61816 40434 26280 11954 19590 -6477 -30864
r406 18113 42364 -53273 29586 -35468 -59806 65452 57437 -65385 -44690 17185 -21136 5859 9257 4431 -50720 -20197 -8516 -53830 -28918
r407 15598 -8595 -5030 -29289 -22516 36252 43771 61146 3235 29608 17973 -15858 -45238 -52169 -52247 27364 46277 -43872 50652 -53673
r408 3201 -54146 2115 -44203 -11980 34375 -3889 39047 -28588 -49352 -7243 29816 -29635 54244 24003 44997 25625 -27019 54213 42026
r409 -49161 -53593 -65302 6020 5431 55508 59424 4224 3603 -18761 -10767 -9883 61861 -19688 -46607 -13811 -26771 27576 16603 59092
r410 59394 15590 -43191 -11808 -17160 -39934 38540 42547 -26007 63876 23494 9579 -61316 -8136 25047 -20341 38400 -37175 -19734 -29305
r411 -10415 -47838 39191 -56894 54886 3163 -51340 24586 36146 -11389 60723 30099 -60334 -28271 55847 40717 -41630 1948 -47426 -47460
r412 41535 6946 20592 -42965 -45017 55566 -43493 -12307 -12821 -42808 -48339 -1429 -19788 -55092 24195 25810 39848 -48594 -9983 -6549
r413 -62155 -11554 24121 -22870 -33707 8496 -6873 -8038 15836 60114 -41519 5239 -11041 55066 11899 -3371 -55701 56337 26835 -45947
r414 17925 36287 34551 38203 -50798 -8483 9807 18372 -44277 -29209 -45673 38883 -4421 -15698 54288 11260 30397 49314 60533 39303
r415 -30799 19251 -13147 -54067 -32431 25713 15916 9703 -35023 52455 -59921 -32880 -24026 25991 53902 64344 -46459 -16687 1358 -8598
r416 8528 62171 53846 4225 35430 17093 4477 -49480 -64323 -45953 -8322 -25277 52132 23168 22967 -39465 44904 -30410 47150 -60343
r417 43975 -37168 54268 -9048 38219 -29507 52726 41249 -21017 44486 -63116 35087 -16588 59449 52375 8758 48092 4770 24459 -206
r418 -18283 -61043 17028 1476 -49490 -3464 59617 -40371 31286 24650 -6020 -48887 -65343 21106 45063 -45236 -4454 29493 -617 -43682
r419 -23551 4975 47831 -28111 41994 -35724 42001 -31422 7548 44851 -50233 39213 -25927 64180 -32974 1574 8673 56979 -1642 49771
r420 15506 13280 21971 -36629 50742 -23194 -50501 -33725 15315 -917 -2283 44301 7226 46616 6010 -39747 52930 -16776 5623 12431
r421 16464 19727 19459 28113 -50681 54370 35340 60188 38400 3207 60589 9405 -36218 22978 -63294 -4842 -37404 17743 57121 51996
r422 -21654 -59194 -43623 -6239 -18435 -19714 -39326 20136 43990 14529 41286 18955 -14725 40058 -28052 48247 44262 -35153 16841 39390
r423 -30218 -36739 -13207 38903 53592 64590 -15868 -47306 27206 -35231 3820 -61026 1073 10937 43151 -2129 -50122 -42744 51773 -50690
r424 53291 -40397 -15202 -39458 -59776 5918 38046 -55360 -38218 -34610 63655 -43213 -5294 -11549 36356 -44246 -2029 18239 16137 -30581
r425 55272 -35084 59708 -65458 38928 40622 -40728 25512 40880 1627 55356 -55511 53532 45643 -58403 -64622 -59250 43402 58540 -22899
r426 38971 26020 -7351 25679 -54167 -30537 44457 -49819 -4882 -26728 34911 54223 -55633 -28222 -50885 -3953 -17930 -16944 41016 -20129
r427 -7882 -45199 -9339 45502 47513 -6316 18128 -12674 -44056 57629 -53715 -12236 35604 -45013 -27451 58688 12771 -23813 13504 15455
r428 -1982 -9537 -27218 -56044 -64064 24405 -17088 63214 -41959 -52333 56635 -22601 -56146 -58600 10082 30498 -27822 47552 3718 -6291
r429 56921 5916 4546 -10278 26764 -15360 9535 40998 -6916 -62009 -28194 41189 -35750 65076 37302 -6851 -48285 -30957 -50072 -4281
r430 58280 -38419 -29819 14876 -10425 -65012 4709 4500 779 22782 -59151 -36190 -36248 -65200 -24 63098 19301 -60795 10187 -45775
r431 18152 30587 63405 8368 37979 -32371 -31693 61881 54290 -45277 45082 -49673 -5216 4046 3489 -21345 -36412 13539 -42490 -55847
r432 56788 -54592 43092 -53982 -51263 23052 -31058 35549 61464 -60622 -956 -11546 -6590 -13090 28965 -56533 47501 25994 39145 55645
r433 -49453 32562 -55380 37874 24676 -50281 -2198 -30832 -4703 28259 21859 -36087 -50983 30447 39317 29001 -34235 56236 -24599 27744
r434 1838 -60945 -41152 -15072 -44787 -33587 -61899 55488 -51136 55394 16331 -65171 -53728 22390 20238 43739 37470 52561 -63719 -10002
r435 -39945 -62958 62955 -40516 12956 -13746 59630 51201 16646 64249 56871 16716 37086 16688 2005 30879 -20838 63850 -45769 -46069
r436 64190 35241 -31458 -15212 -27678 48714 -16528 -34630 -25912 18529 5210 -10507 -15732 -55283 54298 48574 27893 -62529 -25407 -15571
r437 16078 3194 -53323 -47222 -25486 31684 1032 37287 4122 54613 13530 -36715 6804 23141 -56626 43564 -27372 -23517 -20543 -57447
r438 -4630 -26121 -22027 57446 44737 -25948 6788 54814 7865 -15547 23058 26195 -9851 -58324 -1701 36197 10057 -52437 1572 -62326
r439 -34285 -17192 18136 -37718 -58397 12389 45398 -58440 5065 32329 -62317 -17680 61350 -50609 -62782 -28102 -57318 24392 29262 -52500
r440 -8035 17758 -62417 -59643 -38463 18574 42570 -54645 335 -65491 18752 -16212 -41762 -36828 35069 11620 18497 13796 1368 56127
r441 -19839 45037 55926 29396 10241 29337 17658 -8187 63929 22317 8316 -48134 -82 -47248 9240 -47346 -61936 -61871 -58329 34629
r442 -57877 -27074 -29640 -52659 15567 -21858 32005 -41581 2807 -50217 -60200 -10784 -1856 -17816 41404 -19960 -55469 -25672 -34188 55959
r443 10542 -30339 30546 -19838 52806 -16362 48187 28618 55819 11904 21167 49891 100 -11218 43266 -2681 43845 -12694 55952 57796
r444 30826 -16724 -4452 29379 -46290 56791 -45816 55741 -27894 -45433 -54308 48628 -5340 -44321 58668 -53136 16891 15556 52950 -13787
r445 -25098 -49334 23751 14077 -7633 16264 -36390 3580 65011 -26645 -16825 -44016 -16851 -20285 -27610 27246 -10381 5338 54167 50483
r446 -30625 -27311 -24377 -799 15323 -49784 -54259 57307 60353 -22629 34825 -1614 35566 33894 30344 -28268 -46628 16581 -22695 35476
r447 -50638 54158 -16057 29416 -43855 58522 -65485 36000 23321 -16144 -574 -820 25220 -55442 -20484 -19828 4891 60480 -55006 -9077
r448 -21382 -43421 -16781 -58832 -55458 -4772 33645 44820 50102 18738 12226 38412 30332 -56589 -36650 16004 -49074 -57758 50209 -20250
r449 -36381 -40117 -10587 -35302 -8437 50252 -3417 50068 -31928 2857 -8315 -19383 62512 63599 58301 -57474 -36494 30085 1103 30773
r450 -11108 -30476 1705 -48570 24466 2918 -23509 24697 -61038 -4167 -52166 -28246 -31392 31595 -42011 59728 -59787 -31773 18845 -52982
r451 29480 15148 -46641 -37304 -65534 38172 16810 -865 34368 42804 -54647 -61685 32186 -5960 -39999 -14053 7467 6067 -56271 -61566
r452 -52762 -40907 22348 13407 -64726 -669 39703 47124 -4343 45349 -49932 29329 -18048 24137 -35903 -47643 -47863 29957 -12714 -26181
r453 45703 -22985 14206 8769 11920 4649 -44007 22672 -49454 58385 -12295 -36209 -30333 18818 -34855 10493 1393 38512 27173 29199
r454 -12964 -17871 16862 -35370 7507 -3151 -30737 -17634 8458 -29752 -14859 -61615 -150 12782 -11283 37097 -44646 34728 -59220 -17723
r455 -25356 59491 29138 51241 19265 31857 -9321 -46999 3465 -29300 53894 -42973 10967 18832 7979 -50172 -3260 -13269 -44703 12205
r456 43112 -19318 -453 -1299 -7333 33144 -41567 -20094 -1841 36204 -35272 -41342 3305 -11616 17108 -7163 49328 -59022 -41534 18442
r457 9361 30614 40827 35626 56449 4372 -7323 -14787 -3127 -37388 38004 5896 11376 23139 54307 55222 5957 49262 8476 51353
r458 -30178 21052 -37574 -46442 -10116 -1478 -61895 22566 -33221 -44495 -62017 63204 468 62627 -38006 -21193 -37918 -26681 -48823 -54380
r459 10337 21274 5314 -1175 -19451 14653 59823 37388 -55139 5930 -47227 -63957 61681 37870 64475 -41669 44489 -34784 49403 -13500
r460 -34510 16353 4977 -39164 -63264 27622 -39405 -33806 -2837 39918 25831 42770 43349 -527 28437 10315 -62475 57951 20492 -49911
r461 -64277 -37366 54175 16388 -3126 -5049 -36400 -3714 -22838 31307 -14436 12712 7451 -50416 -27337 -12531 -42776 -24023 -52247 26639
r462 15982 -3938 -37251 -43687 64335 -3629 -4114 -9791 23674 11517 36157 45070 -39783 28050 41344 -23827 -23646 -4551 -20278 -13188
r463 62653 -15903 -64659 -39020 7668 8334 28570 63953 2398 35178 -61285 5536 -22485 -39076 -55156 -43961 -9591 -60309 38788 -30504
r464 13349 40351 -62751 -2239 -1495 60733 -29302 -26940 -23392 -49325 -29478 -4458 -15851 62600 -46132 50967 -40708 26347 -64507 8609
r465 39276 47353 44123 55707 -44014 -29799 -2728 35147 -26817 56357 23089 11539 55047 16022 -34913 -37527 8741 6479 10577 -17010
r466 -55944 -16659 -18465 -17780 -32736 43944 -58302 32782 81 51456 -22351 -63616 13809 64621 -28992 -1471 60145 17474 -29378 -13507
r467 -13795 -40764 -23104 -15733 -39140 -12962 -22034 -58791 -36633 -13074 -51894 9024 -45015 -39079 12670 30347 44513 42457 2860 48959
r468 -5704 -11734 -41757 -54915 -25090 -65030 -28943 38047 48289 -45283 -35245 -45377 45941 27543 -42655 15673 -55695 -58176 -41277 3257
r469 -52421 -30670 6461 -4026 45690 4599 -55883 35094 9165 60408 -44812 -34824 44762 -2799 6846 -13413 -6233 47747 -43108 -33104
r470 -9135 -41471 7382 -51029 -48626 14875 -50573 -11956 -49397 28381 62637 62815 -34715 10146 60262 -10507 63967 -63963 43592 23320
r471 61273 -41117 -33744 49195 19493 54672 51162 -40205 55941 -2489 -61552 5965 65317 14905 9242 -47018 28649 48704 1371 -60571
r472 30793 31185 56161 28506 38643 -36612 -46233 -13368 17796 -4430 -33308 17551 -30842 15018 2296 12904 644 -14526 1077 -2911
r473 32559 3240 7690 8464 -35279 -40689 -23373 58536 -58589 -20416 -3198 64966 -17153 33566 -53684 28467 -10110 1452 40693 -29836
r474 -3667 -4252 28244 -47962 8754 27173 -7463 20398 -5471 60390 -11307 55493 55527 -50237 20325 24600 35538 31977 52395 8986
r475 -53678 13752 -41886 -43887 -30661 -12705 -11530 34194 -16252 16007 -56350 38470 -5023 12628 44799 -61551 -8292 41027 -16824 22413
r476 -14942 13682 -41643 45960 1427 -23802 47949 -11799 -21780 7711 -48728 -58157 -44129 -46625 50298 -15089 46146 -23808 -4861 65230
r477 -41095 -33727 63956 60531 17371 -49628 61081 -1124 -6340 -62839 19891 51672 47926 62992 -64005 -2497 37790 31551 25423 36346
r478 -25609 44380 -29272 27543 -37449 41197 -58321 50468 10111 10097 -39815 65017 -49413 -42297 -34658 -30952 65054 1368 43940 -45226
r479 -52136 -12605 -58862 5447 -15666 24611 -43580 -27156 -21781 -54424 -38294 61258 -7011 27487 1089 23185 -53688 60588 56013 59202
r480 -59277 12673 -57450 59624 65044 -11153 -64519 -43671 -21977 -18064 33659 60376 -37530 -22235 -25467 -59322 -12727 -42276 -11145 14490
r481 -51454 42485 -37908 2233 -20832 41652 2784 -2328 -37986 53102 -49103 45373 -53062 -39201 -7178 64851 9658 -863 -3046 -11581
r482 28799 -15760 -6509 -34360 -26358 -41097 13882 -59975 -10946 43445 -31808 -10809 -30155 -2532 45952 -36408 -7645 47077 -65126 64705
r483 48821 12069 -39833 -36175 25002 -57334 -34859 62540 39939 51068 50356 -61852 -4373 -52055 25320 -7788 4608 8989 35918 7968
r484 55325 -12439 48408 30781 -9186 -60393 28698 52136 57836 31948 -27075 63176 11191 -12353 -26704 5121 27254 31790 -29114 -14020
r485 -63117 -51385 -16855 -62650 -10498 -38170 61550 -30794 -34122 -60863 45551 14709 -11849 6886 -57509 845 22801 60883 -38389 -27417
r486 47863 -63648 55795 38071 57731 29781 38774 48016 47173 44557 8299 -7414 180 -47139 45578 61396 36806 -36815 -3828 -42584
r487 -33937 43980 -27833 -26690 65530 -25344 -26815 -51924 15182 30521 -27945 59895 32260 25287 62768 -10841 15576 60202 58331 35410
r488 30991 -16364 21626 -37997 33398 -28383 -59175 16600 -3478 -18271 -7965 24079 34305 -56792 -47847 -4332 20505 -14259 59591 -9958
r489 3366 24263 30012 -55874 -35441 55000 26980 -25065 26702 -15624 -9334 -52718 -43665 49554 39704 -6105 35702 40265 -32754 684
r490 44399 59785 44436 64845 27372 -5644 45963 54550 2654 -51046 16209 -57633 -35644 -24531 12582 -46316 -9852 35070 46710 -42489
r491 26854 28736 38180 61084 61848 -75 -17122 10903 46381 9088 45225 52845 -49260 32599 51959 -62997 -10332 43198 -13443 33387
r492 11562 -27944 50083 49276 -41289 228 -20554 -29600 -28062 -9999 -24579 59904 -27942 9736 -19450 61871 62678 -10543 -46924 -3962
r493 -13138 16311 -39800 11140 -19932 24734 -24881 11087 32855 18392 -22656 -56603 53678 -28726 18987 -33781 48485 -28583 -27546 47828
r494 51676 62292 -25799 48258 -10993 30931 -37576 58074 -7673 35157 -16544 -8315 -53935 -48491 -64565 25700 -36074 45191 9380 34785
r495 6445 -28773 27024 56498 -51072 -59179 -1932 -45705 -19879 32857 -64791 -59935 44806 12125 58338 42005 -39541 -45594 -59679 40519
r496 16440 29489 30745 54552 -53182 35092 -9502 29157 60864 -62646 -4984 44296 57429 29546 19654 -31613 -9619 7446 -59507 -55973
r497 14285 -25829 55558 -5038 -28325 -28911 -11623 -32655 -43713 -4574 47794 33763 56433 60979 -61222 36148 16486 37241 -36852 33983
r498 59402 -34279 49060 -40931 -58953 -44505 32447 65104 -23826 -19323 11683 12389 2342 -34843 -18621 -62038 61525 -45221 21783 30398
r499 51168 41756 -37281 22931 -43711 -1548 237 -2315 51964 54913 -52598 -13302 63917 44153 -59651 20437 27256 -22435 -37285 -28606
