mTable39 21
KEY  c0 c1 c2 c3 c4 c5 c6 c7 c8 c9 c10 c11 c12 c13 c14 c15 c16 c17 c18 c19
r0 7899 -37568 63699 31543 -6571 27101 -48563 49727 -65246 -13285 -51154 -25779 -24554 -57527 63221 4362 49284 31066 57966 -55668
r1 30707 54223 -44644 9319 -63473 27211 -7902 63701 4210 -35730 -59145 13790 -23485 -15436 23026 32485 3514 -23654 -7922 -44101
r2 35346 -7567 -16056 -7184 -60945 -62172 -30005 -28558 -62745 -24283 13008 13263 -52007 1755 62160 34961 -11576 288 64341 -51023
r3 44898 -40567 -29898 -4115 62382 10400 -35891 1270 33562 -21558 34017 -288 -41159 -28283 33251 37602 -5674 52228 30120 -18365
r4 -13280 -34822 55039 39770 53111 58997 -9580 -53184 -58269 -2212 21052 35097 5301 43791 -40869 60110 -22734 59859 -44319 23317
r5 -26757 -11784 8532 -32811 -23706 39520 -26967 30069 -19430 -38582 -49741 -61678 16970 41465 -51644 -37891 16510 -50053 -36662 46308
r6 33289 -22944 52922 -36603 -25536 -13401 -47352 -22174 -20853 51503 -27271 -524 33544 -41888 45302 -7491 -50544 14426 9836 -28607
r7 43586 30042 -48081 26157 -34159 -28045 -4235 -31893 40371 -39502 8579 -57105 -63369 -34087 43688 53171 38970 -58502 54921 -12271
r8 27660 -15234 21330 30174 36617 5709 -17921 49979 -28352 28520 -57368 25760 40235 -43052 10454 42252 131 35504 -18834 28487
r9 1035 63596 13393 -27634 -8237 -24946 9267 50619 -7664 -6307 -32552 -50570 47354 -56884 54576 -49012 64597 17314 -12959 1789
r10 6120 -61614 -15808 1413 -56244 48814 -35675 63427 -43805 -19863 46694 29850 13438 11472 9545 -18058 54213 48216 36164 -22407
r11 -26590 54063 -58737 -42727 1210 -10671 56832 -44661 37567 35401 28911 -19220 42330 48404 -46665 24786 -64570 -30928 -9609 8675
r12 6166 -40857 29287 26692 422 -53985 -2240 -26271 -45685 -5140 -27791 -13356 24487 -17404 -12241 41140 18263 -35048 4641 -15753
r13 50616 -50973 -48989 26946 39654 -47942 -59699 57923 29852 -60136 27341 17632 -45169 -12694 -41565 53120 -38658 -39660 -48303 -9569
r14 -28427 54107 -32488 22952 28419 -25456 41818 -41622 6824 13037 -41753 -48617 -29578 -48294 -59289 49399 47179 17849 25379 -26689
r15 -63145 48680 24745 60520 -22960 56954 -58453 16456 5301 -19578 17417 60558 44572 -56992 -52204 37469 18791 -40809 57978 -65232
r16 -693 40214 10264 -65323 60468 -46540 10634 -36299 17633 -43539 -41162 47917 18656 18624 -32108 -50170 -50275 -18624 44920 -16838
r17 -19580 15497 9415 -52840 -16618 24772 -51455 56091 -64327 61621 12221 -57433 64688 7105 53884 33227 -30143 -39195 -28318 -7277
r18 -32024 -53835 -13235 30670 -62914 50915 9492 16633 44929 -12802 -37703 -64593 -25420 -18161 52617 -50116 -37301 -53693 -49669 -40248
r19 -38322 -22435 39122 17239 55692 9820 -4947 -32944 -25518 8848 38717 -43925 -19877 -54668 41304 -8837 12853 59114 18403 23121
r20 -1287 -24577 53134 -21666 51276 25488 -10748 22322 -35031 -5295 -5054 -53069 -56256 -38837 -19231 17977 -54718 25370 -48793 4940
r21 46205 -40001 -37085 7407 59819 7616 -34816 7455 41048 -14232 14135 -15725 33179 -16248 -53756 -56936 -6916 -46080 -41809 44594
r22 35865 -18187 8713 44240 48033 -32248 -21655 -40472 47599 34477 44196 64188 -62718 -22007 -52257 -26176 48503 -18003 65359 -41176
r23 6756 -64949 11593 33305 -64051 -65287 12234 8332 -39558 -62486 -26451 34534 18456 36001 -24958 17719 11430 -38630 -36346 29193
r24 62718 -33435 21157 17747 38029 48038 -44947 16383 -60954 -727 -35286 -32485 -42671 7251 36066 15782 -13153 53597 -29547 -55959
r25 -34027 -19242 2913 -43448 30420 -9393 57507 -20326 -16304 63188 1243 -3776 58818 60643 57501 21193 -52302 65380 50127 25756
r26 -36505 -5802 -42679 55306 -3720 4053 -17649 38326 -399 35501 -56476 -45468 42551 -37496 37683 41222 54587 43634 12236 41823
r27 -9862 8237 37048 -17065 -53258 -25947 -16445 36910 -49257 -19504 -32746 24031 -51178 18175 35646 -2432 34357 18236 -43641 37613
r28 -1539 -16050 2408 35962 430 24344 -28649 -21943 -9715 -32858 -29191 10777 1484 33145 58415 43946 -59072 55430 -20725 8784
r29 35765 -347 41549 -29377 14309 -39952 15408 -51902 -9275 49435 -56878 64125 34515 23719 47887 -8649 -39339 48303 -53867 -28038
r30 9188 30888 -65512 -972 48711 -18098 27538 62585 21264 -4060 7269 18208 -1771 -24838 19960 45859 -8773 -15316 16296 -8044
r31 35892 248 29607 12792 36183 -24431 49539 -38646 -61705 -11510 64636 -41633 -513 46530 -30832 -6158 58222 -58011 -52744 37160
r32 18451 -20853 50921 37586 7882 -24120 49761 -61931 30328 65023 -63079 -49351 17379 -27140 63272 1561 -64149 -65093 -58590 76
r33 -19028 -19209 -49202 36610 22552 -55506 -7943 14345 -7197 -53123 -13879 47538 -64708 37057 2610 9782 -24565 -23624 -4297 -43683
r34 49010 51796 60382 -35279 5838 45413 44249 -47468 36005 -12054 -63157 45641 49702 -43345 35670 41626 -47661 -26902 16469 15160
r35 42236 415 -50499 -18537 60783 26418 -9401 -64911 45913 44743 5895 -18667 -37681 55796 57813 -27791 -62245 44532 -14764 -36370
r36 -52917 -6338 31648 23468 -48004 -61103 -20248 -63424 -61564 64314 -7876 23718 48248 -53939 47155 55208 -33242 59573 15543 2570
r37 17255 -42730 36588 61827 10607 18872 -3877 -942 12350 37035 -33092 -7579 28320 -59081 45590 -27759 -11541 -28540 6286 63178
r38 -55968 14599 11062 51516 24851 -51473 -13706 -31785 -31215 -54801 -43547 -62414 54475 -57396 59685 61237 62783 28650 12392 130
r39 29944 -25422 4945 -12092 25774 4619 2608 -90 -9356 2087 -19954 6472 22096 50479 4261 -28755 -3343 40971 -11951 5499
r40 3651 -19570 -34712 -45681 -7226 63692 19438 -65288 -12362 -49815 -19486 -28342 50413 -62410 -58281 -8207 9967 -8139 61012 -9670
r41 40881 39373 -37518 -8935 -61477 1432 -15865 36574 -12917 45253 4555 40000 -57608 1956 -42564 -35774 6115 36300 -25568 62602
r42 -33272 46126 -61752 14163 46791 -11136 -41685 52081 -22670 35850 44289 -36167 16400 29137 -15513 -46877 -6940 3598 62184 45331
r43 -29873 218 -55361 49894 -13923 52236 30157 60498 39810 35854 -53608 14328 -12241 53488 37864 -3586 53028 10818 9148 1820
r44 33275 -59045 -3900 34695 -65078 16040 -43089 38690 -50145 10427 -180 -39166 -37649 -58355 -20728 34969 -33734 6962 4312 49358
r45 -7986 -16000 -37582 2437 -15596 2495 -54684 21462 41319 -18493 53259 38222 -28068 11787 -22156 34540 -10749 -40023 -53432 54042
r46 6723 37961 12206 -14640 12622 -51958 25004 7725 29239 -17566 -7968 -47182 -28039 53446 -54883 37173 -54880 -14920 -59364 8154
r47 45424 52000 44566 44519 30597 -39726 46507 -8904 -21152 -20471 37981 -5791 37852 36032 -41908 -39082 59473 27841 63432 49631
r48 -32153 -29259 -38937 -43055 31755 29407 8619 32418 7842 -55135 36253 47156 -35140 35427 -27144 -35559 -25420 -36451 6700 35772
r49 -28863 25328 45475 28125 10514 20633 -21547 -20494 -64095 27097 -1566 59021 14382 10774 -61166 -28685 -30233 -29951 38435 -6880
r50 31112 -1212 -24573 -27032 -42575 23483 -34936 794 40638 16298 48199 58303 -26106 19072 40383 -12428 1043 29198 -35614 -34861
r51 -45578 60001 -11954 60426 -41635 -26460 -28683 25262 -34825 20694 7568 28178 30470 -51179 65442 13335 -34824 32403 45887 27095
r52 2813 24659 -26719 2961 23509 44164 -28564 23673 52615 -44880 -11230 3983 49395 26280 49830 -45943 65316 -4149 14982 -56759
r53 5122 -22003 11538 -19001 8954 -30248 -39505 20523 -18554 13521 45228 52204 37586 -55514 -54837 27348 -3792 -27125 51108 61090
r54 -2782 -39136 14847 -4221 27250 -27783 15752 2920 -9690 8435 -11051 -51606 -52414 -31695 3487 -17259 31509 40449 -41755 13364
r55 -54110 49731 -23492 21696 -16974 -43433 -17019 -20192 -34172 62551 35859 -63163 -21254 7405 -58698 -30754 -1075 -8426 -22840 21292
r56 -3518 -37015 55760 34522 41395 28777 64735 -20766 -13294 58841 -34100 30122 -3554 -35127 10883 44987 -57655 1527 21672 -64734
r57 50614 22552 -62871 31510 -35044 15360 -13486 19322 14459 59408 -11653 29013 47448 43868 -50131 12804 -42367 -48659 39998 -50375
r58 -17136 18962 16403 52174 50611 -40796 12933 -58082 11110 -41366 32357 15361 -62733 58234 -63817 -40487 -36334 -33478 16766 -30491
r59 31013 45005 -42401 19630 -18800 -8571 53970 -58599 -666 6043 2838 13796 -11699 -16212 54068 22324 41177 -18633 1037 1124
r60 -29546 64231 -29846 -42517 33077 -27231 46898 57101 -27136 30025 30220 20280 14181 -6108 25177 47897 10059 -33102 -42091 4401
r61 -24187 59831 23328 -25341 337 -31553 17177 -40077 8286 -56357 52288 16874 51371 30175 -27889 37945 47768 39310 -34276 27084
r62 -33267 -41988 -16585 48216 53972 -10515 19235 11212 -10914 -31086 4379 -42425 49357 13849 -45540 -12397 3728 -35331 5793 29960
r63 -10138 -4698 47269 58157 3251 11431 -7348 -5996 -19921 -52884 -43125 24789 17791 -5392 45417 -57674 58750 16443 -8111 26684
r64 34941 43432 8671 -48847 -40509 -10997 -7984 63351 -47824 48881 -7460 -27851 9908 14850 -62233 37678 20800 -46284 -35249 -463
r65 -9849 -8954 -52800 52238 12274 -64688 21366 34204 2355 -58949 -41928 52421 -3249 -24940 -54064 -2773 -36320 56547 2085 -56369
r66 -13909 56814 -12351 -15954 42043 -17873 -20068 54942 -57244 19424 55740 22230 40953 -59347 54684 -37800 -58973 61803 38629 -47983
r67 41769 -25721 31874 -3343 -6001 -18429 -61893 40954 35866 -10286 40576 5949 32585 10402 -3292 -16304 -21528 50903 52659 -2544
r68 28762 -42895 -52183 8896 22049 -53114 -58533 -16657 -48237 49075 -58721 20239 14103 50355 -9904 6382 -47434 -6210 -1572 -65395
r69 33514 -61651 -16580 46390 -986 -49195 -49746 -52630 64711 -47242 -32829 -26595 -54383 50934 -25545 -62802 28979 52223 17973 -22214
r70 20851 -62546 -38635 -31755 2689 -51984 -32437 -38329 30966 -37716 -52757 40943 53172 -14541 -57453 -34503 46855 -28789 25398 -42880
r71 -52195 -14195 -56361 -630 46268 55389 -56445 37239 63415 54405 12751 -37007 2387 -20665 42471 -1551 43274 -13859 -37545 -6676
r72 -20502 -62443 -29926 -3899 43900 -44864 -55415 -59401 16920 13396 55812 21233 2997 -8553 34777 -34787 34067 -46869 28990 20651
r73 -2985 -63663 -16084 -4788 -46611 5845 58941 214 -14317 -61142 -39986 39272 56913 37496 8384 24129 47535 -14711 53776 -15800
r74 43786 -43345 38003 52921 -63342 12785 -3057 -35293 -35824 -26183 -37344 57647 31890 -39103 56186 -40454 60055 5082 33496 152
r75 -53657 -43013 34169 -5337 15339 -26681 408 -16026 14179 54921 50757 -11327 13214 -8947 -4142 50654 -63766 5428 -49486 -51616
r76 42195 44416 7782 7603 14489 -38399 26168 -23151 3546 16937 51952 48474 -43299 6768 44742 63546 21010 -26342 53658 -41197
r77 37638 -7226 -48619 44485 -5549 32166 -26296 -10605 -32816 58838 21270 26772 -26520 37379 39939 3229 -38768 -6940 18961 40793
r78 43685 57446 -54203 4220 -37763 -52872 3203 -21219 -48319 56371 -11854 -56815 -65194 -21390 36045 -50004 -16837 -8902 44299 36663
r79 -41772 48204 8117 -38527 -63581 -2698 16326 64324 -31596 -64217 -1078 4350 977 -14050 34219 15727 17901 -39552 -926 -13821
r80 41343 11752 23531 -26338 14500 -59597 -23173 53133 -26080 137 -9831 -46625 51531 46986 -8150 -18557 -23443 35522 -2023 23003
r81 19932 4568 -57196 20188 62447 -11210 -45542 -59366 21910 -58474 11905 22773 -42965 -39153 -58895 8603 16565 46901 55322 17255
r82 -63244 -24649 21752 46325 -20488 -18420 -13180 63883 33135 -47843 14602 -18347 -32730 -33795 -37524 60915 -47279 -64680 38534 -37568
r83 -25948 -3776 4338 63908 33614 14043 -27731 -42331 -34686 -5960 32594 31841 57271 65319 24506 16119 -50798 40421 -18779 56418
r84 50582 59369 19955 36584 -46202 -1975 -30481 2339 -35706 -39032 61976 -18669 29727 3043 51772 218 -37924 -5610 -7965 15846
r85 -50411 14643 58018 -43860 65017 -4466 54830 -10102 -36969 37220 29153 -33606 -21672 45391 29533 -30545 31912 -48066 58561 -27508
r86 274 -48538 -14521 755 12897 61583 -28630 -33615 -19833 9789 -12258 -33590 20823 -8010 31511 15414 17849 65370 -56280 -13906
r87 -51160 -22057 -45808 39565 -3729 -42053 -59869 -21005 -56862 -64922 -32593 -47527 -62126 -20577 -11732 -37052 53537 -32883 -51730 2806
r88 1895 -8498 -35755 1185 -35450 44604 49141 -51671 39056 13386 26498 -52046 23051 26078 6951 32925 51729 45925 -62487 -49848
r89 -22786 -4872 -8403 -61985 -7856 -16945 23313 -35537 9698 37694 38386 -48816 -7335 57357 -50494 -44145 -8435 37532 5478 17803
r90 -16684 -35236 -57253 64431 -64833 18501 16718 -14520 2178 58272 -42726 -61640 9728 -10109 -65079 4624 -21164 40842 50898 33966
r91 20983 -29738 -16185 -22164 -26361 -61799 62676 -14068 -52709 41748 54552 59978 11366 -26263 -25437 53808 64947 10168 5540 27728
r92 -57477 -30470 -3990 -50873 -38039 -31562 -12777 57479 -46009 -26828 55970 16130 57566 -35545 -3370 -85 38963 -30520 43940 -45171
r93 -43054 911 -53378 6205 58886 52391 -5450 2794 -59352 -44241 -57181 -27918 -33745 45036 -20871 -38151 45267 -58064 13792 65434
r94 -29822 -38230 -47173 -22855 -31769 -7519 -46164 -44624 -36309 6192 12394 -18692 19004 -14407 60436 -36330 15921 3434 35592 18246
r95 -12071 59292 -33746 -24139 -57051 -17552 21058 -62800 -37155 25188 -28282 -8754 -27042 -11013 44690 -22454 14835 -63972 32870 46173
r96 -52797 8058 -53145 42503 58607 56664 45901 24683 -42128 24039 54011 -21283 874 21889 36172 -59640 11074 383 15324 9840
r97 -39628 33738 -64123 46761 -58940 -56845 29855 23535 7470 -37570 -59759 10565 53585 14901 -53099 -40063 65228 -37639 60608 -1052
r98 -15876 -57387 -20356 -1325 -61111 -7725 33193 -1988 -14739 -44525 8918 -41163 37180 11169 -27422 -9757 -23575 34674 -1278 -46460
r99 42288 -38916 61427 -51359 28280 36463 1743 7112 -42827 -26943 13002 38200 29991 -31591 -65480 12786 -45445 -13135 -62658 48677
r100 -38088 -39257 51402 31095 -42739 -1205 5949 44579 20202 -16153 5902 48271 -40081 -46285 65165 26555 -45959 -63801 -51332 -30382
r101 -64211 3320 -57465 12614 -21675 -48871 23112 55124 -34841 17984 33708 18329 -51472 -58240 35864 50858 -55595 -43740 47213 22291
r102 59766 6166 33518 9460 39544 16061 -15282 2707 35464 -54414 18653 3675 -25145 34824 -59993 27188 2015 65239 -4289 -61874
r103 -47947 -12749 -63182 -59391 22126 -30423 51988 -56463 -61481 46518 13656 60631 -19723 -6023 -16690 60224 6692 -33749 29545 20125
r104 10791 38957 -41714 58362 26906 33135 -58976 -30953 42461 -8272 -32144 13060 -8776 39998 35629 -6447 -9547 30287 12467 27871
r105 -18033 -51729 37881 22461 -28502 14932 13840 -20594 -63501 -54503 -17721 1003 -11031 -59166 12124 -66 -8274 6321 5778 27785
r106 -14689 53598 33820 25963 -8956 48369 40807 16254 -36011 -25233 -7244 -15852 5836 21750 -25226 -13444 -27742 -25942 -39575 21589
r107 -48771 57457 -52555 -50198 3712 -34718 -7672 9802 41184 32306 -25148 -43676 1003 -23885 49508 15678 -16050 21027 40103 -47231
r108 -17222 -30175 46358 -21441 59540 52650 -5308 -46786 -37379 56874 9170 55765 -22301 24617 -50786 57055 54084 15351 -64752 47332
r109 22383 -11590 -62799 -35230 40911 26853 -53710 48378 8806 59288 -62396 -54133 -31507 37090 24512 26891 14565 3209 -14586 59459
r110 -5954 -22636 35413 7602 -8399 -17711 -1749 -63520 35392 -43424 27888 -7033 -47294 6571 55940 56799 -20091 -13123 52508 -19881
r111 5369 4077 27128 -18050 41485 64938 7123 16072 30008 56393 13878 14549 19178 43696 -62160 19284 -8933 11383 58122 -52474
r112 17832 -37490 6213 19974 -36743 -5715 15939 34555 -61707 -26792 18581 -40636 45214 -1174 -46223 -35372 -463 -51047 -53342 55819
r113 11914 -61846 21480 11125 -4044 -43224 -18389 2140 39437 40555 14529 13639 -26183 -49817 3567 -112 14397 660 1503 23231
r114 -27274 15930 -276 -44073 -51051 -3562 -30151 -23949 -24981 -10462 23065 18923 44883 -38557 62413 -21608 31691 5383 -45795 -59143
r115 47628 -2340 50146 9319 35910 -44780 20977 61565 -20817 -62845 8183 57562 -46965 60913 -13140 -46255 14742 -18145 51727 41408
r116 1957 -49565 -29397 12843 -26000 -31694 -63362 5234 -42019 10882 -16356 13760 9214 12071 62999 -44706 -9044 19888 -56712 61238
r117 48916 -19596 22793 -63610 -24208 64314 19830 -57328 7285 48117 22254 65019 -33476 37551 58077 61638 33240 -47233 9708 -12987
r118 -62992 -46871 17462 -44762 31952 -10006 -48236 31059 32536 59794 17032 57522 -63141 2487 38382 51497 -17205 -55902 41430 -51223
r119 -40666 -28534 -26712 45537 63707 771 35872 -47210 -24055 24366 26352 -35067 23613 45804 -43879 54854 10493 40068 62545 24865
r120 26363 21758 -46170 22502 -16499 5630 -165 20893 63538 -39312 65124 29922 -42236 42265 30601 -13675 31776 36601 -25847 58874
r121 17580 -28815 -3268 -42000 60517 59735 556 29909 54219 44082 -49317 15918 5943 -36493 -17627 65166 -42299 -1625 -51030 -47550
r122 -22160 -53737 24064 -58475 34919 -54500 -3655 39264 -3899 26613 -34543 7823 35822 -43183 41637 -40370 14740 49703 -54110 57991
r123 -19873 42232 -60863 -59164 9879 17708 46293 59410 25668 50944 -10977 -5999 -64322 3439 9452 -38529 52253 -1415 33533 -64849
r124 60969 -64007 -37920 -54359 -27145 -24523 16930 -33652 37492 -24806 44014 22987 -59945 -17398 -22829 -26985 32670 27603 22492 52188
r125 1317 -29209 -61693 51802 -60950 52352 -1810 21253 -10563 -54389 64768 34214 -22205 35262 -12147 54098 -35586 -56698 13641 31333
r126 32111 -35299 14688 -37776 55986 31570 55211 17963 29520 10591 21714 -60330 12138 50668 -8903 -44889 19405 24004 -15218 53906
r127 -9064 -4340 -64983 36669 34379 2135 20616 -25454 4121 -58722 -46697 5277 -51263 -20605 -25399 -13155 36012 -49111 -34529 -22667
r128 20395 13086 -15603 16214 -63320 -46618 -16264 57651 48393 -3368 -7339 -2952 6987 39624 -11537 -41098 45899 27285 57724 -28103
r129 62744 23440 -9909 24222 -9323 17341 -60220 23424 41526 -61198 768 57201 -57696 -15384 -38234 23206 -54634 14769 14451 4217
r130 -1959 41331 -25878 -21070 37292 -20006 23733 46379 24032 18761 -20022 -10953 -31418 56873 3827 2237 -13326 8457 -16226 -1423
r131 -23490 14600 -43587 19237 39629 -2686 -36465 -32596 59833 65358 -32105 -41540 35527 -29474 -62428 18467 -40573 -14694 55757 25422
r132 -39259 -57547 -36056 -11514 -20622 59342 30910 49290 46222 -19033 -55520 30715 10781 -25641 -9116 -26850 8836 21297 -4698 -280
r133 51717 -20222 23688 -45024 -61146 -19390 -52107 -53907 -15492 58257 54223 -14246 3417 34017 -24262 16662 41391 -3109 -8856 -36483
r134 11947 604 4391 -8399 62021 50001 35238 -44991 18988 -53229 -38038 19594 -1872 -4939 28910 16359 50254 -1456 6832 -6116
r135 32582 2185 -2679 -49823 -37724 -31552 23917 57214 43030 -24989 42153 37523 -35666 6556 -51373 65052 61506 56584 -14040 47652
r136 -60361 -9644 48470 -35179 -33550 40357 -47931 -13276 42473 -30063 -16836 20228 -44796 29124 59171 -29436 -18228 -2069 49155 -41408
r137 47279 -48227 1898 16473 -53719 50289 3931 -63228 -59315 18598 31001 41594 -42245 -25590 3950 22075 -53733 -31910 15147 -43035
r138 58980 54093 -61107 -34504 48677 1050 -16100 32941 -57522 39090 -10731 -59861 -60404 62358 488 41151 53294 -50910 48395 13385
r139 -57172 23444 10003 -2816 -48990 54664 -18224 62701 -10902 60705 -55367 -52557 -56449 -41283 -44947 1127 -8602 -25085 10929 -4036
r140 34796 7097 58343 -64214 -52961 52244 47479 22046 42827 12142 -47044 -43701 35055 -9926 24963 -53753 62504 -27724 -62664 -58251
r141 -52254 -33268 19954 60416 -59023 36007 -62666 -17712 -44953 -4780 40024 -26896 26895 -22807 18982 24387 31763 18328 -65368 44592
r142 9493 54255 -53467 -54986 -15860 -11907 44949 7095 -4527 56285 -62721 35389 -53462 51788 15628 49482 24375 -21020 -25999 -11668
r143 24724 5514 54184 48272 -46280 -22744 -16120 -50714 -32719 11238 -19353 30765 925 -2935 -16584 42978 47653 -21635 49942 -20621
r144 -51494 -2931 8580 38409 -49997 -18149 -51596 -45938 -57465 -10350 -31246 -3656 39683 1456 50226 59766 -33664 50679 40523 10736
r145 -34733 -34769 -31664 -34611 53837 -24425 -12743 61931 -17916 1083 37325 40599 -61351 -39320 -30255 62311 -58710 41390 45908 14374
r146 31032 28508 62006 -16344 -3066 20808 32436 -26847 847 28133 -47059 11692 -55768 34672 28422 -43983 -35189 28449 35321 36214
r147 -18496 -61958 20626 23790 12646 -53168 56020 359 -26725 -56561 -46844 24804 -64228 36131 21566 19243 -55192 59565 27587 -46615
r148 -57217 -25063 5088 56328 4999 3239 -28317 22191 -26840 -63822 32783 56538 -16506 17140 22266 24411 50444 16920 -10091 -32968
r149 30747 63566 -36124 64027 17400 51423 -24477 64843 -24026 -4400 -61432 -49679 -44765 11565 -3559 4465 23134 8324 47857 42573
r150 30116 40953 -40826 20926 -27077 7813 -31426 -28065 35541 49009 8852 58284 -3365 65175 30994 39691 54418 25714 -40873 61141
r151 -11441 -8374 -43730 63184 16580 -31292 20755 3167 -20008 41227 49073 59347 -50328 -32086 58301 29079 -55199 -44303 3146 26050
r152 29914 -47509 59591 -35665 64594 -39319 -15901 -48295 50278 -58620 -33166 12739 -33518 48671 13338 -53493 17598 -54349 -17798 4200
r153 -45365 -59599 26020 7156 -60818 62570 -43442 -19350 -5494 -1761 -5079 17089 -39135 33661 635 -47435 23298 -23479 -48533 17787
r154 -60586 47400 -16519 -45855 -8041 -57579 9500 -60251 58837 -30152 -54283 54910 -40306 47303 46072 -59226 -22809 6597 -58382 -56275
r155 -3775 58788 15619 -40302 12992 -34298 18091 -65286 38311 46467 11195 -6214 -19779 6015 38784 -20252 28006 -63004 -40459 37711
r156 27727 29625 -871 -17349 -11574 -19837 -50516 -3584 65524 -48294 -16080 -42120 54937 -50597 -15550 -32555 62514 -2188 64630 -42280
r157 -32795 27395 -43440 -10168 428 -26806 -33827 -29046 -8767 56631 -6076 430 35306 2570 56053 19131 32281 22342 -52960 -18326
r158 -44802 35099 -62589 -51926 -26149 -42104 -22883 20812 -37781 -32275 -26257 -40235 30726 -28411 -3565 -1688 15715 -41791 -64487 8802
r159 -10700 19939 40211 54006 -30637 -38188 -34584 -13528 11940 -43921 29335 -64938 17644 -58160 34957 55058 -10980 52804 -26271 12875
r160 -33923 37342 -43226 -7471 -64120 25357 51056 -23957 12446 43888 -56567 -31892 -39345 4359 27912 38258 -1339 -20143 29181 35472
r161 14753 33290 -45452 13795 -12783 -53100 39617 -41055 -40187 29207 -41193 -22959 36656 -55043 -38004 59373 58965 55149 -23155 17658
r162 50032 -51016 -31067 -22062 -64075 49997 64675 20682 -16610 58063 -15245 -13114 59258 -45487 8605 61721 14278 24827 50448 -5446
r163 -33510 25492 -40706 -28455 -39691 -12093 -6340 -58783 -35231 56958 -24294 39900 31411 19177 -56861 17177 16143 -14958 58713 59507
r164 38084 -35464 -62825 54721 -51684 30420 -59764 -53455 -21270 -19362 -34555 5248 61256 -48832 29802 -33088 -29363 25968 -32437 -31341
r165 -19416 -31711 -23167 57479 25994 -25019 34266 44663 -2020 -12651 -60072 61834 -56522 -54704 6122 -19575 -38695 6052 -35687 -63536
r166 29683 6099 -50404 -4264 51511 50225 -5346 30807 -30483 53415 32326 -58351 2387 -6979 -31490 -11217 -8461 -29450 39830 53038
r167 -5359 55387 -18569 15870 6875 -34741 -62870 -44778 35184 -20189 -45627 -25966 -30144 -62531 52526 -33038 54400 -32531 -32568 -26954
r168 -21580 50605 38911 37259 -55683 61149 -270 17242 52360 12677 4757 55446 -2486 -61083 -46927 -30843 -6094 -60561 27893 56957
r169 -64052 -48780 4269 -25573 -26248 15480 -21537 31970 34014 -53143 41146 -19210 -43146 -8312 16523 -40121 26495 38984 -14014 2745
r170 19030 53378 -54904 14537 19910 -63538 47411 -22043 40962 -3691 61667 -41219 19259 17298 -63200 521 -30786 1678 -60649 22580
r171 35269 -45071 43710 61453 -52109 -20879 43928 35793 62847 -59283 -19076 52598 -42559 -45097 -38109 -54457 -20666 55114 -4317 33116
r172 37871 2973 61120 52497 -27871 -5400 18368 4077 9201 -33985 8707 -34783 890 -36757 19477 49404 -5699 -38039 -19263 62233
r173 1092 64372 15744 51573 -9059 1584 18619 -42622 -21218 -63618 16341 -33117 46583 33498 54386 38763 41601 -28703 -57770 21754
r174 -41189 -62933 -41985 -33100 -48985 -55786 10559 19267 35691 -63356 -54499 6606 10068 59268 25132 -57916 -11827 -33212 -42996 42332
r175 -62062 -7183 -45305 -65104 -4596 45309 -37591 41344 -10387 55226 26004 -5216 4349 34500 10464 28975 9276 -31590 -47674 -64295
r176 -6535 -25767 48686 32263 23245 33004 -45588 29268 42384 48424 21341 -10103 1443 58538 -1004 42993 -58852 -28774 58976 24493
r177 38087 -26706 39324 -22871 11803 -47473 26271 -61209 19510 35549 61646 37499 -45129 1297 48517 -20143 -52144 23234 46225 -16043
r178 -8468 9119 45995 1254 -36186 21085 43086 -51095 -38076 8282 -44343 6353 -25765 -32286 -43000 -43087 -50587 -36699 2274 1192
r179 52463 34730 -12443 -53696 -51939 14529 -28399 -3107 21594 -49282 39987 -2807 55069 3700 -44114 -25625 -852 -17435 -19336 -2985
r180 2974 14466 -58227 866 -17090 15523 -23891 -49203 52413 24379 21357 10076 -22704 33848 -21404 30415 -46408 -12763 20200 -53788
r181 63100 35038 -17696 43047 -11011 18646 -63141 48071 30023 -10909 -62356 -34681 33950 -38949 7537 -16376 65466 -40905 -35705 55932
r182 -14173 -23927 -35498 -11544 -13103 9447 30891 -44369 47062 -14113 42659 -60504 33514 61203 41319 -21172 -53471 -5395 11377 24126
r183 49173 -61605 32551 65438 58246 48184 2093 -34471 -27637 -59901 37872 1683 59855 10792 -23052 -2115 -25248 27341 986 28977
r184 -65423 -34604 -25898 -2649 -61108 33534 54539 4091 34150 -19502 -47536 58191 29764 34535 39100 -27564 43205 26907 30496 50877
r185 17883 -49992 -42285 -14165 33904 2085 6473 13370 -30448 -53456 5331 6065 -57797 -36495 12253 64210 -44063 -46824 52980 48706
r186 13263 37895 28457 -40533 15013 -1120 -39617 59695 29796 57253 29785 21552 23762 21413 30864 -60298 -32248 -63741 -33511 -21071
r187 48287 52261 47912 -63097 51616 45705 -39095 26111 -56118 -14726 46647 28225 -64526 48343 -29577 44146 -25278 10771 -5558 18596
r188 11884 -46055 28128 9097 255 -52163 3027 -35491 -60298 -39291 41716 1530 -62010 25128 -19179 31774 -32771 23847 7056 1862
r189 -57296 51465 -57943 -43178 7411 21288 -13120 32184 -28027 921 19989 -59040 33942 52908 25665 25385 -32065 65203 -56219 57521
r190 13449 23469 -29451 53590 57175 38734 -30632 54155 10369 -48739 -7097 -11971 1954 -41771 32818 58700 50785 -45245 -46788 -37225
r191 23576 -2873 46059 14253 8600 41447 41877 5765 56821 -36581 6385 -43569 42724 38428 53364 29262 -59521 58002 -43610 -28874
r192 -13833 -17134 48698 -27847 -14162 -32983 -65027 38913 35800 -46756 -48205 16437 30927 -54938 64705 -35486 28839 3806 -51276 -16027
r193 47919 -28661 28688 -24882 18045 28803 -18412 37363 -45574 -59063 -25400 48096 46770 -27849 -13973 22443 -58983 -35405 63537 -9843
r194 36357 47746 -21581 37841 -27188 -48622 -30885 26399 -32432 18795 47288 -8861 11396 -7955 31101 -26254 27308 373 56504 -47824
r195 -24177 36541 16019 -52265 -41002 36024 -43095 -14763 54667 -7807 -33277 -9954 14349 -18295 27431 52073 -18421 -17280 32080 -61504
r196 23071 -29410 64948 -26826 52752 6536 13244 51266 51866 59200 -10544 -7416 34359 -14037 29288 45386 -45787 26294 -45614 -8818
r197 36255 -19985 44763 -25775 55525 -11423 5337 8282 20294 -62489 11039 -50275 -62702 -17206 -38304 -39749 32481 28194 -9889 -583
r198 -59130 -50255 15179 -51440 -31830 39222 58836 54339 48993 -31184 -31842 48751 32523 -64453 -31426 61591 34579 -36567 30336 6498
r199 -17160 27006 -34580 27387 22899 59085 -37508 7595 -46086 -65189 16284 -13071 -47078 16717 52285 -26166 52886 39709 42687 60505
r200 1824 -47752 25782 -19219 -44341 46917 -5426 58745 -31751 12800 -51826 -11955 -51097 45096 -8522 848 53893 -40647 -54076 -49876
r201 859 -33181 -65180 -5306 -16333 11427 -18285 61811 57225 6415 -50289 -46028 16958 -14012 -60627 35726 61726 26552 44087 -62327
r202 -51471 44856 39341 45951 -5423 -40638 33404 -53256 -31126 -33609 58583 -61895 23147 -61134 -31084 2403 -28720 -56038 59539 46604
r203 41665 20335 -36352 52182 -9935 -8785 61338 11991 -29819 -1427 -64013 -28157 -11253 57964 -17903 62235 12312 12429 18789 -50516
r204 -65155 60497 -2573 -7829 546 12276 -44289 -55765 23080 -21291 -42872 -42828 9763 15074 50585 13780 49767 26881 -26949 -57942
r205 37499 20204 -22948 6461 23499 33719 -64418 -25240 -10391 -3137 3341 -15249 -48419 38012 -29677 -9989 -55286 -62898 -30571 -945
r206 62993 27064 36267 -41778 47261 -32316 -35223 -30510 18875 21741 46616 -18379 12226 -57709 44969 -52059 7896 28002 13134 -39043
r207 50458 -11207 20441 7461 -56928 32919 36554 8219 41090 25859 -20146 23989 -34954 12403 1614 -34956 34491 16746 -42597 20236
r208 58368 18788 -15141 -10220 -45504 63787 -36282 20210 28825 59026 24521 -18995 -32835 23885 2359 -7484 -33951 28532 -21155 57399
r209 -25604 -61948 21574 27901 -8993 7521 -20751 50068 -3605 12827 -7906 -29344 37676 57839 -52778 -26404 -22731 -45714 -24253 -56216
r210 24698 -24714 61858 43467 -36402 47375 -56833 8237 4944 35418 -64983 15741 -48487 -28863 -4358 8102 22580 -39958 -47307 33847
r211 -36543 -26322 22157 8007 979 44616 35066 32970 -50895 17865 29152 9137 -8357 -38425 25599 -51814 -61486 25326 14359 -4215
r212 60677 -31972 41941 16595 -24035 39904 -21779 -6933 14432 1485 -25133 62653 43833 5011 -50723 -5623 -23183 49541 -16354 16862
r213 -27364 46017 -62464 1592 -62557 9898 -56945 34835 4462 32471 32250 -16799 15352 -42709 -36993 38531 -55538 26096 -9612 31240
r214 -59950 -51972 57797 31286 20651 -53799 -61537 19649 -8421 -3153 -11324 -35187 -62786 -39159 6199 -24392 -62995 -16251 49072 705
r215 -34535 51685 -362 39468 -48390 -36194 -16991 -18606 -36107 35921 -23793 64344 9378 -22595 -16258 46631 -55023 27805 23609 -51937
r216 -7113 25699 36298 9713 -9755 -61540 -15461 978 -37376 51683 -56756 50260 -4286 13762 8687 45196 -15967 -6207 51848 -30502
r217 -29873 47102 -26510 -2999 -56800 32695 62470 5484 -34949 38789 -50273 -52357 -59966 38856 -27404 18859 28699 -36828 43891 44531
r218 6448 -15411 -49664 44447 37558 -23623 -40617 -54386 38956 575 40042 1247 24258 -31338 17626 31058 26549 17129 48716 6624
r219 -554 47930 56715 2324 -57082 22536 -43924 60178 6738 63926 61177 -60397 -19511 -25123 -32993 -19876 -35890 -43114 -52744 29864
r220 909 -6746 13840 -56188 -18847 -53516 -32021 -49845 59421 15193 5540 -46561 -53717 -14101 -27461 12788 -19259 -52507 22319 36237
r221 15556 14113 -14704 -24791 43527 -30844 -35605 -49489 46665 -16514 -46578 10214 -39128 60672 30577 -43721 -13717 -49378 23964 -31034
r222 58227 -1144 53800 -47428 -53701 -27114 -36843 54251 11465 45799 -9028 -1349 41884 25043 41437 -15694 -4613 -51227 -44225 32514
r223 -28931 -64086 -19805 18314 -59539 -58870 -28190 11228 21726 59601 44169 -15889 -32178 -28023 -11118 22285 -2451 -19336 8022 -13130
r224 4800 63636 -5628 53473 13319 38183 6064 32702 38651 -24356 -42479 47981 -6068 503 -57931 21052 -29193 64534 -15705 2087
r225 13399 27666 -2107 -25069 64528 -21288 -50400 -17569 -17968 -41278 39491 14600 24948 -24759 17152 -42072 61073 -18900 -55705 -35748
r226 51219 -7814 -32742 28266 -47790 34254 -40153 43614 -17065 19479 1722 50251 -1852 -41368 -50227 43779 41828 -30593 8103 64113
r227 -20830 1995 46965 -1407 -21400 22437 29210 7848 -19484 -36550 -27219 61487 -16473 -35801 6174 -23914 54702 -38932 38028 59311
r228 29026 -57192 31371 -3868 61375 35639 12295 -59520 -4835 -27897 -54814 50671 48070 -60042 -28804 47741 -61503 -41771 -18528 15247
r229 31547 16624 46628 -54821 57451 -11248 -27302 13605 -6593 64562 35186 -5306 15051 -49221 38717 15552 3190 -1756 -25630 50071
r230 -41184 41768 25516 13424 -23647 -34635 -30625 -35557 55485 24854 -15296 -24444 19742 36940 -51422 42102 5543 60504 25034 61809
r231 -7978 44006 10882 45425 21286 -53501 -11294 5224 36527 9364 4834 62275 8475 -3733 65380 43613 -51881 10787 11400 -12075
r232 21669 60723 60652 18814 10923 61214 43373 -3656 55891 46615 -7551 41397 -12657 44198 -60153 58407 -7948 -53853 20300 26316
r233 57569 14151 -39194 -20593 12547 -56090 -33177 -12739 -620 -4699 -29926 -12086 -36732 -26790 49558 -18060 -47883 -3332 23644 -4416
r234 60498 9301 -3649 46046 -31472 -10174 -55175 24619 -3857 54265 47921 -45992 -45095 4858 -19397 -53470 35792 61172 6826 -61194
r235 -39649 2008 -55027 39179 4497 10944 -55175 -41600 -56072 54664 -47850 -24787 37788 -2985 -13632 45380 46723 -14825 -27123 35750
r236 -28140 14837 23208 65104 -27291 17449 58980 23038 41501 -61935 60143 1316 49155 64176 -28074 59537 5416 -50371 -40103 38364
r237 55512 -46326 12409 26477 4658 65116 49781 46744 34554 58405 1477 -10435 52774 63932 -59161 26323 15997 -19309 -54471 20464
r238 -5799 11031 56803 15981 57836 61770 -62246 39685 -7946 -37763 55255 15267 53791 -57149 737 23239 16426 25806 -1425 -57459
r239 36642 31349 3941 5196 -43569 -2493 60103 21198 -42487 -20624 52899 -27697 43709 -32048 -47811 22827 10351 -37510 2618 -33746
r240 -52149 5987 22245 14520 1713 -45073 -57279 -22539 -34827 -31005 63602 -10927 -16081 45831 5658 -61879 -62870 -24482 2266 5388
r241 -8625 -27822 30201 -64830 12656 63806 52957 26630 -23748 64258 20095 -39632 -31568 -40310 36110 -1308 15952 -21255 -21252 58303
r242 -21393 -47925 61070 -37617 426 -30902 52969 1383 -490 -9253 -52387 -42726 17950 42882 11572 -21552 53354 -41307 -51291 20348
r243 26025 29548 9003 25922 -29266 60311 -46817 44516 -13813 -39095 51153 6293 -33616 65209 -59790 11504 -21305 -32064 -23208 -47425
r244 51777 -47057 -11524 -47499 44414 16363 -28718 36935 -58476 -58350 -15484 -32541 21547 19454 -27259 -56485 12256 -32387 23887 14376
r245 24141 -12705 -52947 29711 -29808 52979 63002 43402 -63050 39459 61740 30433 4390 63468 -5901 24765 57947 15472 -54100 -28533
r246 27468 45640 21335 -33069 17931 60687 62305 34463 37710 -11777 43099 -32849 -59660 12372 30581 -30032 4631 -39455 12345 5558
r247 27935 33547 27532 10289 -20966 59200 61364 -32597 -50080 -6663 -12693 -45251 21146 -64834 -45052 35675 -25955 44010 -15041 41252
r248 -40540 4514 64609 -24844 -56224 -53226 46488 -26929 -24382 18474 -32037 38367 18371 29665 58855 9798 -24344 37820 23641 11425
r249 61482 51413 -20133 37822 48829 61377 -9511 52577 -29400 57261 56949 12623 -23641 27238 -60517 -31509 -61489 -1814 2800 -61931
r250 38494 3360 -29181 36921 -44196 -34744 35423 -7576 44549 -25728 26719 45342 -9570 -10377 -14076 -65041 -11684 21811 -61161 -41759
r251 42303 -21278 46676 12413 -59503 42617 52078 -60778 -36220 62420 46016 2965 -62255 -33425 -9228 -62300 -64157 5801 28014 32060
r252 -23787 -55876 -43769 31445 48464 61533 -32528 -24940 25175 -20002 46452 -12644 31146 12931 13918 12045 -37173 15362 22794 -54150
r253 22305 -20033 57097 -4492 -45428 63643 -30096 46253 32690 -39813 -7160 -7147 -3675 -58690 10940 21485 -8854 -62341 -3077 -46067
r254 -11761 9778 -29765 42429 35431 -13198 34621 -26570 -61388 -60503 464 -55276 -10309 39259 40370 52638 25426 -26398 63535 25861
r255 -40168 -8293 24653 -21085 -15404 -51416 39220 41075 -20843 9024 22179 -27802 -9352 55394 33305 -5890 40927 -27930 31516 -61594
r256 45825 23143 8424 -1544 21708 25116 -54038 33963 -42957 49309 -26102 -54151 16008 39156 -24726 1443 34079 -15587 -2970 64188
r257 55152 -51239 -61720 46648 8440 -5129 -14393 -39142 -33685 -59325 5962 12078 65246 -18538 11773 -4739 -50673 17168 -11453 14426
r258 -60692 3763 -53589 7071 58341 -29169 62241 19373 24770 5652 -35465 -18059 -40474 -12337 8287 -50153 7186 63929 49172 10714
r259 31739 65462 56031 -35390 -26445 32635 -20226 -38571 29332 -51288 6723 -55300 24052 26046 -62634 -8120 16543 14238 7736 -26362
r260 -34450 -36374 37862 -6948 18410 -37785 -8929 58198 33805 -1806 30077 -3060 -3422 18505 48047 -58823 -30700 -49921 -62643 44221
r261 57375 62117 -60517 -64815 -38974 -14517 -6939 -23566 26461 19987 7868 -30351 -19002 30405 -32179 47852 -39236 -22454 15853 -63786
r262 56346 -57841 11412 31875 4091 -59086 -53380 44276 54051 -65080 -60865 -51450 41688 39833 -45255 41812 -54323 45769 -8811 57461
r263 -24133 -44005 25845 27400 34894 -62167 -48661 -44420 2745 23761 -4055 3020 -60501 38971 -41867 -56525 5555 61577 -39619 12677
r264 -23358 60504 2837 -33233 30365 7825 51815 -2847 -58143 50654 62775 -58974 61164 -49208 -30358 23642 1762 -11486 -44575 31975
r265 36207 -61588 -4698 -24280 -50070 28449 31536 -49268 16528 3377 -37450 -27376 -31252 -26417 52454 -62225 -58608 -47655 52168 -61229
r266 54844 58329 57187 46769 368 38420 10753 5954 -57707 -41243 5168 12873 6044 -9399 814 5964 -45082 -12648 -10353 52062
r267 48199 886 24059 -8594 -52936 44220 30201 23916 1460 -55738 34490 34299 24085 12600 -36702 -14861 50702 -21866 -46347 6431
r268 -51068 -31897 -4869 38773 -59910 28467 -5663 60528 -55835 -61143 54118 60748 -64951 40842 -29314 -39911 56018 56600 16770 -14585
r269 -46247 -2204 -36711 -47053 58908 -31434 17010 -57755 41081 40603 35115 34088 27021 -58506 6246 9393 -56253 25026 -10081 -64138
r270 -1451 13097 -44977 -60289 62516 -8038 30894 14773 14716 -25263 43334 -45486 19920 31914 36832 17646 -45902 60177 5389 -41622
r271 28411 34434 -58283 36639 30178 64688 47783 -61081 44170 -25136 -39137 -55456 -60012 1170 57298 45864 48369 -17153 16320 237
r272 -17760 3636 61375 56718 6192 -48653 34201 2492 27097 23578 -49110 -46975 -47507 15980 -6093 -46580 53884 63926 -31154 39938
r273 14148 -10349 62145 -64601 -1981 11368 -1605 -51520 2537 -45955 11578 -13618 14234 -4469 51065 -57487 -57322 53125 36422 -18523
r274 1154 -49098 52799 36823 24795 -40796 2611 -56038 -62207 -54199 5714 -7871 -16632 58168 32226 -20138 -9188 6242 37776 -11572
r275 4688 -791 -50820 55738 13640 17385 -25988 -61281 -32873 -27858 -17229 61846 -5766 14863 41560 -41342 -33286 -3375 53367 52315
r276 -58379 52357 -47588 -976 43572 -61094 32120 52355 -47971 15066 55120 10558 -44763 -11313 41221 20372 -22882 -23785 -25779 51486
r277 59633 48512 -1352 24079 18704 -1691 26785 -60043 17582 -57500 -54108 49644 -54582 -8518 -55704 50409 51718 -24581 -6944 20714
r278 -47502 16613 -36503 10514 -1334 -25807 20936 -22549 -4661 -6277 52931 32991 -55716 -50016 39266 42285 35833 21842 20429 -16309
r279 7200 26350 -39815 12821 30123 50233 55637 -3075 -35482 51905 27032 -24333 18550 -59790 17006 52352 33658 39163 -49274 -47134
r280 53877 -25573 -30095 9607 52834 -30672 -32285 -45689 53892 -50807 -18490 3212 9933 -51773 -65136 18359 -51565 -19896 36486 -46895
r281 -50272 -17173 -30214 5410 42065 -3025 20647 57342 -8138 25011 13701 29334 41725 -40900 6074 -34558 1557 35107 -52737 -34263
r282 -23172 23028 12603 -49054 1574 49625 -581 -34056 -42331 -60377 -52494 -19688 -27869 -9196 5403 -62766 -720 8430 47565 58974
r283 39246 18243 -7847 -1807 20817 42239 61344 -58071 3940 -40557 19673 -12834 -36261 -1319 -41805 -59842 -15660 36972 -59446 -15105
r284 1240 17740 -2723 -1821 -22736 2862 -19103 64757 -55376 -23454 56023 -6893 44659 -19434 10351 20936 -35366 -31984 18231 41639
r285 34277 15291 26215 -5413 18736 30199 49753 2601 51966 53118 32841 35378 -47826 52777 12603 -47285 43766 6868 -39672 -59686
r286 7156 -1720 3527 -55944 32318 55902 53369 -55451 53225 3090 -21241 -55751 60645 24788 30841 34837 -35113 13119 34378 10804
r287 -60470 20558 35414 -47105 61508 -38703 22235 -57793 -45624 38480 12351 -61140 30778 -34586 19390 -36680 61645 45841 -12564 19377
r288 54621 -33490 18350 -60263 40862 30126 21421 -27397 58594 -28625 -33544 -43089 -13767 -26669 28308 -38346 1418 8765 36358 -61277
r289 -9043 13205 8690 -19999 -25986 30374 41838 -55558 -54999 48365 6215 -44916 -42125 38260 -29784 26526 3795 -32936 15599 -52297
r290 -55979 14370 -788 -53710 61242 34126 -50888 42436 -5269 25439 -59810 45760 -33208 2985 -16983 -33214 -39559 8612 41613 10725
r291 -44659 40852 -59440 -42494 -36034 -59665 63899 60167 54861 -63528 15602 -24987 5473 -13544 -32729 -42491 6290 -3998 55152 -19876
r292 -15567 29349 25335 -19853 30816 -31028 -1125 -44633 191 -47701 33759 41005 44544 13025 -54830 -4933 -46707 -1119 18427 17888
r293 -11076 2784 30249 -58629 22111 14929 38020 -56255 59864 -56027 -16532 -18326 57502 -25421 23628 33354 15759 58806 20364 23042
r294 8690 -34571 -49413 -48514 -29105 -5907 -8730 -24350 30121 12891 13539 -7941 -17090 -31356 -63968 -21144 -45491 7772 28413 -64476
r295 -25752 -10949 55688 -23631 29818 -15771 49925 -31331 -28723 63286 29301 40499 36018 -1808 34264 -4720 -10912 -23584 -55525 -52987
r296 -17658 8166 64097 19013 -29617 -35498 22822 -46052 34704 -57250 -9940 2880 -48673 -30299 -3439 53357 -35050 -16433 41779 -29016
r297 54475 -18757 45496 -20095 16282 -7742 51287 4615 -8718 -41138 50087 -42390 -58234 -39725 13276 -39256 -57119 15530 -13006 -34253
r298 32712 19237 -26208 7518 -29869 -52342 -48600 33786 51704 -55477 -12785 -29814 8311 65242 -61057 4787 56864 -49152 14139 47844
r299 48553 -375 43672 -237 -61927 -42981 -19569 -63145 39854 -16936 -60112 4240 46882 4712 -30598 -64771 18695 -27401 -16567 22732
r300 3379 -12805 -31824 -43205 35495 -31923 63632 40764 -56113 -61412 3577 -49042 -56881 -15551 45549 -35538 30427 14592 -38653 35403
r301 48345 60366 56474 47339 -39680 23661 -35214 3741 -65526 13596 -21228 42514 22414 -18294 -27785 -62161 11161 -16331 43970 -52150
r302 27329 22868 27798 2857 -36575 -203 -34723 -7020 17539 32145 -61639 35646 15371 -44708 -30336 23760 -27423 -53336 -13174 -50803
r303 6018 37494 -48271 44583 11504 -7078 -33906 26220 44074 -51697 -45077 -43673 41658 -3707 -3006 31696 -49171 -7959 2528 59041
r304 -27271 65360 59362 9272 23118 54180 12938 53929 -26659 -36367 -19784 64529 16877 49605 -65453 31509 51097 -45091 7291 -63012
r305 56957 55346 -46492 6292 47152 -64290 -37394 57422 34089 -47248 903 23283 19091 -5667 -55142 24631 -25386 -148 56380 1692
r306 -47264 -55476 43 62008 -16248 -765 8039 25159 -3326 14871 -6829 -54328 -10157 2751 -55741 55087 -11542 54318 -52439 62455
r307 48355 -39026 -35308 25335 58012 -11271 -30176 -26256 -51364 -34637 -16015 -20629 -58437 -51508 -16211 60446 -16841 -23061 54098 35370
r308 49829 -59221 49555 -64512 -19202 30032 37619 -10725 -36089 -31872 -32571 50581 -43562 57584 -27867 -36423 59279 -64682 -8520 15378
r309 -39002 50225 -61242 -11690 35162 -33400 17559 -29044 -15323 31397 -62405 27197 24193 39046 51377 30582 38918 37366 32105 -49078
r310 -60186 49949 -60491 -32008 51576 -9480 -56469 8040 32499 53995 47182 -45834 -61892 30422 -1403 -40003 60516 56144 -36622 -52130
r311 17710 41861 -45125 -45938 25710 -7457 53139 57142 35585 35052 8904 2191 -61513 17279 -46181 45603 -31274 31593 53632 -26102
r312 25321 35691 -18291 33826 58680 55053 -24555 9482 -22232 -49885 -34982 -14769 18265 -28525 -39162 -23143 1341 12075 -20187 -36199
r313 8931 -38115 -8101 33216 -63705 -3745 5397 -2935 -42387 63950 57509 21257 -886 -58931 -12097 50715 9570 38095 -8925 49598
r314 13759 59841 -27239 -54961 55813 22935 -21884 -59653 -37609 -40357 -63887 17207 15485 8134 46113 -42334 -27440 -31312 10840 -45926
r315 -48897 10245 -52238 17594 692 60592 -33242 58963 -34227 -12243 32391 -15123 42280 13822 52338 -41840 -48919 33980 -12117 -21521
r316 -14093 -27895 -16257 34469 40269 52159 18175 -2893 -61091 -54783 36156 56042 9350 56790 21854 9887 -42717 -50555 -26037 62338
r317 1351 -23472 -37654 -50865 -12438 -20432 25832 -25065 26359 65414 -50401 12282 -48088 40130 -11216 -54897 65339 -51241 18544 -3352
r318 979 -27761 30972 -2433 -32729 -52807 -616 41897 60684 45509 30390 -9849 24653 -8090 49226 46558 1026 20977 -45805 -28659
r319 25940 34252 -64042 61038 47896 -2776 13330 -3873 29977 -21563 -49522 -49689 -53069 65382 -1362 49871 38075 49825 -53921 55784
r320 -61818 -60184 16535 6120 39669 -39908 56328 5311 52925 16213 65057 -26517 -43802 16507 -61875 -61429 38909 36480 -18540 -49621
r321 -33719 -6214 -63768 28150 -5828 -32982 49879 -59269 25769 -45653 -53982 -1068 -29234 17855 13087 49575 -476 -50723 23314 26698
r322 -30149 37840 10678 63834 -31982 -6158 -34277 -13577 41595 50775 56662 23114 35476 -43264 -13277 -25030 8590 47951 -29738 -50365
r323 -22727 -9493 54640 51617 37331 26937 -2352 34302 -11807 -11998 -51871 45340 53377 -4528 7487 -35251 -50025 50056 -11445 46657
r324 43969 59278 36645 18276 -43287 -80 -25222 -5084 -50001 34193 50576 27776 -7720 -18810 -60140 -10148 -39912 26868 14585 37305
r325 51668 16395 -53618 446 32980 49870 25600 20111 16899 -16307 11661 10086 35968 21420 60604 16065 17486 51519 -54168 11216
r326 -24722 49650 99 57734 -19535 53994 -62943 37230 58101 -42315 42739 22929 -52905 -33158 46189 -32924 35658 48793 16525 31722
r327 42736 57580 34543 -34729 -25530 -20770 -26476 36445 -16426 64385 28238 36877 32010 1624 -62860 -15539 31856 -47436 -55984 50629
r328 -64755 -11330 -42930 55714 10359 -22819 52542 62671 60385 -8945 42227 54626 38255 32315 -25882 64405 -38943 -38880 -34636 -1095
r329 -38882 38319 53376 53140 11169 16873 -65351 47690 56150 59816 43204 51865 -54554 16891 -64481 -35097 -60066 -615 37711 -7026
r330 -60668 -55772 -23461 44568 13563 19007 -41116 1323 3469 -12182 -1105 -28639 54967 55482 53855 61328 -58430 2333 -46321 -32334
r331 31650 -16918 23421 -29945 52924 63374 -9728 -32862 -33005 -35964 53441 -50184 -54609 49573 2232 -29065 5578 -29134 20341 17833
r332 43400 25244 -45531 -44976 2758 48213 347 -17592 -43988 45566 -52191 -34426 39436 21666 -3139 -41359 -32246 -51349 58907 -33776
r333 48598 -43556 3377 55311 1761 -10574 -18777 64460 57826 62488 36751 60693 34975 35623 -21979 -50954 -42968 9566 3812 -51074
r334 37792 -2632 27990 48150 -10506 7615 62366 18809 22470 -12810 -10180 -39113 15415 12621 -62074 65530 58113 -27986 56827 64772
r335 -46609 -57515 -15276 52016 4172 -2393 -52928 2136 48341 53734 -20583 39378 -47260 -37266 38422 -43711 -28427 -41222 7491 -25424
r336 -10373 62666 44179 -29552 -63232 -54171 -4186 21818 -5633 -22056 -65203 -56367 36250 -17388 -46708 -34434 -30427 52071 -28093 -59926
r337 41910 3548 -25465 57877 38550 -48738 -26070 14334 58259 -7498 -27253 -42253 -3150 26132 33667 34073 -48100 -4850 46703 39238
r338 8845 63319 6137 -64085 35393 -33045 9960 -54291 -29860 49182 -50485 55643 26934 4601 23275 34935 25439 -45455 -15144 -9745
r339 -33127 23233 -14743 -15975 -16259 16741 -30147 3105 64185 8573 -54737 41933 8772 -30468 -40147 24552 9649 -40813 -3387 -58018
r340 -55067 4578 47166 -47111 8165 -2521 -38178 -61202 55514 50372 -23897 -5260 44949 -1348 43632 20225 60333 45628 4954 -7601
r341 29775 22239 49741 -43539 -631 38195 31604 26506 50494 20808 -55631 38172 25189 -20382 -48513 22092 30469 -15172 -59526 26318
r342 -56888 3844 -20069 -15085 10109 226 33006 -56162 -7532 61923 51115 44914 3098 -6733 -63194 24599 25861 -31266 -49808 20106
r343 47189 680 -53781 38082 31091 -30663 -52293 20483 -44816 12269 58757 50573 -36818 -64905 -17607 12706 -31112 -52191 -17701 6353
r344 17948 46595 -52708 36211 56795 -21235 -20972 31081 36587 -54372 -58944 57678 -9878 35566 -44115 39304 -50354 -58981 15863 -35920
r345 -42601 61600 -35609 7720 17854 26953 -56810 15240 -24421 4572 -12222 31117 54432 -621 14288 15502 -18658 -44424 -62369 29172
r346 -57612 -18916 -14548 -11357 -1811 23030 -6232 -41569 -4496 -26504 22163 65013 18797 -37041 13949 62394 -43332 -23008 -59725 35790
r347 -48113 32676 44585 -30243 -35436 23367 -9285 -40345 9363 24730 9662 43418 47812 -41695 5573 -23628 -39722 -14213 -18154 42536
r348 24941 2410 -41370 -62655 -44014 -10424 -27041 48477 45789 -1405 -62537 -25672 33222 52552 9772 28155 40857 37932 6673 -12567
r349 18250 1869 -48884 48698 -47811 -16266 52266 -6726 -3930 -6663 57844 -6624 -42081 58243 61148 62554 38752 56459 -2821 17455
r350 -41880 -2219 60183 -18869 45343 40609 -54048 48654 -7414 -31159 20038 -60620 -59316 30578 -61970 54759 -28169 26799 -39277 -39672
r351 48572 60052 52777 -25273 -38982 -62562 -43685 3528 -47472 -36282 -25386 -13656 -2015 -16100 -9234 36682 -6898 -47250 53492 49637
r352 -31121 29549 -11943 60235 7349 -55076 -47635 51256 32523 -57881 53068 -10092 -65112 14694 -53023 -23990 38842 -50251 8745 -26939
r353 8273 -61810 -32206 32685 56483 34820 -24476 8117 -27944 9458 -10308 31358 -29583 336 -4242 -11204 20585 41290 -64264 34515
r354 -7479 -11635 -53466 7986 -41672 -198 -20368 -63527 53199 23818 25797 -51893 -53816 11649 22951 -48733 7940 18596 -10140 228
r355 51852 -50327 12561 -60709 -40783 -28248 -51202 -65134 41196 -20525 -59245 37434 65009 -25526 -28988 -42084 9212 -25185 -18121 22824
r356 -50105 -47233 21133 -13102 -39885 14157 -1802 -62188 61510 53231 -6433 -8298 32927 -40568 -3148 -63212 26438 -60544 30265 34132
r357 44726 -20871 -60934 44607 -58148 -54616 -65277 62647 32014 -20725 -13854 -15839 -3055 12768 -10353 12976 -1827 -65175 -47181 -11824
r358 21922 1825 7541 24484 -58709 37319 -42401 -58858 -58331 65005 -28616 -59749 63667 -29022 47039 -6555 -18038 -22194 -29055 42419
r359 6712 42407 2642 31864 -5232 -26201 22787 -47303 -30892 -24724 -18549 -2891 11969 -12535 -27209 -50420 -28836 -13023 45071 752
r360 -61195 -33314 -36807 -8503 -11793 -61590 2601 51579 58177 -2391 -37289 54818 -11116 -20337 -26361 47314 -41381 -26742 40507 -31426
r361 15307 -12436 -49206 -49077 65171 8025 52145 -61219 -65469 -33951 -29538 -2397 7799 23649 36030 31372 -11251 41416 61520 -1915
r362 -10427 -17977 -741 -4240 46287 -56012 42066 65073 15105 -3519 22346 -53930 5371 -23179 -22464 62177 -30268 51671 -10199 -9854
r363 51864 36728 24581 34776 -38576 -27122 22329 -45122 52104 16656 4655 -56913 -1427 18062 -47112 49204 32691 27331 -23999 40893
r364 -46575 7076 -6080 -55100 -42664 -35364 -4132 -7321 -43164 24398 40759 38639 60329 -3071 -44596 57769 -13532 -56992 5783 -21799
r365 -26924 48412 3414 -62970 47610 -31135 61401 -24413 -46007 41031 -2254 31000 33846 -7949 19316 28814 -52572 -54305 4514 -6128
r366 60917 42691 -39022 28560 52746 62432 27717 -39976 -56129 40301 67 29334 -56782 4836 43990 -57501 16636 -62271 44877 -15311
r367 5355 13266 -47595 32943 -48365 -18909 7889 -15934 24151 -45122 -47382 1976 7425 11254 -7901 -56230 -29165 36590 34771 -38083
r368 -58126 6502 -24501 55527 -8901 -50208 3356 20200 -22167 26527 -35032 -49789 -38131 30666 -21829 -30466 -57212 -4461 46741 8111
r369 59578 2719 -60628 -38548 -41590 28134 -25890 32944 5405 -44142 29831 -48925 10975 -37161 50247 -13915 57988 5107 59816 39960
r370 9449 4352 30114 63267 7906 58183 -23932 1492 -29366 42608 -54889 50505 54214 6759 48742 -60411 -6183 7619 1732 61613
r371 -1138 -6383 -51295 6806 -64743 -56118 -19943 48584 -3568 -61672 14293 54984 38516 -43757 14032 44991 -4985 38420 8861 26792
r372 -64672 -18654 -52938 -31756 6121 -18042 25583 -5066 -27082 -51123 -9731 48880 52762 40730 -41830 -58000 -19266 -43210 51253 35391
r373 -55511 -50182 8866 4952 -46555 -23202 63740 52936 -29815 44265 25262 -24100 15558 34550 39162 -25360 -39443 -24753 43812 32155
r374 18075 -37308 43078 -62009 -62845 -49582 23448 5665 -60703 42956 -49399 55011 43220 -10745 -27044 -38137 10376 10362 -29532 -29345
r375 50463 -31236 -40198 58847 14778 59860 5825 40389 -5582 -29857 6248 9383 4809 63476 19904 9889 37362 29400 32275 21945
r376 53872 41195 62171 23701 -52470 18870 10023 35620 65422 19736 31132 65034 64917 -41609 -2856 7476 -15565 -3006 -27795 53926
r377 -22008 60218 35481 35821 -64609 1502 26172 -2307 8386 -42314 -6933 -45987 -55633 -61066 -5376 -34656 43928 -61405 52909 6515
r378 -45264 -51639 7991 48501 29823 -39018 -18726 58235 -39495 27171 -12558 23476 -4081 -57718 2984 -44967 13280 -65439 -14751 -58448
r379 57962 -21803 40432 -11618 47290 -6907 -10067 16651 25069 12189 45041 -37943 6671 49415 26072 -58713 -20583 58234 -48226 10913
r380 -22223 47999 -26624 -29163 -27613 -34973 57959 8225 21558 13148 -24154 -25978 -51292 12082 39190 12821 28337 2099 41846 -3721
r381 -16784 45317 50826 33900 52135 -23639 48071 -15321 -49133 197 -48066 1569 11718 57741 48797 52458 -6270 12415 7011 -26238
r382 4773 -15288 43019 7072 -22221 -55966 34248 -33538 -2657 16216 53808 -46951 -45743 41728 -8994 20885 -61581 24756 -6746 -7533
r383 -4241 -26354 36236 -63906 -10114 6885 54077 21674 14659 -65512 -49125 33872 -1463 -12813 36168 36191 51565 35576 -9021 -3144
r384 -3838 -39668 55174 522 -26481 58980 -50951 35465 -430 38001 16130 -15513 -29950 59155 -47936 -43400 33931 17815 -60862 -55981
r385 32400 45939 -28478 -20694 31115 40754 -34255 6197 -20299 18741 34200 28653 31045 -14598 20700 -49927 17354 -20298 -31170 -4349
r386 -18764 -43608 39987 64152 41980 50543 -31030 -6532 61047 -61800 -13080 52782 -49792 421 -34390 17098 -44035 55886 54885 -23497
r387 -45869 32188 15246 12463 47785 -13823 -40575 11799 56794 -26299 53344 28194 -14846 615 22589 -38498 15360 49809 34760 19462
r388 49448 54022 59966 -30233 -63289 -44410 65041 -20036 57635 -10775 32852 9206 24424 31906 -9166 14928 62072 -38913 -45735 53683
r389 60103 -56080 -21569 58140 32342 40739 62618 17121 -26772 -10559 -49048 29928 -46319 -16810 33549 -40887 -22938 52150 18617 12726
r390 -53450 44907 60703 35217 -20879 -39147 2159 6526 61318 58914 -36229 -34168 -55242 -29302 -33199 -47373 32692 -34997 9418 -5037
r391 25096 -59036 -40177 -22720 -52594 21940 -36023 28392 26498 -53933 -36909 36018 6426 -50518 -3269 32078 48622 47721 37446 1876
r392 32334 -29685 30597 -25104 -36779 -49930 -43463 -31724 -50517 28337 -32243 15069 -36986 -43646 -26168 41263 22916 -16791 44257 -31104
r393 -35361 -27314 -16305 55831 -4951 30064 10059 -20443 15071 -9699 -43637 -56187 62602 -47683 21884 -45527 15639 -34808 43855 17710
r394 54167 -52269 13145 63980 -58143 -47665 -40246 43849 44946 17606 29671 -24321 -59074 53791 -63061 4336 -30712 57735 10819 -60181
r395 15201 -61322 28784 5508 59379 97 -15983 10433 -22213 10419 -23100 -14785 54225 -52425 -37818 -18927 -3965 -45932 30940 44892
r396 47975 39228 753 33188 -29517 5938 60769 60566 45087 35417 18899 12868 37943 57759 -180 18488 -43505 -11902 -25756 -20025
r397 59967 22815 27964 42572 -43213 11317 -25210 45384 -54457 -3823 54003 -17046 9662 -21730 24921 -15023 -13829 -5695 -29909 -13278
r398 -51040 9624 14418 2924 24295 57395 50464 -62239 39059 53599 19529 32450 -21098 25072 52850 -32870 -28928 30211 30037 -9249
r399 -64044 -42307 -4005 57893 -26402 43367 32655 26 -484 21980 -47814 2569 -52890 18958 -64768 20243 8195 -26243 -18109 39191
r400 38749 62907 -35514 -11194 -59110 -53664 29323 55252 12421 -8092 14258 8437 -240 43650 -13148 -8397 -35867 45272 20575 -2207
r401 13368 28688 35660 1429 -51722 34027 53867 -13812 44689 -64683 16535 -28780 51506 -47672 -13807 -57261 -64684 -11175 55547 -36366
r402 -46494 -1192 -14096 -33583 -22835 40242 -47184 1824 58389 43241 -21038 16226 -40451 -3639 60993 45536 37027 38810 18242 -47007
r403 -12154 -21368 5763 -44846 -5384 -36048 -32346 -56892 -54455 -22891 16972 -15195 -10511 -29381 -57847 -18324 33350 38483 -3015 46220
r404 -25758 34890 61157 34978 13271 -13220 13110 -16401 44341 60691 -27400 43987 10973 -36081 -50943 3509 29913 -9122 43938 -3784
r405 -25991 58160 -16252 57223 39542 22346 -41674 -1207 446 6211 54956 50553 -16933 -53892 -34760 -53899 -49663 -52590 -39567 -54462
r406 51970 -20520 -1269 38060 34527 9936 6054 -61523 -42387 -55538 -12182 49193 -57310 -14108 -50467 8520 -21076 61710 35402 -36150
r407 42354 -3406 25020 -26627 16224 -34192 702 -15171 15675 -8385 6877 27175 -39632 61760 58876 15675 -48378 -35539 -10113 -47567
r408 38843 -14131 18249 -42065 16227 28842 37396 -35489 6697 44069 26529 6469 11210 -486 -30672 -41472 -23875 13743 -40761 -23472
r409 54388 31739 54576 55933 -2025 34226 52977 -30526 -42957 -47989 8622 -41040 -19967 32575 46016 -32517 -5405 -6825 9874 32149
r410 -61793 -983 -6070 45870 -2935 45833 -20081 52269 32591 580 34619 27699 -29480 2253 -5248 -57209 60926 -4085 -149 11296
r411 -1722 44915 7108 -38004 38400 -65148 -2279 -2774 -47629 -1834 -52391 46973 -1265 -39814 57569 59935 -26903 -59890 21731 -38921
r412 10319 39277 714 -8262 30646 43700 34598 12736 22788 51412 -58425 42799 15518 20734 38832 44646 -53161 -52051 -39574 41777
r413 61720 60139 -57938 -14121 -27569 -44741 2479 -11004 -9181 -37017 38233 -45045 -35234 -50008 -31810 -46417 -25619 35657 -46247 13261
r414 -24302 -53781 -49202 -45378 -46751 -23145 9849 -64078 57091 -13285 -62195 5044 28311 58683 34889 -11145 6007 -58344 51937 -61750
r415 -10774 50077 -54370 25915 -17621 -29202 -39532 -42546 -10341 52052 9100 -61925 -2878 -49379 -47389 -50878 -26229 59777 31506 -59931
r416 -64918 -47951 -16781 19955 -8068 -34625 33039 -24309 51985 54594 -62765 54652 -38129 -57386 3993 -63288 12536 -55785 55550 45691
r417 -58676 -11889 -32686 65223 48790 23771 18407 47450 -30288 -21620 44592 -42051 -49549 53680 52997 48118 52256 -994 -64035 38616
r418 12528 35003 14361 50663 -21362 -3542 -63960 65102 1384 -25493 27012 57487 -14500 11729 64859 -30742 41053 -12331 -38993 -15250
r419 -23532 -37037 42450 65020 -29952 43765 20643 55713 -13713 -14930 64864 -21249 -5624 -41871 -57612 -13009 10389 32141 -2363 -32895
r420 48249 8382 24676 -58238 25893 -44988 64441 -43205 25304 -14283 -42860 63551 -19653 19830 11693 63128 5189 -24194 48861 -30940
r421 -43292 31652 -34493 -63373 -30584 26941 -30773 -37726 -27949 20166 -36483 -7109 -28230 10625 -7976 59423 2292 55015 -21020 22572
r422 -59616 2757 -65105 49862 51312 -46706 44994 -64979 -28047 54924 57526 -24245 43250 -838 36696 -378 -57757 -7612 19730 49126
r423 -14603 18089 -41863 45719 64699 22171 38488 49332 58989 13768 -38794 -54346 -3080 -35605 -37219 -30330 43985 60771 35655 36624
r424 52052 -41512 -64409 41860 64925 -36775 8476 51020 -5848 -65491 26186 24877 16972 26996 38936 56808 22263 25912 -18127 48949
r425 26037 -9708 -61328 58069 -14216 32273 -40417 24020 47557 -3691 42615 26982 -12701 -52369 -17735 65414 -18742 -58355 56106 -27746
r426 -5090 -36645 -26108 -17002 -48633 -23451 10405 50150 -63547 16300 2879 45101 -41982 -33793 -6239 23304 -17252 -12437 40984 -7955
r427 48845 38106 53608 28245 42565 -59401 -54434 39686 61763 38866 -58807 -13658 -4040 -35856 -25841 -57716 -19066 -38586 -9732 -24596
r428 -21126 -27464 31111 -11195 17103 -26706 -25553 -31441 42227 64039 19649 -64240 27277 -34606 -56113 -27333 -62875 11954 -1818 -26249
r429 5042 -20023 -20480 -45175 -39930 48417 35251 -30276 -29241 -17887 -21816 -58412 59922 -46331 35780 -2540 -31850 -47735 -19171 -13033
r430 -60955 50855 37671 49605 -28393 -39086 2019 35869 39387 42150 47233 -215 1483 58909 8974 -23769 36087 -18264 -31567 52919
r431 -8134 23693 37687 31720 16079 -34784 -1258 3635 -29332 28876 -64051 62537 -50322 -36960 34371 -447 -18665 -38219 -34930 48234
r432 41888 43517 49325 -57428 62262 -51354 -34282 56371 35625 -48428 -52326 -28157 -47675 56155 37173 18573 -59609 11385 59590 5133
r433 -32831 -45270 -63100 -15849 17267 58194 -17469 42673 -9826 37678 -12209 -58912 15487 32961 -55596 22863 49469 -14663 13729 53184
r434 63764 -30584 -21107 -52975 -1147 -21532 -57376 14081 34938 -18067 -8986 9386 54560 -43294 49072 -24775 58922 56236 -25771 53837
r435 -64110 -33818 -866 -47503 33796 -53176 -29278 -29819 54500 -15773 36737 -58179 65124 52704 -25252 -28585 34930 -47484 1249 -30014
r436 13655 -9715 -26917 -23308 34480 -36972 -37408 -61527 -20449 -30045 24501 -31416 11374 5984 -49433 29787 -36651 4580 -27566 -33702
r437 59692 -63010 -57505 -11330 41237 -48240 32723 8245 47298 -17248 -58313 14122 -51306 53819 40838 62313 15464 -18856 -3672 61477
r438 20350 1209 -53327 -63428 45647 -32882 36493 -7819 -20381 33238 -33146 36323 19565 -21355 -11857 -33935 -43827 -47725 26719 50928
r439 -43876 -4526 -33518 -7093 32745 -50678 63933 47012 -13943 -23715 -57755 -5743 -43561 12876 6661 35599 5652 31969 -9966 -28216
r440 -13294 19408 -9008 17434 19542 57346 -28578 14764 -54258 24549 4314 33415 -8961 53439 -63055 -24656 -513 8915 -15704 -19533
r441 -17663 -23285 -12615 -30441 -31134 65074 17978 -22904 -47000 4212 -18699 23109 13987 19094 -15435 4774 61625 -32819 -44205 36369
r442 61227 63141 63574 -26568 27039 14861 -18307 31802 5154 55809 -59147 -15852 -18578 17660 54090 -14734 -36662 63192 52089 -1440
r443 -37747 45184 45397 11237 10476 17853 53929 -39490 -43225 -33826 -19038 20198 -55696 60061 22297 -15847 -13601 -59252 -7204 -23167
r444 -11025 17436 -9423 -19292 -9099 -35697 -44702 106 -4145 -36243 24638 -14456 -33136 6750 -1607 31022 -43150 10108 -50249 43539
r445 -27259 -64746 14271 -67 -63659 6736 -48672 -19974 60875 21079 -41133 21945 38092 -13150 12699 19444 44542 46347 62863 -37055
r446 60275 -23041 4651 -34429 -30197 20965 -4821 -30977 18020 -58498 -60740 -2008 -8205 13176 18863 -55252 -14942 -24281 -7390 32236
r447 -51579 23889 -51441 -16647 36755 -45391 -63945 -40387 7066 -48868 -21403 -5338 17455 15220 -12996 8185 -53677 -37769 9347 29153
r448 4634 51693 -53205 -34850 -45134 12185 -12275 -39050 36910 4052 18039 -55730 -26969 5432 41085 15876 35544 -13307 -36743 -27455
r449 -33819 10007 42420 -34272 15977 28048 51737 -50281 309 51361 -44018 -28569 32023 -25890 22202 -28929 -44969 55644 32528 -62756
r450 -12018 39270 -23437 11846 -19296 61192 -31005 -55621 10519 -9893 62477 -18094 2099 43419 -61929 -60654 3967 32220 -637 49337
r451 -64658 64151 -33729 -65286 -17376 -43958 45583 -50352 -35786 28470 -57861 29257 -30424 48992 -22182 -31096 46771 -33577 51691 -61687
r452 -18157 -17296 -28244 17855 43197 57045 10899 -22374 -28212 -54027 1419 1206 53581 17435 -4355 52037 -59581 64926 46101 -32421
r453 24597 41647 32574 33153 46943 -20468 -31169 53312 49955 47683 -54481 -37058 -16580 714 18894 -18161 -54605 -17053 -53467 -62873
r454 -43476 42764 -12893 36872 -59602 58225 -17598 -15013 7310 -31617 -61620 20220 59273 62576 -27605 -64509 6798 42958 -53970 20458
r455 -61165 63332 -4970 2711 1702 53269 -26924 42785 33057 25261 -44217 -49567 -30636 46786 -10547 60118 15319 60249 -43461 57389
r456 2578 59345 -36131 7561 -29569 50374 -33332 33932 -58832 -13350 62432 23854 -52412 -46336 -65368 6344 35261 -46790 612 -34368
r457 -23305 -18299 -39512 -629 41942 -11122 -61845 58766 -23899 6445 -47151 -28447 8410 17722 -13987 42204 -13321 -18444 39318 -30284
r458 -32798 55934 48849 -28113 -35583 30887 50755 47329 -35052 20257 -46469 19669 26451 33145 31961 28875 41620 -18420 -44200 -3681
r459 -46093 65254 43144 -50768 13029 -28296 11532 -15333 -59756 -811 37473 -39294 -22598 46488 -43774 -37021 -15030 -57339 -41375 -55143
r460 19988 24847 53671 60505 24727 -60453 -29829 7998 36263 65011 -5451 58951 20694 35402 -36403 -9997 -16297 47224 -53458 -58314
r461 18678 -15024 11226 18751 39654 40893 43316 -14864 57657 58738 62989 41107 4806 -42216 -2840 743 -15156 -7025 -8735 30562
r462 21819 62623 18909 -20113 19148 29624 -38218 23033 -26387 64326 6605 18591 -55348 -62458 26143 4114 21150 47226 52031 13091
r463 30449 33003 22616 -30969 19353 -54105 48168 -4161 -11939 -41951 -38012 -62438 -11458 17086 9954 -5950 10650 52612 -36697 -47389
r464 -32838 33366 5084 33385 57699 9794 -35518 -20616 -44685 38340 -53537 -19309 -7355 -41166 -57328 -10951 -19367 -18049 -49890 -44097
r465 2231 4343 18133 -14784 18721 27241 -30021 -44452 45898 8192 -64232 61999 -48324 -60543 36500 23214 55424 -10767 -64678 -63939
r466 13243 -3449 -36741 -19822 -55061 63634 -54879 15790 43231 65256 -57936 -61000 -59034 -1283 26000 -45 -1947 43017 -45933 -55782
r467 -61276 43629 60979 5973 30025 37531 33597 -27162 -4016 16688 -45624 -38454 -33584 -1642 60329 -32243 53856 35311 -55082 869
r468 5259 18893 -63290 18850 -11975 -57920 28444 -422 -11293 -63451 -13020 -39110 23110 -22266 45626 -18164 20618 41098 54631 -45575
r469 61096 -65223 -7121 19190 33558 -8072 -19212 50677 -13236 -47391 10101 51536 -33471 -44156 32284 39785 32935 -15384 -54734 -60498
r470 9863 -4953 64889 -25511 -1357 43852 -8954 46597 52243 -55107 -64957 62127 -65068 -33914 16943 -43956 2556 -4294 20324 -46535
r471 20027 -39779 -51140 -26648 46969 -26063 -28941 -14099 -42707 63852 2158 54848 9846 -32831 19072 -44647 -58740 47673 2433 62172
r472 44232 11501 32634 -19527 -55115 -33899 15428 11997 48790 -2872 -35422 45513 32339 -35364 13947 39277 -31117 33897 -40130 58966
r473 58694 -41914 -35172 37367 25743 -50987 -49623 -39139 -34129 63344 48403 -35963 -40254 -65188 50692 -53490 13679 63629 33035 31467
r474 -28495 30705 -58313 -3553 36791 -64353 20196 34739 -50950 -21901 56720 -25704 -28328 52127 -1496 3056 -30719 51958 -52029 -54590
r475 59079 45363 62415 60649 14097 -60151 -26833 -58931 15107 -8948 -15054 58132 24820 1716 -54465 26528 51100 -21572 58580 -28404
r476 -21010 -43574 -19567 29918 14193 -14419 -61133 14262 28039 17567 60936 58437 -9638 -4636 738 21522 -55239 -27634 -48077 -6142
r477 -8238 46738 4508 -12877 10424 -35631 -64448 -3173 -26436 16267 -24610 12415 52045 42574 -60510 -7449 -45927 48295 28045 63569
r478 -7531 -29144 -48003 2898 57431 -15099 25289 -10825 -1530 -34214 -29172 59236 3861 2534 -12207 -49978 -47748 -15601 64369 62753
r479 -13137 -20520 -48364 50580 17748 62197 31631 -42378 -35639 25163 28662 9550 -16918 27140 -38483 -35580 -56468 55143 -6270 54015
r480 -24293 -7074 23217 -22804 -51153 -40829 -2325 -16500 12924 64138 -7320 -60408 -7108 -14695 -2563 54265 -23343 38921 7679 -21235
r481 15759 -51677 32151 65001 -18129 -33721 13875 -55422 43242 -25627 2627 -37837 -61013 6708 -51679 20815 -45042 391 -31194 2533
r482 -18633 -22531 45062 -2499 56157 -31705 35184 -21132 -31920 -57508 -35116 -62729 -33448 58108 -39186 -40531 -58296 -52791 -11039 11870
r483 26356 24257 -3760 34955 57571 23225 -32738 -19883 24422 -63092 -52887 16691 -55127 -18168 -51634 -5909 -36839 -10005 37988 21741
r484 34135 -15224 11897 31994 27322 46480 52790 35958 41870 43416 22495 -28087 -1359 28119 33625 53674 -47179 -10968 23841 -36095
r485 -9267 -35126 -55935 -21802 54393 -41305 -64791 -57526 31753 24702 -12792 54789 -56771 7840 -16820 -19247 -19974 28447 -16071 20898
r486 16020 29656 -61430 7569 -20790 41439 -30292 -26318 28673 -9042 -42404 -4996 -15979 46703 33979 5412 -55527 -64700 -29944 59583
r487 55640 44546 -30168 -41499 -8731 -61412 62298 45960 57745 8620 -39205 12146 -8647 34606 30155 -6681 37986 -25605 -32298 9279
r488 61900 -61695 -31767 -16357 -18162 -19287 20370 57929 12471 -5045 -6336 63267 30970 -11476 -14132 32328 26961 23327 28039 -56635
r489 -1502 -47386 -39537 -2862 -51659 -18869 -41625 -61323 60797 12644 -55159 -42190 17033 -53920 -19429 60520 36655 -40553 44676 27718
r490 48710 42640 53591 -16841 30475 -38527 -6149 -32157 -3648 -3689 -21671 17314 14637 12630 -30786 56145 -39628 43444 55618 23129
r491 63141 -32155 58071 -43839 41618 39437 -15775 12464 9991 32851 -56626 -16709 15470 39702 -47301 -59062 21462 12424 55809 795
r492 35280 1479 24097 -8719 -26146 -14940 -1504 -31295 -31954 -62082 -7321 -58768 -25770 -46718 -13873 -57310 -43146 31911 -24896 -6991
r493 -51116 -17783 31204 -22534 -22693 24942 -39234 -39802 8417 23798 -9663 58780 14451 -36150 36136 -30418 15349 -4379 61952 45201
r494 13267 -47204 35524 -55771 -9932 -24559 -43624 -63124 11604 35254 -12477 27142 39645 24780 -5306 10512 41555 -3796 -50632 5221
r495 -24273 -16095 16814 -26303 -25204 -64705 63287 51355 -46772 -57054 16646 46259 -38360 -47352 -1212 8996 -17282 34177 -17813 -12747
r496 13811 -10151 -31247 39701 57220 -39784 -12806 43929 41559 21094 61154 58361 -27926 -5364 27660 -11655 -33954 43116 46504 -21381
r497 -15630 -1321 -32651 26080 -9386 48428 15635 -56848 -51946 47935 -1096 54468 -1208 27466 -20630 5595 -6231 44608 45429 44623
r498 -11862 64259 23754 -18076 37977 26689 -53641 27719 -55837 -26378 63019 -7805 13647 55554 -30159 -47902 -55859 12360 -41749 3491
r499 -1353 -50302 6662 -21295 65466 15813 46966 24763 -27580 25481 -14094 -50820 20594 -13300 6874 -45891 -16818 -49102 -27427 -36312
