mTable42 21
KEY  c0 c1 c2 c3 c4 c5 c6 c7 c8 c9 c10 c11 c12 c13 c14 c15 c16 c17 c18 c19
r0 8258 11985 38207 60126 59610 52697 -46584 40002 -19313 -65219 -1787 39619 17700 57532 9893 42992 65351 49733 -23815 -11513
r1 -14805 39117 18704 -25320 -58938 -26720 62132 -64586 55915 -10194 -11191 14198 -13850 62207 11709 48802 -52860 -17922 39556 19096
r2 2428 -13841 35849 -44530 49220 -17627 -63122 33668 -38152 23584 27479 48479 -58191 -25206 -5751 8137 -43029 58795 -18795 -23777
r3 -52612 39039 51963 64670 6795 63303 -23223 599 63395 -41691 -35229 -6675 55941 -8153 48577 19385 33465 -6915 38941 -58742
r4 12275 27549 -23211 -32199 3916 -493 9728 37921 -24381 -8434 34489 60214 -43262 -36331 36496 -758 -14570 -13219 53996 40866
r5 64602 60531 -25234 51947 4249 -22530 -24602 -38334 51726 -63377 -21162 -52001 -9771 64263 61870 29002 24481 -8472 -8814 60771
r6 -1469 58592 -37721 45626 35494 -8043 -58702 5286 -56982 41687 -36357 -50591 40724 45826 53121 59012 56249 -47532 44788 -45776
r7 -64768 -33989 22024 -39243 46314 30917 17076 -44428 18746 -20051 3933 46825 33185 64792 -60390 -53497 16023 60570 -36908 -33745
r8 4640 39594 58396 -19540 56389 -10908 64798 -63475 11132 -63123 16240 9107 7607 61087 45589 13945 -13455 46437 6337 1816
r9 25057 47762 55006 -65323 -46645 -29423 39577 -45343 -42870 58703 2033 22850 -62507 -61724 -3389 -5609 48660 36161 -44329 9619
r10 24402 45174 26747 -62091 -37582 -37775 38796 -64187 7643 -64940 40545 2136 56414 63761 -43580 57513 15414 31404 44953 -54548
r11 -64337 -53564 40272 14793 20542 -18982 50586 -40111 -51484 18464 -15016 -56652 -52545 14468 -40868 -60299 -2337 -58444 7373 35470
r12 -42130 -55626 15002 -48521 -22117 -48658 35633 -59398 -40635 46729 -38460 37741 30326 -50876 -46270 4632 -52442 -20697 41943 -20550
r13 -18756 49768 6881 51956 2760 -27300 -46766 -63792 30278 -42864 12771 -20409 7465 16135 -10894 -25082 31544 -39931 1673 -1989
r14 -26951 -16250 -45477 -19084 49647 -5059 5591 -42665 -33305 33255 -64390 34423 -3267 -37536 -36350 31148 -30361 -43651 41556 -59604
r15 7855 43258 49184 -64319 -34618 -35100 -55386 -56011 25190 23582 26528 60383 9228 -35030 -44569 5897 -40275 11171 21190 -26030
r16 41148 -44024 -40193 -2058 -57778 -48896 -58634 25240 35767 34893 55105 -38617 38722 4829 -27305 52634 -21156 40466 -61146 -55592
r17 -36154 -55101 -51786 -57774 -59779 -35400 41802 -30514 -61837 1352 62362 17681 29806 -31481 204 32264 53582 3872 -55938 -20585
r18 -4415 37784 9055 -12764 -62705 35657 -26835 -39932 -42538 -20785 -37378 37783 40231 25188 41222 -28011 -58392 29064 39455 3798
r19 -18087 -45963 -25049 19608 -36323 -29673 3869 -13097 8279 43331 -51462 43427 37800 -27574 57629 42534 23173 -14635 42668 -37481
r20 39495 6286 -25221 -61304 -52382 -20068 56990 -15197 3603 -16593 59874 -53034 35550 43223 -40503 51550 -12067 35471 50197 -9986
r21 9486 41239 -46096 -64161 64047 -58633 -26969 56032 57418 28899 16664 -10858 -20511 -49330 17754 -202 -50000 55158 -35852 35756
r22 48882 57923 -64271 43633 -15184 -14815 13356 34434 39326 -43087 -54940 39051 32906 57674 -20113 -7658 -41816 -28576 -55036 -65208
r23 50650 18404 -64015 17402 42039 -49799 45818 -44105 -32293 38588 -10840 -25329 11139 20078 43817 -37879 42767 47722 51708 -52315
r24 3668 36347 -44826 59551 -51737 -14571 10279 23902 9618 57803 14715 23655 26813 -39706 33915 37999 -4028 8350 -64653 -13267
r25 579 63870 53033 11509 -27977 -7833 46566 22878 35382 8053 -17795 -31059 -18518 56039 27496 -49020 -18127 22694 -7665 -13037
r26 33661 44572 10023 -36903 38462 -52713 -34640 -57413 -25141 36282 -41448 19730 61834 -65109 46161 60856 54366 -40248 -20878 -38807
r27 -9053 -62447 39876 49764 -48635 59683 20190 14271 38712 -60412 -29426 -14749 45601 26509 -46339 -49132 -21575 11101 -51909 31619
r28 50680 36259 -57221 -55755 35088 -44989 24460 -22598 -65163 12865 -64773 63386 32443 55239 -40966 36973 -28331 20410 10144 -14743
r29 54061 -3128 -58557 19943 45749 -852 28357 12558 57023 -27250 22246 57163 54940 -44575 42343 -1317 -58115 -36451 36060 -7852
r30 -28234 27799 41737 -13526 -30610 50169 -43413 -60265 31860 -56552 -50259 1609 5743 24426 -45758 27974 -32520 -55039 -10568 -30831
r31 43172 -10200 -33442 28020 -48494 -47020 -44990 -36416 -2151 28648 -27612 -38885 -48161 2065 -52274 -52823 4376 55648 56318 43091
r32 38664 34132 1160 -55906 -43268 -49810 -18816 50039 57857 45500 -3364 -2349 16863 -48348 -23253 30863 16145 -10249 -2454 32985
r33 -12297 25773 6694 23231 46765 34716 -40100 -38369 12732 -55029 -13978 -46915 40708 -43791 27637 -41779 21447 -31111 21801 -13019
r34 5571 15293 10650 -59001 22112 -26957 5868 -45236 -26133 -30419 -60894 -19632 -52061 -19734 54742 1656 -50652 -47178 -39877 7849
r35 44802 14082 42783 -4705 -61651 -15728 -22040 -58132 56115 -44990 -993 -45557 -45725 63421 -33956 -63464 56121 -19263 -61488 -48077
r36 -33577 -12852 22293 26969 -16717 43053 -25589 -18849 17336 63961 -16399 -51280 -20970 42526 36298 -3618 -8324 -28430 17117 -41513
r37 -31987 -48489 22864 11141 42506 56800 -54111 12641 -3463 31465 40316 -64990 -14899 31220 22992 57456 62062 -13486 -31643 -21402
r38 -24542 21237 39336 13190 31362 -3792 2832 -27664 -20213 -6752 -17995 47896 27339 57125 -43947 -8216 -42260 -35582 48384 -41201
r39 31418 31740 -49197 1555 38832 -20092 -19824 -13357 -53318 5941 54342 26331 -29516 -52845 11574 20251 -9329 -20449 -65213 32398
r40 47837 -64216 24652 -35272 -14804 35371 -62499 -51816 36314 34979 16382 -64369 3822 60470 24540 -14410 -31350 -23860 -30717 -51747
r41 -47711 -29396 9497 -43004 -20046 -49477 -52590 -49810 -2094 -5241 54802 17063 10743 55083 62587 27257 -44264 16399 14200 -24502
r42 -23604 -39738 22595 7326 35143 -4520 -46482 -58978 -19808 43336 -60860 -24926 3774 24983 -10557 -27497 8125 46331 -55847 51305
r43 -28820 27270 9438 5930 -17771 22568 -39834 -61290 47579 -10940 42835 6701 48730 10373 -54449 11256 -42215 34865 -42438 -30227
r44 -17744 -3885 53733 -53983 -22923 29014 58933 -44284 19526 -14618 5455 -2843 5319 28053 -15285 55798 -49284 -64817 26884 -28859
r45 -16105 -20933 -24261 -16034 33065 17538 25787 -54134 -48975 -45023 -37802 -15585 -542 -18720 56595 33470 45718 -52808 -6602 45171
r46 -33101 -16709 -47325 -38327 4635 49671 3613 -11899 -9125 64016 -21156 1686 17224 -34961 23886 -25270 25050 16880 -54397 39446
r47 -58623 28703 -47158 11295 -61303 -42049 -59120 -22242 -31689 -45342 9429 59233 -58204 25250 12361 57930 -62631 -62499 21902 -11163
r48 -38697 -54829 22162 -53627 -15621 11731 19081 28155 47707 -56658 13333 -49357 23360 -11532 43893 -11762 -25736 -6410 -9611 -31509
r49 54364 -42924 -1499 36268 -44267 6953 -40511 13172 32412 -43076 38532 43753 -19834 -50510 19389 -48572 54491 -53157 58226 20674
r50 -65492 16319 22709 -15501 -37228 1004 36707 45824 57969 19620 -46774 54706 10621 -27654 61866 34460 -46344 4076 -21714 58293
r51 -15724 -63192 22469 -36602 56319 41601 -223 -19452 -44410 -21627 59876 -49976 -53514 13091 65493 27785 -20024 -31332 59377 -47063
r52 -3409 -17093 5033 -35475 -62740 -64294 33466 18208 55490 39706 49500 -31834 40221 13101 25108 18488 42857 37942 25779 -44432
r53 41094 -53954 31751 57741 -6503 -41010 -65503 -24449 29982 2266 7711 45450 -48393 55325 10858 -12622 14220 3734 20975 51838
r54 -45075 15614 -9352 6533 -50643 -55343 24132 -12083 31796 -32001 55500 -54184 -13435 46903 2716 -47978 18993 -34205 63794 -15594
r55 -3163 40125 21256 15376 -36919 -4907 44664 -16264 -47995 24294 -48826 -6973 35709 -61748 -10665 -33175 -24070 -29557 -20755 -39934
r56 -53245 -5529 -7582 -7043 -35208 -44356 -36347 9281 29544 31158 44064 -22486 -34070 -61233 36281 -47884 -1711 49650 -45096 -27915
r57 -28702 -4957 -64311 -31604 -41150 15083 -6630 -19345 -43790 56364 -39040 -60001 20936 -29012 -7197 -24282 44601 -51416 -26528 31954
r58 -33408 -25333 -1297 -14726 -26692 30884 25148 24124 -12819 29393 54213 -29877 47211 31583 -17434 48768 49087 55459 22436 60553
r59 35058 59769 -24725 -13818 58429 -29638 43352 15840 -15528 39080 -48863 -58957 -65256 -50738 45368 47277 14658 -59762 8753 -41029
r60 5129 39424 11172 -18235 -48826 56204 -21279 18937 -14819 -43192 -51476 -31531 14838 -6751 -9818 -43896 -2017 -45623 -31635 50960
r61 -24674 -42871 36318 -47592 10554 -45974 -7802 -51892 -32047 42958 39867 -12123 26770 11117 50494 -52471 -6262 3081 -15519 9489
r62 58646 -24954 -35115 11576 -48449 39968 35903 -14285 -38611 24154 56750 -49067 51701 -62984 -2029 34337 37916 46964 56492 37428
r63 36064 40715 63893 -43910 -12578 38815 5941 -3320 -60767 61234 49153 64761 29403 24144 4398 19486 30725 -53341 -50406 -33312
r64 -44347 -25158 49398 -62385 36011 -10452 -54860 -37318 -34440 -49479 -33298 -31538 -52289 -12052 -47181 57443 53816 -63064 25602 5356
r65 -27667 6047 41282 -13592 34091 46626 -11246 8399 -46271 -61478 63730 11127 24295 -55810 39353 -35002 -41978 23175 62308 44602
r66 -62495 19738 -32583 -64169 51473 -64420 28329 59775 11330 10682 6034 -45117 6207 46238 59608 -6448 -15929 5165 25364 -48294
r67 -15565 25427 -62093 15929 24714 7594 -53475 31510 -19983 -3186 64112 -52495 -56676 20694 49661 -39745 -21969 -52377 45922 53637
r68 -17474 -26490 7609 54603 28007 18035 65091 -5225 59214 -6732 15189 20024 22604 16794 -5665 56041 29488 -47728 -58736 -20799
r69 6169 -16313 55227 -44427 -54137 32195 -22836 -15489 40574 28190 35800 -6078 -21974 -30697 -26712 15876 57363 5944 47560 3261
r70 33918 -22054 19264 -34121 39133 33857 32236 26867 -10121 9423 34854 62 -13563 -28927 52245 -59423 -22662 -37363 -18422 37769
r71 -11141 48270 44886 8291 -14100 -52865 63115 -42070 20904 -31633 65412 55572 -52554 -21357 -62264 -18207 -26390 -19671 -26292 -34332
r72 32400 -45659 -30742 37039 28253 -21471 -61268 -33091 13310 -40230 33425 27075 64585 -19832 40919 53136 -13733 57453 -54919 10905
r73 17042 -29403 -19764 11921 24049 -56639 55194 26004 -23861 -12641 54882 -36196 3019 -2005 -3536 34458 -46072 7628 -60424 4923
r74 34673 -1068 44191 7609 26803 -15837 -27726 -38073 -39451 -27754 -53241 -24877 14861 -6028 26159 33998 -13772 33428 61883 -31206
r75 7077 40558 -25144 3003 36059 30878 -50278 -7583 -41033 -35088 -3696 -37559 7331 34527 -34994 -59020 -35937 -27207 18945 24678
r76 -15916 46340 -11984 -16001 -21126 -29362 -10621 24907 -31343 35440 22891 12434 41116 20101 -39457 -22193 -23482 1077 19747 -42540
r77 -47280 16400 -5542 -41091 -55888 -20293 -12667 -49010 -49271 28857 -37823 24932 58782 15406 13583 -26746 15084 -29415 -28301 42551
r78 -12724 -14598 -32534 1553 -10810 60098 32959 53408 28923 16277 14496 44198 -6285 -31304 19518 16003 26634 45806 -29604 13666
r79 -32136 -1901 -6315 -8513 40681 -40720 61574 33903 -32717 8134 46595 -55905 37812 59783 447 34229 44731 -35108 3666 -34446
r80 59784 -37903 -18175 -6524 64030 7125 -47406 31821 -3233 -11271 -14285 -53755 -60796 16412 24151 24939 -49105 6225 50848 -45708
r81 -41834 41235 -58156 -57063 -1657 -13750 -51603 -37164 25673 -1971 11753 -44506 11782 14927 2145 37022 -50062 51918 -7815 41141
r82 -3707 -26405 -55254 -64722 21782 44833 -46063 35757 -25112 4061 -39372 -65223 -5879 3756 -14665 21924 63031 43571 5349 19112
r83 1052 -3288 32809 41844 -14097 -27950 -3866 -11562 50597 37781 -38894 -54571 19953 11455 -15663 21879 -47890 -3373 38665 -58282
r84 -33125 -30515 -9219 -9570 -57899 29926 13303 42575 5330 45266 -48198 -58 -6931 46204 33411 19546 -62218 44597 -44788 -29174
r85 43239 45104 -11467 59124 20606 37934 -51728 -2591 41086 -40106 -3377 -7538 2007 1130 -46568 9252 2070 -37478 57253 2190
r86 55789 -57745 43293 -30279 32218 9289 6093 24950 -35313 58018 46674 -47978 -35748 -8735 -55170 -50291 6921 18229 -3409 -23455
r87 -57716 22613 -9830 20595 12666 42935 9859 -28006 -19921 10552 62592 52868 -2055 40270 34563 6482 39154 23297 -4800 23688
r88 36501 -53322 -54519 -55707 -14220 30242 -47145 30874 34504 -25473 -9066 -6234 -9714 -63685 3507 -43735 42448 24757 7896 2439
r89 -50479 60315 -16500 -49084 18348 -44788 -21715 63947 8775 46228 11967 -44328 23709 -52689 41066 -14519 -34044 25790 37754 16017
r90 46939 13564 8120 10796 11521 -28281 41639 53977 -47369 25316 -22726 -45187 34854 26481 59016 -23236 -41410 -51798 -45798 -49728
r91 41100 -23716 5501 20360 -38298 45357 35139 -61093 10717 18046 -7072 -33505 -18249 -54381 44246 -9356 -9700 -19380 -22475 -4721
r92 -48050 49127 18834 -42150 -25622 -43572 65311 30151 18703 10640 -50330 3886 10069 42428 -7019 24729 -10430 32485 -13723 34086
r93 -27939 26264 57440 -46636 41164 -31636 37244 -58287 -63002 -39627 37351 39303 -18628 -31078 -60339 -7596 61321 42310 28185 37888
r94 65028 18562 -16863 61196 -17934 47618 53424 -6638 10079 -2572 -4076 8922 -52077 33083 -11586 52021 -51017 -34105 23134 17115
r95 -17751 -290 -1304 35442 13467 47932 24608 -13033 -17594 -45772 40418 -40862 -25545 -7575 -10755 43747 -9420 -33338 39100 -35041
r96 34890 -39689 18748 3082 24461 -63283 -13934 -47279 19866 -22641 27425 -63439 57547 -7947 -5471 18730 33755 6187 -42942 23561
r97 26556 38377 -46724 -45861 -42329 7939 20574 -37581 -10748 -32079 33402 17461 53289 -39982 -17195 51369 29289 61807 -22144 -7269
r98 -31398 -35322 -25768 -41491 -64976 -36644 -56082 -56218 -34392 -57775 42725 15168 14125 -37015 -25710 -41863 -35393 21123 -27763 62591
r99 14217 46153 8812 -17254 -22291 52050 63410 -25142 -54557 -56760 63600 21242 -54039 63002 -20214 -20747 21300 -33112 -13417 -61285
r100 -52863 44452 8859 -61030 57353 -25135 -38270 -3437 -15305 -55129 32076 -38675 42581 -16345 17626 53067 -56642 27778 -16917 -19252
r101 64357 20596 5767 -50644 -57449 65403 -55933 58312 58496 44258 36899 17671 20716 -52797 60393 60708 -17516 947 -2515 -63130
r102 -27693 -15537 -50058 63497 -30277 63493 63485 58714 -6575 1861 27463 -54722 56506 8109 8209 -6600 -45983 -18388 -62485 54646
r103 26606 -28310 49830 -54844 -33002 -17738 1666 -29869 6668 -61629 37461 -5907 53362 -10549 18645 5063 39931 16339 -39304 -60593
r104 -46663 -14024 -48733 -53692 -58085 56063 -54901 -8908 -5294 -38940 -13678 -1593 -41626 19516 -34036 39553 -57952 28413 43504 -60745
r105 -65166 6491 -61493 -34705 51311 -41472 51801 15716 58040 -18184 47543 -25936 -64342 -11688 17303 60150 28459 14047 20013 55369
r106 50846 -51513 -7776 -15056 -26236 19215 -48965 -13921 44982 -35087 2872 -51604 30579 -8777 -42645 42879 -39463 28361 58860 -26542
r107 -58747 -3041 -49251 -39123 -57887 -60585 3487 -18826 -30056 -57289 -19190 -1613 22760 -7399 26975 22168 -27893 57667 30865 -51783
r108 1523 -63926 48794 -53075 -40751 65189 50211 -25977 -3887 -35338 -19288 -5763 -2197 -10939 -58020 -7894 -59079 50047 -18321 -55964
r109 -61562 -54477 30585 -35207 -62608 -44889 57969 -47888 17674 -51697 29953 -54896 54324 54490 37848 -56036 -2021 -42286 -19781 -16852
r110 -13740 -58899 35150 7432 -10596 45150 -4125 40655 30293 52979 -54534 -17768 -29292 20167 60766 32325 62781 47238 -52314 49917
r111 -6002 25985 -32352 -18146 62446 -20264 -59606 -11 39147 22066 -21908 -48781 774 -7272 -34896 -59313 37446 33924 18090 18483
r112 -142 -57695 12194 10042 -19154 -60685 43584 62455 6823 -14151 20797 -55945 9221 54990 -52493 30593 21896 -2560 -25672 23939
r113 -42499 53531 40550 -3070 -15775 -62759 -42060 47687 45394 526 -48348 10201 -43626 -64051 21697 -62198 -29072 -47276 -41000 49869
r114 49326 -42332 30080 -38111 -21588 35870 -359 4910 -12409 10913 -7312 3682 -59178 -36397 -46978 37667 742 -22021 -35805 18483
r115 61491 -2191 -60446 -28484 1723 -13752 -20832 44711 25786 -13518 60236 -14047 28889 43378 64703 62718 -14248 -38527 25316 -46137
r116 32446 -62332 34283 -55565 -57966 -33235 -44584 22379 23099 -16115 -20110 36980 -45521 -13720 -41753 24440 38408 -1429 6815 -36388
r117 30394 -30466 6867 4498 -51855 -6791 -61500 -45147 -17450 -54165 -4560 51021 -51681 -51624 31050 -36622 -41763 -13025 -47131 12329
r118 -19197 -3575 -35371 7710 -20420 51094 41559 9409 -59190 9302 -21959 -25284 -20876 43558 -37336 -58898 -18742 -17363 -4038 -37370
r119 -62716 60134 -53249 49655 -55981 -55443 40821 34568 19252 -18146 -5979 -2890 36698 -52728 60995 22278 -50898 48163 24543 20570
r120 -8051 39237 -4818 -756 19247 9108 -27817 25677 -27615 39417 40100 50657 -51911 -43583 20472 6834 9950 -4396 24999 -39533
r121 38557 -9263 411 38503 30630 -30620 -24667 40064 -10403 34362 26664 -48130 19070 -19289 -16106 8625 -6632 12264 45249 44870
r122 54142 -57785 944 -41560 62449 -55957 -5199 12502 51381 38213 -33513 -3564 -23916 -64548 51912 37025 -56682 4482 -42137 37218
r123 20477 -32052 53068 -13482 -7041 -45183 -48548 -16354 -29474 19118 13150 -43839 -42046 -63499 -14505 -29792 -11297 12270 21162 3726
r124 31966 -2266 55529 26215 -50088 6070 -1523 -60735 -33354 -57444 2331 33059 25674 34499 -55982 -29340 2093 -34001 10448 48467
r125 20007 62947 -10825 -40963 64721 1146 6817 7655 25649 -17863 34654 44166 -19504 -48922 -11628 6486 51487 7811 -65334 -63242
r126 54136 -38617 47808 -16062 53386 -28444 61104 174 34340 880 -32795 -46834 57589 1423 26825 -23434 -38898 -62762 19259 -25079
r127 -6859 -11297 -1983 20817 -42298 -13251 -44061 -8739 -28688 -32919 28929 -51252 -10136 -13748 40425 -59300 -28593 60871 19395 -19086
r128 6703 27580 15995 -29962 -35177 -57077 -64322 -45684 53537 55430 -17995 -51259 61320 26 29351 -55302 -46827 -43026 -31634 -34182
r129 -18561 50925 -3083 -15976 -36923 17961 55751 -36643 36986 31190 -41140 50190 -7305 -17301 -58095 50969 13037 6796 65518 63281
r130 51635 32462 -11850 26044 -51693 -47558 4712 -60878 9873 -34964 -51417 -25837 16513 7061 -52251 -33974 54474 8512 -19685 -58488
r131 -25112 5603 37036 -40066 -131 -16573 -54580 7026 -26074 -31144 902 -59531 47078 35987 64234 20834 -54178 -13899 11257 45616
r132 -37529 20552 61153 65096 -38480 22129 -33497 20269 17034 10618 32529 20221 64771 24934 61092 -7481 61188 11048 26897 55181
r133 59405 -39387 52714 -35662 -9323 52655 -24696 9481 -59650 65217 -2359 -47760 -46040 -31478 15072 35015 -30468 15078 37561 -28699
r134 -32481 -1806 -12449 27983 57895 15102 65180 21006 16926 51123 -49121 -29475 64026 61146 55551 50091 13378 -2653 44327 33624
r135 3941 -54276 26790 24857 59609 26468 4939 -240 6631 -58214 -13820 -23341 38676 -23030 -47332 -48544 -3123 -27614 -47630 18227
r136 -3881 31383 4140 -53480 -31444 59149 -59760 -59693 12619 6572 -48300 50790 51430 -4318 -25740 -63730 536 -55764 -25904 -50404
r137 -12235 14898 45534 30944 -39997 27174 3433 9844 18099 29602 48910 -15734 -14006 63613 -26209 6346 5518 -45841 15199 44892
r138 -5850 -25594 -16724 39516 8551 16054 -46069 40020 -42028 30403 24184 -40229 24607 5077 -23792 -12041 18908 55894 50481 -61286
r139 -11667 -659 -4197 -55612 -47043 -25332 -51674 1492 50215 9529 5199 -3547 -277 17050 -2332 41110 40934 -22566 2547 10612
r140 -32984 43492 15309 32001 35318 -31274 -63086 -11786 55108 8395 1033 -59192 44784 -10226 -1170 -64269 16635 -40467 -34687 -13821
r141 61954 41751 11842 35606 62748 35856 -34148 -3026 9630 -5260 42415 -26091 60201 -9428 24241 -61955 18427 41655 13926 -11271
r142 57009 -20645 4082 -34820 59244 12884 -28691 -24254 11266 49944 28072 6144 14260 -40971 11520 59080 -26437 57789 -59232 60784
r143 54763 -35506 -42874 60762 63573 -33992 58678 15555 28083 -24376 -47810 7264 -16699 -4688 27268 -34968 2059 49844 -30058 -8371
r144 -2078 25412 59508 -14563 -14443 62815 55227 -55206 3662 -31300 -41893 52137 52960 55144 1426 27562 20795 53750 -42355 22814
r145 -19393 -24039 -48639 -1913 -826 -36920 -27421 43564 -64746 -22194 55753 51372 64069 21964 671 2127 52142 13368 31283 -2179
r146 10024 -888 -10147 61194 25319 -33701 11027 58032 -48406 57174 -27296 -50818 -62314 17490 -10986 -17166 -39772 -29749 -21996 -1883
r147 -31046 -6190 40250 44770 3711 -24460 36185 -52816 50749 4772 7415 45631 23864 15285 -63964 -19698 51896 35706 -37251 59774
r148 8229 -5731 -42529 -38412 -37325 57203 -15865 -10874 -56658 -18787 10107 35617 2115 -12392 13659 -12122 -56561 -55304 11920 56777
r149 -11808 -37453 37649 -58138 9187 26253 -60584 -30592 52089 13999 -10379 -25093 -44845 29828 33339 50935 -58882 5683 29677 54657
r150 1816 40453 60965 -49599 -33034 38635 -59411 -48185 30830 -47380 -42624 35495 -61099 -14813 -52303 44523 -42407 14116 -38817 38399
r151 57764 -17329 16606 8591 -17431 -52025 -59668 49392 -16773 -17759 35828 -63640 -16751 -48406 -41630 34343 -23806 -18087 28092 27503
r152 23576 -49348 7886 45745 19489 54715 24529 -13814 11172 51035 -52507 16264 -62638 64668 -25631 26187 30566 -34904 -64216 -2833
r153 -5002 -24120 -26986 12450 -32329 -47897 -63737 30983 -57803 51926 48419 -63436 65221 25206 54070 -38029 -2278 -43033 61693 5777
r154 -48881 -52338 -61766 5624 -49490 19829 -46415 10252 39056 59046 60640 -54644 -22184 51749 44059 -21845 20156 54683 -11183 36229
r155 -18919 2010 20493 -45101 -45819 -52016 -13581 31995 -5115 32872 -6075 -43903 -49683 53582 -14460 44046 43243 -55466 -38406 -5260
r156 36257 1832 48537 -27390 -9239 -19369 51777 18093 -6162 55627 -51432 28061 -32959 65129 49426 13850 -14744 -46831 -8027 -27019
r157 45611 -42823 57205 6517 40450 -58083 -26472 61420 48922 10358 60662 59521 9422 -35646 25659 28231 21404 -32015 -45420 45482
r158 -15718 44854 15706 -33097 48701 44140 3309 -57246 -28263 -13217 -65266 -46072 -21481 -36575 11028 29909 53699 32760 -23470 -46666
r159 31908 9410 56391 -11103 41573 -20969 46833 23560 -16560 -3188 35942 64478 55610 -34005 54423 -3216 -25445 21368 36258 -53728
r160 -54095 -31663 -63530 51690 -5256 17765 -8964 -28826 63041 22895 45707 -53564 55886 -59456 38890 -43772 -31423 62174 -39432 -23680
r161 -15077 402 -39904 33482 -41606 38790 32769 -10994 -64555 -11162 -30961 -29816 48112 19191 -4715 -59415 -49775 13509 23700 35462
r162 -5937 3033 -65513 17358 44507 -18758 -24832 50711 51799 -26833 38342 29432 -6781 16410 -33837 38425 12522 -33232 42615 58855
r163 57957 -10919 15450 17270 3931 -56921 35742 49242 -28909 -24819 -44790 30246 -49915 6938 17924 36103 57144 -41895 17116 -23859
r164 20603 -6038 24918 18229 5233 -57833 -4766 9770 -25244 -49601 -58407 -41350 24329 -23684 61184 21755 25365 -16171 33484 -3309
r165 -54985 44339 -15439 37927 22174 -26090 -24411 -1485 -62779 23082 -9914 57514 -42464 27440 40683 56784 25600 63106 -51209 18679
r166 21236 -48726 -62274 -54204 32924 -19705 -11716 -30330 -44788 -5884 56750 -41216 26067 15138 11121 -3258 -65086 -15434 -57786 56819
r167 61117 -64682 -65071 19525 2031 -3257 47923 58891 55017 -8455 7757 42675 -33758 191 55965 -28317 14136 -32211 33456 2799
r168 -59446 40289 17586 -15735 -9559 54520 -22387 49512 -25977 -14543 38024 -44151 12194 57444 -1388 -17932 -22415 24443 22271 -49750
r169 -36192 46471 45687 -52676 -26761 -8277 -19725 37849 34620 -41776 -26857 -27794 -10560 58060 -46940 46130 -5949 55910 -61627 50770
r170 -10158 22922 -50912 54862 -25450 31800 -62443 -39795 -40534 25408 24493 34437 63201 22850 -46113 12208 40096 31731 -32120 12074
r171 -36558 -61141 31368 -48510 26684 9010 -42079 -6056 34201 -64389 25427 -961 -55372 -44416 -42887 4234 5626 -14380 33606 -23690
r172 63512 27775 -22953 18920 62818 23845 -40369 -32878 8686 -58786 -17189 -61143 18613 34658 -37592 16306 -43816 38792 -5739 -48091
r173 -40993 60672 -9890 -42556 -35018 -46306 -3396 -12793 29681 17258 -22949 -28229 -6190 50153 -62601 7146 -24428 16445 -39213 25601
r174 -35580 23829 -38582 26064 -39096 -56822 -7590 20560 36965 -45515 -39091 60069 -17967 -5608 -12634 51752 -45432 27153 -40287 -17211
r175 5526 -59005 -24552 -12268 -28097 -13924 -28529 -7665 -50500 -49529 -34080 -59289 5497 59588 61774 -24496 -62896 61546 -49503 -48579
r176 31001 -6157 -46562 -15881 -40898 -60120 13546 -51997 -57386 10267 43520 22507 -55816 -47122 -50741 30532 18015 54974 -42135 28922
r177 -56117 -6382 -24537 -54234 -55646 34415 -25343 -57207 34691 -33658 -3435 -13629 5579 -3336 -11919 -52345 -48111 1915 18357 -62941
r178 5556 37516 6593 64036 32288 -31793 -25059 47505 11039 47399 39890 -34993 17602 -18443 -10901 -27481 28689 14090 57515 37027
r179 -53269 -29693 17515 27521 49465 -37019 9609 -30633 -11337 -56524 3108 -46794 41781 -22281 -27024 -23034 63007 743 -55948 32009
r180 45414 -37857 -51673 44422 -47547 -27743 45750 33368 6051 -21308 20088 -58833 14397 -30892 -34894 -64029 -11376 -18961 -33118 -21138
r181 56187 18100 26352 16064 48342 -15822 -22445 24537 -9107 55995 -61100 3605 -33546 -53715 -50209 -46253 14079 -14464 62598 -13421
r182 -13444 13930 36202 -6356 21154 -6258 -30724 -47088 -4468 -40149 -42709 -51225 -12196 37600 -10173 -27547 42636 51649 28017 -64880
r183 26748 -64330 -50788 4944 38782 -5250 39492 50473 24423 38922 45726 14535 -14925 -16809 -9789 22772 -40072 5710 56340 -16871
r184 46168 -36864 -4883 -45750 -55675 -8409 -21845 -45032 -26392 15119 62137 -41389 -14004 6899 62172 -23026 9060 -33522 21411 3983
r185 11642 -17739 -28570 -53793 24317 -21478 22366 9433 -31798 53543 38544 -17403 -44890 -29160 -16939 -64881 -18813 50520 -40215 32822
r186 -50993 29557 -49722 31749 -396 522 24428 -63974 18401 -28803 41179 -46279 -65431 46459 -6862 -14044 60610 19895 -6799 -63839
r187 15835 43366 -10132 -63105 35118 -27782 -7412 -9948 47744 38429 -57710 -42320 56309 61515 -4046 28995 47834 -64124 -27579 -38690
r188 258 36310 47839 -6766 -870 32603 25478 -65402 -44611 15142 -2840 -48007 64257 9973 9184 -49975 61319 31509 48477 -43619
r189 60091 28712 52485 -32102 -22430 37410 -28928 -16030 -4581 -46505 15444 29105 -24060 18158 52001 -48978 31436 -36097 40675 40360
r190 11596 -33305 -30887 -29574 -10886 -20610 -51589 3867 -19065 10179 -65247 -22811 -29522 16664 7287 -32590 21131 18130 49342 58949
r191 -55760 -18790 -4654 29237 -7579 49022 2232 -25346 23531 -45522 35911 10101 -19900 -61171 59642 -796 20215 -4126 36647 28446
r192 -35669 55080 -20267 5397 -35294 45049 2788 -56668 39158 -12437 -23078 9460 26263 53888 27199 -21223 -55682 32276 -17937 63022
r193 -39396 22284 46316 -52731 -15521 -56553 -26454 -54662 -13550 -63392 17438 -38056 51597 30806 -65521 62187 -6472 -16515 56600 -15045
r194 -62919 -30674 -12962 23413 -6755 -10706 -46904 41654 30936 -63801 -43682 -30083 -38532 -24836 -36696 7132 30170 43724 49954 -8366
r195 50869 62592 -22500 -5645 51159 47641 -7485 -31981 33290 13833 -26078 35016 -16916 41578 32658 59547 -48241 -33823 -29773 -7410
r196 -10319 -51421 13940 -55259 -42647 -42309 -11658 -23527 -33290 -62980 22028 -15685 32526 -8877 14318 3423 -1911 -60234 48088 55387
r197 -2612 -46435 -5099 -36912 5345 12508 42085 -54335 -6838 15019 489 33401 -20337 -25177 -42738 -27702 -3509 -4884 -57877 12537
r198 13858 -3947 -44858 -15632 61560 -30488 -51839 -64590 19375 -16254 -27155 37649 -37346 -39948 29377 -15320 28524 -53999 -31603 -49965
r199 -37239 -21042 -39189 48297 61232 16391 -48127 -63115 55134 -24564 -31555 45046 -9926 -8529 -44979 34290 20473 -21561 18974 -18631
r200 48088 -34507 -32063 11602 -58021 -58781 64447 1309 -58126 25023 58696 62558 26903 -2481 35124 -27078 42191 30745 -42131 23358
r201 -38732 55932 37834 -6671 36353 -11390 -35195 -65225 49505 47408 51104 -47561 11061 56744 30458 -9294 -9134 -49043 -24900 60819
r202 60926 48625 41031 53769 -57777 4629 33358 -34426 -31605 59052 3835 32708 8890 41359 -11385 40102 15907 61880 19357 -32467
r203 57169 60827 -31839 -50234 -55906 1536 38164 1936 13749 -55236 -38062 16838 48800 -4965 6511 -5350 21388 -47658 18009 -43678
r204 -6166 31320 -9982 2836 61046 -17191 29901 -16503 -23120 33316 -30415 -50210 -32533 -11658 -54942 -11323 22454 -6656 -10506 -17056
r205 -19241 8634 62252 43673 -40763 -32537 54498 47539 -20241 -46111 27746 563 3078 -52253 31414 -2022 40968 -43754 -44802 -52498
r206 48038 -15209 -39679 -43850 62979 7010 -47841 9732 -45873 -14618 46321 -45862 -10449 -33660 51061 -15555 25867 -31820 -53955 -45079
r207 47497 -29558 48863 24784 -45273 -24667 -1295 24368 -29365 17391 -43974 44817 -10118 22066 34363 45368 16435 -53850 -2855 19634
r208 54175 49079 -5918 11790 15523 -54816 -40973 -27315 27537 19691 -61006 31439 48386 40043 20247 -59172 -4685 16430 19462 48524
r209 -17248 -17932 4050 52278 51920 -44739 47711 13646 -7496 14346 -5548 24896 43489 33770 48760 -61173 40126 -61470 11998 -38772
r210 -14646 -4410 -29894 28578 -59920 33265 -7395 -10948 52208 50644 60553 -42848 -29414 55822 57274 -11541 -44079 -10907 -29848 -57063
r211 8591 -61912 -39094 20852 -64488 16963 -26268 61810 13995 -20000 9300 43909 60395 -28694 17435 17672 60072 -4707 60700 31305
r212 34409 -20061 -52557 64956 61611 63322 14305 54339 -13183 -19774 -3734 7808 65145 -58682 42608 54401 -37771 -25847 32921 -64636
r213 -42689 30010 12728 25031 -34654 29728 64947 22449 -54875 -23234 52905 40675 47952 46289 23768 -61505 717 12167 -19069 -41013
r214 859 11229 32122 -54732 -45524 1093 -46184 19066 49465 49806 -61863 32436 -35733 -35325 -29748 19583 42816 -11754 -36804 16662
r215 -16950 44420 -19902 26434 19148 15293 35170 -2142 -40835 -32768 -60644 54569 21945 7051 -56806 -37043 44230 -41651 -31001 -37000
r216 737 -38757 -38032 -56139 50917 10208 43681 -35436 42818 34758 1779 60538 -3543 -37329 63681 -12658 35748 46691 3650 57649
r217 -49554 10813 34050 19431 -12785 -37725 -12751 402 23507 -48737 -1869 3933 33803 -17040 -30691 -29310 -23700 22398 20187 -39230
r218 50234 -42822 -194 -44156 -14045 -34729 -50442 -25961 23695 -57331 44711 -54398 39201 42875 53906 -64073 30004 -16242 -37020 -15109
r219 65103 36183 54145 -33049 21732 -18926 -26598 14460 15058 30497 -51774 56040 36457 20048 -12493 -62114 11632 -29397 -32177 62817
r220 61204 -28947 -47306 -30911 50577 -50280 -54258 60062 33830 22580 63303 -63553 3601 15783 45741 29627 6352 38143 -11861 -43031
r221 -19493 50125 -6626 -51316 6578 -18191 30232 57221 -57065 -28852 13204 -1604 -54011 59092 -7677 4704 -11428 34096 -9498 55515
r222 -33083 5818 17190 33963 48669 14941 10886 33043 -49893 2059 5182 -45149 49387 -21501 -45218 39810 -34706 54631 8186 -59978
r223 -38258 -56519 -65383 54335 32714 35635 -31323 52201 6434 27719 65235 -24213 29223 -1404 -31773 42666 44151 -47428 -20318 46761
r224 -34843 -61587 -62684 -15918 23182 16287 63153 -58010 41026 4225 -48652 33011 -3410 -54617 -50698 7205 60317 28056 -33239 60950
r225 -42236 23313 63916 -27147 -63833 -11017 4266 -1648 -27247 -57048 50270 -15031 57613 30629 17078 928 -36628 19912 13739 -5776
r226 3163 -43717 22999 -50708 -16501 13182 -58909 62731 -21019 -4313 54419 -44827 -2027 -6269 -9952 18684 -47753 -8682 -35073 55134
r227 -41104 51340 36829 -10822 -51508 65207 -65157 4657 -41502 -25595 -65218 104 27660 54706 -55312 -38056 41650 56272 -18031 -12057
r228 -65342 59004 -37376 -60063 41145 -22371 -25210 -438 1859 -58788 -36689 20197 7638 7086 43112 45919 -32662 313 -9364 -60048
r229 56484 6981 43418 15341 54912 -18412 35192 -59810 20957 60704 -11712 -62327 -2212 -29989 -64693 27948 22352 -2073 -43409 -25309
r230 -50668 -5232 24366 58295 52953 721 49305 -38053 -42754 56026 58317 -15160 -3188 -41289 -14469 63626 -40078 -631 63795 -64579
r231 4625 8250 47280 48370 -64080 56970 11011 -38202 53813 48778 34742 -25028 -39925 -43836 -22220 -18601 -19331 -56219 -48979 36848
r232 59080 59427 -50335 2123 -36313 46008 28186 -62624 59282 48186 -42002 64312 -59793 -63373 36144 -52654 41880 51904 45264 15227
r233 64982 -28627 -44023 -47127 -2636 32715 -34096 60644 55840 1316 -30393 -21986 -7655 -9524 57149 61772 27375 -61506 21878 52092
r234 53530 -35026 -56489 -40622 -45987 23023 59164 13553 -38754 13534 -38194 11053 -22917 37862 16935 -32365 14582 45020 22237 -37141
r235 1972 53110 3943 -1396 52857 29965 -48009 -45247 -57630 -15457 -20898 34458 -26347 63766 11070 41980 24910 41111 52002 -14760
r236 -40562 -18177 -7326 -28962 26829 3046 -40552 22264 20174 5430 -22024 55987 -51857 1668 -43797 -5824 -18235 10625 47519 -49721
r237 35455 -64104 38457 -52068 -14342 27417 19480 40782 43394 28910 63826 10079 -44046 -21394 51135 55214 -63612 -63018 -60187 42367
r238 -31287 5437 -17596 -53592 -47127 -19513 44540 -22071 -46295 -16612 10599 -48262 30091 12631 -39559 63862 64275 32192 29967 1145
r239 36462 -16964 22404 -35054 50822 -29289 -6388 -36823 6105 -52290 14019 6627 -35841 44793 54371 -57680 -59327 -51789 -43035 -12977
r240 55414 -54711 -27142 4156 49335 -26950 33952 -22068 -26690 47756 -49738 -13542 33876 18886 -24936 15213 -28506 -57689 331 29065
r241 166 -15951 49666 -412 -1109 -5819 28715 -314 -530 45227 -23877 -56668 53519 -18028 53430 -64243 21192 -27190 42708 -49966
r242 47810 -724 -62436 15029 -6876 36836 -35362 12825 -22153 -6945 -60121 64067 -60880 6757 2052 50096 44826 -62392 2371 -54672
r243 40005 65341 45693 -34373 -33285 52785 31380 -61719 -7570 -29416 -43880 33188 50820 35113 28433 -19364 -30654 -20217 7317 -37734
r244 31583 53491 55163 35766 18132 -17254 -55186 58700 -41881 -29799 -2843 7346 -21602 -53344 -2191 -14928 -50384 -22095 -29412 -30657
r245 -1387 6193 -14237 -24804 10150 -26352 -56189 27906 -19149 4550 -521 -28344 2566 2746 45030 -25585 46889 11101 -60559 53912
r246 17091 9473 5189 -17111 64744 -10299 65204 -56952 55792 12725 -64524 -64814 -1624 -12298 -40250 14731 -9156 -40923 59667 -52543
r247 -64649 64056 5800 57996 -346 54747 -22636 -2859 -27020 -22890 60001 -35863 -15552 -33117 -57154 -34398 27286 -10635 -18588 8591
r248 18514 23774 -47750 41177 -55391 22909 -40170 7123 -26028 -50231 -20402 -44929 -27500 -63618 -46222 -13814 41911 4750 43106 -22568
r249 56721 -17674 15410 -47971 4285 18784 -57571 45303 -41732 -12356 11511 19823 -17787 54121 15154 -35991 -4967 -43813 56680 -18303
r250 -24774 -39961 35219 -40263 -57530 -43594 -21410 49482 42303 62999 -24896 -283 -16299 15101 27366 8486 -50181 -1638 35929 12125
r251 28808 11569 45252 -32551 56175 -30142 -28487 17911 34442 -63432 -59429 -41637 -15592 -25150 13394 -48675 -53540 -3943 9680 -4056
r252 64960 28233 62581 65375 14957 -2526 45252 18929 -51476 26221 -55712 -61565 55597 2141 -50679 29220 46590 -18080 22759 -26916
r253 7217 52882 18936 -32925 11773 -25958 -40516 -37374 -12055 2074 2455 31258 18831 32001 64994 -3917 -43085 36902 20158 -42487
r254 47900 -9272 31758 -32428 -57161 10278 -48526 -20187 -7128 -40085 2486 -41633 42541 -10981 -4388 -62118 19611 -48572 -31809 44200
r255 -33192 -31542 -24244 1469 47417 6681 62865 26001 -60007 30215 41915 1911 43825 23548 6318 15587 -10635 51734 -28740 -58693
r256 36148 9881 61003 33128 56728 2359 -61258 42152 -60602 44374 13748 2127 -6937 -12435 -9750 -26433 61589 -2370 23949 -28166
r257 22664 -16854 -1329 -25326 -2286 -44894 -57934 -20674 -41011 -31688 -63518 -60739 -32105 -8822 38355 -27261 -44727 24326 10417 40916
r258 25414 6851 -64651 -24531 -15551 39751 28122 -36515 -19317 10148 -31966 -10287 14909 11780 -55249 33174 -53546 -32997 -19759 -1101
r259 -63723 31155 35371 65019 2996 -33016 56709 -29271 33712 -48418 25786 -23456 -58531 -62415 60867 -2373 47399 11259 49340 30888
r260 57531 48926 -28409 -3945 10360 59227 30720 -45164 -1821 64449 48580 42706 -3802 -3945 -13147 -40344 -20277 -39375 -45499 33930
r261 -52179 49953 60690 53317 8894 -21267 47656 9844 -23463 40634 -56874 3875 -24054 40863 -33551 -3468 60980 -7428 32212 -50668
r262 -5766 -25045 18198 -59476 -25172 -26885 52362 16303 36166 33290 -53025 22584 22878 41746 60315 -2537 3689 23707 -11201 29127
r263 -5098 -61486 63786 -2072 -53837 28957 41272 -34274 62801 62797 36439 -41952 18614 -14744 -22198 -31617 -14925 48718 -25887 58676
r264 -20031 29223 -48323 -37838 -61226 8723 32192 34811 42512 -15124 -5714 -14420 -29748 10650 -17720 51436 -20974 -49440 17406 49909
r265 40974 50657 -54613 1148 33006 12266 4231 -51833 39290 -2175 4665 47664 1541 -21661 -58808 -15286 -48203 -54660 -49933 -31787
r266 -28703 -42075 24773 28466 -34066 -1437 -23197 -658 -56709 -505 -12151 54875 -33028 -8126 -9378 -14384 7011 63833 21606 17684
r267 61292 29966 45335 -9465 31894 45242 -55091 -15527 45508 -64275 -52716 65165 45964 38353 -45330 -29515 53501 -51759 -56476 7170
r268 41584 -14912 58075 11603 -51702 113 -24354 -17861 856 -23551 56839 -61879 40653 -25190 -5721 -23901 -2670 21773 -48543 9678
r269 -4886 -46467 -12762 35203 55878 -8354 -14644 -63838 -59093 -59092 -13717 24069 -51885 -18763 -58175 -28263 19123 19533 -26658 -43072
r270 -40481 23753 -14858 -32102 22848 46030 64946 -56100 47740 -52948 55972 54191 41784 -64496 59957 -27797 4111 -2656 19117 -23073
r271 6358 -34156 -50708 -26202 -34581 1672 20511 -22018 9083 19297 11844 -55339 -29339 16530 -15736 -60178 -9145 12296 -10245 518
r272 -47641 9306 21793 -5123 -38980 -50783 -59033 41659 -7141 22467 39011 9086 -39133 -15200 -43488 47990 -28400 -22199 59939 -12824
r273 -4936 -44662 -43721 41677 4474 -32441 -9923 -33859 -14755 -26012 -26946 18392 -6583 54480 33340 47752 -3317 -25944 12092 27097
r274 52853 40675 -26548 -17925 -16307 -35739 -51679 -33205 10667 10212 -8146 -64372 -32632 41583 -4174 -45372 18480 62558 25727 10143
r275 30619 -11136 50980 58043 -13737 35033 -19323 39171 -56151 673 -22152 -1794 -43812 -9427 37558 64636 -20666 18777 -42483 41971
r276 64615 -38373 -62075 -1737 -55407 -12648 -20642 -43043 -45197 2584 42622 56047 1931 10773 36813 41183 23631 21649 -39665 55779
r277 28870 56913 48279 -15286 -38135 1676 32284 -47835 22580 49831 52859 8465 -62426 -40117 -54782 36587 -15536 -24160 63696 -65106
r278 8572 43453 -62724 -9806 -42787 19930 -48579 -59560 52663 -46207 -64088 44959 1333 30677 8365 52428 23994 -21542 25175 22205
r279 47636 41753 46496 -3013 -9294 -53252 -8871 -15633 -15354 -41010 49433 42465 -28289 4669 -61004 28647 12588 -59756 -19364 -34515
r280 -11599 24479 -51 -24431 11723 44388 39707 20376 -26716 41108 1172 -28792 38728 51838 54667 -64908 -42733 15560 -34435 -22159
r281 -10925 -18988 18769 32858 44811 3357 -29142 -22396 -29933 -6275 -61724 57579 -28022 -32738 -51522 -29525 47769 -62083 -15761 -20112
r282 44931 8028 -60065 60236 -829 -19627 14769 -1895 -57526 42974 38541 -58802 -54991 8560 4077 -22126 38512 -46675 -64341 15723
r283 62570 -10046 -5424 30283 -389 2147 -28354 4772 -35412 19509 -17979 34999 62355 -9912 -5818 54980 -57490 -56491 -9643 -57356
r284 62094 -25137 37575 65394 -16895 57820 -55113 1071 -54610 -39777 -6233 -21528 -61469 19710 21454 11793 -61922 10101 26111 37860
r285 58593 44947 44707 -7709 -6802 52187 -43662 -512 -26582 -60695 -12125 1779 -60938 -31598 16234 -7197 37767 13175 15679 -46640
r286 16613 42216 -31686 21631 42327 56522 -16785 -5343 -10782 -54179 61866 -49107 -58605 -58161 -16954 10262 1494 29663 25667 33432
r287 25041 -12688 -51447 -25605 340 25155 -35240 41390 -35904 46422 33541 33225 -19949 -55415 -16973 11197 -17868 28230 48098 62055
r288 61617 -59948 52002 2633 51465 53249 -29367 5924 59935 58264 7824 -18489 29545 4508 36661 -33386 5472 -52423 2289 4563
r289 17879 -17147 3077 23293 54973 -16539 8368 64070 -16745 -29022 9290 17289 -42112 -12178 -57071 -2412 -58790 -51822 39786 -24699
r290 -31014 46226 39191 -62524 24005 36168 12567 -15720 -58438 -50411 -50690 -64404 -35508 -40302 36935 63492 6861 42918 52543 -2807
r291 58182 36299 41797 -4213 -3412 13474 -63354 24018 -14495 57098 43920 29901 -26026 -30563 -55162 36239 -42368 18015 -2372 -39240
r292 14011 -56553 -10353 36027 36816 28525 -50535 -31576 54502 61388 -51741 -7148 -25792 -38793 -47769 55915 -47931 10424 -55374 7981
r293 28459 27175 6486 -30850 37147 39977 -55113 21235 -31561 -50323 21078 59988 -4425 -52259 -52938 58920 47471 23360 48735 -4005
r294 -8130 -29901 53265 48651 -29081 -10970 -60492 -7826 63653 40676 -6892 -30208 -33467 42461 41887 39978 32667 31864 53837 29307
r295 -55396 -50791 51281 22629 6831 121 42332 47994 -52608 -62749 38372 -9210 -11544 -46006 52696 46345 35479 -41229 -59882 -45849
r296 -44409 -14593 60218 -47652 -52010 51324 -36079 -45546 -45849 -39164 35089 -23957 -44307 -39611 -20368 48364 45605 7073 48486 49739
r297 55370 55121 -29781 22996 -13047 -62425 -43601 27986 53830 17529 27222 10651 -33410 51492 2541 22107 36860 -38291 -48251 -49783
r298 -6995 -37326 58646 -57966 -17751 22087 47402 -3531 57243 -58321 -37187 37183 6398 31033 62794 53865 -35356 14932 -24907 56378
r299 -55385 -23402 55494 56740 -47454 -39799 -20537 -20115 -13474 49087 55461 51911 25259 -50517 -18276 53564 -30826 -64235 10043 -26315
r300 31412 -51481 37695 14294 -56144 23207 40671 60420 -47460 -45206 64455 2889 -62674 -53642 -45420 -38790 -37957 48134 -50825 35742
r301 -11474 39986 -56183 -15120 21870 4593 -38673 -25964 53794 -8572 -19770 36291 40602 13721 -43108 -42579 -6492 8518 -29385 -19763
r302 6655 -32256 48826 -56084 15818 11977 -21329 45563 8648 -57457 54987 38359 54913 26122 -9031 25580 51 23576 -970 39608
r303 40595 -9536 18074 55924 25301 63046 -49516 -7214 -45795 17992 -13484 -47795 19897 56169 12908 -53453 29092 10188 42108 47614
r304 -19843 10398 -51960 34098 4931 -23311 49035 50083 42896 46017 -55607 16199 48610 13935 39351 47286 -47896 29892 15760 -18148
r305 55527 65085 21467 55793 42743 40656 42722 -14267 -24682 2417 64707 61136 34453 -57276 45724 -57510 27297 -48851 -8372 -39961
r306 24326 18831 -36546 -45460 41257 -61480 37174 59787 45208 50109 63492 13806 53025 15170 -8273 11839 22063 2504 60410 31677
r307 60191 -2825 -34294 -9346 -18024 -7902 -27676 -49341 30575 -26453 -2371 -21073 -4443 42026 -39070 17218 19011 -29140 48731 22755
r308 -57214 -11592 16453 2003 62374 -58460 44589 -30432 15725 37396 -54839 -55426 -37854 -16774 -14882 24139 44283 24984 -12491 27210
r309 -38365 45086 -53973 23174 47248 -37383 -15262 59472 11838 63246 -48012 -50653 -64689 21914 -12905 55172 -51282 39745 17918 33277
r310 37599 29037 -55300 -56546 -54653 -24985 -16723 -4098 -13060 52906 7844 43440 44458 -31738 -43209 45191 34418 37635 -24721 -37762
r311 48586 7255 -59997 -7867 -23570 30428 -14543 6303 -31759 -43229 47308 -35385 34042 7119 64840 -3270 -11037 -1505 -57736 45194
r312 18225 20908 37755 2067 -39249 51852 -56040 18724 27978 16859 -23829 19461 -16360 -34777 -17988 9759 10991 18855 33688 -5053
r313 -18311 46057 -49146 40233 55156 -23380 56431 -49666 -33275 21706 -44175 10165 -45070 51221 -20926 -62441 18578 53915 -24880 -60288
r314 -56245 34846 7198 7030 19221 -8161 34061 -46977 -39769 10112 13753 60259 -41305 -47977 -11990 -38047 -34788 21728 -28956 25772
r315 -15967 52752 27539 -37106 -54292 21025 -38441 5055 -6312 -37448 -38183 -63185 924 -63624 -65313 44844 -25517 28373 50500 -47875
r316 -61269 -13335 -41734 -24432 -27418 -41526 -46749 11990 53102 -33204 -33618 -26945 -64431 -26874 -3082 60122 44413 -7482 19690 62028
r317 35047 -10222 -12352 -48914 -27869 -44784 49551 41539 62072 22373 -57291 -61858 33673 -54870 -4274 55036 -11228 12100 -6132 -12045
r318 -25544 45755 -58684 -51155 -44053 60723 -2012 -29695 -60962 18469 15382 -50185 -22215 -52970 54593 27306 40197 24650 52768 -32770
r319 -44179 -23079 40166 -12155 -41504 58020 -13957 26770 -47755 33297 -45974 -6106 -42655 -4584 41046 -44640 -48334 53055 -27863 53621
r320 -25051 -18142 -24661 -32631 18006 -45098 41010 -58616 60666 44973 57488 59190 -7071 -52803 11682 -44529 48547 21431 44828 38609
r321 -7222 -54131 -53705 -16688 48710 6791 32000 -56453 -11636 8700 7483 -17178 62993 -41232 56733 10104 -36627 -54070 -56343 -27152
r322 16327 30734 -1817 54398 -59000 -57242 54781 -20120 -25760 28012 60104 -34493 -65120 6938 5188 -2613 37095 -26144 18056 40671
r323 -4152 930 -36905 46396 65066 54636 -7820 -42496 47773 37421 19569 9894 -49797 -32058 -39151 28782 -28381 21270 -23869 -59849
r324 59599 -48187 63372 -23084 57626 8844 43916 -3193 11655 21295 44204 -62261 54257 -33846 -7467 -30237 16367 61400 -34956 10435
r325 -46703 -36874 24728 54052 49016 407 -28731 47152 -22407 47152 19763 -27794 -40692 19748 -57123 31320 -41436 -738 23327 -31406
r326 55648 63027 -52148 49864 12235 65431 -54555 -3820 -22798 48442 16124 -37882 -53135 -56366 -54651 -39256 -55075 -33884 2481 57307
r327 -18403 54562 -15843 -24129 -49775 -5175 2142 9085 43842 -33233 2232 39496 6544 1523 -30712 -33271 -51111 -10706 46794 52018
r328 -11835 -14160 24236 -60714 41956 -64743 17742 -40847 5541 11162 23590 59203 2914 33374 24525 -62658 65290 -30078 16227 -30929
r329 -12137 -16560 -3689 -34185 -6060 -49278 -50963 46078 -54078 -36252 57907 -62842 7250 -61969 60495 -12541 22103 18937 -35617 -25642
r330 -1582 -22213 -22788 2119 27534 -49712 6977 21370 50832 -54510 -53064 25333 45763 14130 -65407 -54198 -22680 -14765 56692 -37039
r331 21484 2963 13332 52508 22751 48331 -63027 -16560 -37144 22019 34324 -11560 -5924 -40626 4425 52523 32053 43154 9331 -20994
r332 4432 -50003 5942 33031 -36144 23388 -47947 45312 7564 -10595 28682 -53585 61625 37406 7839 21494 -27664 3557 37937 47855
r333 -8087 39942 56660 -12536 -8445 -35568 45313 -44326 -7971 -29828 30447 43237 36519 -6022 -60399 -56373 -42960 -29564 -58804 -24062
r334 -11804 -11617 -61317 -63008 29928 45209 59095 38471 -57691 -58421 -8821 31646 -11411 12361 -65065 59447 18709 -36364 58056 -39261
r335 -49719 11264 49281 -49130 -47484 52532 54610 -3774 4748 61264 -14402 -2410 -53571 13717 -14924 -27779 -54846 -52522 -22729 -57750
r336 65389 -11994 -43594 44453 -4983 -39737 52690 -18193 -37541 34694 8940 -21728 -11493 -60990 -6113 65006 24920 46071 -35738 59717
r337 -38354 -21795 -24967 -11658 -41058 -65345 -47820 -27318 -30174 -52691 16842 -46552 42429 -9393 35113 36055 37996 58282 8331 5065
r338 23099 46220 12918 25951 -40606 -52344 -59836 -9485 65522 65322 29404 -25760 37933 19104 13958 27052 -57008 -64734 48377 -55956
r339 16490 -31524 -17493 1049 27377 36664 -1586 -51265 36687 -61830 9818 55408 -57543 19651 -59151 27993 9155 25006 64421 26949
r340 -5478 26130 21140 31034 -5368 56953 64377 5205 56491 -3709 -62032 14667 175 -57692 49891 8739 64393 12664 -56674 18263
r341 -63656 -23555 -13161 24676 39663 5269 53098 -7248 -19566 28127 20292 53796 -55232 -40410 20954 -5267 -10411 -30870 -29595 21377
r342 56196 8575 -45596 -26509 -40584 -56055 56021 -48720 50858 18087 -2485 52705 -13922 -45471 51610 12783 -36630 -40099 -28904 -63311
r343 54127 -39317 -1802 24739 26363 -16432 -42653 -64482 3998 11234 51403 -35664 -57063 -29517 9219 30427 6102 16840 51579 -3175
r344 -7548 -49050 47242 -40777 -62367 5051 33331 16316 -36705 6498 54081 11420 -3369 615 -9471 -59957 11223 18765 28883 -23634
r345 -5361 -51347 39191 33479 -1289 52154 42108 -5672 -52117 -24647 -26083 -22093 20578 -41518 -3262 28445 15550 -62960 36859 26916
r346 38015 -26745 -16945 -37937 -56887 -33194 23310 -50765 4216 -17903 -50573 16296 -25612 41227 52289 -30174 27983 57680 9886 61958
r347 -15308 -1215 25430 -21045 18513 36685 -49705 -38940 135 -3354 -47297 20284 7440 64385 40180 -29211 -30290 59845 -40115 52704
r348 15808 -59062 -46485 -55663 -22794 13710 -50683 -28952 -31103 58883 45220 -6076 -13633 56352 24922 -51011 -62883 26211 -26317 47960
r349 17853 12499 -39635 52772 -20480 -14958 41960 12078 -48955 3297 -62201 64642 55400 45205 58271 15487 -19928 -40858 -43117 -607
r350 -34762 64480 -19205 63964 -54147 -48500 -44163 2985 -60194 19364 -24780 34544 -9845 52608 -58008 18068 14252 -15195 -33044 41157
r351 44052 -60103 10126 -14507 -59805 -9927 62692 -2587 -55831 7677 60546 -23483 22181 22383 8158 -62542 56011 -36540 -19194 -10951
r352 -7527 -5523 54257 34825 6736 -37558 35638 -44405 -45357 -30627 10497 13827 -12546 -1565 4497 -19448 -53659 -21241 53457 4725
r353 9442 9711 -4970 -31205 -47249 28311 9504 -22461 -51525 9145 -39863 -43667 -51930 19128 9641 -19125 63901 24329 -1317 31184
r354 -12344 35884 29624 37812 15445 -42320 11607 -49296 39662 -55559 -32677 22159 33897 62488 -31030 12804 -29045 58044 65027 54646
r355 -16775 -28766 -29490 60902 -52205 -51170 -18168 -1408 -65045 -5363 44887 23830 -44040 38289 -13023 27957 37751 63947 -22969 58914
r356 -32008 62118 27472 58078 47907 -57695 -40634 -38 33884 -53544 -3405 2221 40284 19436 20950 -38599 17663 -25247 3747 54486
r357 6266 -48600 -38937 -40559 57337 49078 -19481 40029 15840 59616 -46262 31022 -6562 53240 -25122 -17324 -2006 6622 -43494 62971
r358 29370 60398 25188 55570 8953 -50126 -2946 -1161 -59474 35894 31352 -32369 -25487 62680 64913 32889 8387 58807 -64221 7490
r359 5370 37730 35282 31806 38466 -46303 58206 18051 -48492 6493 -50551 -25347 -14935 15119 -15457 -61906 37379 -45942 36926 41182
r360 2920 -51922 14169 -9651 -4864 58211 -63029 58266 56803 -31137 -18392 11477 -58649 -43283 -27370 20005 -14157 -22077 46736 -58763
r361 -975 -56963 60906 -39023 -568 -46123 -19161 57552 -54892 2186 -39696 63230 28179 3497 -38071 -5821 -30939 -62476 -43663 -58273
r362 45902 -15246 21755 -15815 28000 56112 24959 -17107 65195 27870 14383 -21619 -14264 -557 -55051 -8352 14126 24925 50513 413
r363 -4741 24722 2943 -30111 59044 -43505 13374 -24127 -36203 5745 -39409 64165 -33253 -25047 -24540 -14452 -32358 -34020 16535 -50467
r364 -34199 -40750 14820 -60108 31859 -18758 37773 -14401 -62218 -50811 19182 -35378 -8928 -18348 21267 -56455 60755 -55418 -41800 27058
r365 47861 26206 8809 14650 -45991 -32706 -1499 55718 5314 56073 41516 61113 14504 -49290 57116 13113 -42303 -42309 -34456 44562
r366 -5864 -47788 -56861 61766 -18381 -43078 8724 45 62570 61466 14549 -40614 41898 -55153 -42890 -64149 39567 -29129 14551 7333
r367 -61228 54766 13993 -50152 -25523 49435 42573 -25289 55462 -21222 -31847 -51870 4289 -35137 -23155 -52877 -36318 -49896 -20109 -40524
r368 -64856 -41352 -28338 41320 46571 -64559 -28885 -63786 20604 55562 52304 -45228 9600 -15150 -23546 65515 -21497 31088 32728 50496
r369 -1747 58255 11190 56022 -25532 -32873 -24864 -32086 14163 -535 -10507 -50090 16234 -21254 56098 7176 -692 11408 4187 -41106
r370 -13167 30898 -57788 -6505 50602 -43599 16445 51725 5955 56671 64251 51719 -25244 17307 -19012 -47120 -373 38971 62396 -46336
r371 61995 40122 -8220 46409 30488 41255 -649 32386 30908 56003 22961 32620 33152 57862 -29056 -21565 -44566 -9718 22217 -52903
r372 -26883 18886 42449 49517 -8307 37524 -26894 40225 10184 -31293 2627 10601 57404 -36533 14233 -62194 -2187 -33903 2790 -57671
r373 42605 34557 -60705 -20563 -31137 32769 -58720 -48840 -14459 -30047 52759 -2627 62727 51350 -19422 40024 -41986 7837 -7355 -5092
r374 -19368 34593 29245 -32524 -8042 -23660 27124 -44665 49705 7448 50057 -25866 -10742 -65425 -34351 -11079 24236 24881 33046 -4021
r375 24827 15644 23602 -636 -19143 32373 -41518 -59293 18193 -15062 -25222 34503 -48630 -52298 -18112 18376 50935 37627 40803 -41511
r376 -57729 25040 -32473 -28499 -8718 -10969 13099 -40264 37977 35639 -51840 -58003 30273 -19399 41698 -57889 -1675 50363 25809 -21130
r377 9523 44396 -7117 -43989 -1280 41115 -57611 -50055 60398 -42117 -59481 28970 -50566 -52702 46537 -58636 -14673 3070 52282 44990
r378 -62725 11980 -22623 -30857 19381 334 6435 -23731 -16472 -54599 46497 -48567 -54937 62797 -12056 -55772 12358 -27035 -22561 62508
r379 7188 29426 20594 -5954 1384 -26203 56968 -34256 -36241 16726 -62465 -38281 -11977 -34412 -46987 28297 -8254 52302 -55208 36039
r380 -20485 -41291 34395 46828 -44073 14791 -64252 -56912 -13827 5597 59749 27482 13372 34261 -51986 29093 7112 -48448 61707 46252
r381 63428 13212 -38955 -53361 13594 42026 -64007 20943 -25060 10699 -57174 54715 37671 -10523 56404 42707 4702 27002 16232 44563
r382 854 -22345 -54429 -41485 2085 -48220 -60523 62408 2881 -27938 17037 -8432 -855 5224 -35099 -16228 -18696 33498 -1159 -6336
r383 37360 11509 33613 -56531 19275 -20527 36412 -59415 35264 -65424 -21205 44242 14634 47411 -7241 -31681 20073 -24784 -57666 -5396
r384 -21384 23274 -33010 -15678 35321 -35406 28233 25176 10406 -49981 -8866 10222 -2936 -45318 42285 -14000 59112 41167 -29027 47468
r385 -4688 -59451 -36057 52256 -39635 23657 4441 -180 44804 -46682 -25194 252 -22169 -58421 30855 -16175 44639 -9248 27955 59751
r386 -18480 -54295 57769 -15556 44822 -4725 36970 35498 56625 16179 26047 -58090 -34255 -59535 -7913 25394 61001 -52033 -15256 -21020
r387 32745 48065 17122 52318 62577 22496 56000 -52366 -22376 -20247 58394 36111 20238 -32823 50516 28860 57139 40000 -27488 40675
r388 -38397 -25506 27167 -35461 53804 23325 43697 -9189 -14872 -24882 11771 98 -30053 43497 -35927 25163 58292 -59908 -12774 1546
r389 46890 37427 -32990 9802 -35171 -1964 -9133 -25253 -49791 -4822 -47363 -55331 -64324 14393 36018 -4828 -23915 39681 -31515 -52483
r390 63329 62920 53001 40608 3027 -4627 -15227 36340 -17343 18014 -1611 6428 58597 13744 -17205 53194 -1541 -5158 -35532 -37804
r391 -60622 5368 12828 44469 2713 -37245 -17618 22590 -15578 -28668 12564 -3349 52265 19183 24724 -19582 -10247 43900 19573 -35767
r392 -35328 -1345 48509 -5895 -44720 -54981 34726 59427 -27611 41640 22578 54783 -45518 24999 -51104 -48556 377 2167 40924 29627
r393 -28671 -52492 -9521 -50377 20081 16865 18474 -45927 -1280 63606 -5808 -59418 26774 -52540 61292 26342 6255 -53606 14329 -39590
r394 55104 31931 -23644 -7507 -18270 -42769 -54596 -29669 -43171 8915 11898 -28255 23986 -51581 45612 -58494 8935 27897 65511 -41654
r395 -47932 -64838 -21923 -10951 20579 -11581 14846 2932 48560 -33342 -1206 -63459 37765 56537 -25170 6419 28963 -21074 -53120 -24692
r396 -3117 -36065 42151 -51887 32176 -47916 8466 21019 -12661 -23824 -33010 65355 53113 14245 -45916 22484 -45598 48512 -7896 -1799
r397 6788 9108 -32435 -64993 43242 43563 38814 -18551 -51651 -29072 -19645 -46326 30300 -48876 37833 -5437 -45649 -28429 19606 61696
r398 54975 10758 -1601 30218 38309 -10693 64669 -44471 31773 -36180 11661 11185 -4180 39812 47048 -38836 54103 1294 21523 34197
r399 65096 -1239 -15353 36788 23771 -15554 12190 46710 -14402 -6712 30597 19958 -29341 737 -50874 -18855 -54136 41207 40118 -37837
r400 61556 -34075 8010 -37776 28178 36191 -21069 28061 -4892 -35435 24498 -17263 -29076 59152 40296 -48527 49171 51772 -49829 -63642
r401 40703 -27581 -62010 36852 -24368 7654 -33479 -64256 29409 17017 46254 -35023 -56794 34335 34593 25222 -20904 25052 -15453 -44264
r402 55041 10172 -145 -26285 63928 -56356 10870 37307 6459 -59131 12790 16482 -19953 -28425 8412 -35454 -38248 -46831 54987 25592
r403 -39306 42808 -16916 62090 40608 18860 5427 39348 20462 40137 60479 -26096 -17048 41141 -41060 -23534 -49659 -13577 -5381 23294
r404 -36546 28714 16969 25939 -17771 32280 -18487 -12592 -51411 -51207 -12403 -62427 -4756 16822 24333 -51357 -44937 -566 28504 37924
r405 -9664 -50029 61517 43344 -21921 -23627 65230 -28018 -34213 -20701 11821 22326 -39066 23131 34244 11949 -49973 46628 60189 -21487
r406 -56075 -22431 -50355 25758 -35999 -39698 56135 56536 52334 -47840 22171 -23422 -32778 -16137 -36248 -5950 10656 23538 22178 -40811
r407 58417 37306 53649 -26178 -61120 57839 -57947 27511 15432 -38379 48062 -59130 33566 13704 -28279 -61422 10388 19741 39849 -32219
r408 21669 7352 -1360 -41266 7429 -64245 -26422 23328 -12136 -5275 -24377 -16897 -65379 -34674 -55433 43624 48337 -10875 62517 30843
r409 7193 55639 52777 31326 -35380 22394 -55755 -17385 -46746 24825 -40477 -37420 32888 24040 -32787 -25232 -14323 28816 -40292 -19856
r410 25737 -32777 42053 -19060 64411 22663 -16371 -64340 27173 3849 -31871 43612 -29331 -7329 -598 -24302 3152 33584 7937 -20174
r411 59474 -48768 -42401 59853 11509 -58144 -61719 -39773 -61777 -30793 -8291 -50338 -35607 -34320 14794 56933 5821 -4825 -50837 64711
r412 16649 -37142 62594 -7485 -47213 -46044 -65087 43121 54815 -30434 32777 30766 -24568 22246 -24118 -1097 55806 -62018 41148 51270
r413 -57542 -10370 46529 -30219 -4742 61219 -11554 57684 -60656 37528 25113 -59937 -41249 -23488 -30651 -40372 58641 -24068 -9717 -34987
r414 -65123 9295 19654 31470 48016 -35233 -52312 -54134 -45699 -2744 64826 9940 -47495 29056 -38275 -52886 -11333 6593 34434 42385
r415 4828 -20206 -29807 -43389 -23775 -31980 4870 38597 57424 -6755 -7655 46778 -6146 -32547 -4251 8412 -1238 31885 -10111 41439
r416 -59634 10635 -5981 -52982 22751 -27239 -27705 34230 -45088 -17952 35606 -34348 -24116 -29111 -27085 65328 47055 -27035 39655 -53777
r417 -43322 -49885 -12418 -1956 -50248 21391 23908 -57239 -15485 -24500 57457 10041 15743 35803 -26891 -25537 58305 59447 -22542 -53040
r418 -29840 19267 -52818 19911 56408 58740 39833 58073 64602 -29880 -42892 26725 -23641 -55459 64018 -14236 11970 5702 -39908 -497
r419 -2214 38654 55308 7682 23496 10319 51687 23107 -205 54704 -26832 -33857 13077 36047 50301 -5440 -2942 14613 9113 -51987
r420 -64339 40846 12612 11569 45929 -24139 -64255 -10278 50576 18745 -15831 -60554 -23104 -32800 -30456 36815 -33846 -13192 62897 -27893
r421 16773 35706 40902 61170 -43840 -15813 31498 -16486 -1256 -59710 -51307 29318 -56940 -56718 42890 -11728 -58136 -54609 -19359 -42232
r422 -2923 -3840 -42486 -11506 -13012 -34981 -54363 65482 31429 11807 36202 10502 -42847 32189 23553 40615 40724 64023 41857 -46934
r423 -29577 25642 -35526 64770 -53284 -50352 5349 42307 -47561 -61673 -10421 -44949 55499 -53058 -32227 -34812 -47240 36989 -38280 15163
r424 -48791 -34049 -49885 18089 -28017 -36823 -48081 65120 -49021 -119 -7887 -44962 41047 -20679 5305 12842 53677 1534 -61463 -56542
r425 53769 42166 -15138 -10201 -9915 356 -30317 -43820 58575 28455 -7625 60350 -6278 29386 -2526 16875 10042 -42781 57537 43134
r426 -13105 45443 36999 -6143 -41536 -45259 17407 26064 30299 52182 50759 13773 24960 -3301 56372 41735 44519 -27952 49749 -20637
r427 4403 -22143 19771 19846 23321 -39150 44391 45938 2406 15800 56652 3448 56023 -24683 16047 -46307 -18751 -55620 13696 -54657
r428 129 46619 -12536 58831 3163 -3651 43521 -4705 57257 52295 -37504 -21018 -25539 -17805 45019 46889 63623 5832 -29871 -37662
r429 16391 61584 55379 28502 31510 61730 39358 16966 -18973 4722 -55354 -30989 -64317 -34629 -64994 55480 -53888 75 56169 -13117
r430 54527 -62931 -56679 34957 -18586 41231 55222 53559 25720 -24631 -62460 7847 4968 25142 -34465 38220 -22340 25999 -41773 -19236
r431 7817 20720 -60978 -31870 -26797 26223 -8814 56229 9060 -4861 -40267 -12179 32176 30451 -34613 64818 -4389 60794 -25012 -32375
r432 -60112 41706 15779 40717 51749 -54300 -9030 -19874 -33754 38794 34560 55168 -42615 -38615 -53797 -3881 -30145 -48228 -39762 -24370
r433 51680 56949 44294 6377 -53906 -45273 -24657 31917 -23492 -59148 35183 -19388 20731 -6222 15184 21670 -23411 18343 26552 10563
r434 -55375 -11432 -32435 -49429 -10632 52899 -61923 22409 -24459 -39509 42618 -48348 19097 -45210 -16898 26785 46932 -6245 -60018 -3913
r435 -40307 -36343 -16471 60022 -30906 53801 -31223 35221 18773 60878 38064 63067 -38744 -13125 40898 50706 18013 31717 1881 -36922
r436 -59890 5551 -50649 -23182 16873 19394 56780 -29642 16889 15484 44974 -33007 60174 -458 -17141 -19472 37121 47140 -28101 -42741
r437 -43709 -58238 47870 21413 -41799 23765 -57631 1630 -54844 32153 1440 -50895 -22978 -12706 50634 -25427 -26242 -26805 1371 40754
r438 -38548 -35807 -106 -22502 -8960 7962 3307 -38804 56916 33299 -30943 16289 -15133 57392 -47434 -24660 54024 -12372 34690 -64031
r439 -50414 63829 29081 -6506 50553 32458 -59153 -51287 60285 -34293 -55016 -58315 -29690 -13322 -47910 -39640 26284 58243 17540 -46656
r440 -63089 -6218 -8689 -51599 -44053 21533 -41693 39777 7540 -987 -17329 -33788 -32398 -37909 7512 21923 -40171 -27573 683 12769
r441 9811 31996 -62429 -65447 54002 -7284 22658 28679 -61122 -12732 -8771 -62857 -32651 -27520 -35871 -14870 -13213 4286 7925 58937
r442 10763 -53860 15381 -35198 22696 14456 55313 -60210 15438 -13835 -44506 34280 -57332 1097 -260 22559 43287 -46690 31927 24012
r443 26781 2052 -1670 21113 -35678 3919 -28570 24141 43448 39034 -42484 -51367 15586 49563 -23094 -56074 6622 -19155 -18196 15097
r444 63270 -54276 -63005 -47598 -40074 -64914 53999 -63765 56365 -53850 -38049 -28911 215 47402 -64449 45695 -42689 -55743 -19661 52863
r445 -31351 1611 53914 -63904 40188 -37893 -36244 -52364 62849 32546 47088 35186 59740 -5778 24096 -62993 -10947 60082 -10774 35559
r446 -31499 35040 8468 -17811 45317 32729 -53952 40664 54937 43652 30736 -29784 -27167 57960 -56970 64309 19494 -20270 23357 -45831
r447 -60398 16459 52589 500 31751 -4501 40386 -8373 44013 18978 -45526 45221 -56988 41794 -10340 -44943 6570 -61203 23316 57851
r448 26085 -57739 31405 21881 -31207 58754 39880 57399 17065 47076 35261 62278 19719 -12151 45980 -29461 6370 46528 21961 41597
r449 -9309 61974 29293 24563 -43436 -53031 49624 54546 37896 59699 -4965 28981 39436 -19627 39936 -39018 49494 -18837 -14954 -65366
r450 5411 26594 -61057 -40360 15200 50475 -60255 9585 5852 -40712 23539 9985 3459 59036 -19959 51828 25245 -10891 -44310 -53347
r451 14167 61645 8567 13865 -197 -60066 -11073 -41030 17761 -14255 48997 21985 878 -9840 29089 17995 -22259 -44873 9897 11523
r452 17606 -60269 -31485 47470 60098 -14350 18037 -11049 11687 -65330 -21318 -47501 -56525 -37119 50189 23780 -30483 16415 -15955 -21608
r453 -30968 -18410 37620 -17931 674 -46936 -51079 -42996 21838 -4997 25386 493 -51693 -25158 24370 -57549 -21845 45955 -16852 29115
r454 -6062 -32494 43464 -42069 20175 -62606 -40727 59700 30941 -50028 -15069 -36884 -18672 32958 -12708 35942 -55643 8039 -20038 -20174
r455 -4903 -57804 -64181 -42556 36838 22677 60925 -6295 37776 -2095 28482 30786 -45859 13445 -33469 1655 25403 -27906 47616 -26602
r456 -58342 -10090 59566 5568 7051 -2393 -1128 56359 -5661 61579 -2015 26768 -48407 46054 -47987 -43001 -19651 -33375 41660 20610
r457 11274 -35441 19707 44182 -35974 33738 -65156 -26858 31868 -57258 -6320 49406 5276 -43719 14322 29476 13024 -47192 52627 64656
r458 17862 -21564 -36941 24643 17309 58856 31868 21031 59387 -43159 33404 2608 -58249 25083 -22824 -19460 9342 42252 52690 -63081
r459 36915 474 -22625 -56809 -48680 -59276 -27486 29484 -42033 46758 25067 18514 59138 -17259 -52407 7902 -15779 11745 47238 20652
r460 -1354 59136 -35811 28137 -33211 32887 -32627 -6048 -28201 -24392 61074 33933 49959 -18616 -47085 64665 15385 24729 -60286 -21790
r461 -61584 -55264 -31271 -3156 -1501 34380 30819 -9556 -29987 2509 59602 -40247 -63869 -13393 55539 -36299 -46635 8434 -26555 23326
r462 -17674 -57748 -46154 -34411 31207 20868 -11705 35295 -5173 36119 -37564 -15019 -10054 -44616 -11552 26128 -58827 28317 -47408 -10131
r463 -54458 20086 -28937 51689 8135 20453 -45651 48728 25580 -8795 26695 64595 -56883 -31654 21208 5832 -22424 804 59975 -1355
r464 49093 -9287 28424 -35954 -42491 14909 25167 39787 25849 1002 21284 -53667 -61004 -35436 44364 16367 -37077 52812 -47870 37871
r465 26037 -46000 31086 44742 56857 -29218 64644 -32097 9291 62627 -34201 -818 -54509 -57648 -57030 -10305 -48090 -22690 -29101 -45804
r466 11506 13786 -33790 -44919 -19717 -7905 35644 49855 -52282 -31912 4935 34661 -12405 -12877 -42075 60067 -61612 41951 -23419 59395
r467 48131 -61889 53917 2706 -18595 64676 -60649 -40699 6697 46080 18140 -42073 62486 -31627 26977 31358 -11061 -37911 -61098 -29987
r468 33356 -48878 41570 52237 -22998 -17190 -39912 -19059 -52784 -2840 42046 32442 -59954 -15098 24902 24742 65373 65185 -17345 -56703
r469 -31074 30 5202 -4503 -51145 11352 47134 -7113 -62444 10251 -54162 15727 23093 -6902 -8953 8568 -1382 61164 48130 -45524
r470 26868 -29457 -4509 26207 -57517 62567 38189 24564 32255 63445 -15921 -24310 50802 -5618 -1936 -21825 14052 42128 26266 -13133
r471 -26043 45639 45839 -21251 -17101 -7485 14848 15040 -40419 -44802 -3834 17466 -51255 17850 7514 -40637 -64583 -38097 61466 -13409
r472 58536 30034 -52230 54847 -40031 -22311 -10582 -6118 -38137 11075 -50543 -27628 -3562 48286 -40134 -43105 -30186 8046 7897 31796
r473 -6091 23255 -10423 -38150 -56229 -45412 -17649 43688 -30831 -40319 -37986 -22050 -54525 -19835 47499 23376 -17738 58445 13649 -40175
r474 8659 -23818 7883 17596 28417 -52775 31665 -61377 -30232 -34618 -8381 -15238 -13983 -55166 51514 63495 -53810 -6543 -49235 49747
r475 45038 39274 27088 -13431 -44144 -1950 -2020 -31963 -11911 -64486 -62329 28880 -55475 -27638 64699 40922 -5913 38718 36426 3558
r476 -1884 -11013 53871 11376 51591 32049 -61219 28562 -19697 -62478 -4876 32256 25027 38834 2560 -25010 -18298 -25113 39646 -59922
r477 31528 -26684 -54063 -55623 -19106 28686 51819 33150 -64623 -36108 -28476 -61248 -12337 44633 35169 27233 33902 39700 -4789 48580
r478 2256 53649 43677 58126 -50479 -16348 -27916 53787 38579 1900 -29048 9561 -49945 16507 -17693 36153 37847 39747 -43824 42190
r479 -6084 58211 -43628 35185 -51925 32361 -24302 -6332 -29704 -33936 39607 5970 -2514 -16436 18160 48406 41429 -44037 -7099 -39841
r480 48775 36222 -810 37580 -7204 6343 -57159 -20276 59165 39385 27735 24589 -46700 -22903 42540 -39792 25940 -54492 -10496 25324
r481 -18678 -22144 -45148 21924 6444 -13152 -18484 -56723 -10720 -57261 15336 47288 -11004 -14608 64413 -30872 -52682 -12356 -20060 -14638
r482 10020 44530 -24180 37439 -41188 -26562 60369 38146 2493 -25978 22327 -1071 -15759 -21961 -4994 -16663 -13365 52843 -18876 -14705
r483 -49001 5238 -53362 -14817 -21062 56634 10263 59439 -3723 52504 -43461 -36784 -7741 -45446 -62697 58305 -65009 -8801 -52250 -1497
r484 38259 27115 -24302 -52183 34269 26546 -34538 52127 21125 -52530 -11304 36745 12375 -7551 -29786 -12652 -41018 39307 -28348 -20966
r485 63661 12649 -59531 1778 -62716 -18149 -5167 63760 13672 -19054 -971 -13366 64561 48829 62234 -62491 -49886 53290 61822 -50472
r486 39963 -17365 -57984 34634 2613 -38303 65118 12937 32280 -54780 49104 2572 30658 9777 18325 55622 11001 33753 -51501 -60304
r487 -38752 9305 -54196 -55135 -62954 27462 -15066 -42675 -20866 -15646 4057 -28352 -54057 -17835 -11800 -20618 -39881 63637 9233 22277
r488 -33864 36152 8218 -64832 52007 -56850 -22940 -2685 20803 10219 -27334 -3368 2402 28157 -2707 -58972 -64181 46420 35681 -4875
r489 64807 63248 42619 -5298 -48890 -49090 -63207 62943 -33762 -47024 -14746 26659 41683 35976 -24261 -54936 -64751 15848 -56758 -43155
r490 53274 15762 59337 54439 -15091 47265 -26995 7425 -12342 28883 20020 19971 58617 -11762 56991 20281 -2071 8402 63242 -8295
r491 -49168 -26276 -11807 16185 -16954 -58302 37615 6855 63127 -3742 -35648 4695 19149 -34164 -9163 -51862 55491 26752 -37237 48853
r492 32528 -44942 6050 -56632 45813 7451 -63583 20978 -26549 -64264 40025 26112 13859 54499 -37039 13342 24258 9288 31776 -52666
r493 -16148 -50258 8974 41247 34086 -39279 1006 -56589 -64892 48597 -50378 37061 1957 -37416 -65181 42066 -47207 60698 11712 7520
r494 46546 58672 9976 -42488 40862 -63630 32393 15633 37147 39227 62656 20221 31167 -15733 4668 58288 6711 -10805 39396 26923
r495 -43725 5920 28242 -18287 56997 64578 -49627 -9496 -59306 -45087 -11661 -53327 11187 -13340 -64213 9193 50146 48003 22490 -5059
r496 -43754 6644 5351 15691 -56646 -3785 46696 -46195 -14046 -22861 27373 -55184 37272 -13077 -36051 -29113 -43565 -64823 11828 9161
r497 63848 35937 -6037 17439 41716 -12524 -12654 33315 -40331 27207 -21039 -26061 57422 -38393 -51284 55753 43591 -37339 11157 17583
r498 -39573 -36679 28025 48965 -41929 13812 -37877 31776 -6895 5470 41680 -59494 9442 -52001 -4676 -54000 -6141 285 10660 28878
r499 -47693 9627 15967 -28065 28016 -1255 -41835 -54576 -25196 -37111 -13950 -23390 -36006 -4792 58387 -40036 22587 -64850 -59365 -6503
