mTable40 21
KEY  c0 c1 c2 c3 c4 c5 c6 c7 c8 c9 c10 c11 c12 c13 c14 c15 c16 c17 c18 c19
r0 46299 41696 30631 22167 18120 1124 21007 -3589 15010 61093 -33474 -36144 -1498 41419 -29681 -3938 42964 22265 11432 -61253
r1 42152 -19193 48617 34754 -23059 22114 -12305 -26755 33346 -20909 -12735 19724 23753 -32032 -46004 52304 -41362 -48961 -11001 -44801
r2 28517 -722 -59566 31261 -14132 -30140 -30100 61373 40933 -47969 -17927 -64839 6141 56482 45113 -19171 18014 -15452 54985 51701
r3 45543 -14160 -8804 10220 -17729 -33447 -14980 -51596 60277 51720 -58505 -49613 25781 -57812 -44559 -56673 -36840 -41444 40378 -41676
r4 -20287 -38712 -42242 -50018 8567 -64850 -34528 47063 13073 21251 32168 -31211 -36875 -45094 -13927 41098 19187 -61636 -63514 29869
r5 -16968 -59409 -6342 3547 -28177 4833 -12333 51829 27068 5919 15041 12050 3193 22089 -35415 57142 40735 -62429 -16948 -56775
r6 -53377 -22767 -38483 -12170 22289 33722 -49694 -36185 -23283 52139 61499 56602 -42925 -12648 -39245 -32512 -20044 56089 7802 -63625
r7 -34255 -59804 -3185 -26509 -37202 -61039 41672 -49758 51345 -35261 29125 52875 -9849 43809 9628 59394 8825 53106 -17625 -46978
r8 -19619 -45881 56971 51581 45026 -15350 45292 31752 -27194 -2447 -61927 -25321 39726 -59093 -63907 27709 3569 23993 -43696 -58125
r9 -600 19865 30049 19160 -19038 -17948 -20382 -47897 64661 -36691 -4469 -1911 -24719 -18245 44587 12946 14146 10042 -31878 45458
r10 -26321 19831 -63527 -64928 8275 54507 36746 45688 -56840 60627 -2226 29225 -57515 20446 26083 -25821 -32979 18589 -25193 -16121
r11 -31537 -13420 2716 -24415 19794 -53070 -14602 -29432 21161 50710 -35398 15797 -8760 11988 -40742 17294 -9658 24284 63107 -43308
r12 9699 33162 -22449 -56721 -20150 1032 30038 55597 -32807 15703 -64069 11699 23923 2323 35451 48847 39165 -23797 -688 -5731
r13 -24803 56918 10656 -41626 61663 -37347 -65505 16843 59290 -32593 41584 -5820 -39682 50615 10805 -7351 -55139 -27532 -7743 -20348
r14 -29078 -22638 -45177 -56909 25140 26080 39220 -28690 -57042 30651 30221 -42457 -29894 8036 -7844 22190 -3548 48872 63289 31092
r15 5223 26861 -15057 -35033 14165 53284 -34900 62592 26856 44327 31214 -55594 6762 17861 7279 39244 1439 -20659 30528 41847
r16 -21092 -5418 -19427 -24991 37641 23651 9777 58915 -36546 -18985 27918 -414 -16244 46578 -45037 -43732 -479 11718 30353 16023
r17 7328 22222 -43214 -26046 -48867 48209 56539 43888 64 -9629 -52445 51131 -27349 25677 25593 -33035 3352 51820 -58985 -506
r18 -39115 -35838 32504 -25347 55371 16274 -22493 -37023 -59480 -889 -48177 60140 -56 50107 47666 -37692 62625 63157 29442 -52333
r19 35574 -607 -57672 -40645 -30154 11678 -58319 -26499 -41018 -45789 52220 -7011 -64754 -52352 3686 -30812 21241 43393 -42220 18599
r20 8391 -33659 14005 -36173 7912 45956 -46204 65290 -60579 -19242 -40303 -1352 2604 40763 -12367 -14397 -7981 -30154 -7607 -5495
r21 -62180 -8091 -20935 34774 -30106 14096 -12648 18389 -50156 -10156 -8405 31068 -14633 -59031 -33294 10627 35125 32271 41502 50608
r22 1017 23907 -60122 18968 24862 -17283 42608 -20278 46331 40804 20523 -10933 27114 9053 45721 -5763 45190 21372 41333 53401
r23 22333 -46806 64721 26240 -50114 -42802 48722 -20327 15032 4202 -1118 54770 -2282 -434 38577 18375 43256 -16585 35701 31370
r24 -16455 -15142 24765 -1456 -31890 -37132 -46182 12002 51050 57210 24694 10259 -63009 -31070 38302 57227 -56094 44630 57793 -25613
r25 -11975 -25899 -57963 48825 62608 20676 -816 41537 35875 36400 24809 39178 -31965 26191 46920 -37934 -3084 -8288 35810 -55087
r26 -41962 8561 -40923 -49329 33912 -17598 -7402 51603 -25217 -65341 -24057 187 58088 -63531 5153 49879 -14440 -30874 -22703 -28433
r27 -11369 30827 49506 53044 49308 31712 -54273 -42825 -61513 7454 -61985 10064 -47567 6931 -10953 -834 -64013 33972 56150 -205
r28 22592 -43985 33822 -59654 -54401 -8048 59192 -6829 53046 24859 54874 -23401 52778 -14939 -39756 -25644 -59571 -50838 -30025 45926
r29 -21314 -28541 1216 -23515 40464 -40850 64414 -56377 65505 40268 -59199 -15316 -24229 30913 61352 -49575 49817 -1130 55528 -61123
r30 -59880 16049 44538 31428 53790 -61815 57588 -17219 -2126 40413 -43666 -50236 41963 -57807 -45295 9620 -17546 -61499 43913 58316
r31 -49740 -64090 -21673 57213 65043 20859 36151 30844 -41470 64098 20959 6106 -45851 17656 -39555 -32829 -18193 -3571 52967 -60328
r32 -3875 45963 -52898 -33982 20799 -24955 52236 -30347 -20794 -8881 -44805 -36018 -37622 3259 32811 -20878 -53691 -36454 2637 -24140
r33 -31823 -24933 20496 -40671 34189 5086 -17365 12216 -11192 41730 -43081 18517 57901 -30686 -27519 -50734 14525 -31844 -64176 33963
r34 1246 30354 47920 51800 -64825 -46092 6410 50134 17983 -31409 7256 -31783 -48782 -2421 -59761 -42738 33129 54046 -56033 26102
r35 44212 27552 -60287 59767 -43920 -2765 -39381 8001 -1735 40716 -14151 6202 36578 -22106 30324 -43598 -35596 49844 38772 -15971
r36 53850 21729 -60315 -59085 11307 3837 -26354 43405 13727 55555 1410 -32245 -41981 6721 27310 53540 23380 30877 -23389 58276
r37 22489 -51572 -47233 -4562 -13533 23927 45937 -48252 -15568 21703 49821 17607 -23977 -42782 -45305 -17157 -40161 11262 53375 -33930
r38 53566 -39553 -20657 -29335 42687 53734 -22567 -31769 40059 -11598 24568 -17190 54519 -48913 -8810 17845 -21027 28608 -58845 -20155
r39 -4184 -28977 41045 22616 41080 19617 42302 -32627 12503 59770 36807 31243 51367 -31349 56669 -10033 35228 -61033 -52789 38430
r40 28344 -24125 55398 -43017 -39620 -48111 51563 12412 -7841 -3661 -3682 -30782 -13040 -30177 -15204 52445 -15533 65370 35130 5333
r41 32434 19112 48912 -27991 -15434 27791 -24481 -11707 -28516 -37573 52979 49633 64875 -42641 -51470 61768 47122 -54419 7177 -44223
r42 53583 62030 -9515 63936 -13160 -7187 -35988 -46814 -28447 -49526 13988 62727 -13559 27109 22259 -36063 48136 34394 36513 -5031
r43 8491 17305 62869 61598 -51667 -49069 -22726 2962 -25675 44580 43076 -45437 -29926 -51971 -27150 25458 35776 61965 7384 -21137
r44 -65080 17127 -52183 26879 -38588 -55444 -28899 -42266 -32237 62984 -32247 -58875 21498 -27624 -31706 63023 -13910 61867 23387 -55491
r45 -43674 16380 42245 13695 27517 36400 65021 -35389 49997 -58726 39478 -41446 18228 -50539 63379 -8371 -2101 -20971 34824 44980
r46 -38154 -21408 7433 -55959 57498 -28261 -9142 -26462 50637 39390 45748 63082 -2968 -16756 -3149 53417 63933 -65357 -27352 10655
r47 -36111 -9930 11354 1787 40964 62925 43705 -2124 -761 -4092 -29731 -31387 -15721 -56879 12485 -4330 60359 53247 -19964 21194
r48 -2231 -59008 12687 45926 -27664 -42886 -28345 -59873 41469 -33175 -41939 19072 28453 -27349 2701 58012 -6263 -59907 -62194 25779
r49 275 12926 45623 60877 -15289 60118 46383 -23398 -44889 24759 22667 -33527 -26670 50767 63532 56486 -24356 -38931 -27178 -49457
r50 56296 28274 24463 55759 24579 -27392 -60494 15760 -42452 7618 -60707 55392 -21105 18284 59398 20085 -38168 -49205 59095 35434
r51 -11471 57046 -52055 -44148 -32984 64116 21795 -35848 -31026 37371 8022 26008 58584 215 -3979 -3181 -16342 -46755 -41435 33785
r52 -40082 51712 849 28512 -45651 3076 41876 50788 -24511 32268 -4624 4260 -34618 53744 -15599 27385 13402 41940 -33699 -11221
r53 46046 62558 30536 -24323 61047 51155 11417 -3333 39453 -43045 43019 12116 25957 -7088 43664 41201 20913 24651 39943 53688
r54 -62958 -62699 -23721 -46888 -24034 26488 48152 -33763 -3999 -37114 -35200 -58128 -5164 42919 -1272 17976 -39282 -49457 47933 -63030
r55 5200 42468 -7498 -7010 -17243 8648 1426 62430 54562 -21003 -54654 -13361 -54993 29875 16880 -63676 -44678 -20583 63607 52427
r56 51420 60456 48719 -62618 -39451 18758 -42592 -23329 -20826 47897 -52515 -38821 -60389 -19109 -5610 -1854 34465 57174 -32424 12712
r57 -47590 -58064 41636 7624 -19634 7658 -25010 35713 -592 -38997 -36024 102 -52858 -2648 -27589 -44309 -14580 -39509 -12625 -9005
r58 25499 32736 -25375 -22849 35691 -53721 31639 -28620 30075 -33986 44151 -59339 -3248 41868 -63123 -23044 20273 37520 -22030 25875
r59 -18247 14913 -60817 64714 -64549 13033 -6015 -20379 29528 -36022 63915 -26423 -35299 2299 9064 -56026 -46817 -6843 32751 31840
r60 -7359 7145 14392 -10215 42561 62900 -37 -18596 29644 61888 -59974 -63294 -43271 16155 -10187 7041 4633 58514 22798 7503
r61 44185 55530 -36922 17822 61579 60732 26851 -50163 37961 25022 -59825 -43553 -50390 2967 -54729 31645 19771 4624 1940 -10646
r62 -58809 51708 -2110 10329 37055 17351 4766 -18712 52164 -33938 46871 -10046 -24246 -27026 24459 -38942 2110 25389 42011 -42005
r63 41071 -22994 46272 12025 19765 -20649 -36689 -18255 56802 51397 -54823 60305 -42446 -33636 20799 -32800 12170 16213 -50880 3039
r64 48777 42391 -43161 -14261 13421 -47648 41725 47756 36101 20903 51601 4313 -16480 -28719 -19258 -52876 -22400 52506 36059 -47591
r65 -45731 -20878 -23890 20057 26688 -37435 -45169 4544 -3496 -45101 -58487 23171 -31990 -59917 60811 51759 61434 -44833 65243 51092
r66 38498 -63592 29140 55357 -63850 -59810 47677 4310 -18298 -48392 8094 16019 -51163 -42208 14126 -64637 370 -53 48017 -59078
r67 39581 23466 52798 50681 17793 -12837 -11461 -27902 59586 -17995 7581 -7538 -59539 -37416 47384 342 -11141 65251 -44524 40175
r68 -25441 25285 -47141 -2731 16242 -31190 6163 47881 51468 -35801 18824 -10373 -51220 37556 14211 -27893 30505 -22191 54736 -8604
r69 53299 -62763 -16584 -51666 17628 39614 -18925 -11063 -20675 -29409 10091 -47425 40128 60105 -28070 -31006 50285 27095 43682 -8618
r70 -19256 44786 993 2269 36688 36362 -53935 -51304 -387 6601 -596 -24368 -53645 -32969 -11757 27048 47953 -46688 20434 -55549
r71 18738 9220 -6933 21121 43115 -51248 -11593 24767 -55497 -8820 -11479 57806 65060 -11595 50942 -61448 122 5324 -25626 29881
r72 -26393 -34051 13047 45664 -14809 26541 -32543 -20634 -38704 40679 -9609 -48809 -59495 -31645 38910 -4217 -62206 -29094 57669 -6360
r73 52990 14796 51749 65323 28087 58848 -33162 -13476 -32372 35373 33373 -15900 -1132 5842 35763 55484 29441 20674 1123 44872
r74 35553 13323 -56534 -50352 -31019 13269 19740 -29282 -28051 30941 47951 -4221 -48406 -21231 23998 -22810 56508 -2181 -49923 -8838
r75 -23934 -29919 -64319 -34607 -64289 -55631 -32875 -38983 -42310 -13812 -25806 -3758 7441 12131 31338 61728 -32536 -465 34396 15049
r76 24358 -48926 1916 51618 41892 -32927 -29888 -26070 -27617 -56787 -58238 -15244 -10033 -48424 -29289 -13919 24013 -46161 -53743 32943
r77 6900 44576 -16074 -61937 -51754 -63319 30369 -36439 23397 -25168 -2586 -12478 -22341 -6473 -36962 23190 -43603 -41986 50705 -39808
r78 63540 52791 -6755 10798 58810 -32923 53779 15621 52589 -59159 44893 -62354 44804 -57377 -37850 22675 -19914 18053 58896 2910
r79 -17091 -44068 45794 -48325 38334 -45091 -7752 -49865 -1527 -41394 -13038 54914 -2861 60994 40575 65043 -18025 48636 64014 57960
r80 -26116 -62978 30198 31216 58791 35203 -10519 -58807 19065 31863 -6809 -23695 54215 -27918 -17422 41350 -6740 51040 35675 13865
r81 -9017 22880 13126 -48384 -29300 -57317 -6289 3759 -23627 16119 -59233 -25720 46535 -27719 41274 31395 62277 25810 -28733 -29998
r82 7463 -10327 50706 29339 17196 59973 -64964 -24671 -57445 -43721 -46129 3605 38540 47675 -45431 -25550 29889 23414 -57428 38893
r83 20050 52183 39221 43168 40030 14404 47358 7011 54888 -20072 -30341 16601 34255 -34966 36904 -6559 -35508 52653 -27668 -43131
r84 7654 48415 -57227 9112 20205 -34639 -20788 -36000 -2935 -708 -36248 46869 42394 38509 -49908 -31433 64187 -41260 58358 57206
r85 12815 57229 40974 -30296 -38684 14177 22217 35118 -11720 29419 25842 43806 1228 45371 2338 18995 54657 61501 -29870 8023
r86 -61343 -13322 -23093 -41547 34254 39957 39793 32905 45590 33483 11734 32291 40917 -60753 44294 -6092 61099 9104 -29619 -59722
r87 -62986 41092 25989 -28115 4426 56642 16358 -59222 31243 -29360 61061 -22554 16633 47729 41940 -44858 -43147 59602 15299 -49389
r88 46654 -54339 -3868 -22423 -17836 -953 -10159 49565 5913 -24003 -40780 -51701 -8041 59456 20603 63858 -32808 -38457 35489 -1704
r89 -45994 23549 64368 43813 13079 -4867 -19937 -61603 12067 -31683 42894 -8715 14928 24131 685 4966 7070 28582 -19120 41162
r90 52479 55906 -37168 13741 11286 40322 16553 -33580 -45854 15857 -34125 43190 53550 -60328 -36678 32214 -26864 4190 -10593 -23907
r91 61822 28649 -7336 -41554 15394 26001 644 16789 63253 1147 -60767 -54110 -53491 -17747 40517 40895 19463 -29595 61003 -4493
r92 12922 61777 -40373 45378 -63269 46533 15291 -17670 -30550 -21934 17495 -58064 -13049 -62861 42314 4681 -5606 -10881 8727 -41883
r93 -37594 -2110 63026 63553 50327 -5832 38040 50782 12272 -33497 -21739 12072 28367 -9962 -62944 44349 10266 32597 59404 -49868
r94 -62546 -19087 10021 13925 19456 -65321 47384 -3738 -43692 -19991 64829 53633 -3700 -4769 26631 -12944 5854 -62316 13235 56863
r95 61244 -26468 -60232 -16268 -20426 -838 34025 -34987 34364 -25081 -65146 49868 12917 5573 23870 -47305 -18758 -23068 968 59081
r96 53200 -32495 5054 -21149 56559 22484 28585 -65198 -30290 15130 -11950 -37755 -36029 -15822 17109 -30792 50792 39007 44841 -22188
r97 35024 50098 -53687 -28704 -7114 29127 -34878 14110 -27457 -91 -7318 -19312 -44922 -44290 -58873 47169 -3516 28825 -47413 -9853
r98 39605 -25036 61771 11879 3166 1416 44738 -25565 -13223 7441 -10919 -43485 -256 -24880 41490 -24379 -62154 -25842 14823 62757
r99 -47521 -16020 -7807 42777 164 -18884 40567 -30127 51642 -1156 -13483 51162 -31531 -61319 33514 7109 51273 17397 -8428 -24042
r100 -23314 62330 33855 38243 -25279 59877 35652 34957 42383 -61982 57988 46610 2589 29070 38005 45802 -10598 61648 21609 -28874
r101 864 -10646 -22544 -27826 26511 -51488 -52326 42367 -2740 -5106 -50242 31687 -36697 9876 47983 10318 12475 19720 51119 -53022
r102 -852 13660 -38488 46996 11275 -17519 -45181 -31281 -30344 60050 -45794 2412 50968 -34544 64731 -60738 56656 -35404 6570 -9994
r103 -36513 51717 -17240 8154 -7575 15564 63461 -881 -7150 27329 11269 16806 59804 -9890 60668 -3674 39603 36824 -59380 9336
r104 64584 8258 16675 -15674 -61040 27976 -43598 33076 3992 -6940 12347 -57302 -1001 31121 -17604 -6892 1486 -26643 40867 42811
r105 -10958 -28031 17194 -31525 -5037 -56281 803 14983 -7642 30291 -47882 -39881 27850 31675 23410 7870 -57144 20750 -42603 49663
r106 35609 53980 -18000 -12663 -13597 -64418 23480 -16335 -61536 -24380 -18642 -45329 -14268 56303 46130 -40354 -5326 -38698 -33795 -18709
r107 22567 24446 -16859 35117 62099 6849 43814 -18375 32475 1762 9006 -28694 18119 44347 -21346 -11125 -21816 -3527 50134 45416
r108 -5686 10826 -53649 -23032 63120 -32416 -62276 7927 -40024 50916 37308 -6526 -38043 -7620 -56282 28525 -40805 36409 60600 -18162
r109 -45838 3383 -6694 -27722 -7606 38124 -5542 -7380 -54200 3363 -2681 23175 -6700 26921 -52755 47042 -30380 27480 11848 -40137
r110 37040 55427 48638 63072 -32691 -407 11589 42369 -7846 -58860 6330 -22789 -10724 -55055 -43677 -21812 17976 -17116 37551 21587
r111 -54871 29338 63994 -37268 15712 -58688 -42446 -27066 8607 -40475 -30436 -43186 -25719 -21004 30659 63326 -16214 -25049 -14671 -22502
r112 19550 -24198 40338 -34206 20861 18180 28973 -40557 -15721 -58720 -6703 -45892 -25842 -3228 -43995 -46206 -61881 -45517 35020 58957
r113 34131 46951 -24656 -42449 -46400 38615 20805 34181 -60994 -3222 62696 -50204 56767 -53583 -53728 33214 -58126 -64978 -7256 -63417
r114 -56326 -9593 -30576 -34752 -26721 36524 53099 -7555 289 21316 31307 29832 -44880 -49178 41095 -63904 36715 -31324 -45964 6119
r115 53910 42030 21964 -34527 43498 -41775 -37369 39022 -4625 42857 22017 -38281 30131 -57112 49195 60832 22126 -64322 -6410 -33286
r116 50671 62890 -29685 3069 56307 -9796 60309 -62360 31850 -20838 38391 -53600 11469 -33058 -54828 -55259 58763 -39139 -61199 25102
r117 4902 -44458 63039 3849 -63865 10614 31560 -4919 -24086 -23486 677 38324 -7592 -56112 23916 42414 -15145 28099 -30568 9960
r118 -56492 31134 -44691 -10730 -16560 -55448 35308 33550 53347 -47108 8374 59674 -58659 27845 38308 -60482 -58454 -34141 -6054 -54296
r119 48953 37703 -13761 52547 56708 -39914 -31356 -5248 42654 33395 -49918 24213 4751 -63092 -10213 29937 56649 54890 -10154 6140
r120 -49825 -23921 -20683 -4309 -61211 6707 57682 -37709 -64909 29324 -9384 14101 -63684 46740 36538 -58351 61510 60789 27620 45163
r121 37632 -59419 41770 26865 42102 -33273 -40815 -23507 -60096 -59701 43388 -61421 -2174 49740 10977 29864 63134 58012 6459 -7523
r122 44192 -46969 41793 -19367 -13017 -50540 -49524 40251 -3956 -35103 44631 4040 -732 64292 48316 7061 -37087 22910 -15591 104
r123 1786 1158 57867 -26451 -44919 -21763 -3904 -6501 -25578 28679 8287 11595 24074 27176 -12778 -63901 -58019 -46900 39790 20634
r124 -37068 12705 -52038 15028 12924 52877 9030 -50337 42937 -34585 -33665 29010 20872 17281 -16337 -49869 -53108 1888 -50006 18598
r125 -42084 -35121 33639 -32010 56432 3787 15969 -3492 10746 -21113 -55016 23916 -50492 11594 -22497 40712 23605 25089 49607 -59856
r126 -21768 -24841 -1373 -54375 -22002 -23314 60762 27773 -64123 -34358 -58383 -47616 -28811 45915 2810 32826 -6503 10310 -4119 -37885
r127 -48762 17327 49127 27663 -36166 11274 49682 37442 52807 -33919 -52461 -60966 -18404 -6942 43573 -24585 -26668 -56987 -25417 -4072
r128 -27998 36898 -60999 50182 -59092 -50132 -17434 43781 -2685 -28869 -24494 -13978 9124 12486 60870 -54975 42508 -59911 50682 43682
r129 44317 6787 -55015 -15950 54067 27817 33497 46475 8829 14425 27357 8831 -2734 -6372 5273 30179 -59156 22498 38285 -6058
r130 -43754 -16661 55287 -21872 15291 21712 -61021 -36739 -36595 -47456 -50119 -63869 55727 15794 10603 -52527 -42184 9392 24629 25480
r131 28811 -6822 39597 -56530 41318 35574 -21494 2915 55693 -64844 28813 20276 -8736 -61020 -2864 16684 43161 -58543 -35330 -14720
r132 4210 -38409 22424 22139 26412 -30269 41412 35427 -40694 7129 -9240 -58841 -26701 35254 44212 559 10604 22799 -50436 16759
r133 -63746 -63388 -64629 -63146 -57157 35825 -21439 -33775 35520 -40774 -57910 -62633 14726 -57552 -51818 -32436 60212 16594 -49738 -48842
r134 -32718 56771 -31533 19568 25564 -11415 -43447 -24798 5209 -57233 -23339 -36882 -49833 -50513 59640 58662 -51729 35261 -11033 -27719
r135 -10246 -61594 16523 -24010 58100 -55648 25804 -8900 -60531 -60079 20129 -57932 -3641 -35748 -64567 -37748 10632 64143 26885 4025
r136 12946 53664 23582 27507 -52427 -46764 -54330 -64916 17551 -57832 48297 -19318 -1413 -9935 -28650 36174 63783 25338 15611 -2038
r137 12051 43698 14383 -45988 -35516 -50717 12582 -30690 12047 63574 50856 -49655 -56934 9957 56572 2322 9657 12153 -63106 -39251
r138 29915 43684 29266 20543 -38738 17468 -5504 -25180 55042 -20258 -36237 28844 49464 30121 -21704 55340 26321 -59671 -23500 16617
r139 -23096 63073 49776 -27133 5667 19841 -45997 -46557 -8353 -10027 -44819 56743 32663 -51371 25076 -58210 -4942 62356 39788 -8122
r140 -43271 40724 -45363 21405 20833 -28274 -58471 -60323 28202 7576 33072 12810 35962 -45827 34465 35570 -40289 45983 -50227 -27811
r141 63600 9778 -12115 -50335 7420 -37171 16682 -50345 -1356 32881 -33935 -49197 64214 47049 56017 21921 19104 62793 -60815 -10784
r142 -35341 -45539 787 55058 -43341 60738 -49581 -54506 28981 16263 48958 50391 51022 56943 -43338 -10872 -12458 45894 -57095 -44377
r143 19845 18928 29486 -17039 14496 -39759 -8659 64063 -11056 -56174 11631 33207 -39136 -24098 24921 -25941 -2665 -37648 64403 47697
r144 -30647 -22122 45577 -20224 -54860 12634 -55063 -50720 34638 -46288 -60931 25059 -25228 -29360 37696 19823 -28408 17895 -35303 -5268
r145 30845 8730 46590 -3135 -33796 39906 36274 57790 59424 -44015 -9506 10050 -18890 -13761 -795 46757 -25814 24024 -57571 -30500
r146 18719 -10557 22375 23851 -43925 566 -42852 -23323 39667 22680 -7920 28200 20226 36638 -38894 -59942 -14929 11077 15909 63995
r147 -48702 64096 58510 -60783 21266 -52314 10623 11245 -17661 8330 20237 62714 -49855 43183 -48302 -25410 -2388 -56726 45153 -21874
r148 -37348 63329 -36629 -33778 -3908 -54244 32082 10785 36124 -52881 64889 12971 -12335 -35548 -53155 -8780 20899 -59691 18193 52578
r149 -26446 -45566 -22942 -51425 31467 7774 4629 48529 -53147 -38418 47410 -45849 44782 16660 -7690 -14346 51580 -42460 -33449 -286
r150 -52447 -38383 -17197 -44432 52770 -8067 -48466 58297 -31208 151 -2358 52805 -62465 63420 58320 -55342 8938 4788 -44139 -11379
r151 34168 13063 -6177 -51088 -18368 -59540 -49235 6712 -36271 -50003 -61397 58536 15069 20386 63743 1507 15993 -23474 -32447 14005
r152 58335 -9127 -48670 37737 24726 -16325 399 -37847 17927 -40947 -51866 33426 -5866 -1703 26779 -42574 -6674 -36117 43072 -24205
r153 -6273 36868 20805 49929 -55644 -27657 29769 -13770 -6013 -39977 54444 -24721 -42029 -42362 -51138 41296 39606 29320 2089 53280
r154 60946 34736 -5049 -52670 -55337 -32984 -60661 -4028 16983 51686 14440 55626 -19267 29763 -61503 9901 -35990 14845 61733 -38521
r155 -6566 -48341 -56912 4517 -6825 -21657 -59938 -41094 9092 -40180 -56229 -53542 47016 -50517 -57402 -51651 -14844 -38884 29170 32320
r156 -8211 -48222 -4804 -59719 51102 32253 10096 14846 48927 31842 -28052 30835 27606 -8605 -2462 23258 51259 -65123 42805 34495
r157 65200 -19379 63108 61576 -13744 -16352 -14048 37169 -56222 59847 -35677 969 36906 56321 -25156 33204 24242 43654 1204 64182
r158 -32273 -35574 57719 55746 -46296 27455 57988 49979 -24978 34007 6479 -37216 18723 -29086 -4235 -12283 10754 -65342 -28583 -749
r159 -17967 -57460 10239 -949 -49223 53248 50144 41587 -6083 -19729 -13702 -45473 -21400 -25136 -41752 64948 -38797 -33926 13162 62919
r160 -3869 64689 10099 -56382 -39668 -46775 -55850 42879 33663 -50842 26275 52777 59365 -31838 -1626 42559 -33490 18675 -57322 62426
r161 54727 -27466 18488 -5275 -31907 -26041 45687 -45394 28558 16295 -32059 -13667 11450 62174 -60019 -65233 -52621 40177 4706 9158
r162 -31211 39128 -28863 -11398 -3695 -27351 59056 -24645 -9313 -62089 18610 39268 16411 -40305 36438 9775 50105 38469 -51276 24852
r163 20498 49117 45492 13606 -35088 28279 56407 40624 -36087 -48787 -26355 -2293 40994 -46917 9659 -53984 35083 47939 -18285 -58071
r164 -20549 -30874 57421 -62574 3618 61578 -62584 -2680 -25989 -56294 11017 -28027 54157 -2682 30955 26212 17013 63364 63766 -45320
r165 16301 49183 -37917 35155 -30195 -46789 40658 -3825 21682 52133 62619 -54467 10249 -33137 -8237 -61211 14444 -48339 -62065 -11535
r166 -2153 22855 16673 -52504 -15495 -54087 -26088 12225 -4608 58096 -51310 -31542 -46141 -36405 60363 19262 -61509 30818 -38566 -41600
r167 -14031 -41053 -7970 -7192 -47610 6607 -29646 17952 -21213 24085 -59028 47261 -32884 2727 22611 51627 8890 32612 9719 -21724
r168 63423 27775 -35142 -24857 12592 10017 55350 -2766 6894 -4106 -49635 48606 34580 -58027 -26459 -24611 -14955 -64922 -32933 2182
r169 -55050 -25665 -59110 -60954 19323 -16133 51448 32148 11866 49634 -38953 -45488 -64746 27521 16826 -45024 -39353 5536 -42514 37603
r170 63107 50498 -20152 -11391 33280 -52245 -17806 49830 33869 15652 36848 -13569 10820 -34712 504 47505 -8278 -36566 28820 -54943
r171 47249 19219 1971 -62756 51632 -14639 -38366 9821 -35266 -23278 23622 12549 14669 -30125 15666 -21175 28489 -46516 -63824 28118
r172 30595 -40540 -18574 -44674 46587 -13878 10354 54495 46495 37478 28146 12205 -32808 3329 5636 18527 -56729 33755 918 -56195
r173 -10245 57780 -31249 5943 56204 -60029 9256 -25764 -22549 -4012 56349 35933 -47981 -4237 45726 9499 47735 22614 62501 45006
r174 -62108 -36272 22572 8192 1773 23617 -48953 5656 -5434 -7485 -57646 9980 -4891 63956 44592 12286 -18317 33249 14305 -26056
r175 53907 -19804 -48815 6870 -44038 12030 41550 29395 11995 16551 -22379 58315 -60106 40518 18279 35866 -52504 13180 -27995 -33606
r176 23105 12273 25184 36508 31320 18827 35007 53952 1795 126 -32978 8755 42518 -36232 24725 17749 19254 42586 -49769 -22456
r177 -33828 45778 37548 -38431 -9200 8305 22044 45518 3899 -8918 -4346 -18093 -57093 45114 -7894 -62366 36295 23249 -1458 61907
r178 39084 -7516 -17129 -38260 -49595 55826 -18862 25645 64658 -32919 -59183 -237 56607 -47422 37514 -35943 -9005 22963 34137 -17893
r179 39763 19928 17283 44327 -49136 58411 20907 -7830 46284 -10475 -25263 -57728 -56186 64636 -29491 -59193 7111 -47125 -13642 -8988
r180 -50231 6774 55611 19439 48936 29474 7984 -3918 -58933 -51149 -25947 23460 28880 5346 15981 41811 -1972 10241 22164 -39481
r181 24551 22492 10522 10362 36295 14201 -35059 6346 -17093 45681 11184 -47576 31561 -18903 -50476 35839 32656 61146 -21113 -48449
r182 -37575 -31551 -41808 -28997 30334 55353 61114 -43240 -47781 -4076 64390 46696 18492 -27537 42888 33139 62702 -61206 -35474 -44953
r183 29882 36953 40978 45516 13175 3945 14729 59563 -57126 9098 -19719 30694 -14533 -26720 64594 -16769 1124 19044 15179 9374
r184 49997 -13881 13442 41459 -37347 15448 -40910 23411 62614 -22792 -58236 -64878 2267 -57325 29007 -24111 17165 41672 -16120 -21905
r185 -58289 32165 32000 -16726 58824 -47083 -57371 -19932 4358 45582 -53728 12681 23437 -36347 -25193 41183 31870 63972 18873 26314
r186 -978 -60745 -957 -5307 -11764 -1749 20856 35561 42729 8190 55989 10512 40327 17808 44985 -55403 -35707 -47497 23082 -15546
r187 6978 41008 -19333 -41095 64232 -34642 38336 36828 27667 3297 3 15569 -12084 33423 -18944 -10714 46875 45377 -13238 44279
r188 6801 -2367 4892 -50373 -63855 -28895 -54437 -40924 -23422 -920 -5809 -64591 33967 14786 -31947 5433 -13452 -28084 38599 11006
r189 -29319 -13114 -48353 -11182 -15596 34926 47110 -32611 46837 35394 -10572 38846 25726 -31204 36103 40089 50371 -26660 1992 898
r190 55954 15291 -54476 -11053 -13429 -34263 13892 16352 14544 -9926 -62726 -15865 -40392 -37713 -37122 50870 28433 -2791 21243 47177
r191 17961 -20521 -6 -51814 32374 -11694 -46140 24940 -57630 17812 9724 34693 48541 10118 16089 56809 43160 -2454 27593 18202
r192 -8689 -30628 57413 -34770 -45424 46997 -42278 21224 -12535 -18878 -26454 51143 -65074 32519 -25348 60409 -43953 -11505 14510 -50257
r193 -48639 -14988 36466 -57432 -19794 16250 -51646 -52347 -5786 -3887 -29561 21155 -9063 -25576 43140 -47979 62336 65243 -54526 24229
r194 49546 5892 -28240 -16907 -16391 20371 -31628 2737 -33977 -20892 -9313 44061 24809 21346 59473 -3444 -15879 61006 -32434 49412
r195 27136 20894 51431 -51835 -11562 -48491 -31187 -52033 65353 -8165 -18659 26954 -39013 -10205 55285 -33413 23958 -10185 -62995 -55368
r196 -48007 -53051 -41178 -56053 33954 -692 2628 20187 14413 -23361 45650 -49374 12570 28295 -6940 -56832 31550 -31453 56837 -43688
r197 5890 -31781 42373 60380 -14841 -58613 19864 14913 48426 -39581 -50029 60205 46038 61289 32951 15786 -40137 65354 -5021 -41475
r198 64886 39393 42887 57557 49956 -43407 45738 -30840 40381 -63628 -8772 -58735 25298 4607 27469 -33125 -4327 61731 22449 35577
r199 -27501 -43805 -7002 46590 -18959 -7842 -56879 -25808 -49434 -1061 60807 -3979 46176 21487 -61303 51669 -45843 11887 60520 -16015
r200 -50202 357 -56711 43154 7022 61250 -39219 -47028 -57135 12177 30877 -61202 -38328 -25067 15107 -21696 59224 15944 -43801 -62718
r201 -3430 643 -41094 -22766 21456 -31025 38932 56723 22457 -3125 -42658 -11426 64020 14772 -49564 47832 -42863 27206 -34876 54024
r202 42659 26492 -62442 14191 -10357 16200 -63383 -37628 57636 7860 2378 52462 -38160 34689 54954 -30974 -53013 -50999 -35102 -53892
r203 -7724 -14953 33305 -48359 51423 34457 -43029 -35535 -41659 43725 -7616 -59378 -25048 62580 20333 53718 379 36653 -26488 32498
r204 -60041 10954 17639 10222 -10296 3397 -47796 -19108 18925 -22059 -18711 -28956 15777 -56713 -21499 -40818 48956 -27338 -59774 -59762
r205 59397 -59464 -38873 52209 -56720 -14614 24254 52592 63127 42362 30076 31123 -46091 19966 -9766 22223 -52699 -2166 30096 -46145
r206 6393 -31253 52014 42728 -47837 -41478 -2080 12368 14092 7281 -46550 32649 -27959 -31347 -19393 47388 -61851 29160 21219 -40540
r207 40784 -18366 -57108 -30004 5354 -37020 46615 -15473 13785 17973 38467 -37093 -23856 -2380 41687 -11171 -29454 -54061 -20976 25008
r208 -27556 -1665 19750 10000 16178 44585 -32446 42770 41869 34926 27376 16387 -9472 55935 30577 -61842 -24908 33788 31525 22504
r209 -44029 -32276 18054 42324 27137 51108 -27215 -32410 38137 -15400 -52895 65312 773 11609 -50155 -58035 -64782 38096 -32174 -52432
r210 -4069 -37238 -37635 -25512 -25476 14346 12971 5406 -62493 -33964 12459 -41654 24083 43754 50942 -21522 47273 -578 24745 -20520
r211 56484 -31217 19954 34253 -57468 49239 10086 52171 -1969 -23287 -48930 -29727 -14365 -18484 14171 40581 13032 -34587 -59549 57567
r212 52931 8234 -2487 20739 -27887 -38466 -50336 -56146 56418 28552 -47881 -53664 -48129 -29706 52833 -34526 2265 723 46013 -3429
r213 32609 25461 59963 -18331 -38758 -17070 -60267 -15058 41882 -36215 17117 40583 45409 26225 41935 24190 -53150 30270 40965 28624
r214 4242 555 16794 21292 -62725 16185 42652 -51054 63029 26119 16802 -14418 19674 -56215 -7136 27127 22447 -41878 10935 48681
r215 22072 48658 36343 -48677 -24107 -22691 7968 23250 -1771 51223 -49250 38978 -50551 -46466 4824 1494 12112 57365 37020 -40083
r216 -22336 6402 44016 56945 -63017 12510 -19721 -58042 -6227 -55534 -10753 21163 -3456 51879 -10677 -33233 4731 59392 -46259 42105
r217 -19898 38880 27778 40323 -15975 -2876 -5414 24878 12182 -10593 -27545 53805 40316 -61048 24999 49058 44663 16328 12701 -40752
r218 57638 -52303 62386 -54935 56128 60466 54988 33462 -18223 8991 26848 25789 -16494 21712 46407 -24584 31659 -61178 50575 16974
r219 -34594 -52844 32989 22302 -47890 49989 47231 42450 41169 36814 -40286 -43465 19485 -32278 -7689 -49377 60988 -53196 19163 -10516
r220 -50382 -36580 -49094 -60776 -45854 25619 -46220 -20849 30647 -38289 -28371 -12528 23662 64534 -49734 -27422 62250 -49201 59993 58118
r221 -55877 -16485 -61213 -60847 50768 -18143 -63794 27729 -11093 -3407 -21287 49838 -5123 -59704 7922 -54452 15483 -51199 -26304 22074
r222 25852 51003 -50786 -95 971 12010 -15408 57380 -50672 -6882 44302 59418 -57035 64220 -25163 -23428 -58326 38917 -3570 -9500
r223 49047 -41871 -63681 49456 -43241 -35193 4762 23429 30400 -51417 -55846 -25266 53374 -616 53566 -8922 38185 -30080 -8697 -62734
r224 64540 47688 17556 60656 48517 -25338 44975 -60190 -55731 22208 -36374 2818 -516 -56081 13557 54861 -64789 53370 -16782 -55143
r225 19242 60762 64823 -48233 4055 -59914 -45434 65318 -56490 54822 -47518 -44047 58982 6793 -47427 -53840 16980 -18361 -15026 -5185
r226 -6780 54134 -17377 38261 57379 -56261 38512 10569 -4898 57402 -47572 -40508 56770 -14273 -52996 -18515 64415 -24672 -23092 12446
r227 30292 30373 -37551 49090 27963 39540 647 32988 -25462 -35097 -27210 18033 18211 37108 47830 -56710 11992 22083 18406 -26522
r228 7511 42810 8014 -12032 -44953 34001 -55139 22265 3155 8625 -10551 39195 -5838 -44648 56584 -60494 16203 -31705 -27716 54029
r229 25345 -55346 -19374 55771 -5035 25115 35800 44583 20808 28314 14204 -38310 -20316 59358 -560 63214 -54540 62064 -48007 -19752
r230 -56807 37278 46983 7090 4873 -21038 32959 14285 62544 -13725 40769 62590 22042 -49931 -8574 -3513 -43555 -47914 -54911 56795
r231 -54700 -6578 8029 64728 -25993 60177 43536 -44238 38881 40516 -32810 -46719 54488 -14082 -10656 37688 -30665 53252 63345 -38506
r232 43705 -41753 27498 26630 17958 29635 -42165 61698 10853 57416 -10993 29841 40441 15441 35324 -49601 -62681 -37926 -45672 11595
r233 56056 -30680 -16043 -61062 -46489 -39071 -22080 31717 -46292 1597 16505 46852 35291 -19094 -2812 41611 -45552 45108 8696 18306
r234 -26739 34186 45868 10791 11975 -52511 60549 15213 41132 -28303 14893 33833 32773 -5525 -24226 30795 47522 38212 -47727 5466
r235 -30812 45233 -53293 -27608 -5465 58059 26057 57266 45079 -26909 -46859 -59269 53201 51425 7475 9050 43741 12589 18682 62073
r236 -15624 -12301 32353 9053 39561 -64322 39417 55020 9964 52436 -4769 -11185 49636 -30756 15526 41758 22263 -43332 -23664 22479
r237 -4960 -59004 -29030 49479 -48209 60326 -53113 36452 -46547 -63643 13591 -14311 -1140 -13641 -3869 61756 -1656 22785 -5556 -43405
r238 36971 -30409 19187 -59928 16154 14386 -43292 -49052 6905 32853 -45518 -31710 7312 -36123 -43326 45657 -28314 -55590 -53680 13484
r239 16764 37282 65455 -45180 29421 45682 -48332 -55063 -12128 38025 5215 63583 -32090 -45976 -2360 -62332 -57291 31113 -51207 -5379
r240 57579 54540 34053 55738 -52064 -9460 24354 53797 57838 29441 -620 -42712 43568 40350 -31152 34094 13231 -7917 25205 33815
r241 56132 -52879 2587 -49336 1749 22658 -24129 28318 -20863 18707 -61348 61797 50484 -34869 42680 18580 -1290 14101 65236 -28739
r242 9621 -6759 -28556 8554 -31029 -14292 -64887 -51375 -21366 38124 -43235 37395 10577 -1315 -21749 47575 -33254 17475 42395 39089
r243 54238 20178 -44407 -54107 51555 18161 16094 54830 27222 -17563 37172 -1585 50476 63744 12430 43066 63216 47653 23440 55354
r244 -9989 12517 -39644 -16755 59212 -60893 21494 47513 18546 -3274 -57049 -23145 65438 44396 -8772 57742 -24231 -63404 -40923 -21918
r245 48759 33065 6770 -63217 20624 -52458 -28049 2112 -577 -48844 -11418 -2230 -51315 34798 -30419 8400 -28389 57202 48229 34229
r246 37760 -12142 29796 40158 -62181 -36959 62867 -65079 -54386 59527 52596 19572 -22517 -2199 -1361 48858 6761 59767 40861 57830
r247 -30253 20713 25827 -16373 -34682 -40612 -52108 23337 23442 38422 20420 -16486 8534 51075 -29132 27908 64123 4063 -45522 7640
r248 14325 29348 -44005 -10466 -22562 -52019 -29547 58466 -8528 26249 -56659 42383 -47119 14670 5866 54886 8852 48433 25840 -47990
r249 35101 -54323 -31430 21696 42505 -15687 -33763 -36334 -27022 26996 -26965 23970 12188 54533 -24722 13693 60246 15767 52106 29053
r250 68 -24524 -12376 46439 -30740 32544 63957 47822 -56408 34747 -4395 11819 29714 65491 11496 61553 34572 23534 -13859 6013
r251 -50049 -55407 38024 56287 46291 24816 -50939 11522 47654 505 14307 -25342 27216 6109 48995 3971 -64867 38997 21828 56869
r252 13860 26353 -22266 -16183 1369 -15356 -65181 64303 36223 58752 10889 -50090 49847 -44832 -31606 16842 50476 1063 49145 37082
r253 -27737 -57875 -37365 -55151 59671 60164 38131 58574 51028 -19624 -14270 -46556 11562 64766 1550 51628 698 -6493 63295 -58399
r254 31972 20339 -9480 36252 -9218 -15900 -39913 -13963 -30127 -54789 -9368 -10657 -8957 -17535 57875 47141 25188 22682 36710 44936
r255 -49093 -26624 7664 62278 -42021 -29779 33960 -64864 41783 -61206 1978 55676 4140 -34816 -15689 -52033 50399 -61713 -3478 63131
r256 61103 28011 -47417 -30569 -9638 -25027 9253 11806 18537 58643 64505 6941 32202 44192 -10499 -49072 47686 38148 52265 15882
r257 44324 61181 -23033 -58285 -15219 -54518 57290 -10570 41083 11700 -14931 -30569 -55397 -29146 -31270 -48917 -708 -63320 -25751 7127
r258 -23835 -64223 -24248 -21134 52089 42881 -44476 -45186 63962 25760 -1374 -22404 39002 26596 -56275 -12751 40384 17804 -57174 -53311
r259 -7434 -11417 -34588 -1546 -43443 8099 -10942 11806 50127 53960 -59384 34587 -49461 -59497 -57735 -8905 47207 -2728 21523 -21412
r260 -17524 8434 -45988 -30444 -21039 -22171 -9740 10604 -55841 46359 43400 39804 -21103 53016 25038 -23963 25360 -54635 58059 35090
r261 -37570 -53880 52965 -46860 13172 -50992 50548 38292 -58256 -64331 53005 -38221 21492 -41680 -52282 -16806 53825 -21334 14649 -26987
r262 41531 1309 7977 -31495 -31535 43969 -32939 -59360 58095 -18267 23169 41172 -22085 60745 -6172 -62208 28341 -3612 65080 -6992
r263 -53436 -6073 55602 23176 7713 -10845 -14642 53916 61720 27693 -57916 4656 63233 -8293 54073 46999 22874 34312 -21983 -17326
r264 -12494 47533 -26028 63182 -21427 8825 2357 -58177 35941 56820 14736 10663 11501 -33105 64449 -43782 -40255 62005 -5825 54286
r265 -60223 54300 31153 65080 -56932 -32999 54425 35861 -34119 3717 59806 57689 44982 5645 -34184 4326 12775 2537 11251 4451
r266 32678 -31880 50452 49304 -36487 62647 -42608 36898 -56625 51889 27820 -25490 6121 63978 -33532 -63335 -43257 -23115 -7156 -39928
r267 16594 55270 -28391 59988 -32647 10004 55672 -29020 -47887 -47830 -56048 -18338 -50783 -7667 25509 3049 -15455 374 48740 34753
r268 34028 59149 24510 -18324 184 54892 27304 30920 59794 59923 -52119 11582 -32472 -13952 20578 -44580 30103 -16189 -55999 12549
r269 -14023 -51539 -64381 34028 1692 26268 -1882 -19013 -16041 9144 -57756 64679 -23184 62577 -21156 -54924 -18276 -17574 -39899 -5569
r270 -45876 62343 -61039 -41966 50526 -34972 3598 10599 8458 -59280 -5878 21745 -37314 -14556 56677 -30243 -19147 47604 8815 -1922
r271 55904 -18856 64556 25425 -44183 58683 -59525 -11749 -41460 14909 50233 1466 -38217 6049 62450 -30611 32463 -2217 -30461 -27129
r272 58215 -16546 480 -33065 6827 33236 -6725 -63405 31046 -55456 3849 38042 -453 -52058 51609 -48804 -43116 -13916 8220 -27304
r273 -19662 12019 -40790 -59483 -37644 -37974 33365 43189 -21933 -58181 6433 42163 -48999 -49644 -58551 46817 9821 -18542 41110 54218
r274 -5597 15398 13113 59338 -19212 -4927 53343 -9265 9121 56770 58699 -46973 -43127 46817 -60712 46945 19067 45949 21726 9887
r275 2397 -20767 -43755 -23175 9108 -49759 -36114 -20853 -47771 35161 2778 54479 -14117 61257 -36743 31311 -21081 48314 2438 4249
r276 -5171 -18022 54523 3660 -32041 -22780 -42418 50761 41202 29415 -36146 -45144 64492 16192 9723 58503 -61976 58661 8141 -21888
r277 -51879 52803 6853 51863 19666 -51569 1247 -14212 -37027 19947 -47374 38940 -359 14924 -64493 -43388 34836 -53569 12260 -21114
r278 45052 2139 -18033 41569 -41382 42615 15615 58314 -48641 -9581 19029 -33449 -63094 -10747 -52685 -44908 -22670 65292 -54374 -18814
r279 50386 36944 1015 -22414 -27443 -57171 52910 43927 52592 32241 -53548 -3202 -28254 64694 -40539 -22181 33179 29493 50903 -6515
r280 -64957 48557 -34721 -53027 35128 -55262 23682 12941 30675 -33786 -47563 -57012 32457 22303 -3890 -52989 -9847 -21348 -8239 24480
r281 -37890 7376 64417 45119 -9449 -9419 -8965 -61103 -27131 42515 53599 -65344 -11055 -18065 55633 -1857 25710 59563 -63281 10764
r282 51919 -24039 49268 33520 63795 13198 21982 32383 12430 -12918 29065 4328 58265 -57330 -40309 -36303 65314 -28157 -25316 37750
r283 4219 -16346 42938 3127 -45136 -4895 -6571 3074 52238 -65280 4254 49950 -30187 -5447 46118 -54550 60400 52298 59821 50730
r284 29645 45141 -3094 63941 -17947 56892 14549 -43248 -64837 41812 32945 40082 9464 -12862 37774 -42275 -43669 60042 -32178 -15369
r285 -41780 -53916 -42533 -41882 -15339 5635 3254 40900 -31181 33113 39725 12355 35924 -64625 42942 19539 14462 -39129 -23255 -64205
r286 28205 21361 -52408 62616 -45112 51714 35975 2035 -39771 -58768 23041 -35658 -41462 -55950 62355 25956 6319 62406 -57376 16555
r287 44328 12207 51502 -60731 -64403 59185 35991 38236 30182 873 55552 -54014 -4261 -22951 -12302 48033 -39897 24630 16497 368
r288 13046 13880 60520 -3526 6354 29598 26847 -42068 58440 38321 -13761 -32643 -506 -5299 -54815 -1294 18747 30093 -42359 54914
r289 51127 -1161 42043 7433 -13524 24062 -52707 -10544 -63906 -56445 -33559 56577 17101 26772 -53126 62172 -26808 -11120 -17153 902
r290 35735 3131 -14032 -51854 14492 4638 -54757 -5815 46738 40229 18889 28686 3164 -48221 -58091 -46640 16332 -16530 -53356 -15681
r291 5951 48193 11469 -41294 -34636 23335 -62005 15491 -42500 -41167 -58252 20153 -31989 32996 -38765 -49851 -38763 17235 30648 32260
r292 21853 -42029 -10696 35096 37843 -13993 6740 12116 37217 44840 -62352 61508 50152 -51952 -42346 25372 -20321 -2956 -12938 14520
r293 14988 5228 -8436 -30678 -31542 -45314 -45189 -6754 -6448 61353 55476 -14410 -55959 -11244 39620 33983 -15438 7633 34560 -12768
r294 -4694 18492 43836 -5981 11212 -29679 27818 46531 -64200 -6826 -1991 23402 56795 -61214 -27320 -39982 56287 8526 -54889 1097
r295 -14483 -42821 -6353 -763 20003 15695 -58599 -29410 -31052 -57334 -59531 -32918 10078 -46071 -14111 -52602 36044 -2960 -6361 -12440
r296 43820 57911 49663 -34586 13047 -52251 -1303 11646 57117 -54447 -24483 39044 8757 11752 54785 -44042 10065 63278 -60244 -7070
r297 -14144 62444 -32263 7641 15182 7976 47963 -45925 -18786 33807 -33240 41953 -64690 -32343 59284 40789 -52482 4688 -58977 -18158
r298 37106 -44686 -11300 -40032 -8629 -52563 58469 -50412 20508 -8298 26681 34819 -25799 47671 27218 34453 -9504 -45789 -52542 -54964
r299 -7628 21105 20850 8487 55840 -62847 -62348 -35541 9382 27183 -43721 20917 53979 19326 -57694 -41683 -11196 -64795 -38282 48742
r300 4687 3724 46723 61947 48256 -53887 -9258 -3052 -55244 19070 47990 -58799 -31977 59501 64977 -62075 -17226 -18734 60157 22459
r301 -24828 -49417 -46792 -25058 3649 31048 45390 55198 39706 -50141 -33247 -54746 -60595 -8573 15839 40927 15382 -63720 18920 63286
r302 56118 -40753 -35178 25830 -11586 47509 36193 -61592 -62545 34943 -59479 58942 -54805 -868 -2999 -1896 -31264 -3782 57101 -36269
r303 21846 23943 33509 -10638 -29498 7654 -10440 19433 9837 -36769 -16941 62019 23386 -44556 36780 7342 -43972 49914 41230 29267
r304 -55072 21119 27538 -24783 -30389 -6031 13018 50347 -33018 -17173 13146 -19404 64755 -5165 10242 15462 -60818 8700 31404 33105
r305 5982 43906 1491 -4497 65045 10263 5659 -59967 -35955 12584 -40406 -35724 1191 51644 -59118 39958 9151 -40703 -31210 -30377
r306 -64049 -834 10101 -12316 63865 -13653 64077 -7251 -28404 -31118 -46635 38632 30179 17274 2583 -4583 14507 49786 9139 19467
r307 25619 -15724 -3689 9097 4041 35575 1725 -23544 -24194 33261 -45186 -12651 -30884 -31450 -44041 -52225 25733 63050 -40358 1591
r308 15745 -27959 -25914 6621 1364 19072 -47148 61369 29946 -45544 -5417 6968 -906 227 -7124 40651 -6326 -12171 35721 50814
r309 50048 61832 -41959 26599 20952 -29644 42939 21055 5563 20228 13697 -36229 21324 -6437 51743 -25908 -58827 -53651 56205 47534
r310 -31408 -53426 -42687 -52775 26033 -44371 21745 63876 -460 21320 -52856 -60001 18210 58884 -49514 -41653 40008 47102 16848 -14660
r311 -26842 59577 48505 -9 7481 -52100 20948 9694 -28683 -31511 -9058 -55933 12899 -43016 -26282 -27963 -53440 13231 -62728 -8694
r312 -3183 9271 -49276 -47733 49764 -49486 18060 4222 -23883 -8293 23624 -44825 49534 34519 13039 9060 54644 31341 -43157 -37347
r313 23798 -61226 -25964 9447 -49522 25660 24507 -50933 12688 21790 -20018 38304 -46769 -51498 21053 37776 -38441 -16967 -53786 -13418
r314 39399 -33120 -48247 46589 -10929 60483 -8768 -56244 -2195 38398 -26076 61953 48054 -32232 39108 34052 23869 19591 3843 -26024
r315 -1214 -4482 -57155 -56027 -21825 -47175 -50303 52923 15393 -2384 15915 -62294 -27489 -28452 57499 -44953 -32755 -39456 -50841 22244
r316 35256 -48022 -20 -6077 -41790 1711 -28292 32225 29433 13212 -6571 -23531 -4714 -24997 -47772 -20006 -18264 31723 12624 16833
r317 17410 54620 7970 -50686 -37042 62774 -54116 -59910 -19114 -7052 17872 19101 -20908 39140 7255 -41218 23443 2578 16348 -33927
r318 -52250 56099 -44635 -24308 -12436 17768 -35494 43823 17748 -12025 5574 45819 -18491 -10360 -1866 40740 45093 -48355 30872 45823
r319 -14800 54699 51619 34198 17443 7712 -53592 23913 -9262 -15409 61184 63735 -51451 -52827 -44851 -45811 -58314 -62917 -20507 29158
r320 56129 -50918 2517 29738 -37666 -5065 20534 -11884 16414 54610 -58849 39497 -54694 43935 -44341 31173 -10393 40692 -46553 -52658
r321 44781 -34653 -26789 -40376 40719 5372 16870 50083 -7872 20753 55677 7442 -28052 -42064 -40288 -58805 4536 24391 49649 -61486
r322 -52660 40580 -45973 53144 61238 -65506 -60721 24804 29639 -8033 -39572 -744 4285 43973 -9572 60227 -35830 -5152 64675 11619
r323 -16592 32651 -17861 -53642 10599 -62919 50340 -25516 9090 53170 -23085 -29895 19780 -44547 113 32121 58052 -14459 -44517 22894
r324 -63828 -9833 -7414 20308 -43844 -36395 29078 -7112 -5141 -810 4091 49500 -61811 41991 -34282 4783 52880 -14153 -31908 -14203
r325 -25611 11563 35729 337 -48332 38386 -47107 64688 58305 61737 3406 62612 -62075 40766 40878 -46822 62621 -57541 27250 -19121
r326 -2664 52962 -13038 -15106 63690 -40211 39270 -670 -43312 3367 14903 -811 -14059 -33959 58590 46805 -58395 -5244 -37672 4523
r327 -57421 -4534 52944 59619 4348 -4866 -4535 -48345 -30871 -32128 2463 -19732 -63693 -49536 3591 -5989 56664 45499 -63893 -6261
r328 -5242 43762 44641 56876 -7570 -59715 4730 -23105 37361 -51145 -5037 -17086 26169 45109 58588 39706 8123 39105 -55079 -19151
r329 47781 -40592 56315 -8895 47198 -55121 -37978 8277 -58206 61 -18715 17851 -538 -59916 -54858 4499 -16207 49421 -51995 -37181
r330 15462 -4413 24991 12357 -2592 2626 -14831 -16843 57174 -40251 -57324 -34957 -40283 -57365 -11806 -9226 -29070 -55440 -31853 48867
r331 -57298 51915 -4161 -43307 -1734 -55423 60783 39044 37403 7119 -5985 -51236 -34558 35623 -2326 23745 -49265 -30123 -21599 30437
r332 -58209 -33745 -21241 -45105 15913 38087 -48249 41194 -20967 55545 53962 -26001 -7571 -39228 -57427 -20425 31017 16161 -17730 -54414
r333 -17396 -13529 -25610 -34922 61369 26198 -24227 -46904 -22268 38262 -56421 -1277 3011 -12467 -58553 -60857 -19631 26179 -36129 45928
r334 -38505 -24657 -51608 -3090 60137 -49860 9124 16044 -53316 -26072 30913 -24785 4773 -34209 10380 -48855 -30423 40176 -51993 -39718
r335 11120 33191 -26582 41433 -35689 -42703 -11965 43077 33512 -5058 -53915 -50363 63998 -19613 44739 -42495 -3364 38022 45682 25010
r336 -2526 20347 -36590 3188 -20948 -32248 -34495 -32321 48896 -60816 -43852 -3511 53742 63187 -8599 19472 56150 555 -38650 -13741
r337 46195 -82 -41518 27102 15312 25770 1473 61629 -45868 -51591 30643 23478 -50102 10480 -57758 36887 -47005 -28785 -6835 26763
r338 -59422 24509 22435 47464 8385 -18848 -38255 -31705 11007 20578 -59968 -19478 46868 -64200 -1522 -54756 49464 12309 31742 36469
r339 -43208 -18940 19546 -29946 36826 11726 -777 -41434 64386 46580 61453 -7277 -48661 -42465 9831 -52563 47754 62219 -30167 -17613
r340 19026 62999 -47832 -39574 13174 43721 -23216 54264 -46038 45473 28126 -29862 -64084 28958 -61243 65112 30357 19315 20811 20964
r341 -22554 -52551 46066 1239 -53658 48767 -43656 35629 11606 -38511 -35475 19093 24291 28446 23601 -23117 -57299 -31243 4082 22563
r342 62522 39595 43446 -49594 -8404 -9891 51954 62628 -14754 -8467 49623 -30786 39538 14830 30443 -35904 8957 -513 -48389 -32188
r343 -17454 -63194 -46854 5960 22394 60227 22602 -25288 -45536 -63748 22792 -62490 -6886 59383 17122 55468 60054 60611 -41986 46057
r344 28374 38245 64874 -10312 58507 -13825 -4742 -39230 -51326 -28595 33593 42724 -64367 5450 28605 37740 -21234 -36802 -49007 12099
r345 -40185 13375 41858 24419 -60278 -47825 21110 13836 -10613 62763 17484 58931 30804 -9577 -36861 -64022 9287 4660 -4555 -3225
r346 52642 10149 -6465 6516 -40392 36821 -52663 -61856 49309 29590 -28492 -46863 41149 16996 20703 58791 4606 34327 17986 57936
r347 34299 -13946 6891 -35969 -12929 13643 -249 -36616 6779 55836 -43362 -51707 -50825 463 23591 -61458 -34523 42434 48713 26717
r348 25062 -53328 -41169 37387 5043 62098 34231 -43046 63331 46096 -13691 -3430 32148 -47884 -15223 13151 22869 38177 -37239 -44705
r349 58097 -55425 -32993 43727 10187 -18512 -21946 64858 -30813 33528 2192 30977 61941 8394 8811 46900 -46021 23106 -11647 35129
r350 -55296 64785 4663 20373 -45663 -836 -63240 43530 -3616 -40351 23316 -2791 -32319 -3633 43764 23061 -32228 -30626 16527 45277
r351 20294 -51730 45254 11688 61237 -4596 40182 63452 40252 54087 11135 -55551 -5794 65244 -49175 31323 16633 20298 -20984 44238
r352 57397 48599 -65151 -53818 -43797 -19131 -44800 -41926 -57553 -52863 29590 17996 61742 -625 -18453 -27328 56409 -54438 49094 -55382
r353 -50389 -20488 -6985 14114 -39918 15560 -26273 5860 40498 7963 -18719 10067 -18316 -28782 16120 -18803 -16612 20379 4159 7920
r354 -62320 -59762 -31975 -31212 -26420 -41038 43206 31166 29398 -22738 8362 -36208 6048 272 -11429 -36046 50128 -57097 -25196 4817
r355 -10612 -44942 62766 8691 42398 50631 35008 17927 18145 55402 6636 -39823 9210 -21686 3157 -646 36015 -31030 -40205 -40473
r356 60698 50127 18486 -11986 59603 -37613 -21458 -19007 28321 -10633 54153 -27228 54755 -24778 -54115 -11941 53217 8627 -52296 41039
r357 2283 -64390 -520 -41409 27687 707 7701 -31607 29314 -49474 65259 55907 -44352 -49064 -29143 34496 -49731 -20823 -62606 -9774
r358 -47799 61214 -37647 -24033 -51929 52116 33238 -28268 -45215 -39023 -61102 18491 62687 -45392 37960 39298 29512 41663 -3823 -52365
r359 -7589 60611 50060 -17378 36908 -49873 14230 47036 46323 -7414 -12685 36735 -34702 -10531 -57858 64942 -19269 42373 -50926 -42038
r360 -56064 -61080 53195 23092 29171 21298 -21854 -12901 16568 33183 -23854 -3099 -58545 -4470 -8819 -37187 -24216 14561 60678 10864
r361 -37506 14677 29359 -30022 -4970 -16723 21695 9747 32911 54781 -30901 13591 -32234 57322 -17880 -18642 -28587 -37275 34173 40906
r362 -27856 -41974 28185 -60550 8461 58825 -33711 33076 -20758 -64926 29533 -31261 -36831 57779 -267 47926 59758 34670 17050 -27821
r363 -35128 -59721 14090 3653 -40656 56340 -20128 54878 19845 -53906 56343 62397 -54106 8688 -41405 -26566 10737 -28224 -48896 -50
r364 60190 47298 -60437 -12710 -64408 -41325 -34926 -15129 -9593 -10564 41119 43263 -5587 42433 -44239 -62434 40094 -4671 -29621 23213
r365 13756 -353 -17756 25904 62999 14386 -29650 -52402 -34703 23903 -56138 61379 -13559 -19244 11390 -33672 17335 12794 55518 16933
r366 -20351 -35401 -30985 -11010 6295 -39590 52106 -41816 -48737 -4470 26458 -43814 -44939 18210 20466 57422 13177 43201 -45512 39872
r367 42469 -13812 -1957 4993 -12449 20019 7488 19874 -62532 35297 5976 24660 38388 -53551 36947 4712 12704 -42851 -49340 -4536
r368 63165 1009 -10815 17149 57082 18792 13659 52183 -53054 59541 32454 9519 11161 -19112 27642 -12029 24917 10378 -24236 63561
r369 4227 -25470 54397 -38371 -39166 52062 3651 55585 -39457 -22850 29474 54889 16236 59650 61287 -43137 -36389 -19451 -28870 42790
r370 -53482 -20836 21450 14759 7472 24692 -41999 -2892 -2195 61836 17169 4432 71 -65167 -34715 -21860 33645 3242 21714 -52149
r371 12192 51826 21782 -18880 -44487 48829 16296 -63342 9380 8523 21163 -6769 -22883 -30577 -7941 58573 6231 -39628 -33908 54087
r372 20026 29660 34484 -3642 -5851 6814 -62113 -5820 -5493 -64443 33093 -48615 32301 -51146 5351 44107 -1998 54522 4540 20322
r373 47298 -65046 -26032 37893 -55087 -15653 58718 -56890 -13022 -15864 46272 31659 -2530 5663 48819 -833 -56996 -48139 -12627 -46021
r374 -6693 3683 36973 -41127 63682 -7175 39105 44779 -47989 -35486 56176 41921 21728 22775 24011 1999 -57383 -314 -42224 28133
r375 -9311 -8127 -22222 55211 14384 1339 45959 -41661 36747 28431 37126 -42542 14703 40903 -25116 61950 20881 -30764 9510 9579
r376 -48352 11163 -1251 -37470 1696 -56453 37617 53381 -57582 15456 21537 -5662 43563 -12775 -53599 16084 -39468 -54087 -9771 13368
r377 -53485 -59844 51022 26573 32144 -22849 57016 38544 7386 -21743 39539 -51994 55582 -54831 19745 -50286 52183 -19178 12255 -7271
r378 7722 65291 36644 -62343 63016 9039 -64597 -22344 -45770 10211 -30951 33358 -58604 -54972 -24274 -45995 47399 19461 10366 39528
r379 -29220 -372 -5724 -37786 13914 50428 -4556 52859 65129 40857 3800 -6907 20515 48164 -53462 49353 26684 -45121 32471 -12386
r380 59061 61968 54016 12792 -7738 -30223 -25301 19386 42898 60453 34094 59722 56438 -45784 -10495 19886 25571 44958 -5501 26860
r381 -60585 -18146 -42613 -31125 -13795 16803 -23331 -34908 26522 -59622 -26114 61700 47568 57574 -113 -21982 -15044 -63278 -7971 -35976
r382 34505 -47128 -39658 51280 870 -32486 -62349 -3053 16458 -23237 54802 -25663 -26829 32858 49879 25131 -18830 -5608 14580 -7792
r383 -23737 -43683 -33558 34328 23699 27271 -34360 6098 -1918 20602 -7945 -40186 -59314 -25984 7674 -59670 -1911 29262 -55665 3647
r384 -27135 -4730 10320 49033 -27491 -31559 46308 55336 47576 -39750 6695 997 30237 1951 40416 4336 -52659 12865 47991 -24912
r385 -5439 64121 -17302 -61666 -21115 48923 -48051 -62624 -39714 18177 26679 53181 32480 24831 -32869 383 -45919 -45676 48554 1816
r386 59174 65205 58230 28358 55010 3443 21900 -22965 2121 29972 26133 34734 64437 -31868 59251 -57022 -62704 53589 -35444 21265
r387 24109 -54157 -38448 -6165 -15662 -32702 -7427 -21183 -3270 27076 -32792 56610 -10671 -16613 -63557 -40806 -39529 52111 28754 -17603
r388 -31506 -17800 -44984 -42352 4855 -51867 41790 -58758 -8062 22480 12169 -7104 -51426 49999 1355 41302 55767 30985 -40624 37586
r389 -49334 -39413 3360 59379 -54360 -12941 26946 -56098 -8735 -65360 39741 64667 37684 -64003 55379 -46881 -6294 9079 -1424 -61969
r390 -15860 -59926 -4130 -26920 8081 -19390 -8145 -19017 -63960 -62552 -6263 38162 53572 21108 1945 14997 -10704 16832 31451 41526
r391 25372 -16120 24262 1433 20506 42609 55806 7360 -39913 32987 -61792 -24443 -30982 42237 18802 41640 -9482 61466 50935 19777
r392 -54890 51988 61528 14314 -47976 -42274 -15215 19372 60184 36757 -26200 -26541 -27852 -22226 49771 -41779 22092 -25207 -29320 686
r393 -54664 61529 43167 -41908 -61677 61640 -56096 17357 -65501 5982 -50264 -39838 -16479 14746 -45870 -60842 48381 -8660 27637 -6443
r394 -16421 -56841 56794 40890 -58711 -39436 -25182 57974 -2108 17379 23756 29147 -39663 35571 -23704 -6517 -46564 -10794 -43662 -30114
r395 47461 32353 -19232 -36319 -11722 5120 -32487 -21379 -8057 -46863 65242 -22994 -26180 12171 -61111 -35566 -39304 10011 24645 9723
r396 -64870 13091 -1727 -48028 -42976 22001 34386 38851 30975 -55890 60969 -27500 19178 -43442 -44509 -15378 18422 -26408 47575 43207
r397 28578 33562 43074 -62265 7231 27939 -56321 -34396 -6023 49812 -59730 -47082 -28848 -37778 15979 -31556 -26480 -63274 -37087 -15183
r398 -29001 17985 9647 -18055 -1791 51714 44597 -16457 -13392 -46399 -47811 1540 46909 -61224 -47465 -56565 52061 3284 -10423 -52302
r399 49197 -15421 -61805 -53279 -3770 -22826 65034 -54675 -53620 16300 33801 32674 62471 41452 -34790 47936 -39827 52068 -56799 40596
r400 32964 31198 53799 45247 -50104 57974 23951 -58539 -18695 48406 55779 -58875 -26602 -50843 13628 27975 33900 -31563 52055 -47406
r401 -40608 19620 45239 -33267 -38686 65010 26844 -24127 -29536 -49630 -53348 41415 -42644 -36202 21072 11249 63729 -28298 6504 -22176
r402 -5082 -1771 30589 -11358 -40362 -20541 -10097 -10789 -60365 35441 43375 7239 10209 64091 26266 9327 47129 1105 -53437 38321
r403 56819 -65142 -9388 -20293 -58194 697 56610 16080 5082 -17441 -56329 -16186 62286 64608 -5827 -11225 -7392 18133 -43836 45683
r404 -65491 56054 -44298 4678 -23928 -58391 19354 -57597 15955 -62981 -50051 -48133 -53328 40648 14791 53311 63636 33495 40528 37119
r405 16035 60492 1101 44867 -30445 -53173 7846 -30387 -56344 -5593 14298 21140 6291 58892 -34484 20613 53406 12395 55405 5215
r406 -42510 51276 -51927 30877 -56946 -63082 51997 47718 -19577 -37129 36611 -10825 -4356 41414 -25087 -37219 -10451 8803 38929 45912
r407 53055 -26013 -58601 -25483 -8239 48404 3543 32560 35962 33853 -1889 -12107 14032 56556 -27701 18866 2431 2740 24640 -22369
r408 60972 -40306 -50328 -28178 42068 7398 -56763 -2606 -37423 -39711 59592 -2321 -24443 26626 -45621 40008 22289 54107 10080 -52672
r409 -44612 47828 -47077 51453 29718 -2583 -35589 -56194 -59437 21202 4820 6092 -14310 28242 35595 24723 -58302 -14291 -23282 42206
r410 -32438 60753 -35747 -9615 57926 -14231 -57138 39379 -33163 10253 50059 61974 -4003 -62913 56107 -56749 -31353 -9536 2472 -12128
r411 -48683 6839 -5979 -9452 -39744 34830 -41942 -33105 -34474 13095 39584 48582 -52059 -24660 23961 1666 -12542 53433 -60364 5011
r412 42696 -62335 18683 -33053 -27638 -46943 14819 -55412 29014 46624 19930 14013 -59794 45215 1830 22287 -43435 -32042 -4865 56617
r413 -55831 -8993 54750 -29197 30280 -15190 23165 -53999 -17244 1721 -25121 -49881 18816 4660 -58327 11116 16613 49293 -9350 35154
r414 -37625 -1248 -1076 -21454 56767 13281 24966 -618 -227 20930 -4613 -28751 -49308 61659 -35025 863 10901 24005 59760 63470
r415 62008 -26617 25280 -147 -56634 53386 45007 -50787 -41754 -23066 -31359 2174 -64262 42726 -9596 53343 -47973 -43961 -37678 -17765
r416 -61801 15463 39952 -32508 -40167 -26046 13676 62542 -34120 -56204 -26694 7181 -41262 49465 41807 -43828 -30167 7701 -38828 -61243
r417 -11938 21410 11340 -41970 18212 -49762 6086 59851 -18134 -53755 -43020 6891 24963 63757 -21398 -18732 4813 9529 -15800 49430
r418 -42635 48888 15458 19196 5415 -34121 -30165 -38221 42073 -8705 -34388 -48389 -21372 42101 -16675 58240 40830 40645 7735 10756
r419 -15159 49561 4090 13256 -39634 -27440 19375 15049 -6338 3474 46634 5059 48578 -11803 -465 -42187 -25139 45920 41208 -41052
r420 -59700 -34590 -34235 6775 16835 -52350 2871 44365 -49097 26679 -49789 31617 63247 -7435 59232 -36192 -27057 -54924 15800 -61905
r421 -25465 29797 24599 57872 -43224 -53358 -48722 2698 6216 50197 -55219 28064 38104 34391 63767 16759 -24818 23494 40747 36068
r422 21762 1987 52291 15600 -36188 44671 -43129 -34467 33541 -54544 15792 41608 27068 24042 60413 60853 12664 -37332 64341 29104
r423 49877 60760 -24896 -57395 -31131 24144 54973 -29755 886 58118 -13743 -6750 42743 25355 3738 -48433 62840 63238 -10481 -36206
r424 -2435 15658 42564 13396 11274 -57862 -62313 36906 8275 -28073 -3595 45316 -62675 44128 31374 -44152 -31171 59211 22552 -38878
r425 -32793 6426 -5136 -30103 38844 7703 14649 -53657 -42432 36158 57815 -23810 -61541 33057 184 -56744 21041 46737 31786 26418
r426 52067 43947 -31831 -38338 39908 -47375 47332 25893 25768 33145 4195 -58744 27846 -41447 -7546 30939 -46112 60849 -20342 7287
r427 14934 45898 -3368 -55483 20852 53950 -21890 14507 32393 59304 7146 -1430 17447 -53148 -17917 41121 -44185 -55579 -61512 24401
r428 51159 62160 19231 -46340 58974 -12120 -39644 -64921 40209 -63279 -46748 23810 -18873 -9866 54214 64915 37701 -59737 -29901 -23004
r429 40583 -59064 -21400 61572 -33191 -56375 -28824 14932 -43865 -7415 55327 -50690 702 -39525 -62594 -61877 -53640 9958 -23180 41516
r430 -31849 -54837 24347 52689 48199 25851 -27409 -48741 -61561 22128 -16227 -70 -27566 17843 19453 -2272 52595 -42583 -6579 -29931
r431 18801 -21681 54282 -58227 -11421 33909 14007 -18240 7172 22055 48357 41752 53003 31747 -43512 57586 -35696 -32352 -14559 -37135
r432 56328 -60931 -13285 24141 46668 -46025 -43781 -33235 45147 -26882 -19059 -59400 28330 46550 41317 -37896 25870 -51905 13241 -13313
r433 7563 -39441 -64364 -12658 53239 60458 -31898 30066 -62940 62260 -4573 6952 -19874 -31694 29565 42892 -45607 -56431 8491 53134
r434 -21074 -62595 9764 46792 17994 60737 65501 60771 -53042 -61523 58035 -59650 22384 -28052 -17972 -52818 -37265 47573 -39012 -30851
r435 -65456 -3841 -55012 49489 5217 -22942 -2332 -47516 52778 12813 26471 56209 33492 47549 55739 61211 -62232 -65143 1755 22671
r436 33483 -18472 -9177 7166 33154 40778 -37748 63412 -16716 -47136 -39408 25140 21184 14326 24470 -23796 -61502 52795 -27059 63776
r437 -51240 -32340 -41699 -64550 54306 27931 6218 4863 -6334 3061 -6954 5895 -25637 -17380 55655 7914 -36733 -57053 22140 45389
r438 -8338 42128 -1888 -64645 -39081 -31575 -60746 -43893 -2063 -41695 -48487 8546 -41618 38397 -14899 -26651 37610 -12996 -62701 -50655
r439 50206 63179 62810 19700 16431 55707 64780 -60731 -29852 -10066 -63478 -41272 -8801 -3826 24879 26568 -40164 7706 62976 49274
r440 -34699 50898 17653 40117 13674 -55259 984 60052 2496 -6019 7395 -29340 -55008 -51525 -33831 50267 51098 47384 897 -48699
r441 -10737 47144 27162 -18081 -27331 41124 -23863 32545 60548 6004 44802 60511 -4829 39238 3877 44627 -5130 64037 37479 20941
r442 -8818 -2199 -16034 12282 -47051 11651 -37734 18297 22149 -34837 -45175 23892 -34851 -63623 -45839 -29971 -4545 -5579 44722 65016
r443 9478 -48208 33043 -9954 11680 14067 53228 -27173 -7709 43774 -48180 -23339 56570 -56430 -36568 -51716 54376 52095 -55278 4748
r444 3293 -56553 52873 -22963 11824 14423 33256 -64734 -16254 -49233 -32871 59 48930 40991 -6955 32498 -22295 27267 -415 -48788
r445 -38693 -19859 -37418 45184 53604 2738 -16831 11646 46177 -64642 16832 21666 -43798 -8406 29600 -46848 55835 -63665 -9788 59760
r446 21051 29176 7486 40084 18514 -40334 23188 43387 47990 -60804 -3274 -4022 -58536 34948 20906 18233 -51206 26107 28155 -37090
r447 -44484 60359 63716 -53507 -36545 -39950 -52815 -17850 -13449 -26807 17389 33952 -10566 -26868 -24998 59935 -24365 -34970 -1782 19350
r448 27562 -13190 43176 -51777 57420 17331 48660 30630 40570 -8616 22618 49790 10037 -14284 50425 29047 53281 33215 26479 -41784
r449 44457 33897 -45897 33310 61663 33545 -1316 43643 -41656 40761 -40412 58209 -57319 58768 -14520 39288 37107 32154 39506 59218
r450 59966 -29069 33420 -10765 -52970 -41819 -22916 18955 -19676 20245 37997 -63813 -50024 51942 -35946 -57488 13734 862 41114 -59885
r451 13135 -11509 33172 28757 52191 5916 25699 -7488 47197 -63151 15366 -58725 -30129 39636 50333 -5958 -12675 -12180 -26675 -14754
r452 36677 -10176 -4625 64876 56673 46842 -53023 7806 -32294 -8774 56204 9856 -46262 48927 29159 -24163 -29666 57254 22972 14908
r453 -20311 -61750 -1577 -61528 13066 -25303 -50689 26321 40567 -51638 -38581 -24588 -51822 -13310 27978 -41557 -60194 3194 10394 -12742
r454 -9313 -6830 19232 -40006 -45855 -60727 -31739 -4461 24417 9970 -38064 -55255 -44291 62949 -21601 2438 30778 -52540 23072 24953
r455 36718 48589 -28729 29740 -51498 47142 -36209 47524 48519 -29117 10393 -6288 10774 21228 -46673 18032 35536 57596 1319 -1714
r456 15927 904 -21276 -41513 -19727 21899 8685 -29961 -42621 -1999 -2513 -45663 -16675 -51045 -37488 -29372 23595 -65519 -11300 -14902
r457 -31261 5819 -14141 32676 -52052 -48496 49695 29960 50535 16070 60676 46624 24662 -41773 24012 35578 -3067 -46114 -61550 20259
r458 -14387 -21497 27475 30857 61609 -2423 65472 -37608 62857 -6161 49057 -17393 24427 31443 -118 29521 -63235 55089 -36875 -35920
r459 4701 44462 60797 -17286 57860 -51190 12694 2561 18943 6321 -44692 -9869 36727 46516 10777 -29296 45536 -16003 58379 -58623
r460 -56320 -23590 -15083 -37599 42162 327 9664 24781 -23669 53019 31585 -36974 29927 -17256 -18940 35320 -9563 -33449 14713 -54082
r461 28606 -26787 -34490 10717 32406 63369 -31874 -13130 8059 783 -12691 -60153 35902 -60813 22252 -50471 -13789 26454 385 18485
r462 39020 18936 28486 -15771 62718 -55192 24748 33549 52253 -45936 -37566 16413 -50337 20510 -8222 53289 -16643 -33561 -12902 -24465
r463 39650 -62035 -17638 8869 47311 34782 38612 1776 -39768 -43118 17007 59332 27957 -24558 13915 -8713 -40750 -2532 27504 -11977
r464 17321 -20977 -13659 -56745 36628 -18310 43781 -1814 -16127 4939 37222 32991 26732 22005 40590 26125 51155 -17023 47703 -60990
r465 42175 -32463 28521 -1608 -28556 -32088 -6497 4002 56616 -26284 -22095 -63878 -64491 -9985 -28176 -28822 27473 21485 3891 -30622
r466 54182 11866 -35649 -10959 -59577 -40190 33874 -39373 16485 -6950 12103 51433 -53634 -25512 40556 -44631 31021 -36834 -39962 -30729
r467 -65089 35352 -39571 8 9967 -33260 -59163 -34352 60175 2952 -44651 -51079 -45869 64145 -2507 -61771 -17371 -22929 40038 9477
r468 16961 -11924 -58795 -58477 44485 -58308 -45312 -58296 45919 44942 21526 -50973 51033 15771 -9478 45039 14571 -27033 32287 177
r469 -62338 -34888 -33641 34708 59794 2743 -47398 -28782 64818 48836 -44645 54209 10341 -13317 -17484 398 42466 -51081 -43345 -22760
r470 3222 6654 -42351 -4012 47091 32488 45074 -62387 -20828 -48752 -37103 58884 -23240 49524 9298 62054 -7931 17268 -61994 31344
r471 -10247 -36319 -57534 40369 40651 -32465 54313 -4547 -32493 64543 48965 38588 27359 -50540 41186 44895 41335 51530 52115 32408
r472 -36272 -59592 -29385 48202 -24149 -2861 26140 11946 -48790 35888 37344 50309 30740 31360 26061 25466 -34609 -23301 30310 -19736
r473 30632 31528 1283 -42721 -59806 -42704 -18382 37917 -22002 31174 14540 -48179 -50401 -29563 -27097 36350 52869 -30533 1103 23241
r474 -24237 7065 49371 4804 -59049 1252 42845 4298 -19187 -3849 -7811 4250 17720 -57485 25526 -63484 -49546 56445 -45627 47905
r475 -24357 -9645 49055 -31420 63013 -36921 -48315 8731 -44975 -22903 54864 62800 -5320 1609 20731 58130 -19707 -37718 -4141 -38627
r476 -31020 29863 -24693 -65078 31874 -49875 61019 12559 -22473 34698 -40561 59072 -3235 -62369 62515 52004 -42153 51261 22158 -45816
r477 10233 29681 -10509 -48954 42602 -59990 -62913 -27991 33535 -57107 -22116 5491 -15886 -65492 -55546 -24476 -40058 -9287 26854 51399
r478 65083 26922 64572 62148 -44403 -45597 59729 -37806 57459 -38684 56221 43895 -63514 -58010 -16285 60808 59957 41274 -40920 41431
r479 15248 14387 57585 53203 22870 52139 16974 31842 -20182 -48836 13637 -20249 -13912 -51506 1521 -62511 6300 -14202 -1772 17634
r480 -11359 27881 46734 52532 -29075 -60438 21201 2618 -30170 -33806 30148 -46732 38126 -9054 1044 -929 8868 -2973 -26769 18496
r481 12107 -34863 -11764 -64140 -16960 -40847 -15106 -38136 -46159 46414 -44747 -21414 -64677 63225 46241 -378 36650 23975 48954 -54698
r482 21308 -65476 47246 -16476 -17795 65160 21529 20073 -50734 -19726 6765 -10279 -65063 9252 27657 1077 48936 33879 -26199 -24959
r483 63527 -13136 52187 23987 29694 18526 -18825 62835 16000 57374 -57391 2871 -35809 -19617 62806 -33026 -43044 -56199 -38021 -45132
r484 -51604 27538 47032 -64528 -51301 56924 45219 4521 -18855 -63362 -14888 -8191 46431 32182 -22497 33470 43591 -28942 -42415 -40247
r485 -12984 36352 -34260 -3193 -47903 -36658 -33489 -24488 15732 -9413 -63535 18862 -27686 37698 -55905 9938 64620 48825 -63554 -6338
r486 -3829 42449 -11273 -47080 -50841 -59835 -21289 50592 -44330 -16388 -60296 -9643 -3637 50248 58550 19467 26578 56566 -33927 27973
r487 -35826 24408 15805 48572 12754 -61646 53555 12650 -54311 8452 -21936 43960 -10748 -60593 57809 -6607 11910 19098 -29356 -29850
r488 -61951 36597 -45120 -64391 63464 24231 3580 -60616 -4282 -36917 48059 -55943 52799 21620 53254 -33411 39144 52113 -15520 58723
r489 52135 -9170 -62332 46878 -6697 -45273 -49517 -28589 -2986 -15155 -61167 46446 -35562 30345 -48564 -62343 -12676 6552 39728 61048
r490 -44934 37722 -47321 50062 -765 -41702 -17266 -55416 -47389 41753 -60283 15101 22983 -4712 61804 8204 32105 27526 -28176 -166
r491 -24989 -14958 38603 -47095 -28280 -784 -11024 54549 21165 58524 26672 10010 2793 29204 36497 -63240 53202 -26369 33355 29691
r492 59922 45873 -16907 17395 -61425 -36956 -38592 -64513 -30609 45041 -49707 28954 38821 30615 26247 42593 40954 -48956 1557 -27562
r493 -19781 37909 -45304 -9983 -58553 25671 32776 40917 -20826 16897 5185 -64065 -18049 -35207 -61384 -45318 -4431 -63039 34898 30077
r494 -32708 -2897 17513 -50229 -54369 22089 -43361 55706 -34568 23042 43619 63242 -49579 -64490 32197 -49234 -59129 -20629 1228 50676
r495 46881 -8323 -12650 4822 -49054 62233 63630 -12377 1886 -10452 2376 39409 -14200 -54981 37353 -52218 11373 1510 -55456 42375
r496 -4067 -50978 -13696 11754 5009 -55825 8955 57331 62819 45271 39135 -21738 699 -47139 -40186 42849 63891 3875 46005 23576
r497 35983 52015 49553 -42782 64100 -819 -2220 63818 53275 61518 11677 65534 31379 44465 12632 -45587 61547 6095 18260 34835
r498 6721 3445 33725 -54384 49889 -24656 -37471 3532 38802 -3664 -14984 -47773 13697 6986 -60058 -36598 27929 49906 -59715 -12661
r499 39637 -4694 -43834 46530 18768 40820 44715 -41936 -50941 22873 -42441 62508 -36283 37474 24668 39861 5343 -54330 -829 8977
