mTable48 21
KEY  c0 c1 c2 c3 c4 c5 c6 c7 c8 c9 c10 c11 c12 c13 c14 c15 c16 c17 c18 c19
r0 -49524 43909 49987 -13458 3757 -62681 -55095 -54662 -51114 11672 -24837 -57445 56369 36826 -59032 62075 38225 5192 11188 7375
r1 6937 48356 -743 22768 -60640 -9296 4834 -28424 12678 -64062 -6875 -9998 -1065 27326 31365 61998 4860 61938 -54007 55193
r2 -47359 -19372 -9969 11214 -4677 25697 64958 -17758 -22964 -48004 -46277 -65216 -20715 -50487 -24787 22650 -27046 18975 -6461 -25042
r3 23209 -26007 -43048 60838 37277 -36752 -273 -22739 -9687 -3839 -44264 -21602 -24843 -44972 30802 -11803 65176 38909 32506 -49886
r4 29832 -34473 42666 -5554 45206 -36194 -39079 -50784 -55230 29844 -24928 6066 1141 40285 -3739 -6596 50394 -52016 65139 -38323
r5 -54459 34291 -2573 -55839 -40304 7049 64965 39468 19720 41254 -26197 24491 -44635 -4609 -51178 -25434 4223 -2466 9367 56008
r6 -50189 -57028 28787 9808 -36181 6550 -54660 16434 -59218 1593 -10136 -703 -22374 1489 -48774 40246 -40271 -36870 30362 -63113
r7 44345 59240 3226 52040 -65494 38025 -38737 -21751 -45708 -33717 -64947 27298 -44352 -10657 62219 48913 -53135 -25481 41191 -12814
r8 58250 29465 51074 -21357 -21519 26689 15535 62615 -17529 -3421 -36615 -63017 -39358 -59365 31108 -48261 -4887 9604 -44670 -1076
r9 40008 -52059 35713 12695 -23517 63438 58738 56899 38635 284 18670 16797 -48485 -55647 12621 -56824 -56723 -9155 -5904 -21033
r10 65304 -29586 -52459 51418 -23528 -44168 1600 63577 26999 -54240 54201 -17086 24045 14997 -47010 -8708 51390 -14905 35164 -56110
r11 -57372 25002 43454 59834 24884 -34628 -21249 -26400 57862 4248 20405 20807 -43568 34741 -57798 15426 7802 -45896 -51643 41976
r12 -11782 -45975 2914 -40874 26689 -47669 54943 -21431 -12068 -53905 -41685 36784 12980 -53145 -10488 6767 43509 -48601 6462 -7813
r13 60550 26925 -24706 -6083 -17726 -10471 52159 24536 -57838 62632 12637 -49242 59875 -28346 -14228 12311 -47399 33852 42326 13095
r14 -1246 10649 36423 -4130 19494 44410 -50956 11415 12402 -17327 -13595 -34339 1980 38724 11712 20399 -29906 -28089 58257 -22197
r15 -32 -51602 35470 -48046 -10794 -17223 -53617 16757 -7215 -60956 -8969 33743 -26828 -31048 11673 -5751 -25440 9914 6338 -26399
r16 44463 -59820 34670 -62764 4789 59473 -35932 -58962 27899 26628 -56290 2993 -44775 -20386 61508 647 -27525 10531 -36908 28116
r17 51966 7202 57953 15736 31112 53203 -48784 -23351 -39532 21878 64674 -25576 -18794 -29747 41446 -22177 47951 42009 -56596 31423
r18 580 39724 -35594 -39174 -52085 -28959 62717 20025 -30421 -6377 30279 -64955 37371 -5432 -46670 -58244 53365 40018 -31375 -30031
r19 31066 -23243 -4559 50408 16325 -39974 5527 -23613 1162 -15690 -26919 16382 39315 50276 46492 -4373 46973 -15989 31535 -29982
r20 64645 -24858 -11483 29434 31572 -56981 7934 -21378 47299 -15651 16887 -9267 60755 -54182 39737 49537 -40789 45177 -55466 -30492
r21 -23742 53311 45918 55084 1594 46060 25323 44514 -11361 447 63065 61053 64099 38515 50790 12679 -36292 31937 63709 53186
r22 16470 41179 -13015 44070 11657 11682 -34952 11443 25114 61378 -31273 -3458 20133 28748 13598 -64176 57646 -22474 39304 -2329
r23 -32758 -59398 57382 61199 -12384 32315 46760 -12240 17344 -48131 -41507 -28013 -12371 64461 -27554 -4119 -52502 11323 35807 65126
r24 -44547 42861 -65477 30613 -54333 64336 -27493 -8233 25780 -48186 40067 -13692 -22635 -37099 -49593 -3702 -43864 14710 -12526 3565
r25 -41242 11947 -53066 59341 -7742 12329 59010 11271 46582 38744 -38058 -58523 -16259 62320 3931 24021 62175 -24941 -53486 -4983
r26 8044 -40245 -21509 -8782 -1834 -28572 32204 14605 21347 1734 29814 1837 43124 33058 30365 -62204 35817 46769 23667 20283
r27 -61528 -55540 16763 23743 -21629 46135 -47002 14118 -11250 -46917 -7842 -62919 -63892 59730 55244 46639 -33678 -49480 55376 7184
r28 -62756 -3463 -56405 30579 -19220 -26356 36804 -27530 33798 62419 16519 -13181 19187 -40958 50985 62639 -4283 17273 -47458 -60540
r29 -43767 36566 -20545 -17885 -5306 63011 -39990 11537 -44629 5460 37560 -29128 16588 47676 -45202 42343 -25747 49420 -30135 -23729
r30 36448 57890 56075 64190 -63809 24653 59620 965 -51076 -48485 2767 -52288 37639 -36865 -21533 -50071 -20883 11682 -17739 -8109
r31 -31131 31233 37898 23967 -56582 -37176 30794 35264 -55842 -21842 16376 61456 -63513 -38485 63855 28855 25682 28009 -33260 -34640
r32 6997 -48227 -10028 62014 -47229 -56303 9211 61797 28204 -496 25683 -20741 23253 -56021 -7754 18547 -34200 27177 63497 -2499
r33 65089 -42868 -2919 32702 52814 -4326 49138 -6782 -11806 -19231 -37733 -23699 39146 38445 23420 16964 28511 -48964 -45779 -13238
r34 -42989 37136 50343 -46169 -45764 -23669 -14473 8060 15569 -18030 6180 -54293 56786 -29714 21351 -59116 26112 -32319 -34831 10054
r35 -16732 -13297 -49504 -11423 -1839 -27702 -6369 23912 6463 -966 -21252 -36850 11111 58251 32509 17882 -21462 5634 44351 -3868
r36 20833 10576 4960 -14459 -10313 60751 42393 -2266 -36834 -20903 -33626 62153 49569 11148 -14428 -49598 39232 -27970 -45628 11522
r37 -27178 52432 -52464 23131 -45974 -11265 -24524 10973 50117 8507 24388 -14868 -18070 33696 53235 -37124 -10263 -33554 18483 -28597
r38 6043 -4880 8070 -60198 -64233 -35233 10411 -59916 54491 16930 -57678 -7304 30003 24228 57779 44308 49248 44197 6501 64620
r39 -51942 -16145 -2164 23241 -12563 61922 -42833 -24999 -58279 26154 48471 -53444 -37311 42892 47581 16469 2805 -20962 46384 -56179
r40 27048 -23364 53192 12213 60412 -34229 -5537 51484 -38866 -45520 33164 49189 15908 -58256 -10478 58946 1793 -12753 56981 47280
r41 11212 58214 -15764 42123 39514 50558 -31076 24138 -31619 47480 14231 -33735 40352 45370 55384 -63339 37441 -41282 33079 49518
r42 -998 14182 -39835 43175 -56315 -22537 48297 50858 -29092 35249 55737 -47805 -1292 -15816 44781 -26605 41433 -28156 3013 -25957
r43 -28349 -8024 -40993 -47482 -16015 34772 30777 -19013 26544 32949 -52411 -40454 40521 32939 -49027 22387 6125 -33419 -64898 39146
r44 14092 44955 -8180 20386 -26735 62129 34024 -54534 2526 11970 -3769 -19128 -30545 50370 18951 51573 45467 57528 46114 41890
r45 -33092 10820 1699 43500 8093 5307 -22922 15265 7962 7115 -11634 22912 40193 -44542 6123 -24706 47805 -26221 5062 14098
r46 29786 60111 -62222 46917 -17672 65074 -63291 38487 3430 -61590 62224 -5171 -46438 36060 26571 12428 -54553 45835 49429 16691
r47 9642 -33404 3703 -26221 -15545 -21097 18381 -1057 29096 37035 39973 13670 -9579 26372 -64669 22546 58574 -7553 -49110 -2859
r48 -27251 -56408 -19610 -61586 33105 -4560 2996 3137 8045 51996 45591 -64333 -9673 47031 -35472 -7126 -18061 60295 -55944 62580
r49 -52956 -30761 -38400 -59842 -8692 -1848 29326 23864 -49860 -38856 32734 39300 17630 30240 -28854 -60224 -7916 42477 4290 1796
r50 -48438 58498 -45340 -10586 -47542 34947 43907 -63172 57125 -14145 -12623 -10169 -11834 -27632 46767 55342 -32097 -17305 -59938 46649
r51 -32493 -11233 -9253 -27998 -59531 23801 -2318 -58263 55035 -11713 -30452 -44892 18360 -2529 -55135 62766 -36614 42524 60645 -31294
r52 12667 14019 44974 -9145 27171 -10145 25493 42785 506 -16065 -38476 -17385 41254 -7926 -41794 10453 -8113 21979 59485 63727
r53 51839 61754 60899 -55479 65079 31145 -43081 -60493 15136 -2677 -63274 51657 -63433 -52910 -42617 -43378 12072 -27726 -28881 47647
r54 34889 -62243 -3597 -40414 41501 -63698 14472 14867 -45824 -43805 -59021 20890 48080 58458 -45185 48339 -59038 54062 6894 -27357
r55 64676 31697 -19591 24191 -62786 -61729 6497 -7858 14314 53008 -41762 28213 -32306 -5597 -10516 41828 42959 16688 6612 -52665
r56 20454 -61059 57905 35358 -47279 54929 43482 7521 11876 64869 -19863 221 -42436 13621 28328 15865 64982 -53134 39289 -32157
r57 10294 -14526 5235 -19976 47479 358 -21481 -20114 24363 -60468 -39424 -20466 -37405 54962 4169 -34122 -43453 -8902 -41122 -37367
r58 10526 -53974 -8443 -46701 -45464 -46768 -27689 57216 5155 2015 3318 43617 42348 3757 -1885 -3543 -35715 65284 9316 57945
r59 36129 -45400 54693 -48018 6784 55340 4052 -27212 10362 61149 -2265 38268 50298 -45576 -48235 53753 -47170 -43609 -37729 39109
r60 -46929 -64287 -46599 50609 51633 -42615 14323 63633 1439 14390 -16844 -8025 35455 -62401 -58003 36643 -15806 -48732 -10474 26204
r61 38826 50081 -19630 9561 -28995 -51632 -39160 47920 18914 55547 26810 -18614 35198 28791 -59382 35836 -49980 61615 55726 61589
r62 49103 5598 -12277 -6358 42514 30096 -17287 27098 4921 37006 52918 -56446 32098 13294 18354 -10598 47015 -57639 16371 -18976
r63 37886 -14273 32026 61508 -38589 -39955 64103 -33371 6960 -63704 -31538 12780 -41270 -9794 -34256 -3891 3872 -613 38054 12962
r64 44 9872 1324 -27753 36736 -22152 -37679 14375 63030 12833 -24799 -49035 -14768 -29338 -15951 -5342 -24769 -29207 -38139 -16441
r65 61560 8106 63423 -46267 24998 -59142 -33078 24082 8060 -56548 7800 -48041 -61423 -52155 23289 6714 25538 6199 -10540 56580
r66 16193 -14239 35919 31170 19210 -40347 -21162 37751 -22485 -19949 -62692 63309 -1943 19226 -10281 -37983 38378 60158 -16891 -21303
r67 -57993 -60629 -47506 22433 27343 -24032 -291 56165 -7432 62471 21624 36527 52517 46865 32672 -58332 6927 -29159 -9486 7105
r68 -40926 -35803 23323 -39983 -18290 -31707 38039 35574 48728 -45749 -39942 3712 -43502 -594 -34592 -11293 32418 -17498 7611 5946
r69 33957 -28263 -15159 -38901 60445 44866 -50523 -22343 40439 -31211 34549 23304 -31508 43392 26049 10912 5714 14324 -5514 -38339
r70 62536 -34722 -20517 -51202 -61405 -51174 -50903 -46279 -17025 50549 26847 60444 58019 -5473 -16544 18649 -63885 9598 47501 43961
r71 54128 -6976 -45325 -30818 -18512 -54180 48227 27145 -53667 -31617 -33282 10614 56865 -38408 -25163 2194 -6395 -10221 -56740 -64027
r72 -9076 19719 62957 -10881 -50192 -4443 -18281 36030 -22066 -14850 39651 57350 7234 -56136 -31964 44051 52875 -63141 47748 63224
r73 58999 49760 10402 41056 -57526 -16067 -36641 52315 18201 28389 -48390 -37136 -22815 -24923 -59639 -16816 46512 35378 -35387 -2178
r74 -21939 47552 -32672 44091 -34900 16457 38334 7972 64276 -13390 -53165 58284 17296 56830 63955 27645 55741 -8802 -32802 -55056
r75 -50221 6479 26534 21741 -17645 6263 -44305 -47057 1802 -44457 -58139 4778 45051 -55304 -22467 12757 6104 8197 48214 -46573
r76 -52601 18389 34697 57159 -29303 11268 -2054 -6936 -58676 -918 -57874 45616 58687 -18238 5756 -33245 58279 -2448 32421 -42530
r77 -37726 50974 -40142 22583 7374 52067 8654 13411 -53104 14325 42602 51609 -38511 -55825 19490 -31058 -44259 -15988 4448 16309
r78 64814 33909 11921 -18311 6225 37783 4146 -53954 -35465 58424 12238 -10691 -17281 46160 -41096 49342 26349 16906 20264 -60024
r79 -10665 45486 -58016 -9224 1728 57853 55904 -32738 21859 -34451 -36118 59757 -57042 52328 11730 38684 22033 6434 46513 -62225
r80 15408 61261 34319 28341 60771 18654 42083 51668 15984 19703 -62082 -7536 58569 21189 -47530 38505 22200 -30070 23896 33395
r81 -39549 6912 50979 8470 -30111 8151 -36167 -52537 -46853 22620 -26064 37756 63297 -64118 3003 40041 37689 -64221 -47264 -57899
r82 33941 20148 -64067 40347 -41658 -22243 58142 12309 -26679 -54983 36316 48636 26119 31489 18598 60679 13042 -47911 44248 35879
r83 5745 11676 -41647 37756 -19405 61640 59958 -32736 22628 -11995 -1180 -11508 7160 36613 -61710 -62742 35925 56452 17162 -54365
r84 36017 -42201 -25738 -41458 -9604 3091 -7870 3521 14570 -1256 -24448 347 8373 -61107 -23037 -47538 -22403 53876 -33726 55665
r85 41299 -23652 -29597 62993 -52798 -43449 -27014 47020 37360 -25757 36457 -63216 42313 -23287 -12418 65003 29034 39837 50621 20838
r86 -5302 22096 19740 10534 36370 52456 -15271 -44179 13563 58373 51282 41944 45740 361 -4324 -19440 -63883 31230 4682 -52685
r87 -20425 49190 -21120 8034 -39834 52016 1145 -55756 -3375 -46966 -47896 61652 -61917 -33788 47980 8214 -33978 38249 -12602 13015
r88 -62408 -40043 30807 6883 -46005 -15961 -42722 41106 27164 29327 -20766 -23544 -47520 -3937 13410 29773 -35327 24469 37759 -32335
r89 3688 -50052 -20807 21571 -43126 37931 65199 21993 -31167 -24918 61397 -2679 -53480 -20317 6350 41322 -50122 -65265 -9032 -20758
r90 -60690 51019 42207 -53972 62977 -64284 54739 9619 -33915 45894 59574 -38186 8796 18047 -12292 -30869 -11481 21646 -56314 -23142
r91 51539 -39789 64819 -23052 -34888 -13596 -53350 -45607 -20491 45101 46295 22560 -9571 64759 17294 4552 6056 42574 12866 28493
r92 56267 -64472 2783 45721 -41385 -65181 -52344 27027 3247 22021 35185 -64775 53064 -65301 50290 -50907 -49086 -45617 -3535 -51228
r93 -17030 -29005 -62565 25131 4524 -64834 -38984 29069 -1075 -20262 -8425 -1414 -28862 32395 -51156 -36790 40219 6344 17301 -4809
r94 -10358 -48857 -35059 25288 -60735 -59603 -62141 -2691 -60771 -54619 -13198 -27638 11865 16176 -63200 -5336 -44644 53003 -39374 -39943
r95 -38496 -12167 -21702 45985 -10165 361 19659 -26697 57998 -60849 57119 3059 -6402 60670 14314 -28784 -19404 9485 34549 23708
r96 -14774 -8573 29590 46193 -33173 -56317 30583 51845 59035 -50905 51952 -54661 -34699 -15604 56742 -28776 -43094 22598 -16826 19031
r97 -58344 -31338 -39074 56799 -63456 -20398 -34460 -55574 28517 22497 -22348 62167 -16451 -53629 25523 -37695 -38662 -37265 -53261 1393
r98 35687 -8388 -4793 -24949 48610 -20129 60500 -54038 52389 38565 53303 -47937 5841 -1704 21097 45608 54915 39272 -8802 60739
r99 -62682 42287 -12942 13033 -41399 -42577 -9463 -40506 47598 -36882 -58197 17789 -32774 -28994 -15853 -34462 -47273 -56927 8683 17262
r100 48066 58407 -11267 54683 -65000 41626 -52169 51913 33953 -27692 -13006 17657 -59558 -35468 23298 -856 -16358 2365 -25228 36831
r101 29656 -40667 -60785 36032 -13554 -60965 -40123 48175 7190 26452 58964 6482 -4782 -36409 38674 65032 -34981 2135 10589 47814
r102 44475 41907 -32637 30652 -43996 -56606 -37044 58417 5712 -28808 -61629 -44861 -60971 10910 -441 -38217 -13544 -6504 -5849 -20797
r103 -43356 15194 -22498 -33991 60243 63334 18885 37178 27374 -61140 8770 9213 4239 -22692 38332 -8898 -55047 -17916 56269 7385
r104 44654 57456 -42293 -36364 11399 -29455 -39666 28850 670 5617 -52375 61118 27282 -11210 56047 14415 42883 8650 -42636 -55500
r105 -17991 1151 49107 -60015 1481 38070 21858 26586 -62758 -25314 38725 21545 -18474 -31195 2545 28256 -20685 -34406 -40440 -40384
r106 -36501 12873 -59281 -31051 -5747 -42428 -33113 42127 33604 -38196 -54395 36819 -47786 -14670 -1969 17309 -12297 -7939 -26577 10473
r107 21402 47491 14523 -1600 -16332 -23908 -53496 9894 -32232 62449 14738 -25166 -34293 36304 -10648 31971 -15419 55785 -29258 1180
r108 29874 -62590 -49297 -45473 60343 62902 36597 -61425 -55701 -57429 57429 -59993 -34539 41373 -43984 39052 -35234 50005 15120 -18677
r109 13723 18132 -10906 8401 -53586 40346 -61728 42261 -2450 -18607 60430 -16647 -29680 -49785 2226 -61164 -39183 -11612 -8642 -51155
r110 23134 -14266 12127 4075 281 46498 28747 -11234 -15908 30009 -61653 -64922 -43016 53971 19381 -24211 62354 33164 -60708 -28458
r111 30577 2918 -31332 49290 -1715 -40843 55152 25260 -35688 16481 -38572 -7928 35193 52573 27362 13150 53807 12353 -199 -60918
r112 -8385 11154 -47305 -60173 -54249 -47489 41647 36193 24303 34956 59629 -67 25107 -16570 -55683 40224 -28649 -35859 20111 -40282
r113 45826 -26683 -43825 -45142 45209 -5035 34333 -37118 44563 -15368 -24058 -43925 -32728 49668 24264 -52920 -33092 1930 -5379 38647
r114 -2639 -4031 38953 25162 46125 53332 -49569 47203 599 33681 16422 -8637 61315 40174 -35637 -49242 4697 47490 16204 -62719
r115 -49157 60309 28735 41368 9538 48501 61310 17291 -52422 37234 -26617 -7553 -63372 48506 -8125 63675 -22951 -40107 -17943 -51316
r116 -63976 -41034 42023 2026 12630 -46631 47868 59303 -21509 -63329 -11429 56350 -49165 42357 -33884 -11997 -8695 40775 43582 -25772
r117 32347 -62245 26221 38702 54474 4564 -25838 27066 -22523 6717 -14593 7166 42358 -16161 -35471 173 -27924 -30933 -51761 -24788
r118 52773 -1179 30818 53073 -60346 -34679 -38525 -8508 4823 -1628 -4120 62171 57221 55262 49739 -12907 38362 37935 -59127 -15273
r119 4249 44305 -9789 37556 -34539 40663 -17119 -59745 -62642 11742 -2132 -20344 -51773 51844 -22258 -44486 -54110 64531 -45323 -41219
r120 -9409 -29798 50900 -17193 11156 13438 65 -3732 55614 60209 -8392 -1674 -29901 -63541 -59045 -51786 -34316 2147 -62889 -41198
r121 28657 -56688 17153 -1568 37492 -52305 -55248 -24437 42792 29265 -31966 -61414 -11390 13247 -47635 -33486 -35416 45184 -39352 -4558
r122 36050 -48716 -51692 -7227 62470 2153 58722 40784 39557 51966 -40278 -19019 -59429 -27650 33520 -59378 27137 -1236 -44879 24494
r123 -21946 35531 27723 35160 45673 -28786 1069 -4316 12737 56041 63981 -11832 -33709 3075 33413 -61071 53058 -42815 6640 21543
r124 33821 -11740 14222 -45198 -39316 25498 63076 -34682 54255 -23723 -22547 -24622 58628 -61204 36221 6362 -31244 -17944 55050 34724
r125 8878 -42952 -40261 10744 -55482 58674 27318 33011 -52041 -48484 -31115 20470 -10526 -16548 -12657 -15051 -36189 2819 -24326 23747
r126 3124 47812 11430 -31061 -21431 -51636 7371 47267 19933 -5990 23712 -6929 -38574 -7389 -12594 1850 1656 -3635 -33662 -34151
r127 -21597 -15954 -49990 -50261 23772 1899 -57711 55779 -28450 -15842 21258 58517 -20742 47155 -59469 -62851 10997 19732 37111 -46519
r128 36778 47598 7626 7889 58015 61435 -12884 -64305 -1893 5262 -29285 -52570 -63095 -54923 -19523 14853 -25812 5305 -44782 24970
r129 47053 62285 -24379 -20092 27971 -26649 58336 38985 -2962 -7645 -12640 -55424 30546 -62846 -11592 -7357 1067 61692 -53281 -60764
r130 -23560 -28068 -51732 54250 -25497 65343 41032 -15943 -15252 2293 63587 15334 49193 27466 -24187 40456 42488 9805 -5223 -44903
r131 62375 31731 -15294 57320 63908 1603 -64525 -63660 32199 7800 -39483 41810 -18924 -13314 -15113 160 -25431 -701 5972 -51833
r132 -12804 -53478 62206 41144 -36931 -9522 16266 22636 -55755 -65360 -35064 -30390 -49630 17086 -46226 41914 22021 -27791 26675 64456
r133 -27554 -30910 -21357 -9423 -31128 -48903 -60412 59989 6778 14107 -58411 2952 -10879 -5294 34779 -39515 36074 -23718 -44184 -36179
r134 6959 45214 -32791 -46001 17090 -24603 -64364 21664 -12647 8708 -48057 56674 -57806 -60338 45016 50085 -15444 -18747 -22571 -5527
r135 4827 30988 37789 54592 -33336 34816 5140 -17759 -5849 -33329 51636 -44219 -54428 -24720 59677 -43202 -47405 -55854 -57161 -60104
r136 47140 34570 -35859 57037 -44457 57387 -32661 -58901 -3937 -23319 -63948 -4024 -36465 42126 -5583 -47393 -20798 -61231 -52897 -44575
r137 -29436 58978 43966 24523 51526 -4500 -56870 -6316 56755 48155 7897 59194 -16527 18802 50255 -40152 -32374 10826 -48744 59777
r138 64143 16369 1486 15481 6110 -52571 2046 31068 -45479 -18156 49666 30847 14168 13995 51969 -23637 48409 -27948 -50112 20064
r139 -46965 -36920 -28167 33698 40102 5989 -40856 54888 -15302 -46686 65296 -1246 25519 -47942 13570 -32178 16742 57307 52040 63194
r140 -12046 -14558 -40333 -34467 -554 -60870 -54006 25425 -61880 -40342 51009 42343 -9709 -18772 -15860 36203 50907 47754 -46918 24017
r141 -22225 20771 -40618 -4184 -23732 -2851 28252 -2993 40970 28543 -27319 31553 -58716 -27715 -18718 -44728 -7228 40336 -34742 19415
r142 1353 -55132 35503 25812 52307 22794 -41700 -51621 -54715 3627 -32739 13373 7634 -52844 41089 3830 -25236 -27017 494 -47439
r143 -1403 10372 30431 -8500 42613 -35080 470 8343 29422 51935 -48442 -43190 -18233 25397 52880 -43620 39417 -22622 60529 13217
r144 20287 -36814 43199 -22854 11677 62017 -7815 -9787 -33578 -18819 47129 -59280 -52088 -15387 -9630 -33467 7244 -41433 51140 36309
r145 33994 -34112 5261 10117 -14546 17485 62431 24593 29365 5313 39293 -43877 -59819 -6248 41016 -31878 -34354 30035 -20301 -9029
r146 -7775 -29376 -50418 2538 52975 49119 13969 18228 14695 51898 -54488 -14224 4615 -60882 -3982 -59837 -61216 49400 -43634 -15140
r147 133 32844 -65463 -49106 -61885 13818 7667 54319 35324 23608 34412 -29382 51947 45444 -35189 -23999 -26622 46148 -60249 1388
r148 -37221 -9493 48460 -10753 -28715 61191 -48414 -8519 -21504 1447 1985 -54748 24128 55036 -15835 -2198 22520 4018 13173 -30851
r149 -62843 -39279 -36418 35304 54932 -3059 -29997 63540 -9367 -28142 -1823 53001 -20286 63303 -19602 -8105 63256 56129 -19501 16971
r150 31431 31972 47409 -42079 39978 -130 58215 -26149 12139 -49401 12103 -18593 -17148 -14053 -45544 -5652 -17711 56141 30850 31354
r151 -12012 -41959 18970 29872 10120 -20524 54454 21965 -9221 38396 -1391 26120 -55665 15378 -18096 55041 31049 -38116 9869 -16846
r152 3589 51182 -25680 -6163 -52976 -6784 -39555 22287 -20359 49347 32039 -10883 21076 55100 2071 39579 10726 -29832 24847 -5506
r153 -63047 -26493 50449 9484 -7974 42582 26957 -17715 -39553 33076 33933 -23048 46775 54508 60757 9299 2709 -54534 53179 -37003
r154 -39664 -38962 -22490 -55862 7088 9334 13246 -38471 -10154 -53668 -62609 51313 19836 -63914 29642 52415 10689 -502 42888 -31383
r155 37604 -41234 -52418 -56940 -2527 19790 -33053 1967 -23955 -63785 -12683 12835 -21154 -5157 -60938 -49754 35044 41389 4676 -54458
r156 -57377 65494 40484 17078 45091 61581 -23731 -5004 -19452 13738 -53091 34650 9630 -62479 -35854 -46422 29333 30582 1696 -47734
r157 -33683 -1603 63897 27519 -43872 -38228 -60514 -988 29548 -51068 -4460 -63061 15364 -29971 -36382 -25456 13568 -38905 -60614 -27094
r158 19248 34759 -38672 -60665 -62978 43737 -53732 -18878 -55684 63461 60531 50137 -15147 -30023 37574 -36507 3707 -27813 -48172 -60572
r159 -34439 -33798 -42318 -47660 -46537 -22694 22411 -3587 -15349 -7691 60379 27636 -208 28917 16804 -11976 -63572 -38639 41154 38916
r160 -52584 -61640 30670 -27089 -55946 42621 22444 -25872 41000 18937 -8985 62009 61443 -9925 21109 19479 32287 60980 -2024 23701
r161 -41620 -17005 -29151 38024 45915 -52774 -557 -38717 -6166 -21643 17367 44818 7766 -57528 -31793 42730 57561 13949 46034 -58323
r162 13858 60406 20860 36092 -58172 -21248 -53025 60817 23416 -34879 -51753 14296 -65440 14836 3099 -38023 -42708 31096 52223 21328
r163 26363 2476 -59113 3950 -50265 -54284 47360 -4075 37158 -61910 -58683 -40156 -61552 22982 -10596 27963 -49406 -41466 -43568 1222
r164 -51731 -1998 28465 35763 48981 3432 -33165 11104 -19329 9996 55001 -4108 12544 13781 -62119 -6612 -65235 3253 -15539 48325
r165 5104 4962 45896 13370 2034 -35844 -28769 -13574 -22389 25054 -35237 21271 -38698 -54814 -59547 -27718 48733 16748 20348 -32356
r166 4340 -38546 49218 29298 35760 15427 -7755 -14718 -20128 17373 -3653 -64536 16589 -47040 -10726 -10826 -5329 -6050 -32599 63992
r167 19650 -61632 -41642 -35787 21802 39841 54859 -56083 35352 -27378 3233 -33926 -2481 57089 -8034 12338 39753 -12698 24531 -3476
r168 -40284 -57841 -5540 19343 8758 6461 5227 -61734 -23617 -28827 18333 -24600 -25389 37181 2091 -55997 11818 -1470 2567 29037
r169 -62137 34758 -38744 -40241 19044 56922 841 -27336 -37539 -53429 1430 5975 42413 3982 17952 -11814 -41290 -33656 -51957 -63550
r170 59300 58530 58758 -3763 15881 -7571 -44557 16274 191 -4090 -32246 1822 38716 20462 -24118 -30389 23206 11862 -8617 -32162
r171 -28987 63600 5178 -46268 -45288 57091 64994 51042 -43916 10259 65339 9336 57817 -50028 52015 -52881 -54592 -23048 14412 40997
r172 -54779 -13350 -28210 -62202 -64222 20667 24110 -33695 -60877 59802 -41460 -53257 51145 -55955 50509 50680 -50909 -32420 -35450 33087
r173 -50708 -57455 -47537 -1264 -28608 58153 -9305 -30709 -57992 54308 -49223 9366 -51528 44407 23733 -43857 -37319 -61368 16254 57585
r174 42726 -46793 -26987 22247 21353 -29740 37525 -29641 52880 30913 -64925 -9855 38843 38116 -45573 -59893 -31050 -45227 15404 -62877
r175 -46528 37892 2900 6294 -10799 -28346 34210 -38496 -6682 3019 -59171 -50308 -46007 -51457 8763 -4728 -56042 -17334 -18760 10993
r176 57182 -51317 -27413 -52600 33087 -26599 -49523 -13079 1174 -43948 23859 -27987 29956 11712 -52127 19790 22889 28954 -54221 20944
r177 -45330 -56414 10300 60170 21448 -38673 31773 -44023 30246 47504 -5171 -47762 -26803 52124 -199 16116 -57427 -33953 10016 54566
r178 -38168 12732 30432 14981 189 -8457 63552 19134 62318 -4773 -22293 -51863 17528 19306 13515 -14662 51181 -43082 -64938 27817
r179 -6664 9288 18053 36492 57042 -19472 -37200 -54365 -38597 -12763 23864 8851 29103 -25068 31717 -43720 39913 566 50228 51914
r180 -22837 38515 -5942 6421 28705 -36650 52316 -46434 -18085 -55098 27334 -54918 -60646 15050 48264 38281 29176 -31400 15845 -34548
r181 -11379 -59101 -52464 -39783 3757 -63627 27019 -13249 32856 -33536 -46497 2476 -45474 52237 -39677 -23022 -16028 46327 -43372 -32351
r182 -49105 -4246 -46200 27211 34874 35350 34916 45867 57928 -9665 10549 -43869 -56442 -8339 -10712 55869 8223 -11060 50544 -28691
r183 -41930 -42201 -18950 -34549 -10053 48078 28779 -17291 13058 27489 12510 37953 -28693 7583 5218 -19295 47000 -39451 -41348 28815
r184 -40186 14880 -16112 52340 51133 -14472 -25250 49281 51808 -55098 -52844 -25046 -7971 -52956 -50776 52693 22725 63774 12284 46555
r185 5197 50777 -2915 -18821 -65402 -61143 3846 56429 13379 11640 -44038 -11719 -29001 16851 -54547 4478 25093 17626 -2472 7772
r186 -40188 -9077 -4814 -51982 -29339 36508 -32905 -54245 23645 58399 -44102 36510 13167 47508 10146 6390 -48582 -54678 -53427 33456
r187 42572 -41622 44687 -15728 -20926 17395 -18767 -24364 -63192 -9964 36393 -25088 13254 -21264 30193 49658 -7308 -46616 -31718 -16526
r188 -31902 -19276 -224 -37410 49898 -48866 40249 -45962 -10458 -48444 -60274 -6682 38556 -53938 -53771 13090 -7625 -5382 -36370 44377
r189 -18634 -41544 19497 -10490 -43182 10257 46387 5106 19325 39791 41538 4325 56152 -45049 -55972 39859 -48629 -46915 38692 25055
r190 18916 -53583 52418 45011 54806 -31583 -37573 54609 -52874 20729 -20106 2960 -50582 -37101 -57485 -2814 528 -12116 -3324 5993
r191 53149 53759 -61894 52030 33076 60337 59947 -49769 -2214 -33299 50847 -52643 44274 14207 -61524 1526 -53673 9424 38463 -39117
r192 50545 53840 -59269 1905 -83 -2220 -12508 34498 -5998 -26000 31916 -27904 18478 -10912 43162 -2109 -26666 22174 -30012 -37047
r193 64380 -32866 38222 -31106 57913 -7109 53588 26770 -50601 25472 -26555 -17375 -43058 41616 -49696 10886 -57953 23862 -28361 55014
r194 13137 -42493 -19587 53401 9606 18593 17913 28472 12111 30204 -62967 -1946 -42480 -32745 52957 -20782 -21931 33557 64086 -58663
r195 -13208 -46508 39753 59088 -37993 -21554 13349 -41662 -15854 22269 21804 -34495 59941 16396 -16400 10161 -35358 -52087 -5845 15657
r196 -42129 -18538 15035 7155 8007 -22209 40494 -37826 -43451 7172 5688 -7627 25163 59202 -46769 -64336 35282 -20817 -58963 5739
r197 -10464 -6627 21010 -32349 -40717 51669 -34759 -42239 -27837 29242 25940 4220 47674 19173 45226 5951 59455 -4729 -13002 -28202
r198 -59718 8431 -51719 -52690 38919 -3804 62143 -55533 55167 -45662 -60843 -3913 -10177 -60002 -14438 24401 -64446 11521 -38777 58466
r199 -1739 16837 -50268 -51312 -65312 34683 -53054 -64481 -16062 -16882 6933 58194 -31683 7870 -4652 8703 3502 -53250 3363 -53490
r200 10631 45753 32243 34989 -22111 26643 57487 -55741 7999 1740 5936 11579 -31601 -39510 -11779 -40763 -57425 -46059 -7427 -45555
r201 18111 -34943 43541 61760 13768 30862 -56366 14697 -30617 -22937 26367 -9550 15123 -5431 35147 -30794 -26172 28739 12840 -54026
r202 -50917 -45212 7608 62391 42226 28598 56478 -36291 41453 53639 -9443 -559 -3680 -21401 -13927 -22596 -47553 47106 -31828 -20323
r203 -13132 -40952 -40436 -33541 -26419 64256 22151 32304 -59922 -61323 43911 -55507 -15500 10066 -38663 -3618 -17195 37314 -26934 34913
r204 21297 -49065 11832 64955 49905 -37414 9090 43992 60610 1959 53987 -44194 -8771 -10550 -39363 -11632 -31780 26945 -20636 28176
r205 54547 14379 -4384 12322 -54472 14669 62019 42908 58294 45901 -43865 48758 44783 -63966 -54934 -58977 54854 -58501 -41942 -29178
r206 59302 33838 21765 53591 -1305 4804 44632 15018 6843 42590 -19942 5416 26530 8471 -58988 34362 37693 -42487 -52078 14693
r207 46818 20399 -35165 4418 -16191 10056 17945 -36015 14585 788 10637 -52934 42057 44290 62963 -5036 64905 -64665 8920 39643
r208 -8053 24510 61632 -7161 -51733 38553 40680 65445 8500 -61737 18024 6948 15884 21490 -12037 -63525 31007 -44858 24208 20048
r209 1325 -20534 -45760 17450 49964 -57593 44185 1253 24698 26358 -28691 -65297 -29476 64614 -2199 52705 -60750 -41175 -34021 23496
r210 30496 32365 21200 15755 -41850 -25411 -45438 8799 15870 30635 65169 -1154 56095 47493 -54492 4219 -9773 61550 -35729 -65374
r211 -16766 2459 -31880 -35922 -55940 -872 -31955 34552 13934 -26136 -32163 -43977 -25434 -36149 11883 58909 -13486 53429 -20633 33700
r212 -33500 57449 11340 -6723 -37168 -26410 -61550 -56163 27356 -36196 53877 -13095 -42663 -39908 -11322 -49101 7673 -59907 47060 19784
r213 -59540 58825 41748 -43046 -35320 -36524 -9568 -27626 -58849 -62754 -25546 56931 -39780 -12563 -32138 -40382 -50954 39525 37711 56479
r214 -44964 38516 23661 -65115 45356 -23746 37641 -8005 -16142 -2118 -18826 47312 -26860 23722 -13770 -4595 63105 -33495 45258 48997
r215 10484 -41949 28227 219 -691 20745 51497 -59764 -48335 -30101 -11670 33464 18030 30434 -10036 37326 -8079 42545 -675 57475
r216 5159 58718 -30493 -60069 -26973 30017 14892 -63508 -14671 6061 42081 21092 -14503 15386 -14571 13265 3330 -40355 -18345 -43248
r217 49862 11151 15665 -41139 -8208 25226 10145 3059 24602 62912 51174 -36937 -60682 15379 59361 48702 62005 -9746 -27659 -37895
r218 47988 26289 -34314 5111 20517 40404 -34743 -34167 64558 -5092 524 33493 -6428 42917 49744 56792 -64252 35665 -13456 50413
r219 -6668 24483 50193 -36486 18780 31742 -7042 64345 -64605 -48689 -29516 2333 2322 -14032 -46306 -8926 -18439 46285 -56602 47480
r220 37211 34097 289 56966 -41685 13161 5838 -43883 43390 12121 -43644 -49732 -60024 -9202 26463 -45746 -57646 63579 20928 53759
r221 -34904 20933 -58955 30176 -24973 58906 32405 -58006 27199 -14121 -42723 65344 -39383 52423 29394 15950 -49032 63027 -65371 41603
r222 -38183 -60670 -18390 36243 10496 -41035 -62547 -41026 -30531 12742 48339 24260 -50756 -8579 15090 -11624 64138 -12665 15918 37338
r223 -6921 61092 -22210 -63188 8304 54447 11896 18212 24572 734 49675 -27992 -39279 57839 -3412 30032 -65095 -27270 -16082 39118
r224 59028 7865 -63972 10599 -4103 646 23641 7324 34937 17259 -28388 -44393 -61858 32289 -31098 16854 -48754 -35533 18019 -18730
r225 -13919 -53339 -47486 6893 54268 -58322 -4457 -41825 -478 -26360 -51179 -49468 3692 -28912 37400 56192 60121 36406 -14468 -59948
r226 38442 -8383 -29817 -54087 61026 28944 39234 11198 -16900 24535 -684 47380 25232 -5377 -23785 -19089 31784 -16763 -48282 -54584
r227 21632 -58482 17611 58608 -7194 -42300 -3861 -57108 -59434 -6876 61565 -49714 -44708 -13057 32333 13983 23625 -27878 -64233 -27765
r228 -62592 -24497 -956 22654 -63369 33611 -9136 -26650 40356 8924 -14287 62312 5137 -19702 53112 -35207 13029 -12940 42547 -41310
r229 5904 56274 -4098 -45657 -3620 54864 11488 44820 -30975 -7865 37964 -45026 -2056 21171 -62562 48266 -58707 -56765 -26213 43309
r230 26483 -20934 -46306 -245 62477 -16552 -58409 40115 -31498 -64771 -18018 7128 -43158 -15304 -26248 63862 40771 25157 524 3712
r231 -60251 42568 -25067 12203 -48199 36770 -59443 27933 4105 -33845 62325 -30115 26543 58322 39845 44745 -24414 -30494 -42739 -5916
r232 48661 -25422 -61600 58248 9531 11443 -51947 -64791 -55109 -12769 5861 42601 57802 -11961 4178 -4419 3752 28811 -15771 -53825
r233 -43165 43545 54608 -39853 -49302 -10900 -53594 15465 6293 -8308 -45994 15200 31878 -42713 -44758 35678 -60173 -1240 39606 12633
r234 38712 -13726 42115 65024 -64692 40871 46180 -55329 43565 13667 55486 -51705 -31142 62776 32674 38272 39495 25213 -64130 -21970
r235 -45705 -31894 -61815 3940 61651 -6448 19625 -31011 -49682 48299 11411 -1201 22197 44167 -23717 11362 34891 64217 -48197 21584
r236 27586 5621 38458 -43796 -63293 -17712 -3089 -61933 38415 62231 -45138 -51665 26794 -50400 -33045 62105 -24846 28777 6115 19634
r237 10891 8015 -11065 -45397 -16305 -52393 14903 36192 28286 -17992 -63677 15227 -64002 44736 -4706 -21047 -54588 -14206 -62201 -16748
r238 -50343 39335 -10976 20476 -12124 -53525 -26703 -17117 -38224 22851 -4692 20545 -4888 22857 54434 -61512 23285 -9457 55836 35760
r239 -18639 43074 -7788 5959 -45897 24094 -2030 61636 54133 -9617 -64735 57032 32184 -37281 31520 -45290 -52091 -65394 -3718 43759
r240 -8540 -38039 -12786 10089 37205 -22843 -33379 -9964 -27145 16057 45868 57515 55699 -32162 -11051 -62335 37242 -16050 -11040 53087
r241 -26020 11096 -47439 53027 -17225 -2226 -47352 48791 50480 9087 -58873 -19987 -30770 -17265 -6894 -2023 26674 14776 39827 64949
r242 28903 46062 46880 -63150 -12042 -63263 -51719 -5339 -8132 -44676 44004 -37949 58256 -14086 -32273 46812 -47486 -32526 22053 4663
r243 52005 10933 -7860 8839 -16690 28022 -30515 36998 -42819 -5845 12685 9264 -46997 43901 -42126 24731 -39005 51626 -30811 -51499
r244 -50575 -5550 60168 27138 -48609 -36978 19595 34668 43022 30573 24461 -24440 3366 -21610 -57715 -58324 39035 12201 53113 35071
r245 19548 -37457 -51240 -35148 46697 59581 -28826 18036 10579 35988 26778 62653 36603 28274 -26482 54829 -14164 -1332 -51236 59589
r246 -52077 -15773 -27164 -2303 -61356 -50848 60926 2922 33710 -48356 -14133 24094 -37330 -64480 2802 27791 -63394 -3629 57069 16240
r247 -57724 -34633 24799 8321 43449 48002 -40124 -58106 -42737 30527 6139 -51546 -29584 -5733 41384 -61718 -21852 1016 39715 31764
r248 -50266 21069 -35108 -16529 -12794 -22093 12797 19811 38720 13673 -8902 -34866 -49060 -38602 53780 37359 -34473 -50424 -12443 43553
r249 -19006 7940 -54930 9334 9088 41705 54690 8851 -61124 -7236 24969 29865 55177 11087 49668 -26948 -41868 51768 -15874 14535
r250 4235 -25039 44353 3788 -20988 -27175 -63245 -5726 47210 15926 10500 -4206 38179 -13374 -4272 -49504 47888 -33214 49965 39598
r251 -50223 -54380 1057 -20262 45758 -526 -6856 57499 18591 -22747 41850 14431 15508 -28975 17054 -45783 -38039 39755 -40697 63099
r252 -31968 51849 63117 11498 -20818 -19596 -5321 37355 31820 12742 -15194 -18770 42655 16116 -16766 -27540 -58196 52856 51123 -27144
r253 -11316 -64543 -15767 3460 8394 951 -10348 50052 -48314 27391 48992 24402 -63446 20615 14677 -16554 25056 -10879 -15060 32723
r254 61107 14528 7880 -22107 19335 -8815 -59535 15745 51345 22823 37670 45748 -16536 28074 4412 -27036 -10281 36064 -18880 51980
r255 45588 -42462 -32154 27567 59924 -26629 30598 30195 40391 13254 -30378 28359 33604 62590 59030 -27837 19884 21026 7510 -49996
r256 -60597 -17428 -42155 45309 49943 -2393 33907 -39884 -15851 7696 30143 -27181 35624 40429 -47466 -47924 -12398 41213 47634 3475
r257 -2914 -15798 -45322 -29816 14401 60777 43824 -47366 59613 -19004 4204 -59498 31041 -58573 -50078 -48050 35645 -9694 -56881 -65041
r258 -37573 -44800 40795 -36316 16153 9721 28598 58179 -24310 32480 30177 -40708 -41970 44188 -34594 54305 24987 16072 21442 -16607
r259 26620 535 -31751 47123 -59873 27165 29990 -2262 59240 23264 -65280 -23959 -50084 -58011 9309 -2373 59856 41138 29866 32312
r260 -64826 44704 41744 48333 -10674 24598 48857 19309 52497 -8778 -56873 64925 -41184 27449 -64637 -18549 45 31924 35302 52595
r261 -55519 56144 51321 -18469 39720 26510 40876 -55742 50244 -4624 -55844 1336 54342 37000 7507 40876 -40969 -54759 -22741 14795
r262 -600 5721 -23909 -1671 32730 17522 -26072 -56888 29232 55276 -54402 -14359 47745 29193 39920 63299 -5921 16158 58480 -54098
r263 -15785 62956 56098 -42806 -16629 -25600 -57664 -47380 25210 59705 -64622 -7768 -53783 37861 -62468 11223 27096 -37421 34195 15598
r264 45552 -55379 39811 -40430 -39502 25618 -7474 46583 -19466 2910 32518 7506 27397 -33064 38381 15241 -8832 30018 36800 -50603
r265 -8008 -44769 -58512 48629 35455 -61190 564 7142 -38000 -48117 43920 2945 53572 1077 -55197 -36770 -22567 -17413 -47781 -58091
r266 -36785 -62181 22437 -35057 -48975 64155 48177 -25614 25366 -7767 -59465 50377 -15500 57111 6548 -20832 8309 54734 53263 41518
r267 33762 -63270 -19667 34 53321 27947 17105 -34392 -10897 7148 -29428 -16821 -4277 -59552 -60514 43107 19930 -43408 -45090 3250
r268 -59561 -26799 -2492 -59355 -12865 -26518 56038 -32265 37567 -12946 -40289 63501 3696 48357 -26988 -65410 -50771 61031 13347 64012
r269 -17318 -9066 -46478 370 -46394 11308 31179 -55430 45567 -33673 30297 -41835 47966 20640 -51552 16166 -48636 -51925 -29587 22795
r270 -27256 -10006 -8325 13409 14964 60753 60290 -57721 -43652 64809 -51753 37826 -7269 23806 -52747 -27180 -42196 49667 3350 55800
r271 34997 -53161 53639 31630 -12938 -3787 -9669 -1459 59279 41716 63467 32882 27496 -39825 -39996 -51549 -61851 -10033 -12441 -13490
r272 -50742 52258 -65126 776 55953 -56222 6894 5322 -21700 4979 48659 40862 13241 19568 47233 19514 -56655 36533 25012 -43876
r273 15558 15050 38424 -9403 23233 -60062 48999 25304 -24772 -39974 37199 32053 -2726 -31995 -54043 -61688 13196 -45236 -20113 48021
r274 16013 -14283 -38289 -31673 -55874 17770 17170 -37470 -8215 -47665 30128 -61096 -41796 -86 -24619 62991 -13754 -31789 -34142 64020
r275 -35333 -52079 -8630 34404 56096 65039 -32059 50940 46670 1783 -42486 -32690 -40290 -13286 -39517 62851 -63698 37395 -3046 -1748
r276 -52452 41709 27015 -27883 12086 5368 -38387 -9774 -27354 -50942 57542 35578 -17257 6246 53304 -24282 -12809 -3311 57350 53480
r277 25384 7269 58146 7966 -54586 -44234 -4140 -6124 43883 61537 7739 -11135 62932 -60232 52050 -11990 24162 -54474 -23698 52992
r278 33224 -9095 22902 -55239 45599 24621 29091 18238 -48575 38741 40286 -58225 50801 -19355 46374 -42440 -1524 -28669 18480 48886
r279 52238 -65040 6912 -29161 -26586 -49941 -2700 55410 -49154 10620 24084 -36753 38 43150 -35015 38751 -13433 -55946 65035 -21390
r280 -20836 41198 -32711 22636 55345 48993 298 -15763 42683 23092 -30322 -31392 35572 44744 -53820 -25338 -40661 -47991 10204 43365
r281 -21230 25637 -28304 -22869 6751 -29695 31139 46418 -3213 53584 51441 -52172 38269 -63808 1001 55494 -33838 4681 -40517 24872
r282 39049 -50528 60971 2160 41513 -53390 -3063 -12468 -200 -29895 58865 44518 -46502 15629 -22192 35784 15710 -33955 -56132 801
r283 -11165 -16578 -21887 -52989 -11829 45244 -18524 -58574 -19288 50071 31880 -52200 12321 65438 -36744 -33861 12404 -51530 19427 9654
r284 43382 -38399 46230 -3523 36241 16801 -21491 -5398 11831 14191 52872 30879 -11903 50845 45550 -36861 -47019 -63745 29953 -40807
r285 -29094 -25518 12262 38611 54495 -42295 12788 22891 -36113 -61246 43486 59208 2978 -41566 50273 5032 20451 32454 -2186 7572
r286 -55637 11226 -17142 -32582 -56665 45078 -44684 26079 -34914 62899 2474 -38759 5211 -59156 -9559 -16172 -25508 -42466 -36937 -45521
r287 -34502 61244 34612 41719 18262 61767 59839 18164 -37136 29209 44462 -47887 -6884 -21503 16859 20887 -16051 45754 -23556 -33030
r288 34284 29016 40279 25295 2099 -28789 14021 3149 25470 59315 53984 -27316 -25737 55838 -61306 61307 59710 -49049 -64500 29425
r289 63613 -48563 -3947 23300 31126 -44164 -19463 -61653 -2897 39007 -17229 55529 -30447 34356 -50992 -33847 -22746 -12011 -49664 53545
r290 63325 58908 61890 62584 -27843 -25969 64245 19820 65129 13545 -18451 -32506 62923 49 17252 17068 -58067 26161 19175 52503
r291 7238 19295 49161 55412 -42386 11163 22547 14211 -43481 52302 24742 -38112 60190 -23951 19775 -27343 13646 28498 48159 -10719
r292 -35193 -49329 21999 34562 -41982 -10685 -9285 47383 -39074 7110 60901 -6903 17210 -36859 38601 26653 12909 20514 43815 -12611
r293 50522 26975 -33611 16417 20953 -22988 -31145 -33933 -30961 -54038 -45701 33500 -61694 -38484 -10789 -46444 48317 -59889 48877 32085
r294 5310 63701 53368 -30610 20738 -4788 45959 -50916 18456 -1522 -15320 -62279 43307 -25348 48713 -56800 61923 39931 42452 -44829
r295 5479 -26694 29002 -53953 16857 10414 35048 -5832 -49798 26762 -17901 64250 24160 50042 -52530 48357 37431 -51936 -53371 21341
r296 7630 -33618 -50579 -38594 4932 53738 -62081 -57568 -1022 547 -9513 39395 -34001 42915 -37713 -34684 -44511 -51164 -42661 -22318
r297 51044 12675 18648 -23814 -51475 -35263 -55367 -3865 -44027 33648 9471 -16546 63192 -60770 39978 -27453 -43385 35028 -47205 -16330
r298 22398 25596 47838 61565 33739 25252 49052 24653 -20075 58376 14100 -36400 28425 38256 27904 39482 -12935 -26364 -34333 -55906
r299 57825 -3840 60741 43667 45368 -44805 -25059 4916 -51426 -34244 12036 -39838 16111 10954 33239 23021 -4804 6222 64742 -50129
r300 -61289 22452 51758 -54878 -42902 -62925 -38088 -34065 41249 -27434 -63557 -64084 -59765 -49643 42348 -8362 -873 42847 -51659 34117
r301 43818 47703 62300 47014 -44820 -29443 -38103 -14563 869 58311 24579 44745 24595 -43315 52523 34760 -7152 53959 28005 -27377
r302 2982 -43107 -10076 2432 -56446 21751 6971 -39130 -31752 -59245 -53307 58870 60500 -10764 -47466 -64264 -6857 64222 28094 43464
r303 16389 -4377 -39888 -18875 50793 -14046 -14100 -49155 -50618 16645 -34289 14675 -4943 -40999 -13331 41961 13037 -13662 -44970 34247
r304 -16094 -19089 -3631 29125 -42363 -47306 -39508 -7040 -31062 -13640 16520 -44591 -22987 50006 20902 -4221 61512 -17793 -24441 62330
r305 -4943 -1747 -57714 56333 56245 1076 -26998 12427 46484 16732 -34025 -7267 -24202 12022 870 -61178 4663 -20830 7740 23337
r306 -36156 -56855 -17453 55891 -43384 29011 39139 22635 -47643 -63706 -23832 -13214 57491 -11434 26726 58868 28507 37759 -51675 -52192
r307 38507 -45 37271 57324 3641 -16820 -15870 57595 -24255 32923 -21479 25939 -15325 26159 -53307 32731 -38330 -16299 42663 4194
r308 31092 -35616 16632 6059 58320 55823 59885 -15695 64411 748 24462 7134 -56450 25136 -36345 -52640 54204 -36495 17923 -39809
r309 12400 -24633 19630 -17787 35217 -27395 -28273 31065 -55172 -51410 19236 64223 -8903 30300 40659 21288 -12077 -61529 -38322 55657
r310 -15642 40207 50878 -65433 -18735 -43092 11543 15945 31429 43940 -5248 -43538 -43061 21776 -58879 -49389 -4589 38108 -44443 -4012
r311 -24899 52370 15857 -23634 -35097 60078 11153 46095 41574 34221 -26676 29521 -7752 -48357 -7798 65425 -88 16531 49081 30719
r312 27233 45653 -10277 30526 -3756 22567 26381 11253 -17193 -27108 22808 -54855 -20034 19056 26914 -65317 -38877 -4251 -59150 -27102
r313 -53319 48978 43663 63000 61662 -8777 -56987 -55439 -8356 -14467 51223 65403 -61858 -2032 -1683 40421 2889 -35347 -60304 -60179
r314 45880 39778 -20206 48293 -62629 -59109 -16055 -36443 -16704 -55851 6274 -48826 41482 48957 30768 -4552 -49960 57610 -31771 -44390
r315 63993 -1318 41499 -65380 42834 -52191 -15212 -9009 55229 -20787 38198 -61396 -16403 -5153 41518 -61969 3975 -11741 11449 14434
r316 -59868 28365 54547 38635 49153 3823 -30276 -58930 -26941 -60377 -24882 -52812 43993 -52858 49702 11412 -2841 43758 -62146 43304
r317 -4311 -676 2489 -57394 16559 -58447 50659 -26047 -43050 53405 14421 -22946 -44399 -21397 36493 17925 -51492 -53418 -55613 -41495
r318 40499 -31952 -63754 62723 12356 57067 23878 -38807 16538 -43097 34728 61544 -33223 2824 57923 -28358 -51426 17919 6214 59542
r319 40359 -24593 61015 -61456 63003 -40638 58222 26266 30715 -62535 36826 -53177 -61660 35746 -5984 -25326 -51672 56779 -10788 19941
r320 12257 -4303 60467 62325 31450 36942 29311 47542 -48116 -27136 18541 -64992 -52079 -25997 51850 45417 46845 -50465 56028 -64850
r321 49602 15636 30881 58503 -42695 -49466 -44137 -63470 15889 32354 -52718 33115 60467 -30038 12344 -43942 -7222 -11545 41346 2836
r322 62614 6023 -43595 22136 -56404 -54962 -62646 -39915 4457 -45234 27612 24985 -54962 -23443 -35009 14797 34337 -50896 -64926 -48118
r323 -60972 29492 -32535 -64308 29583 -16852 17571 -17671 3667 -5257 21185 -54860 -45244 36614 -6446 41562 -562 10910 -20941 6424
r324 -59625 -55076 40894 -55657 -36569 6369 -29062 -34531 22980 59064 37635 -27397 -55756 -7053 18116 39532 -44568 -11018 -5038 113
r325 -55799 53486 -9754 27767 24872 4023 54982 1980 -35750 -5309 1212 40132 -18932 44154 -8622 2000 -42797 23856 -23751 17597
r326 -6598 -53685 -10330 746 30607 -50474 39644 37978 55252 -6965 -52919 -47415 -27654 -28295 -46874 -10456 53870 -29469 47596 44227
r327 -22804 -54923 -17152 41619 52256 53905 -11723 2935 -42690 52055 -47759 34074 18372 -35353 -4773 -53765 -55175 -42292 -29209 -58534
r328 5706 46247 -19691 27914 58589 13985 -7472 -26211 6822 56124 50048 -16316 13302 20245 -2124 11296 -353 26325 40876 11677
r329 46710 46199 42277 9161 -11422 44910 -14141 -47170 -24068 -44918 -35048 -34175 -3630 39481 -62018 -56587 34468 1619 -26569 -23325
r330 -56748 47943 32193 17706 45268 48359 -31361 63241 -40387 37276 4113 15601 -38126 -51101 30258 11210 -42692 32333 -27588 -1199
r331 11193 8831 -51232 2714 57099 55780 -13979 -42770 16514 43188 -3947 -6062 -33466 28875 -42527 32741 -3011 -38258 44702 -55061
r332 -41635 11496 35995 -51783 42598 -29628 43353 -36971 -22890 23104 -53972 -11935 -65415 -45413 47610 45182 51874 6596 -20542 4946
r333 39093 58738 -27610 15154 16575 -62545 38423 -61907 -45235 37793 -37278 44186 -17131 23422 3435 -17287 43042 -44001 -33784 55666
r334 -4816 -8870 -10495 14080 21030 -36296 21716 14914 -62190 425 -59005 -25048 -8270 13605 -47502 -27581 -43315 60744 28667 -951
r335 44108 -63028 59556 29640 33418 64745 27866 -58148 49778 -24880 -30207 37597 -14688 51320 57468 -9157 -42195 14073 -57928 -23595
r336 47644 -53251 -37701 31353 60623 -45819 56765 18055 34869 44957 2435 -57238 -55111 -35771 -37958 5508 -41822 -21221 9200 22896
r337 -31482 44206 -16216 -46007 -47595 32450 -48075 57192 9129 4832 -61885 -61954 -20141 -39154 44813 -26661 -10157 -60050 53784 58860
r338 -18803 61152 20244 46511 12433 38880 21041 -17751 -33096 4165 -22639 6957 -6504 -35556 -52621 536 -64487 -42826 55230 -4806
r339 -30205 40412 4216 15307 46001 -43617 44464 -32286 -56447 36369 -64565 -46240 1932 -61314 46280 42566 -57172 -58714 -716 30905
r340 61060 -2899 -54435 40396 -54421 47387 -49399 35984 -16892 -14140 47174 -44520 9965 56477 37598 1585 43700 -29529 39528 53930
r341 42110 -57058 8751 -23203 58517 -60173 -62795 -12655 29888 4919 9784 33836 -21799 28333 2691 -7457 -23708 55095 -9057 47412
r342 -64874 18510 28537 53708 57507 -11692 19056 -65244 -32569 5601 -61095 48023 -35375 -18523 -38295 -44366 10292 17555 45583 -63954
r343 58133 52739 7255 -33654 -10158 -12415 -45264 -20212 9740 -9290 -25544 14751 3487 -33471 -62471 10568 56664 21755 19599 -13015
r344 53983 1386 36375 -33105 -16389 57183 5204 -49713 -40130 -21058 -7407 63404 51071 -3178 1687 -45595 -23561 45950 -54645 59800
r345 6774 -32491 -61746 33776 47609 7398 -47948 -2798 51467 -29893 -9605 -64431 -24469 53743 -59711 46997 -24966 15970 -29844 57166
r346 -39350 -54538 48957 9718 53372 4704 43999 -53762 15603 -56860 -60580 -39129 13086 -11613 12548 -28913 -59373 24081 32945 -51364
r347 13914 526 61924 -1645 7285 -17712 7298 43768 -18883 61504 -2942 -31326 15843 -470 -38091 57944 -64560 52816 -13587 11999
r348 39013 -62621 -61620 24199 9431 -49469 56652 32321 6096 -38375 -19244 -57076 -1030 35673 28430 60842 19422 -7677 -556 -31170
r349 34955 -23930 -42685 9407 58129 -44840 -46928 10932 -29203 13932 61769 -27085 52452 6467 -19733 6713 -51672 65411 37982 12372
r350 47576 -58196 -33394 21221 45324 56209 -39854 16740 -47915 -49301 -59518 -20448 -58474 54492 -55601 -40647 -58654 -1031 10192 48200
r351 -37305 -23136 -25122 -17257 -4170 -631 6163 -17251 45831 52136 21861 43810 17875 6267 22980 -51608 -59629 -51828 54271 18944
r352 36311 44365 -33522 -37609 -33276 59906 7800 51057 24311 -47287 -7817 -43151 23515 51033 -45530 53333 14280 -9572 1688 2056
r353 33743 -51798 26404 -12919 -60819 1128 20795 -1597 20495 -49107 37078 -9844 -5570 64279 -46640 -18053 62711 -48266 15551 -24569
r354 14442 -3402 41546 45870 38660 -46106 -50200 -19379 54341 15717 -1957 55193 51297 27318 26567 -64960 12511 12748 -51400 -8007
r355 17994 62488 -39803 -25249 -23500 2109 -21995 -14548 -829 33635 10649 59045 -61688 47023 -21355 -39391 -43828 -25472 -14532 -12786
r356 -12849 60748 9487 -2114 61843 44479 -61241 2210 328 35149 39539 -22516 26933 20189 -14778 -36961 44626 -18445 -13228 17375
r357 -36391 -50484 7440 62740 -14670 54236 54583 -17859 57884 59576 -58898 11474 -626 -57933 46712 -26412 -10541 47549 -58942 -3553
r358 -25354 -52325 25209 10682 39919 3103 -44554 -33413 434 -14273 9104 62148 -32354 46252 60173 -16275 48750 -62257 -17085 61279
r359 -51453 63967 -62054 28613 23618 -18279 -29995 -52981 62697 20506 -16045 872 36077 -48735 8766 -27573 -31884 62767 -52384 -17190
r360 57916 25303 2066 -10912 36706 -13616 44545 -22292 45164 14897 23372 62595 41379 -59932 15451 -36786 -8463 15830 44314 -55562
r361 10087 26370 -15242 -49405 7391 -11471 -52514 13416 -7964 -34713 -9030 -20674 -46840 -59382 -28123 14641 -8922 22001 42117 23493
r362 -11383 32181 -59620 37423 -3891 -31096 -24716 -41279 -61376 19723 16596 -40367 -28196 4933 -833 -5997 -28430 34231 64780 -10159
r363 62025 -48971 -61269 43213 -51936 24456 -38813 59307 27215 -6493 -22565 -17067 -3322 -56462 42931 -58428 -61087 32179 -6925 22597
r364 -34691 -10754 -59306 -45659 23724 -63955 17997 63084 24331 -25 3557 25273 -16030 62537 64993 8979 27879 -9920 23990 -48554
r365 -12038 -32276 234 -11063 -26455 29599 -43420 43748 -7465 45566 -17053 41842 -21487 -54813 -21806 8629 -33153 -61457 50454 31188
r366 -26313 -47376 45094 -58682 58608 -13778 63247 -32456 1564 -4365 1237 -15131 47112 -34901 54736 28166 -11883 -36538 -62705 -2182
r367 -17502 -22256 27528 -40095 46583 42112 -3678 5670 13358 43231 -12899 2641 3341 51591 -23860 -5702 -17580 58510 21794 -56110
r368 1399 -54424 56239 -27708 -20227 -12829 54067 25345 51305 33027 -35832 12487 11952 -28787 14038 -21598 39540 -17476 -27379 -43284
r369 58605 30771 28815 -45527 -61361 -53177 625 -23563 65376 26915 -54236 -21377 19168 18901 -21828 401 -42199 10899 48769 2520
r370 14919 43799 29205 37378 -37523 -37959 23632 -5461 -41169 -1431 -8156 -64134 -16188 -22028 58688 18493 -58046 -45573 -21989 -44181
r371 26208 17826 4731 17637 23462 -58414 -47411 28226 -43751 -25007 -1933 -37536 59503 -37561 14443 59219 -11913 -22443 -43643 13821
r372 60772 -11269 59613 51420 -55584 -49520 42910 10230 -18404 23523 24587 -64417 -56137 57658 64872 -5949 26753 12356 -16354 9347
r373 -2266 -48342 -5979 4588 -41672 -18836 -2475 -27850 30199 38420 2473 38423 42379 -40576 -13098 8467 -59300 -24718 48611 55870
r374 -58968 21236 -40303 43863 -56234 20603 -17835 -50760 63871 53703 -10831 -22335 -60217 64408 12113 30186 15216 47663 18596 -46345
r375 -51897 953 9700 -59954 11362 10521 -5715 -52997 -28064 22396 -2514 -9998 -7976 -27719 -3574 -52384 -40250 -43042 -43800 39905
r376 -51882 -12417 12814 53807 -58615 52399 14148 -37519 -44510 -40046 30690 16333 -22932 25648 61618 33416 49749 -60604 -63500 53856
r377 -19172 41925 -20944 -42468 -33385 40629 64309 -12970 1027 -62018 -54282 -58424 -14992 51420 -13772 37779 -20419 -24016 -57226 -59406
r378 17312 54046 64018 53568 -41626 44727 -57995 53766 -43810 65165 41613 -21884 -44476 -5290 -63605 31971 -63800 -29437 30161 15431
r379 7030 -55885 43513 22501 5376 -45736 14124 -1647 -967 -18307 14173 64435 51118 15087 35033 21425 -56450 5449 37246 -38854
r380 -53363 18816 -47537 -51059 -55795 49383 44654 64293 25801 40376 57656 49103 55537 7656 -51365 -65191 12132 -31722 -49775 3846
r381 -15953 -24985 -42493 -6837 -4472 63857 63936 -40830 -51065 42225 6558 -12426 -22846 -180 -61684 -41256 20849 41244 -63064 24067
r382 22285 -53160 63011 45240 -757 17165 -52204 38267 -19269 -62436 -28630 -59473 -55742 -11750 28112 40942 -45133 -62977 -44964 -61933
r383 -21905 20479 17996 39217 65250 35427 -38449 7345 -26688 3728 -28212 -21062 -32145 29709 29635 12026 -15942 21595 -37029 -27149
r384 -29724 55376 42966 -31449 -58836 -39762 -63064 -9388 -30916 -1645 -31678 2561 26183 57864 11510 25852 1416 -55766 -60256 27421
r385 -28740 36534 60697 -62199 20290 -62170 38990 45239 -40434 8057 33315 53162 -32293 57396 -56919 17741 64385 29602 24240 -41255
r386 37285 -417 3502 -2801 -28244 -58986 49096 10598 -21761 44643 -18339 -19090 -3040 29161 22661 -1015 -27759 -738 -22186 35286
r387 59751 20979 1924 -25833 19142 -23689 58916 50890 33510 3877 -21046 22576 44389 57320 -17584 -18835 -42744 53983 -18118 -35488
r388 -26430 -4160 -64538 26480 17491 -24853 -48081 52858 -18675 5003 -1143 32956 -58777 45195 57381 -45311 -63924 -32299 -24998 40015
r389 59780 -1749 -23007 -12268 -41565 5918 15116 21821 -19630 56192 27983 55457 -24628 50321 31489 -24469 41572 -7254 -56271 -14951
r390 47623 -23909 -44420 -9779 4196 -26243 -47521 43806 29746 56438 12969 4033 20828 53484 -21518 -17354 51180 49312 -49372 -60687
r391 27305 40554 -59981 -49587 33140 53220 -57098 -30627 44543 -43691 -8233 63423 -21537 32083 -53721 -53176 20598 58257 -27103 -14465
r392 -38800 -35877 -29907 16076 24283 53771 12584 -49815 1682 -61590 61490 20438 -32144 -3489 53631 30198 62296 17143 40181 -37343
r393 39595 53962 -6277 -43684 -33576 14385 8860 -63692 -2919 -64082 -49372 59281 50686 -41712 63298 18809 10687 12671 49335 -38328
r394 63823 63313 31473 -58056 -50880 61758 -45408 -36301 -23983 -23021 41682 21416 24330 -183 20321 -4308 55150 -33514 -38526 -21218
r395 28318 -9209 21629 -53797 -7801 -22588 51237 9750 -11614 -7204 -56644 -62932 57272 -21436 -46659 14156 -41288 -60376 7028 -37829
r396 17066 -28425 60566 21235 11917 927 -49839 2583 -5073 11143 -3215 25905 -47424 -38124 6525 -27663 12706 26322 -7759 -27660
r397 -65144 35465 -18359 47724 -7385 49211 6237 5571 -371 -44595 -50831 -13773 17690 8485 48995 33465 -31509 -48328 -24991 -10810
r398 -49939 43572 -39346 63079 -21345 -20790 -54588 8268 32312 -22050 32288 -27533 -35634 51753 -30469 -11681 16492 139 -23314 -14565
r399 -25482 -12637 43378 -2782 11143 56815 3060 39111 38042 -51561 52221 16668 47856 29116 -14041 3147 61217 48220 -44778 26157
r400 16658 -64119 -24384 -53697 32797 53747 -20948 58858 49933 -8931 -7672 19882 -41870 -56672 -173 -19625 -29273 -38264 761 -63458
r401 -56940 4105 29010 -23419 -32807 -65367 9186 65529 -39408 -39356 -1235 35365 -53272 28157 -26130 49056 -30220 -13508 30076 12349
r402 -40672 31313 15779 -1938 64879 25257 -18196 -14046 -43333 -26452 -46494 -16745 3720 53508 -9244 8055 32247 -21692 -27402 22901
r403 59252 -968 60364 -42012 -22535 -32971 -36807 -1732 -55755 -3717 40355 -51018 60583 2483 -35102 285 -19303 -61125 -47542 -432
r404 -11084 18019 -15061 38007 -20788 -27044 -20579 -37667 64588 18335 60961 49704 -12982 -8299 45519 3899 -12540 -25478 7542 -61728
r405 19289 58163 -6887 -3386 -33879 43656 46153 -56062 -36426 37250 17409 -40510 63665 -32507 -52193 -7402 -58503 -53288 -40096 -42378
r406 26882 49002 48712 -56970 37926 44935 55283 45214 10676 13099 -22347 54391 61147 50642 -41049 24453 -56286 32108 -40789 -32117
r407 -6088 -7536 48535 23880 22836 64723 17885 -63289 -49967 50420 -34133 28653 -56930 34343 61669 -20957 31364 -29745 -36038 24120
r408 18677 11143 -49870 -10255 5583 38846 58738 53979 -63377 -8543 21603 51733 -22189 -49262 -25929 26365 -31956 -49948 39027 42696
r409 3456 38601 60209 21491 -44411 -49153 -22473 -50060 31475 -38369 -61470 61034 -48956 39733 23441 47495 -3116 -9839 -42197 60053
r410 -3777 -21186 -43582 -41878 -16334 -8062 -25647 59785 -55954 -39371 65414 -20736 26279 -47017 40579 36235 -20826 4377 57301 -19975
r411 40981 -21811 40752 -8664 64548 -42878 -46374 -9013 -34335 -63334 -22538 -24531 21098 38667 34460 16412 1931 63759 -44220 -17079
r412 -53448 -3289 20821 -54746 40971 61194 -61658 -23922 17417 51859 46032 8961 -15540 60329 -18900 -50567 20124 53161 -15485 5207
r413 52447 29640 -15737 63005 -62132 -60572 34590 -50500 9010 -33165 -49621 -19381 43610 -64039 25782 -1916 40159 8828 33548 -5508
r414 -23140 -23400 -23504 -35066 9563 -34413 -20659 10816 4288 -49758 47942 36883 8719 -26203 13624 47935 59650 52695 -6435 -11486
r415 36798 17267 8970 34068 24774 41034 11121 52266 64987 -42045 24414 48716 -28824 34765 58934 -14964 -7754 59908 3591 6596
r416 23703 -37786 28240 1541 -39410 42312 34679 38840 32283 43179 51324 -42739 -49852 -65013 55159 2146 -54487 32823 -11558 63518
r417 -15827 795 28362 9943 31673 -864 9944 -61071 -48251 -5326 -40509 -43616 48491 -11059 59047 27693 38968 -34849 65249 35012
r418 -30367 21464 35640 29748 -32050 -12593 5377 -13252 30152 42247 -23888 4789 23848 33532 -12434 46373 44356 46887 2471 -44132
r419 19211 -59510 446 28573 -20004 26388 -60807 -65129 -64173 -15179 -4439 21000 45002 50836 51316 24068 -30480 -19844 -34307 20638
r420 22236 -34985 -47033 -8496 -46075 -48885 32437 58867 -17707 1138 10170 -21195 -52601 -512 7083 -26591 -39032 44778 -49294 -59342
r421 58411 41130 35420 -9357 -31383 55958 18088 21376 3832 -51474 13430 35854 -39056 50508 42687 27551 -30130 -4659 9883 21589
r422 -26238 -50047 61702 57152 7251 -27477 -9148 -24089 -4373 -61093 -55135 -48251 -39552 -51501 34014 -42118 47600 4053 12967 -23551
r423 41711 -58759 -7053 7690 12099 11058 -58646 34220 -63535 13398 55304 -38467 -9327 10971 16432 40361 -8903 52122 -4057 -18870
r424 -12808 -23604 64604 -34487 -31844 -38178 -29472 7138 48098 8317 -5296 15684 14946 -9340 -20225 -39864 -58223 41261 -3102 59239
r425 -20139 28487 -4039 39790 36493 5292 26409 51735 -5615 25432 -20313 21278 -31233 -33635 -48119 55881 -27468 34440 -51400 39214
r426 -53189 -53806 49919 103 18108 5087 4459 39101 -63336 -63832 53887 1796 -47054 -11012 30481 43531 -14480 -34728 34789 41478
r427 -15308 38654 38974 27746 -31022 1538 -64901 -46339 22998 41239 21351 15366 -181 -43463 -35362 4802 -41560 19436 56748 -43090
r428 -7811 -24482 60026 19323 12824 -11883 -57557 -11943 -11946 13816 -14610 -23378 -11561 -24581 19863 -5958 34273 -43589 -27717 29725
r429 -41643 45108 -20434 24095 -8235 23492 -51027 -34947 -35057 25544 36885 -22951 20227 -64190 -55824 33101 -37096 41250 -34393 -48817
r430 58826 -63191 -1338 30830 -56913 63427 56120 65480 3827 19898 42088 -63377 -61115 -31119 -21345 49875 22616 -48888 -53593 40935
r431 -254 -58743 -41189 -58957 42508 16418 -52978 24769 -21214 -17034 64965 -42965 13489 15739 -35288 3972 13381 -12165 -14641 59874
r432 -17780 25938 -53833 16177 8806 -7756 -54368 -59652 62012 -27125 -46248 -23533 8814 -2040 11813 43340 22641 26119 10953 -65530
r433 -63419 32326 -54551 -23783 8018 41666 58586 -19445 63120 51007 45695 43057 9553 -61423 11883 -21938 5841 -19253 -32456 16909
r434 43482 43221 51322 -5666 59337 40204 16826 16293 49841 28078 50243 8497 14611 28086 40140 -23625 -35540 -18925 -44694 -28670
r435 -55413 -27756 888 -42524 -37241 -18204 -34933 -28366 51967 -58306 41832 -56415 3169 -672 2033 63250 -53498 27297 -58904 -23890
r436 -48648 10458 -26995 -5289 45543 -34386 -18758 65474 -62901 -47192 34853 -8170 -56423 -11377 47884 44785 -5944 25121 -21168 34778
r437 -14832 -36754 -31733 -7140 2639 10892 -53136 41492 35275 32907 33615 44245 -6096 10975 48149 60313 -14365 -6723 -13342 50186
r438 -51465 -3108 27396 60485 48805 -20736 -17143 -19883 61167 -4935 24744 -38730 11024 -16474 -20102 -30963 -33273 25631 -23087 40275
r439 -63784 20791 -25626 -9833 11625 23462 -20639 -57995 -350 60737 -44932 -4739 -28364 17985 41718 -45020 -47086 -32681 -52520 -5039
r440 35575 -37159 13112 -4076 -27268 -26613 2466 -19720 -13868 -8542 52462 -15583 -39398 20704 65452 37858 12893 -30652 12885 -39758
r441 -48605 -13054 54788 -38974 -21181 -57738 34135 62240 -39629 -51428 58462 -47620 -54941 -27981 -54933 12737 -55512 -44468 26822 36986
r442 -54705 -49955 -33996 22043 -12444 -3283 6580 42491 52381 5143 20478 -33770 20124 -28493 36562 -21316 -1270 -11040 31938 -22845
r443 11796 43299 31494 29728 23260 -59878 -52625 10245 -35581 -49582 55960 30370 -58478 52149 -15048 558 45411 -14528 -42685 -55726
r444 -49103 52086 -55143 47418 -25424 -51048 -32447 -40368 13665 -12127 -948 -20390 -30335 -1065 -25910 -48710 10731 7844 36853 -62595
r445 -40566 -23190 -19394 568 40613 -10119 20336 48238 24011 58645 -43693 775 21328 -36615 2986 -56758 29521 -41891 31867 45224
r446 -46547 25186 -27581 -57199 -10956 46788 2022 18977 -28931 23080 47225 11434 54575 55663 45856 -15949 41271 46532 -25003 -17202
r447 20591 40392 -55027 -60090 30689 -60178 -1414 25129 2162 -26323 45239 49266 36984 -19767 -23358 -21870 -64226 -34794 49290 19639
r448 -5466 -62366 -16481 51438 45645 56512 26228 11977 65128 -37170 29860 -50013 12343 29606 -31909 -28288 14623 -9318 -16788 -854
r449 -35694 -17577 -39588 14329 -28844 -5424 52114 23322 -56662 -61315 -25623 55437 -46251 50343 36134 18698 -29993 -9986 3265 -62274
r450 -8231 29138 55097 -52015 -56294 50576 25266 39621 -23647 20666 25146 -20150 -55118 54365 -37954 -51728 -51102 -13440 2734 26484
r451 18471 -29300 61282 -45014 14169 -3054 46308 -27576 -31212 30321 -25433 -63403 -63136 8599 60083 35562 52577 49754 39132 43936
r452 35953 52234 44651 -64079 54615 56134 -49998 43137 -45937 -23823 50774 4759 -38595 -17733 6529 20191 -50807 -12468 27479 -4713
r453 2445 -51556 -52302 60232 -21904 -65238 -56038 -53724 21622 -33867 -51563 17967 5510 10817 -11319 -48559 13351 -15686 34262 12476
r454 -62731 63290 57675 -7185 -1913 -46612 -11698 -6998 -27266 -31395 -2114 54534 32435 -38275 8681 4514 -33686 43835 43953 54455
r455 18485 35190 -30420 37486 21294 -14721 -50849 57624 -46264 44410 54986 34756 -35097 -1226 -60401 41647 3751 56454 -9036 49186
r456 57597 -18755 -3745 15112 48590 62827 -9588 8707 712 8911 -26210 13864 -34130 35893 -28980 -34527 -16675 16827 -13079 43789
r457 -60690 33900 40621 -26762 -41072 -46721 49240 -60249 28189 -29339 -62354 -37970 -34416 19945 16286 -35281 -41399 11270 49700 62695
r458 -49809 -47605 -58688 58252 43442 32306 -1539 -39007 -63994 -55596 -62708 -57305 42694 1978 -11094 5417 -21797 -53512 -37398 -42426
r459 57320 51706 -10753 10450 15850 -29541 40549 -53157 -17847 48276 6409 64509 -320 18699 39046 -2294 3909 -41912 -41196 -54639
r460 41096 37289 -27612 11313 -796 -25192 26982 -32305 16663 -5956 -34680 53332 37961 -8795 41532 -18224 60131 18964 55362 52301
r461 39814 60702 -44885 9534 14735 41738 3484 16129 -41676 -52982 20399 29127 -47858 -43629 -60992 -37116 -6794 -17999 25520 -65231
r462 59021 32623 -8564 19659 -20282 -20788 -25265 17178 -34093 -5759 -8988 51966 42165 -48156 -62259 45084 -30337 -61882 -15109 27643
r463 -50760 1991 -40382 -42745 -11903 20407 -10759 -5387 46364 -23536 -21810 -4719 43950 -714 -4779 51879 -37486 20166 6625 -43695
r464 -33859 14280 6021 -21234 -7766 -46274 12907 -31633 -23305 -51009 43716 -29693 22887 -29124 46357 -33716 -20384 -62032 56409 23746
r465 8689 22937 11558 -31386 -5457 30845 34979 -50225 62229 31085 -3558 40562 54627 -25258 -64494 45023 62977 10541 18518 -9014
r466 -11639 18002 20280 -61119 44377 -49256 -21737 5348 -33477 -47622 -4331 -61226 29955 426 -26191 -9294 22039 -27242 -60453 32574
r467 -46201 -9503 -13131 12517 -18278 62293 16828 51867 -50446 -2397 37747 4727 43316 -43766 -24386 -12075 60843 18702 -15428 45435
r468 -32275 31254 -57159 -19398 64482 26491 -50324 44368 -40145 9353 -38861 13320 5833 19926 20941 31628 -56020 -59259 -6281 -6756
r469 45554 1044 63699 51061 50099 -1201 34727 -65494 59648 -51026 -23341 -17356 -59280 29194 20778 44382 -38794 40701 -2315 -37867
r470 -31695 -16222 -26373 -33497 -16929 46251 25726 -3684 33552 -29854 7799 -55825 20625 26132 -41193 -24723 -19136 -4257 58276 61861
r471 50481 44030 -210 2691 -19678 -45374 21750 -26053 33772 -14164 -44675 -24997 28732 56685 -24499 -9946 25439 56731 56543 62896
r472 -52278 -8628 -37437 46494 64152 12179 16560 -43751 25990 35172 49463 -60847 54202 33683 -27955 -52445 53469 43569 -56198 57099
r473 4941 26485 -62620 -51867 52751 -5252 -39445 -17510 -1123 14937 -58236 -36805 64885 -49498 26015 13865 -20608 -38885 7546 -32072
r474 34001 39342 7985 26154 63569 12969 -60872 -61355 17674 -18787 -50475 28765 -2419 -25951 -12254 -6036 -37531 -7618 21614 16128
r475 33555 60752 47682 48622 64455 -36533 -46261 24688 -9308 -27622 64843 19095 63410 55731 7267 -30143 3808 -29730 -6340 44603
r476 -15045 47156 -19848 -42436 23249 -20846 41846 -21812 24893 19259 -18645 -669 -41858 -63541 41844 -24569 36829 39894 16138 58597
r477 22236 25534 -13467 -13508 64392 12453 -22316 146 39632 50889 -51571 -10805 -49387 34101 7866 12715 26845 62326 -62779 29013
r478 -40306 -37507 -42157 64231 57764 64442 -20824 -64192 8529 6997 -11090 -27709 58971 46749 -57147 38781 -18318 27650 -15242 49989
r479 -65526 -21998 -28987 44616 -9754 -35642 -21275 62935 41251 -64481 -56635 19978 -14614 50005 34093 41680 -63389 46657 -13825 5157
r480 -12260 -58105 -51288 -50137 -36292 -16321 64851 -62307 15838 -64896 34913 -11440 64665 -44387 18216 -17997 58837 44313 -47608 39525
r481 -59179 -5140 13807 -63409 28494 -58636 12704 42920 -28365 -35812 64576 -21355 56588 -17713 215 49138 57715 -32928 -8771 -50340
r482 -26023 61379 40217 -2401 -12603 -1699 18281 23822 -11731 -3737 49514 58266 25438 -19041 4061 -59743 -23717 25700 -17421 61949
r483 -8509 25941 62789 54683 27107 -64783 12927 -25154 -12303 -35465 23053 -14979 -34446 21210 43617 62461 1410 24766 -12539 -43060
r484 22200 52635 -21627 -49996 -41909 -41219 60254 -52515 -39176 60141 -14543 37875 -36552 -6484 -10738 -52679 10535 5598 -36363 -63476
r485 13825 -29013 8675 9419 -50321 21186 63902 33911 34151 28742 41010 39994 -39629 -57854 46334 3609 47514 862 37093 -36586
r486 -6160 34997 52681 -26465 -8442 25823 39032 -62141 9079 27465 -31800 -42016 31219 -35125 -12786 10428 20526 -49285 -48717 50461
r487 -18713 48868 40334 24366 39774 -22166 -1926 -31203 -31344 -2275 1136 60032 37160 -36899 44169 32318 -54294 48674 13908 -24823
r488 -49244 55286 12768 -56955 -59105 -49812 13943 29835 -3168 13309 39744 -27511 51655 -25963 32882 7657 17115 -54609 50355 13104
r489 59123 23995 -33066 5373 0 -43197 -20109 58359 -64110 35063 30300 51636 29323 -62422 -18666 54185 -26242 4850 -58244 52315
r490 35779 -32486 -1769 -25660 -39306 -19121 -48096 -24269 3207 -46953 -41825 -22225 27440 27432 -25940 -65232 -62894 34633 -24893 -61228
r491 29256 -49036 20400 -54675 13132 47410 7229 -34440 -63814 21604 -18586 34633 49258 -1908 19496 39252 54943 -23168 48315 31945
r492 56411 -4547 48739 53376 -7764 -36450 58361 -45889 14799 -52264 41777 -38977 8007 -4084 -47563 3143 25928 43218 -5017 -54971
r493 47639 -28978 -39068 -47289 -2781 -23936 -41750 -46267 53824 40982 20247 -53954 -63752 -63953 26488 -36198 8302 -37015 47654 58387
r494 -10100 63093 -63574 42885 42416 -28902 16920 27687 -51659 -9174 17048 -58566 -5784 -27276 41155 18612 20748 26338 19770 14553
r495 -47582 47046 -60541 -21178 47904 20610 -45683 16821 -39180 5884 57769 -5919 -54125 61310 -59136 22385 -41634 20922 -42269 -13386
r496 -40784 20935 -52926 -43197 3829 -1841 54772 -41117 33725 8490 56701 15729 -11631 -42533 49902 13790 33911 -41185 24032 61836
r497 63593 -47437 -7232 49469 -1551 -54036 2406 32230 -34260 -21732 3680 -10556 19752 -350 -1582 1884 -35055 -42769 60514 -28704
r498 24563 -3611 18138 -5625 -63323 23970 62732 -46381 21795 -10224 -5350 36777 2032 39343 -13198 29659 -35403 26614 34023 65283
r499 -49716 17738 46060 -3910 16052 -64119 -56066 -38531 -13599 9907 55723 -21407 -55430 -58475 51937 27497 13829 19648 -41945 41938
