mTable25 21
KEY  c0 c1 c2 c3 c4 c5 c6 c7 c8 c9 c10 c11 c12 c13 c14 c15 c16 c17 c18 c19
r0 -21535 -58376 -16150 -21788 40453 2826 -25958 -33771 11095 8148 -61941 -9313 -47877 -44480 1232 62924 49761 27566 20206 -5803
r1 -24426 -10092 15363 3858 -54602 -3464 43797 34801 55217 -40265 22043 47112 965 -53247 -2869 -37808 -18834 24497 59536 -57891
r2 20123 8542 199 -13931 -42427 -14469 29549 -37907 4669 -26409 -16962 15348 -22772 -41542 -43470 12905 16350 60129 -8583 6184
r3 -24383 -6347 2079 -6430 21660 -61320 -65494 -13790 -36854 -38354 -52895 40651 20550 55477 -5555 43713 33127 41765 -45220 -12378
r4 -50680 -8109 57834 -13396 -15313 -46076 14993 8826 -9664 48000 21601 -45415 41006 -8045 10339 -56824 -53279 -18170 -25991 11794
r5 -36355 -32461 -3909 30970 62082 -21507 -8134 -34114 30737 45026 -28674 25209 -49931 62837 21768 -36208 12157 61627 -40954 -13484
r6 9915 7510 -49110 -57337 22132 -44066 -39425 -28619 47407 -45234 32015 16343 1853 42893 42190 -2302 -10296 47176 -5851 -15538
r7 186 -45361 -30354 -39444 50612 -53101 55378 16609 28934 31851 -46142 -37821 8732 -9097 -41182 -32922 34349 -181 63551 -8682
r8 -16120 19563 -39769 49861 324 -13756 -48467 52285 38715 -63321 -17151 -2218 -36538 -57155 11484 -54726 -59917 64390 61085 -23525
r9 6269 30893 -17821 4232 45715 64246 -46769 -11697 43932 38247 -44071 -56979 -7261 50815 -2995 -12819 41459 -10785 -48421 58497
r10 -1936 -25959 11912 -23178 60241 22245 22576 -769 1739 -1972 55607 54963 34161 44967 -63315 6709 -45131 43364 -35697 -62403
r11 35078 -8705 26336 -14127 -40505 -3132 -12584 -2319 -49285 -24753 -4827 15080 -4220 -32994 -20041 -11284 -56690 -18886 34477 2159
r12 63466 -62610 -6261 7850 -63012 5744 33676 -41416 -56878 -41860 31522 -39953 -60086 -17124 39251 -15229 -26759 -50256 -11397 -61095
r13 -33300 41326 39041 -57141 -54846 10080 36260 -54577 36190 27403 39024 6557 -4620 -39548 -60558 1011 45193 -43790 -42523 36413
r14 -17180 -34542 38923 -13340 20314 13854 -49246 58393 -61655 4669 30946 -6080 14819 -44955 -20097 34965 -29238 -43285 48674 18430
r15 -54965 -12079 53786 -27164 61998 32937 -28805 41848 -17083 -25904 32894 -24157 65415 20098 7220 36846 62099 -34556 40267 -11877
r16 18816 26856 -38641 -20445 -3879 -11598 12879 5102 -54122 -5186 15108 -728 63273 -17123 -60655 13882 15475 -51942 60381 18579
r17 24763 -11710 -8749 37580 34271 -33846 -42560 24330 40016 43186 -14701 1618 -61302 63917 34218 -45476 -47416 34838 13332 -12247
r18 -22178 13584 -1027 -16387 63624 50536 -36063 -58161 -9254 -59337 -55902 -61949 -16224 28016 -44425 29137 50871 45274 51575 23671
r19 -8713 50114 -60340 -19294 1920 30352 -48510 -19508 -36137 22278 -42776 -46292 35226 49206 -13018 30084 -55384 -147 -35271 -11548
r20 14037 -52889 5405 -46233 36929 -54942 26635 29154 -62740 -65246 18189 -35795 -35465 9908 55478 4826 24656 -57298 55528 15460
r21 28776 61657 -40143 30920 43940 -38190 -65434 -50172 48102 18418 -37946 40739 5699 -56281 57751 40238 8072 -19266 36824 -33369
r22 36312 32411 -16586 -10915 -27217 -22059 -19311 40313 51416 49636 64697 59963 24387 57513 59084 52342 49859 -55753 24 -14818
r23 -23819 -43139 56094 -57272 37072 -37263 -34612 -52091 4309 8352 33201 -64219 -13870 19382 61573 62774 55734 -9910 -32537 61447
r24 42849 63664 8915 38954 16140 -36999 5597 -56575 31511 17761 58728 19348 46847 -56588 -40479 -57945 25894 62364 -10567 2000
r25 45388 34136 38334 56760 -58049 43106 -65476 -29849 -46572 -47083 2296 -29126 54697 51700 -62624 -17727 -8614 25948 2438 -36497
r26 -31228 58985 11319 -8607 16051 -13979 63679 12089 -24568 -35811 58750 -45134 -57597 -61774 -43058 50931 50620 -29654 13127 -5454
r27 -65371 705 3497 61817 -16205 45204 -13129 20689 -33748 -31187 2304 -56408 5468 56459 9971 -18918 -16300 40924 51431 -3717
r28 -38812 -32234 42578 59307 -6110 -8941 -41164 -37512 -39474 -51200 28573 64311 24037 -17519 22325 62879 65535 -19489 -49583 25579
r29 58814 -2885 34130 -14982 38863 -50098 38467 -15157 -25795 -30629 61720 -45538 -64214 -24659 -35839 -40767 3291 -50625 55119 21261
r30 22315 -14546 -54062 -65012 -26272 25895 -2573 16789 -13526 -49690 26812 -11404 7035 -55517 -50397 36665 33037 48839 -1300 64149
r31 -14086 30453 58942 9127 35855 -8894 28794 -54874 3639 -25760 11134 34358 13387 -52585 -59142 260 17335 -12206 -25944 -24726
r32 32125 -24928 4779 9227 -43297 -33826 -3373 -63470 53980 -60234 14670 -37872 -19809 37887 -7885 -51312 28303 -34009 35342 -35255
r33 41678 -22358 11687 10245 -64869 18493 -7924 -7017 30837 -3096 -65440 -18609 -59515 -28701 -31353 -1093 -41152 -15983 -5496 -1850
r34 41841 -60434 47035 -62616 -22708 -18517 22617 -20872 41815 -37179 -33243 29398 -27511 15327 -37118 -49815 51381 -11879 63322 -5180
r35 -17612 47418 3330 -24910 144 8447 -27660 45578 42328 31348 -40407 -531 -3569 -6897 61884 45348 -33205 39446 -33276 47836
r36 -35932 -3590 -45772 15677 52306 11940 26370 -49865 -50513 -15916 58666 -24002 59135 -48839 -3216 40125 31270 40319 -13623 170
r37 -44854 -54230 44095 -33038 38317 6793 -53528 35018 -36574 22304 -29016 19989 -29247 -42044 6130 16859 33554 -13640 43891 -49605
r38 -11787 -11497 -40345 52730 16798 30853 -30125 62435 36074 9268 27760 -61774 39561 49880 -29536 20781 -47630 56965 -46604 -36721
r39 64378 -49404 -39457 15928 23017 45269 -29520 31536 32794 -103 -32081 56516 60357 -28298 64464 -57409 32245 -34655 -41449 55941
r40 -35457 -43207 -783 -22523 -10713 -2736 56464 -60428 -2674 49436 -13449 -42225 -35549 -44125 -64235 -15485 -1741 10009 -34157 42899
r41 -1691 -40564 3269 35999 11814 -23463 17557 -25720 12803 -40583 -55901 -54458 -25013 -1928 3411 -14621 4778 59170 -28159 -11644
r42 -18952 -60929 -31501 23870 -64002 -35647 62278 17116 -48260 872 38290 34505 -47797 -18321 36211 -17917 41834 -13442 55771 23482
r43 3220 32348 62848 -3521 3314 45758 5963 46115 -4242 -13145 -18708 -48515 -57602 -36889 2528 -8863 3203 5091 -2921 -20073
r44 62418 21279 33238 17753 -52438 16643 27780 -1119 59105 27636 38466 -65061 -24417 15156 -3952 -10247 44299 5693 -58190 53051
r45 -21480 54499 -62013 34071 -50016 -32826 -5922 -29390 -21118 -46196 -54247 65495 58024 48311 39799 51138 -14489 22655 -9374 35057
r46 -45022 41741 -27448 -21669 57161 47280 -12750 -21690 61445 -23612 14618 60113 -60210 -23302 50749 11284 -12812 -57340 57410 47524
r47 29259 -42585 -37419 -55304 9039 -49301 -57787 -45355 -2962 40130 -10789 -33775 37839 38890 -52512 46306 47780 -6530 -30208 47543
r48 12199 61659 -54463 -38650 326 5258 -45544 -44874 5653 47219 -57884 -43370 14035 33832 38549 10160 -60465 895 7620 -18941
r49 -11096 -5526 -55096 -54098 -16776 -6516 38423 63905 -60595 -51871 58334 37881 -33649 39037 -21109 -12038 39915 17923 3678 -47705
r50 -29285 37478 -5010 -51063 44847 42779 -46108 -28389 -35144 -17373 758 -40590 9261 64359 -42048 2379 43848 65301 25966 -43349
r51 -38681 2756 41146 24118 24123 48457 -46219 13322 752 -62203 33959 2691 36473 41706 -950 45860 -50380 -2152 36692 59151
r52 -16175 52999 10981 -15692 60245 -22077 -34166 32434 -62330 25710 50350 -17581 -29144 103 17166 50102 -56921 -41768 -64223 -14194
r53 56250 -51587 63336 4497 -21074 15557 -32189 63780 10823 26183 47321 41151 60960 -45039 59456 -2419 50014 -27997 27180 -46438
r54 31733 37978 36270 -13271 55417 -23267 -38173 -13182 -38604 16197 48075 22547 -39651 -17477 30300 -38259 -47300 -45698 2236 61386
r55 21363 -122 -7994 -2643 28635 -20873 -51759 -19849 39509 -8909 -1859 55663 9412 19986 46459 -64826 29745 25359 -18314 -7699
r56 58947 2010 13208 -34876 51008 49771 -8921 37016 60113 13692 4181 -15358 -38272 -6869 18462 3382 14809 -43336 -64423 42723
r57 30818 36334 36979 3013 -1816 -35422 -32291 49252 15352 42208 20735 25206 10295 -61612 -45191 -7734 61881 44392 -33820 1832
r58 4616 -33347 64970 31001 -13681 -33048 12282 13846 -53360 36615 -7864 -20309 -13423 -30207 -44960 -51025 -18705 -49371 -53132 -42232
r59 14284 46041 7488 48960 -57491 63166 -48895 21255 21391 2700 -8268 62339 -47607 -32853 41458 29346 61913 -27308 -15706 -30455
r60 -9978 -31588 -12016 -60807 -1784 44779 -34466 -14301 -2869 -31516 -8314 46330 50395 -37239 12966 63907 12374 -38889 26593 -27371
r61 13737 59631 -31672 49154 -51880 19486 -9239 48559 39674 -11854 13271 -40289 12833 40450 60538 9814 -49599 -968 -30042 49539
r62 -12797 -1276 -15985 -128 -17053 50056 36970 -28623 -54128 -46436 16162 64371 11897 31095 -29227 29741 46207 7827 15181 -18571
r63 63188 -65174 -10572 54535 50720 39866 -38124 -17569 43220 -44487 -19344 -34547 42878 -5158 21648 50339 -28282 -11521 56409 61141
r64 16448 -14508 23831 41492 25696 22712 -52675 -16474 -51466 8392 54352 -23729 12035 39352 -11413 -9750 -14992 17166 50990 11905
r65 54252 -57014 51768 -60433 -37749 -47544 -20104 -49697 3881 -22819 52639 -30994 58092 11433 -64671 -40034 -57271 -60173 57059 10291
r66 42959 -23401 -43124 -33575 56606 53438 -27269 37163 53240 44015 -2172 40654 -14992 -3238 43911 -47261 -24257 -25056 34578 -36716
r67 -14842 11103 -40663 -34679 16825 -47870 6293 11975 -49798 -64474 18404 31932 293 -26311 6551 -16246 -7039 -44579 50044 -42519
r68 -11323 11411 31807 29457 -22103 45217 1656 3101 -8094 -37672 -23785 -21069 1578 -6539 -33865 2223 63724 -40756 22472 23154
r69 60925 -35071 22253 9602 -48994 56924 -19891 -2198 59900 39105 -42127 -4770 26303 -50940 16384 -63380 -43507 -45483 -54011 -24526
r70 -12464 46161 -24118 62369 26834 -32736 65278 -60080 -42126 15688 44421 -25609 47659 -62299 -46867 15117 -49742 27826 10748 4433
r71 -57005 44038 -4082 33834 -17653 61237 61471 20841 -33076 46799 36780 2586 -49887 -43733 -57077 -64282 -27819 -47564 -48771 57165
r72 34970 6415 -29783 58738 -61760 24530 -53351 46640 55230 1494 41017 -24479 29507 60306 56295 9770 5430 -1042 45956 -52255
r73 -63887 2430 55308 34628 -39784 -13340 -49593 32133 -1333 56348 -1337 -18310 -38372 9446 12490 56236 -23972 -30636 35070 -64239
r74 10615 47906 24206 -24589 43452 8113 63998 54362 11777 -60358 36316 -10345 -41488 -43309 -42458 -44526 57621 3457 8605 -19394
r75 -11177 -26211 11542 10288 -25474 50878 -33607 43683 -47207 -12193 54688 16437 -54495 -11656 37542 -36587 -45564 -38170 65249 -29031
r76 -9167 36105 -12848 -16004 -52227 -40398 -148 -26700 -56404 -20658 -34144 15935 -31315 -8382 38505 43169 10572 -43736 5034 51371
r77 -63943 63731 -54998 26715 -34994 -49804 -43534 -15876 -6059 14207 33614 -2215 -41511 23086 26526 31876 -6122 1424 8247 -1814
r78 4947 -52502 11911 43835 57566 7884 19392 -17715 -47046 49481 39888 15838 27727 -14106 -44190 -4028 -18622 7093 -18368 -7622
r79 41925 -12614 -17941 -48689 -16912 28282 38184 24163 50494 20080 -8015 -3492 -62874 -32296 25878 -54491 -3119 49987 44561 60141
r80 -55351 9546 -57468 -3669 9435 1097 -47308 -18895 -4709 -151 -20809 -63806 9213 -40578 -52243 -7615 -57832 10427 -10784 41968
r81 -28115 -60570 -3127 8963 4994 30913 15502 10354 8004 -50459 25729 4749 22149 640 43780 4146 61699 -9830 -51204 -33266
r82 26108 -17232 13460 28871 28258 -44098 -29538 -30463 46401 29720 -23436 -27951 48309 35302 42680 11526 53563 41406 -48679 4953
r83 -24304 -10036 35726 -7815 -32416 57205 37016 957 -14295 32028 -49504 -5272 58558 50084 -37995 24963 63047 -8916 -61355 9884
r84 -44839 27276 48297 52312 29831 -26239 -25476 51336 -39702 62723 -14475 24378 6531 17886 2989 -12032 57833 59117 -53401 -16350
r85 31069 -26233 53384 15032 -1288 -34018 19700 -23619 17827 27611 -49010 11294 17373 -30185 -11004 10105 5553 -24027 32278 -16285
r86 43688 54459 -19327 5385 25499 4408 38146 -49515 36648 23125 -11322 59887 38603 22305 -15279 7753 30966 -45978 15031 -2079
r87 -38739 -56546 -34990 41837 -31922 -17097 -49135 11013 44931 -28999 63577 -32310 -3250 19925 -1827 15321 37578 45412 7561 20216
r88 777 -54041 -52559 -38859 -35712 -54778 23175 12112 2870 -63619 9483 22622 55772 4490 10694 -26473 8513 29553 56717 -13610
r89 51766 -1505 34588 -34279 -47307 -33288 50928 -13121 12401 -44037 -64300 -15502 -48393 -34053 -11196 -6065 -37773 -11631 -60855 -37716
r90 31105 -515 -4806 63577 -59281 -49040 -31673 11139 -20547 -14168 -8288 -41549 27724 -65411 -13496 38779 53974 -39030 23209 -48173
r91 -30317 6737 5670 0 50450 -23206 403 -52684 -62835 -41878 -6141 16992 -1460 -35811 -30748 28223 -25784 -14976 -25812 -38667
r92 56832 45067 9063 -25578 19452 -3519 -61199 -39478 -2380 33319 41827 55629 44129 13798 21633 37261 21827 -52093 -39550 -8923
r93 34181 35260 28052 63441 -37845 -51637 -48834 21491 -2654 -42163 61013 -18254 24368 -55691 41622 -44574 -44986 -35641 13193 -22919
r94 -744 45796 -43401 -1436 -694 3541 63518 -13409 -4525 53172 45673 37556 35999 59442 38146 -17257 -20276 -55905 25063 -9655
r95 16496 40048 -48978 61471 378 -41600 -21597 8166 -58322 55371 24965 -20259 -34120 -4295 -60689 31029 -14489 61628 16316 -11511
r96 -11454 -61023 22958 57502 -49993 16830 -1664 -56731 -27645 -26649 61813 -13171 20719 -23277 58353 29019 30709 -58110 23110 -7152
r97 -13021 -42481 -37721 -50410 55554 27089 24968 -59681 -22133 41783 -62963 29548 44433 -40363 42998 -55546 31450 -32985 -17378 -33374
r98 -59640 2086 -19448 -55901 39798 29662 48298 -26403 -34109 7686 18230 -33532 -2146 31676 30445 -57177 43569 25279 48725 -50242
r99 -35382 -15285 -24177 -63350 -56427 206 -6206 -54365 38272 -57083 -9664 1497 -46052 57169 -43201 51248 -25388 49389 -44211 20407
r100 42514 56181 43526 -13273 -40803 -49279 25999 33590 -39811 -48637 -39768 57893 32722 -19694 23698 -40035 -19626 12299 48704 -46176
r101 36650 64551 18188 -50849 48175 61501 27185 -20954 -6281 -1517 17680 6063 -16115 -41438 23338 -28960 15421 7234 -4189 -62742
r102 12891 14514 -12786 39467 30840 11910 48445 -16334 -25250 -16993 45179 -27055 -31632 24826 -50169 -54864 -12338 28740 -35062 -2992
r103 -58920 -6219 -30607 7415 -45881 6894 63669 -46564 -6944 -65441 2081 -60586 14956 -10428 41551 -24679 61654 -48487 -37582 9350
r104 33638 41605 51941 -19636 -35788 42178 -18111 -701 -2845 40994 53981 -2134 10099 9167 41415 -13546 -24154 65298 -10704 35284
r105 11346 -42887 -19749 -4667 51202 62261 39918 -11485 55268 8693 -25687 7519 37813 -8157 34228 -27079 54829 11524 32054 33763
r106 -39370 -60957 3682 -5572 -51840 39370 -27228 -5684 18821 -49978 -44598 65427 -716 46666 -62581 64452 -6249 62327 53241 -11967
r107 -27697 -54040 42029 881 15243 16224 -35434 20625 -18532 51277 -30751 61858 18649 29003 -15583 26818 -15006 -60464 32068 31621
r108 26152 45611 -8834 -60793 25579 -47092 -35309 -57248 46405 623 -40093 15833 -13430 -4178 -17415 5495 -29393 -18385 34715 -17243
r109 -11081 56662 8919 -46874 -63465 -56591 -56829 31954 -58479 40926 -21990 -25063 39216 -49256 27792 -9224 47484 16038 58699 49298
r110 -14578 -52685 -18587 20296 -19507 -5052 37700 34367 23182 22397 49965 -3154 20860 -9997 -27548 -48664 -2898 36037 16369 -26967
r111 -56027 10060 9207 40834 48365 60415 23799 32572 -52885 32286 46778 -15003 -34275 -26559 41405 -22867 -45828 -28201 45007 52495
r112 -62848 -4512 8897 15517 65249 -57671 21593 -9355 48743 -4793 13655 1263 5887 -37904 -24303 -58314 52844 -23537 -12246 -46120
r113 61359 -18506 -58234 -38965 35611 64193 -51490 2985 -31267 -31493 1936 45222 53703 -42881 -45110 -39836 59599 47868 -31220 -22072
r114 4685 -22889 39972 1785 -32619 48287 63343 -5734 -18617 -61857 35804 -44072 48219 29346 26779 13110 34252 53789 -45 8148
r115 -10016 22367 -7976 62835 16678 -22752 -55021 52435 -22329 -24217 61111 54209 55859 -31833 37119 -8899 -57566 -52603 33951 -12058
r116 -45169 -10101 -19325 36008 -42214 37400 35325 -14996 -29230 -8379 -42069 55050 15594 -21547 -39540 12106 -33169 -60275 40989 -37095
r117 63848 29082 54980 26501 52380 -56217 -32648 -36752 60126 -63603 58516 -8263 24273 49954 -1716 8448 -58396 44673 -5774 -7570
r118 20069 -45433 -13459 -35998 7153 -17175 -60975 27302 40112 48859 48376 29334 34850 -12145 43934 -47728 13613 -9717 48597 -7713
r119 8994 -18806 40601 45656 29166 7226 -27641 -11212 16334 -26211 -15262 50571 -16286 -6801 29835 -41146 20912 13949 45186 -6435
r120 25389 36573 19626 -23946 -2805 37287 58958 39388 50331 7135 -34246 -37914 -27760 -13055 -60769 -52071 -61319 -52669 6747 13197
r121 24881 12218 9073 -3889 2677 29736 -681 -33872 -35159 -16487 60521 287 23911 9005 14890 41473 -1058 -33458 7889 6357
r122 61387 36503 6036 -44182 -58475 -36122 8609 -818 125 -51115 46398 -24995 -21292 -50247 -42410 62383 -3314 36592 39575 28378
r123 -35974 -33046 47383 18415 -18966 -55824 -25063 26953 -4571 43390 -8129 -7734 49766 -60940 39043 5715 -20841 -55602 -3283 -60637
r124 7073 11253 -38661 -835 28898 -6358 41536 22617 -38038 -60917 56701 -38330 -34807 -998 6481 34278 -11531 40900 31920 11823
r125 -60303 -2267 20553 43432 -63597 11556 -36368 47299 21995 60824 30979 63181 -50053 -23315 -9252 31713 -31577 -16209 35983 38675
r126 -27171 -41188 -35339 -59942 1924 54592 -4296 -34718 62614 -58852 17863 -5574 -21916 50829 -51706 -30951 -59594 -57897 -62054 -15218
r127 37672 8120 -50350 55289 -11139 -26462 -13426 -32674 16014 -23286 50581 -49410 -30713 -7934 17438 -54500 15077 8058 -10600 17281
r128 -11150 -57468 -39337 -21509 2857 35836 36440 -30101 -26312 -17651 -40899 23057 -64826 2999 4061 63164 -30773 -6928 44210 -14003
r129 45011 39060 -55031 7310 42795 -33177 -18158 -23897 -56006 33681 54402 56793 31365 59891 12640 -53716 -5362 50272 10996 -24463
r130 57657 -11539 -7545 -57286 7593 9826 55374 59824 49731 38785 -40467 -31581 -41329 -59372 65196 36994 -50394 31648 48268 -46720
r131 24418 6703 -29353 -19394 -12661 48358 36459 -14002 35113 63162 62066 -26605 -48867 -8572 -31244 37787 -58167 -41352 14724 -41210
r132 8345 39243 -65520 -10315 52299 -61363 60841 58942 -45866 2291 22804 -11724 58914 -34766 -39951 -48765 -18267 -20378 27114 -25178
r133 65453 -43808 60197 -63745 -3369 31010 64958 -13035 -1210 64086 29345 55887 -26803 5020 47777 30582 -63518 -30934 -46571 -12596
r134 -4913 26508 -40971 41491 44070 15403 -56451 35196 -23625 3474 48415 -45993 -48109 46249 58141 32495 25942 -34790 -5982 -28674
r135 35153 23777 43034 26349 40150 57165 60936 2791 -5534 -38761 -2573 42402 -57807 931 -12905 19647 13283 51932 14046 57510
r136 -17448 -46190 36920 29917 54453 37175 -32542 -19586 -30144 -64070 396 20319 37592 -60065 20754 -1874 47868 23157 -4753 41438
r137 56129 4810 -56760 -56289 -61131 4365 52768 -58447 -12791 -15486 -46693 54079 21921 32210 -36367 47741 64513 22750 -22478 65412
r138 2122 37589 21124 -35264 57197 52350 9146 -59960 38558 -44717 -1545 -34894 -5256 -1942 64228 47895 -21414 38156 26597 -27527
r139 33528 -18283 60501 -13796 1157 62896 33423 -65488 -7859 -33512 -8994 22352 -42735 36994 -17578 13599 -1836 -26476 44010 61676
r140 -64737 -55698 50106 -4596 9100 -31364 -55432 -60728 59820 -61228 15448 55421 58196 31244 9298 62027 33335 33480 13722 -65476
r141 -36503 -43850 30517 60085 -57547 -18202 -13198 -36417 56358 50749 22442 64319 -956 -20874 -9617 -37748 -7858 -3849 -12237 55595
r142 19850 -34322 -33348 -50891 -5901 64778 47369 54617 -15704 25363 4399 -43842 -63157 42704 23676 -59625 -9271 31200 8865 23006
r143 22244 -63782 57337 60474 46046 -44727 -38788 42512 -30842 1192 -21806 54573 -59819 30852 -47187 5331 -16174 41342 -3543 53476
r144 15070 31846 58493 -45000 15757 29700 -31810 -48450 2500 -7574 52699 3212 -51640 56271 1543 22812 19554 -31096 -2028 7350
r145 -43511 -60415 38955 21260 64337 -61784 -8716 -23442 51249 37258 4002 36481 47893 57870 -34553 53112 14558 48440 38220 38181
r146 14778 -45653 39097 -19415 -63877 -27412 30195 17443 -34808 49122 44861 37227 -64804 51835 52800 -53694 -14652 8762 -59294 -28309
r147 -62531 53924 -26691 -64628 23984 3825 1218 -4012 63271 -359 -53108 -7073 42530 -22721 -46217 51426 -20658 29334 -5443 61027
r148 -8814 -33917 -58131 9563 16250 -45002 26837 -33611 51051 -62818 36244 -20386 24226 -61309 31698 -65340 -42852 -18783 34000 -28578
r149 42506 62054 15154 -30143 50781 -64480 -34568 -16962 -7021 -33048 8258 -36218 -3578 -17428 -26063 -32297 -12917 -1856 30879 -53827
r150 -37579 18625 -316 48062 -60236 57718 -65526 -55649 31845 57041 -51049 -22194 28712 -7718 39348 24280 -13988 -43335 21290 34548
r151 -18433 40011 32111 -56893 27138 7201 -60011 40557 2574 12616 -8366 2640 -7678 -37005 46132 -47978 -25920 -65343 4847 -42100
r152 -45181 64827 28925 7574 19950 61265 61614 25043 15205 -46143 15586 -21767 9461 51312 -5837 48585 -30489 -28237 21655 -46984
r153 -16727 45082 -37006 -60299 2881 -53681 -14601 36274 -28848 29548 43902 2353 -62922 -26224 38136 31317 28801 42363 14415 -10275
r154 -27107 50303 20201 28327 37116 -61558 16737 44066 57450 -1511 -18248 61445 55692 -32122 62492 23434 13118 4428 51989 -36523
r155 -60892 -19509 46799 -49334 48245 -50221 -16741 8097 -48429 50529 -5271 28610 -4044 -52604 22867 -64481 52113 26033 64121 -38828
r156 -27530 39567 58396 -10008 -21165 19245 10587 -31703 -33194 -24676 837 -55245 20273 26083 -28148 26481 35793 -25547 22748 -13443
r157 10039 35629 44207 24779 34825 -2358 250 -6844 48413 1204 28853 -59740 -40661 -44004 -20107 31195 64135 -45709 -29051 12121
r158 -13695 57823 54309 -48457 2910 -15546 33019 -26475 55635 64997 51788 -62337 -33743 -9766 28332 8055 -18106 -51420 -32145 -52437
r159 -4465 -22785 -24897 -11380 -34485 -36461 4337 7842 -43035 -15730 -35184 -62982 7852 -36563 -45131 16554 -42516 -20393 23993 53814
r160 52110 27 -40789 -65053 47804 8436 -33864 46148 -31402 52255 -40593 10700 56329 43770 -43558 -41459 -63088 44017 -42539 15669
r161 44101 -35516 -38292 -27865 36982 -34457 47925 -22097 -42310 -56902 20846 -32803 44359 -42696 25441 -61410 -18236 60228 41954 10794
r162 30615 -33923 52191 -46121 48501 -13813 52032 6645 11699 58068 7140 54085 -3348 1820 -13712 -46774 -25495 52729 -3299 -44195
r163 -53804 11716 43250 22230 495 -56213 53140 -8601 19555 41766 2607 24515 41111 3576 13900 57529 -9339 -21319 4509 -37533
r164 -14884 -50958 63976 20567 -47954 11475 21079 -49699 56540 -56995 52920 -25944 -51985 -51120 -24982 32752 -19415 -37501 16279 -1218
r165 57970 -44789 -54460 -8312 64343 32520 -13431 -18742 42767 -49659 -49064 4253 -44164 7527 -43255 51911 -12041 -7452 -12634 55277
r166 54366 -53881 -33129 -48252 -56474 5796 -31429 29514 -2948 37962 21265 -23181 47660 59450 -63585 30577 -23406 2857 -13382 26290
r167 -59810 26718 -31793 -25543 24886 44113 -51127 4916 -59418 27784 52242 63185 53239 34664 36233 -23961 -45112 47820 -57216 -32548
r168 19984 -6339 -13229 62685 12063 65207 -26689 48634 45571 34972 -61236 -13415 21784 26550 64917 -23263 31069 32202 32115 27613
r169 41157 18839 55996 30024 43917 -42357 39424 -16418 36387 -55072 -56243 21525 -5378 52734 47708 -34787 60173 59745 42813 -29989
r170 31635 -21221 -60017 29378 -54841 -63360 17438 2228 -17050 20451 15630 57130 42333 -52010 -10932 -3697 39130 -56672 -24636 -3770
r171 -331 -44558 -39954 -21876 -39094 51122 -13843 27859 33699 27947 39372 -28047 -57689 -25626 -30962 15091 10247 -35284 -4656 47419
r172 -18620 -18401 -7421 13296 -32804 -4590 -6765 35537 -12529 7684 -40812 29825 50914 43619 -54456 -55561 -7930 49718 -36717 -13552
r173 -9543 -40992 8512 -49596 35056 -46269 30062 -24969 -32791 -23386 38195 -49900 60981 34497 8038 7012 59031 23630 -65242 57214
r174 -15327 -60626 -51628 39443 11066 -57089 56235 50436 4984 -22772 -38675 15092 31688 14970 -52048 9337 21620 -21271 -60454 -65242
r175 37996 -1160 11376 53683 -46661 -11788 29412 59620 34210 -4521 -10982 -61170 42018 34530 50903 -60454 54084 36320 -31302 40463
r176 14585 -28961 50802 5686 -45059 -25443 46145 -22166 -3276 51948 1829 -43059 29427 16256 13013 56075 -60596 -58497 -42577 29710
r177 -44243 -17012 -1599 17607 58613 16745 18120 3577 -62259 46640 -30791 12076 36925 -20167 -4474 -51624 -20115 42129 25775 34597
r178 -19901 30595 14013 -2225 -7827 -22925 53398 57733 -8639 25439 -9718 12219 21674 57596 24299 -1605 -15327 -23646 42400 52926
r179 -7246 -33979 -62008 64854 -40810 13734 35931 40420 -42708 22009 5067 3485 -40592 8221 51408 27059 -11778 48394 12869 -1541
r180 -34712 55147 27116 32817 41392 35178 -33818 -3339 -62354 56356 32338 65484 -47904 62228 8110 40549 40106 -43860 -45435 9588
r181 40780 -26078 -38154 14421 -61483 -28837 12543 -58851 -48286 61939 49948 -18566 58989 45907 -13729 46538 10798 46581 16048 -62502
r182 54401 -30213 -42235 15027 40278 41820 55047 -42966 4799 11687 7447 26657 -45126 49606 8382 -49284 35157 -38392 -1804 -35359
r183 -2821 5003 38254 -51226 -40323 30896 -48186 56777 -10929 46817 62118 2012 -58203 -50494 23246 52461 30633 -28123 -42732 -22974
r184 19030 10865 41511 43467 3331 -27307 -63236 -28295 -44398 -32779 19305 -8420 56968 -15783 16760 7471 30848 -3595 -38691 27462
r185 -2384 53722 35294 -19988 24168 -63460 9143 -47890 58416 -49444 -16233 -55894 -53273 16363 -27309 -19356 -23551 -18760 -63909 8433
r186 57871 31649 52665 -34106 30317 57446 54308 46603 -53019 -8538 2187 -33375 50223 17360 58489 8449 16208 13677 -5728 45703
r187 25788 47116 -11405 -25498 52960 29816 -51358 30950 24008 36626 -54578 35799 -35167 -63807 63150 12478 41057 23539 -13779 49254
r188 62018 8177 -29606 2258 -15975 34093 -17237 -4237 33938 -44354 53932 23678 -30505 9140 30003 43287 -41819 -24949 -45318 -54622
r189 -13460 -13459 1567 30660 20326 -41631 29696 13459 47921 -61973 64970 48460 12904 -9849 50615 31787 -25719 -18527 -14731 -31964
r190 27732 -16387 33482 24847 -59949 -40509 38010 -18874 51445 14913 -30638 -5448 -24128 48686 -51344 60264 32883 -58242 44548 -13620
r191 -1158 -37336 -45318 29526 2660 -56329 -12366 -26339 -56844 -38674 60984 4973 56997 53419 -46251 8902 -38610 -13025 51877 49310
r192 46067 -39617 -14909 18547 -43919 22541 52109 26573 11743 -51194 -10591 7134 -45159 -27177 44247 46201 16912 -45052 -29315 -57092
r193 24282 33791 -3986 -37689 3312 -37833 -51058 -21406 -17019 1456 -38437 -13614 11893 -9606 -54909 56778 38564 -12709 55365 27291
r194 25020 62204 63127 4522 65486 -12082 21357 -23778 -59526 -32948 46614 5421 13711 64590 46565 -23368 46546 -63689 -40612 27195
r195 7240 19177 44180 -26031 -64724 -10145 23608 -25861 -9843 -54993 -36197 -3923 -14368 41721 -61295 18199 -50436 37864 -20221 -5106
r196 60741 39956 -46765 17125 -54280 -13476 51587 -50942 -2864 -5930 -11034 -28812 10659 53800 36463 64431 39899 -11206 -3079 -61647
r197 53569 -37891 7304 -14985 61670 19931 50470 58085 28708 65081 -25883 11806 -29500 -49762 -36073 3133 63483 -61934 -52073 -15076
r198 -4127 48061 50349 -46989 -33512 4469 62362 55869 16299 -61679 -26185 32798 2031 -6091 -12906 -51417 -25512 -47454 44215 43501
r199 -28236 -15087 45177 -41607 20656 -34479 -11512 15716 6147 -895 -48205 -32375 -13012 -43900 59577 -11608 -27743 -38984 8858 25567
r200 51106 -27563 -16609 48340 49966 12520 26124 -51151 -890 -43997 -39500 -50543 59554 35044 -59435 43913 -37058 1806 -38139 43552
r201 -29562 15594 -27190 42136 -22628 1014 55159 23692 -20563 61898 -33982 23928 851 -61648 59925 -11845 -49783 -41166 64074 31152
r202 61603 6253 28643 -49176 -63378 24764 -36943 -5291 9592 55343 7163 15709 -29471 -3522 -21333 -64484 34175 32753 -24840 -21052
r203 -47931 -11754 48918 36365 36076 -24011 -4674 -6438 -25260 43890 16711 -5671 9642 32562 20845 4442 29607 5043 28457 28108
r204 42086 49129 -10202 -58273 6815 9655 -26564 54125 -26729 -44851 -39340 13007 -51614 -29258 38063 -44810 -48902 -34403 54097 33478
r205 49307 -50433 -4696 -49289 -58279 -14436 -8985 40749 8657 16276 -42324 -43430 12067 -35972 -12719 -31305 -59531 -58224 3648 29450
r206 26545 -31631 6070 -8464 49442 54791 23997 3358 27220 -39021 -6458 15184 21377 45919 -28608 -33220 18059 -23229 -36826 -16044
r207 23378 17135 -23138 -14624 -60445 55700 23843 25039 21982 7896 -36958 35857 -10288 -23868 -43694 2553 -31027 -61380 -11328 11892
r208 -48184 32256 -14163 -49024 -49127 -51192 30599 -16020 4630 40627 -48245 15399 -54464 11089 49899 46757 -60275 -56900 -28987 -30517
r209 17639 -32827 12021 -50203 -37694 3739 -1508 62232 10539 -37732 31537 -22822 14838 18656 922 -64639 34756 -46795 -40751 23341
r210 19122 -62359 51438 25956 -48024 -11193 -63957 -43133 58887 23204 51957 -54159 9615 36228 -37093 -11167 -16981 -7596 30548 42401
r211 21957 29008 -50238 -35072 42272 -31274 63076 -47230 -22766 64760 -6363 7694 -64126 12821 40356 -17987 63844 2892 18188 -46315
r212 27329 49107 52140 -37608 -25793 40731 -63371 60373 21156 60565 57095 -5530 47112 -33973 -41775 -21760 -2957 -11138 -10591 -15061
r213 5678 -6568 -48993 -13168 64969 19124 53471 65202 -4248 -36888 51419 45478 26268 38695 53191 -56029 -41605 29269 4262 17560
r214 10212 47848 46218 57096 -20613 -26800 49315 50279 -944 -7093 -56189 17917 4642 24687 31095 57990 -42193 36853 -265 -40489
r215 -57588 -5802 60305 -33891 18788 -19807 41859 -41403 53718 36353 44191 -41898 -43713 19254 8565 -58765 -36365 -35590 48544 59582
r216 -44223 24102 -7010 42276 -28442 1024 -34093 61427 -52090 50382 -46435 34909 -23011 -49993 61923 -4806 38613 40340 -7013 -31811
r217 18106 34808 61552 44966 47484 -25851 -21020 58859 -34001 11956 -13136 65375 -48364 -43132 -21479 52677 58417 29218 21561 36607
r218 22860 20596 -15978 -37736 -53213 -3574 -8122 -45028 10562 -31819 -36370 6989 -48795 -50572 25408 49846 -59976 7885 15843 -22106
r219 -37682 57320 -13826 -51606 -9832 -5605 9394 -31655 48521 49712 2612 12867 -46384 -40868 38725 41827 -16396 39513 17270 48453
r220 53908 -1227 -6986 -33842 -43228 62714 -11045 19089 -64037 -8166 -48368 61037 30473 -43798 64106 5508 -20862 -6996 -35157 -21334
r221 -62947 8514 -46526 -32620 -27402 -54198 -2320 65306 857 -24958 31542 9367 34364 36658 -55069 -28077 1082 -16854 -42902 9166
r222 -3476 15323 -3545 17131 -55077 42467 1182 60775 26957 44297 6630 -50550 -51558 -32227 -37837 30253 60547 -28946 43867 -12385
r223 -38912 -6097 -27105 59597 42258 53035 -53223 56937 -44499 -45927 10666 26543 -34069 -55015 45849 4729 40886 17383 23469 -6955
r224 -60028 17068 -45983 23025 45719 -64864 -31176 56689 -29506 -37846 -12819 -35317 -10885 40895 -27415 -29593 5077 33213 42254 -50660
r225 -44179 36160 29322 19119 56730 -6710 45762 21165 -55711 54657 -7001 -7408 58368 -19895 -49470 -3123 4814 34536 13460 -64976
r226 -31578 -28192 -65263 26553 -47611 -61159 34963 -39785 -33528 10960 -24199 -13931 28624 45288 17309 -38073 62737 5337 21330 45064
r227 54306 -34163 59761 -2590 9869 13370 -61888 27978 20122 -35936 63209 5798 2949 -59917 -24293 9030 12176 61624 -26633 -23158
r228 -16763 31943 35428 44506 24211 30692 45234 -33352 -22814 35142 55598 4298 374 17037 -16909 -58928 30612 48116 62613 -33545
r229 -13945 8994 52245 40943 -22727 -49494 37458 15543 -15841 46527 26752 -62463 48108 -62625 18276 -62517 38304 18490 5719 51432
r230 31096 7291 -31464 34036 23508 -6391 -16536 -55686 -48559 -17609 -9559 -50935 -46322 -42356 -30954 37158 -8547 -41356 52984 -19008
r231 -32611 -25328 -4051 34095 60024 13004 62085 -34174 -25179 -20406 9714 -23478 40185 -45753 50732 -23884 -64339 -17074 2614 -26034
r232 -59680 65007 -49998 53833 62311 -26947 29394 -41160 62193 -33193 41675 30814 24200 46564 20934 1674 -50400 -49236 30157 -62338
r233 42524 -21153 -12538 49805 43171 48234 -27299 -19775 -63323 31842 25462 23940 63979 54832 -61787 -6195 15237 -16234 -25088 -40294
r234 -8325 3521 -57929 -38981 -33437 -61848 -47861 -61575 -61433 62518 -10495 14536 5271 -62775 -30928 -38807 -59415 30740 -5275 -20394
r235 -39127 -24234 24078 -5392 -43271 42715 63912 -8793 63572 9276 19283 27113 52200 45194 17912 33485 30190 32320 -20127 34484
r236 -20825 44046 -63289 45169 64432 38806 3068 -42189 -10571 21379 18756 8152 -2545 52541 -38553 -37410 -18894 7312 -14781 53528
r237 37714 41966 -62522 55349 -47546 -12264 7678 16462 -22526 -14992 7570 -52685 -46492 39810 59175 867 16071 -56604 -8004 -37371
r238 24404 41639 32562 -14078 -2695 3136 33098 684 -19732 65125 18362 -33166 61834 62105 62513 -61032 41993 -56946 25585 30728
r239 -14416 33361 61700 38004 27878 -55818 40597 -43036 43065 -19271 -21986 -12649 19579 48589 -9151 -63708 -33873 37529 -3097 44154
r240 49284 -65247 -15336 49966 59475 48586 52301 -1414 39336 38931 23729 23595 -20763 6763 -49070 -10299 32731 38007 -9594 -47983
r241 53112 9737 34287 -2275 55544 44104 -4451 -27635 40005 -25027 30420 -61890 29489 -54023 57396 7769 22535 -34703 -12967 51916
r242 60299 65173 -35468 -4685 49720 44747 21319 -42038 56940 1597 -345 -33707 56050 16971 45535 -27245 33749 15783 -21957 59966
r243 -65418 -15734 8844 -43896 11568 -21063 -49327 -17474 46345 -7617 43525 10928 -14461 -60341 15634 60081 -59759 -8037 61585 13
r244 -31616 56211 36491 35126 -26249 49222 21435 30808 -52831 -49254 -62290 50951 39045 -46162 19098 -823 -40235 41301 41010 31975
r245 -56236 -4107 -39531 26933 -23568 -32906 -7473 37241 -48320 30385 -47195 41484 -18092 64276 47717 15578 -50329 3535 22521 -24749
r246 16252 2738 -46041 -25689 10118 -62403 -44856 51660 -14102 -49538 38130 12209 12962 -8467 -22321 -28626 11609 -59809 -56057 -44073
r247 11151 11841 907 -29106 -10718 23526 55825 46804 29225 -16944 -214 5961 -29694 -56107 -43455 -56000 -36636 25652 13389 -7206
r248 -10280 13102 -4688 58019 -28754 63346 -40120 11408 41033 -58463 -56108 20601 -65514 -64837 -16887 -20735 -63024 -30252 -4161 3343
r249 47836 37948 30799 -49173 -36249 -20598 -35183 -64565 56149 -61278 37665 57687 8360 56237 36020 -4425 49056 63777 11561 11658
r250 32913 -1280 -3793 51655 23961 -50272 -14737 -27019 1354 19147 -38298 -31409 -54971 49984 563 -12244 -18202 -45277 18232 -36508
r251 23121 11277 47718 63283 39710 -37074 -16648 8031 -25221 -58052 10707 -10686 52299 -51853 -13565 -18228 56214 -12515 41204 -29907
r252 -20603 40474 -16449 -3589 -44879 54704 60090 1682 16619 -40064 -56147 -54245 -10661 9395 -33470 13746 27352 -50908 -40469 65082
r253 38066 47087 54768 3402 3408 54823 -1336 24360 8141 51689 -14084 14451 19539 -47292 -49630 -40694 -11703 -3751 -33820 -63787
r254 38971 52906 27711 64251 -53132 14994 49295 -14110 33615 18817 27022 42372 11292 35147 -51576 -33865 30556 64981 6468 22965
r255 -64790 4721 -41013 26961 15738 9467 -63588 56820 62067 -46173 -15835 -20475 55121 689 -39798 -41090 21331 -52991 -39571 -25533
r256 42668 33734 -34751 52008 -58505 56248 -30737 9890 17217 -28836 21491 -51106 -36994 53546 23799 -15575 -42832 -30918 -61184 -41476
r257 -38896 63373 -12866 26707 -64936 -1689 15937 -42748 -37395 26852 39974 8592 17877 -24414 56761 -19291 22768 41092 -8822 -16063
r258 9743 -36336 25340 -58168 48235 40827 -5038 -30221 54369 -62811 -10383 24002 6039 33575 -33887 -48154 -52018 -29 -28239 -20795
r259 -19494 16221 36702 -62131 29408 -32521 59423 -36687 33851 22918 5315 -51146 7575 5031 -4458 540 59076 -18458 -62182 44082
r260 50239 58072 16339 38350 -12082 2163 62250 -48019 34580 5292 64676 36789 -21307 20948 -8869 -63561 -17217 -43671 -58774 46079
r261 44401 -30545 13156 1956 -50214 -45946 -55323 -15538 50588 -47806 -31703 -30358 5348 6742 -54741 13726 -50822 3660 5297 -16109
r262 -1355 -57848 -45838 19444 38460 59128 -61488 -47765 -61837 22351 -32071 -43380 18547 -47572 -58097 -15346 -24264 -21185 -51957 -10361
r263 4978 -51275 63769 -41715 29663 19486 18165 53865 30131 63115 -47130 35791 -24125 -50731 33718 55508 23672 -15089 27228 -44689
r264 -27258 -32383 -57449 7252 -20979 -65324 -48257 -31382 -5155 14560 60658 -11889 51492 -11827 -1308 21498 -24302 1329 -12944 36389
r265 -20474 60474 -31415 -3535 -41220 -12067 48343 58988 -63889 43626 -41940 -7166 9694 -44294 -21083 49481 40597 -16312 57720 37941
r266 6375 51792 37485 35315 -55557 -39733 18718 62802 61081 32324 15133 -591 -19898 45344 -14988 30195 -19501 -34476 -39480 63605
r267 -30188 -41816 47584 35270 -62696 49870 60045 8875 -55296 -39827 15732 -49026 -31358 -56255 -35599 -39942 -32710 -11218 -20692 23696
r268 63571 53546 -52528 -62761 44388 9394 43471 -57152 -35602 59331 30742 8129 13386 -20156 41856 17345 12411 -39925 -29894 24024
r269 5188 -54611 19083 -57756 -10751 -19346 7764 17007 51220 18749 -63978 38629 -49403 -55846 17314 -27935 -45892 -32481 -10225 -64629
r270 -31729 -18721 52741 13790 -61855 15176 16010 -41890 -38506 -33669 -47576 62600 -4521 27299 -55184 12450 -12796 12622 -40021 -29611
r271 -38237 -42068 -55465 -50651 -16735 -47101 49920 18452 38092 -36245 25720 59789 -15674 -21447 38159 -55442 43522 5352 14512 -10346
r272 4874 -59782 63570 9892 37836 4997 -36634 -34003 50120 -3788 56368 -63814 -26785 -4755 -35125 50979 -14492 -16848 -15620 5511
r273 -3848 50046 9100 7502 -47976 -4729 10939 783 -38212 -48720 39654 -39557 56303 -38923 59768 -61718 8306 58971 49895 -62554
r274 -2775 -50223 -26016 4718 -15880 -39778 43323 -38624 -19744 -45369 63194 -3550 6942 18625 -47060 26015 -54600 35555 -41281 -45072
r275 -45090 26886 17433 -221 -50719 44519 38997 5167 38947 6744 -9335 -20887 -17239 22404 -20683 25189 -48717 45613 -48643 -29730
r276 7285 -61754 -36380 9483 13717 -27624 55729 -37369 -56943 -16817 32596 25203 -22749 14678 63582 -18760 44899 53157 -63916 -43201
r277 25204 -23843 -65037 -64126 61356 44069 62502 -43889 51267 23189 -43536 38493 10722 -37378 52119 -7654 -64396 16139 -27503 58763
r278 30649 -1048 -49029 33042 65178 1474 -32061 -21608 -17523 -56381 42792 51183 -29036 -55594 46666 27566 32615 9962 55926 47085
r279 34705 -65249 -14077 -16241 1845 29532 13368 23406 33145 -29531 20306 62595 -10318 -12211 -21085 17314 -61948 27883 -17185 16550
r280 -11363 -47014 -40501 61398 33896 59210 -7941 -54398 52081 48577 45820 35238 -11080 -36026 721 7812 -52508 1059 9852 38264
r281 -60207 -65186 -45547 21072 28618 64649 62331 -8035 -4992 49252 63360 44137 -25413 14695 -5580 -53560 60508 -15144 -1813 63915
r282 1860 -27535 57025 30488 -38573 -34134 4145 -49376 -19903 -1188 -9208 -19946 -21145 58949 6805 -19116 -50006 17552 49681 41090
r283 5072 10787 23287 -31961 33339 -15572 -21169 -62110 -16049 33728 -15861 -8518 -42090 56851 -11065 -33767 -5004 16010 -58276 -15667
r284 -1851 -725 -26176 -51013 -30392 39241 20399 -10995 32780 32633 62002 -15011 45355 9593 39049 10869 -49268 14861 33810 -38787
r285 -5843 32126 46369 44534 4748 -12247 -62180 51476 11299 35584 -22677 8730 -3892 -28722 -48902 53042 -44595 -31998 38649 56680
r286 55555 -32037 22709 2974 3086 -35321 -42588 39151 -53433 -17106 -26194 64252 57000 -58096 45403 51115 19282 19986 -9456 56049
r287 26659 -47646 56506 -46530 -52579 -14491 29800 -21452 46745 47963 16804 -20190 25463 31537 51252 53820 16874 52273 -21322 -31825
r288 -63181 -46390 20627 46292 -4032 62653 -19986 3976 -1971 -51444 -65440 325 -51128 2042 -63381 25282 -29298 -17281 40761 -8904
r289 54864 -58975 13534 -46935 25741 11335 -64364 53935 7779 -40853 -27578 40725 45739 -13192 -52336 41699 -65339 8585 12231 49221
r290 10067 40028 -55948 -18066 -22075 -17204 -49023 51243 38397 -18854 35905 59712 -23830 -3869 18359 7157 41114 5438 2739 9423
r291 43266 13265 42607 -32178 34960 32558 56254 -12677 51544 -30254 56886 -10817 58544 -44083 -25043 -27947 65370 13604 57661 -56756
r292 -19285 -249 -15020 -21934 972 -52076 23611 38646 12932 65273 -50586 59827 -42666 -14634 13272 9263 9009 -17148 -41563 -48824
r293 -14361 8948 14742 -38109 57019 -58301 -15162 -41339 8208 -7287 -30421 -15828 -51786 32011 -43961 -57254 30580 -20900 37435 27694
r294 -58004 63600 -32020 28919 -50937 -61540 49671 11970 25587 -17161 13457 -59907 -46487 57492 -47586 29132 -34939 17300 65318 -10786
r295 -41907 -42269 -51336 -41172 17717 -6342 -55903 51110 -51673 -20906 13142 42125 29067 -50401 59038 2392 46022 8051 38816 63301
r296 19445 -3901 -52083 28168 -32300 38821 -5074 -12007 -13341 -9749 5695 -27541 -46580 -5263 59808 32428 -7340 -57277 62036 31609
r297 45661 52856 52386 -35680 31282 -33103 -56172 -15099 53741 51515 -42140 28474 40651 -55350 25791 8400 -7768 18791 -43495 -54793
r298 3782 50194 60778 -1487 -53230 -42736 54006 36197 39258 28661 46718 -9427 -13462 40459 -18359 29337 -7070 -16177 38450 -15214
r299 32004 -2344 33498 23178 46181 -40739 -57378 -33193 33828 42942 -53375 -62070 -23419 -45386 12673 50548 -17390 -25286 -24979 36342
r300 7706 11705 29483 -24884 -61771 -4594 -26059 -46941 1856 -38415 15163 10597 46106 -59907 -26441 -47184 55800 -34745 -44048 55749
r301 -5504 37686 -64018 -53075 -24778 1154 8021 -17932 25219 19136 31007 -54272 -56506 -15186 -28429 27155 64493 57039 -26136 -8765
r302 -33590 -10188 -46248 27453 10530 29635 -14747 52527 -23210 16578 -43748 -6730 -13115 30656 -28207 60575 52648 44385 27688 19985
r303 52886 442 3733 11324 24810 32382 -6275 20270 -65378 7920 -35451 -31377 -1287 -17536 65422 -55458 24218 62034 -494 -62429
r304 41207 63719 -59843 -15212 -23634 -44185 -1464 25342 -25362 27903 51241 19736 63430 54920 43449 61693 42648 46369 -40130 -638
r305 -20856 -51385 -745 11754 57098 -20721 -18989 27118 19366 56182 -12974 -60865 62586 -35541 -20134 -46894 27916 39239 -11789 -26357
r306 50625 -7726 12456 -52502 40 -28366 -65349 12594 -50153 -32010 -63825 54905 32512 43121 51629 -20915 21680 -9653 34060 31202
r307 -65446 -27676 -27304 33284 37044 31876 35270 60866 -10069 13951 -34916 -14948 18752 29404 55480 54553 10606 46537 54472 5706
r308 42311 34007 2683 63310 -47473 31012 -25271 59728 23414 -34669 -29082 -4848 54750 -30367 -29735 30892 4062 25298 -9028 -53082
r309 -47328 -65321 -40741 28176 -9820 54107 44433 -13257 -4801 54672 8892 -30943 37109 -57135 -5419 -2736 -3769 22105 -53232 62419
r310 -7305 -56257 61950 20800 -35251 62752 61811 -38767 -43484 -47902 51450 5873 63411 -59378 -21456 49504 59940 -45610 6186 49693
r311 -18004 -11586 3122 59564 -65152 2268 -53723 45981 62328 30317 -39687 43152 36731 -38265 -24671 -4513 -46912 45364 -54120 -18147
r312 -53209 19874 37672 -31412 2162 46111 -59932 -22268 -43152 18637 -58272 57666 -23556 38515 -16122 -9046 -20117 22182 3905 18189
r313 35408 -12774 -46966 -20292 -46744 36962 16987 35841 7642 36873 -49300 -63191 27776 21681 -30628 51136 -13080 -11430 -53116 -11792
r314 -27812 -44449 51367 -46605 65343 63974 44979 -40910 14003 -9352 63104 26794 35357 -60760 -20466 60610 29173 -11861 -47129 -2095
r315 53169 43036 53937 3779 19051 -64759 -45715 -22507 44890 -8138 58276 13665 -16701 22926 -39251 63420 60429 1008 64790 -41803
r316 61823 -64488 30029 50871 56383 -52350 -25432 16054 34711 42872 -61545 -2440 -24015 -8478 -39101 39831 34062 4392 42937 -47525
r317 -56173 20767 -62589 11647 42722 -44525 18807 42378 -36937 28295 -58599 -35777 -52767 -34963 -44999 23821 9272 -13736 44496 46424
r318 37540 25476 9966 -40190 55168 34180 14989 -40025 -3184 -31625 -32824 45458 55304 -30303 55859 20811 39484 -19920 36605 55130
r319 -61200 -49794 -48487 17373 -34446 33062 -54930 29824 -48528 -59647 -51741 39759 2034 -45340 -56367 -1857 -34429 -32521 40158 51589
r320 56520 43346 -40328 -28540 32954 -37040 9446 50153 50899 -48689 48922 13764 -35225 -30300 -27186 17424 -59472 -35241 6168 57466
r321 49837 -54323 32930 -24163 -5926 27422 5661 42480 33322 27297 18781 19279 2278 -39563 55495 60758 19145 -28661 51030 49993
r322 19802 -61965 -54450 22859 26202 41481 13335 -40865 4563 37444 -796 15087 24881 -783 -33124 -44963 -34402 -23427 -23117 -33199
r323 26722 -50848 -60066 -64672 -36748 45052 -53838 65018 -17625 57462 -42963 48637 11286 -31085 52894 -58041 27193 13666 -21999 59869
r324 -33072 -22065 56504 61726 50021 40987 -14154 -38790 25520 -63451 -14967 57087 17497 48810 -54466 23499 -37045 31933 -51592 29999
r325 -30914 52960 13548 34381 16342 -19852 14573 38700 -20732 -55505 -26455 34834 5108 -56471 -48069 -20306 20737 56472 -15958 -26393
r326 59106 -16372 -37127 -41955 62821 -14450 46585 37176 -15629 -13984 -61371 634 -45540 -10353 -40965 -38577 -39118 -17966 25541 22800
r327 59407 -19995 48187 8435 -60226 -37431 43246 16449 25011 4611 -28067 49646 -35371 16296 -19596 -24524 60560 45997 29461 56266
r328 -12077 -57796 5062 50815 8621 53607 -39287 -7428 48855 -35352 65378 -51997 28449 -37670 16492 37958 -53347 14980 -43052 30882
r329 13370 -11385 -26992 -30648 -30393 -15709 -27028 30334 -33591 5483 41180 -21046 -42815 58712 38578 9456 -13771 22165 -10773 -46468
r330 -8757 -10495 -7359 14218 39242 1570 44052 35716 11021 19818 10112 -20450 41340 -20093 -9825 -64670 38177 28951 6444 18115
r331 -3568 -44414 -1629 9678 35445 -12616 -42745 -38535 -20395 5814 -57028 12343 2834 -6731 48462 -47326 56549 12449 44040 -38349
r332 -22104 27455 9863 43509 7725 60728 -7459 58453 2228 620 -39940 18110 49633 -61680 49292 22270 22028 12152 -35792 2696
r333 1488 -57368 8814 64031 31856 40550 -3068 33921 41953 59393 -25082 -54615 -40582 -28741 -12465 20832 16356 45433 -42070 -35479
r334 -34291 -29339 -5365 -9181 60342 -16886 -24745 41690 -49192 64354 -65116 -59841 -42021 -27715 -64016 64551 -30352 -15990 38157 12859
r335 -51891 -40582 -41120 37806 23470 27851 59413 23118 8201 -2325 -61042 -31121 12658 12579 39319 8947 60383 -50741 19275 38996
r336 -56142 3585 -2161 43225 25268 3132 32679 -32634 26823 20948 49985 60097 8740 28026 -12572 42071 37222 8733 49013 28812
r337 19783 44228 7088 -51086 -27498 -47037 22941 17847 -13750 -38941 -65329 53936 -46288 57043 19132 58709 13321 -38127 44979 -54931
r338 -56774 -55247 -35120 -23172 6954 37120 10110 61241 58573 -31807 5998 -12296 -38514 -28584 40038 59719 15473 -27656 850 37634
r339 23888 26456 12712 45359 45608 16823 -53432 56161 -36741 -54613 55048 -56636 26462 64711 -58340 49059 21262 44270 48154 -61798
r340 44047 -28941 -15508 9413 -4305 9525 46340 -11880 -64535 -41326 55601 -64366 -11027 -34234 26629 50382 -44466 -59752 60943 63151
r341 -63683 -39780 13992 -49528 -50246 -44027 5144 -64986 -21848 -6959 -41857 -3957 49902 -3663 -35082 43413 42608 55700 2232 -13408
r342 -32153 -34660 36587 -62580 -27729 -19807 -53612 -18573 -27824 -35832 -52860 59279 45939 -27974 35791 -54380 44340 -4231 37620 25916
r343 14403 -59243 -65022 -46587 -8129 -26415 39713 -6344 -60352 -63189 -28139 28635 63405 47026 32495 -30361 -41232 54844 -40103 -15291
r344 -64495 5269 27997 53632 24768 -19830 5524 19491 -36185 15829 32933 -2715 24509 4917 -56436 15928 -30611 17396 44754 -3256
r345 -7874 2765 -3003 -10639 -29447 -19026 53644 -10765 58328 35177 -56793 22061 -13785 6213 54589 -56603 -46568 19200 -45060 60830
r346 9996 -64850 -2785 28676 -37752 -31882 -55117 -46237 -48741 29647 -18983 -58975 32705 38105 21698 47197 37076 62242 -1058 25559
r347 22033 -28324 37125 -51835 54390 63450 34610 24618 24704 23323 62242 -2867 -59588 -58681 31441 -9731 -36373 -21681 -52427 -53627
r348 44858 20993 -34093 54743 -46190 -45380 41465 -58279 -45803 9743 50284 -37434 6117 -34826 -20940 22313 45325 5865 23810 7482
r349 -8972 -2022 57677 6233 57629 51081 -34101 -12346 -2675 -21842 -12688 -29931 -48193 -13975 23411 -17353 -38613 -35759 -37063 44091
r350 47281 21012 -63413 -11478 -43808 12559 19878 43635 236 30238 53713 -43122 52407 25509 3014 9812 -18614 37321 -18099 -28779
r351 -43907 -50517 55007 -7932 -17168 34493 -15351 201 54109 39526 -14798 -62033 36012 8699 -42049 -39743 -15773 -46314 -17158 -44300
r352 -34368 -19869 49854 53073 -35543 -33980 -60001 -59272 48238 19751 58221 38171 -46362 17615 -49322 -4559 -8771 -30129 38 59417
r353 8825 -57541 17362 -37264 34229 -31582 -17079 -60095 -55006 -10145 40549 5175 -2792 -40845 36423 11642 -38593 870 26078 49988
r354 64153 47490 -27076 25372 -21089 -25549 44893 -16848 -45808 27109 65442 21283 28073 62481 -7307 -56243 22566 -26770 25640 24576
r355 -23863 44108 7062 2675 -15521 -28614 33988 -40492 -3480 -40072 15212 62874 40712 -22022 -48225 27938 -15884 10648 42945 -64334
r356 37027 1054 31075 -45092 56522 -17163 -10099 -20799 -46393 38642 -38454 6819 -2749 32777 -60555 47261 19099 23808 27292 -50762
r357 59095 -30996 22703 -57305 38900 31493 -26631 31440 -3892 -65304 -48424 7260 50168 -15583 -40855 53569 58676 -25552 51043 -55229
r358 45830 18998 -58396 -24850 -44020 36492 -13448 38048 26287 -19871 -44498 36887 -5387 -22118 49857 3123 -25523 -39845 -49817 63211
r359 38214 62167 6231 -53972 -40256 -10351 -33525 -48297 6763 36785 25278 13508 -655 -34968 -24087 17728 -42361 -15237 11241 62066
r360 50520 28645 -16830 -40547 -27448 -23976 -56898 -18959 -56353 -32090 45518 17341 -39484 -32345 -8505 -52945 60136 54825 -23324 20381
r361 -58981 -57751 6797 16704 -39653 -37353 14860 31604 -8063 16695 11777 3565 23485 -22773 34601 -56755 5614 58962 25748 55606
r362 34637 -53224 14841 21656 -36707 2251 34845 37148 63347 -43871 -52203 -39150 -50936 -28679 -1730 -65204 -27768 -46371 59904 -61956
r363 -48337 -42703 -47226 -43783 21849 34019 58352 12076 -60365 4587 -37637 8508 -56251 58135 -25856 -53397 -51442 36475 28443 -25886
r364 13785 17352 -65135 -21087 -37043 12472 -19101 59633 13828 21451 -54662 -36430 -36045 31242 34867 -49923 8913 -13120 -49250 -42979
r365 -2180 9123 61192 -51959 -6905 -9587 52533 22446 -59905 -43473 57207 -15159 -14800 34001 -4822 -51438 5192 28550 -58955 744
r366 33204 -10029 -37060 51271 61141 65522 -55852 65474 3988 -39870 63486 41520 -56582 -15691 8581 37476 47828 41633 51785 50643
r367 -46741 -7598 -7486 -43299 -21181 -24742 4593 -33478 -28469 -57739 -34588 -40388 35534 -41368 5049 -11703 18452 -3090 -5218 54809
r368 51122 -29213 -14417 -42801 -7673 53730 25159 -50514 -49162 -24386 -4387 -50092 -59872 -50648 -1821 2552 -52714 34956 20956 55007
r369 -42004 17973 4360 29105 -15503 4072 30212 -48600 -9136 -5057 51823 -59630 -45190 32331 -43026 -109 29990 -54370 -22156 -41540
r370 42381 29794 28272 50299 11131 -17342 -57562 -53389 -24698 -62539 -33401 44340 23463 19432 7525 -1803 11169 -50188 8637 -61912
r371 7682 20915 -41047 7502 20244 16902 54082 -10502 -64383 -17142 -20288 -14619 5847 19954 12561 64506 8533 -36158 -2190 50502
r372 63529 52852 36439 61383 61911 3829 -57924 20810 -32819 22870 -55474 7152 -32444 23017 -5980 19782 -58921 -6073 45115 -36870
r373 10728 14263 48704 44634 -34854 -53285 -40861 10767 -40634 3369 -53445 14944 -5132 -63609 -50867 18018 -35021 37887 -49754 29938
r374 46964 32068 -35594 -28165 -54164 2543 64976 -46010 26581 -19334 22281 -11913 -33815 -62327 10495 -33087 3512 -17979 15089 -51048
r375 -53082 -46272 32781 -19917 35430 45544 15683 55135 -2625 48157 -55055 -57472 9413 64691 54406 -14079 52384 7818 19801 -23100
r376 41397 -33606 4282 38452 8181 41981 62978 7845 -45025 -17152 -41357 -19036 60870 1334 -47246 -4200 23813 40260 -53013 56674
r377 -11166 -29388 47814 44319 36786 -6239 25159 -53324 65456 -36698 -64467 -52678 18241 -42335 -34769 -15943 61757 21778 -19221 -60158
r378 51005 -13315 -57119 30235 35960 48429 -33093 63567 55116 2583 5028 -25938 -33551 -20624 -57871 36545 15542 -27364 4225 18736
r379 58310 -42121 36445 41607 49884 -49908 -56589 -57232 -15854 -56220 10383 64471 -21587 -13485 33331 -25359 12914 55863 12971 14626
r380 -18351 34311 1637 -22206 -46064 -41703 -64662 -11080 13836 29036 -46711 45629 -64459 59814 -49930 -51898 34877 -6328 -41492 -39332
r381 -20038 -36057 -48407 -60574 -23011 204 7374 -9566 55247 25500 38517 9996 15859 64085 -19605 -7376 -49785 -56640 -13785 5373
r382 52544 6594 -41465 -27131 -16416 64960 52449 28619 -52682 60787 109 -20443 -52220 25511 60347 -58266 -39449 -46188 31359 44167
r383 57513 -25976 -50708 -36905 -10919 46323 42795 -7764 -21312 64117 -36553 21011 -21726 -25539 -52775 19704 -3933 52126 -60686 13916
r384 27996 -12870 16941 -8633 16202 -4859 -19565 55295 -60326 -4928 -62720 17497 40883 11768 -51328 9329 40848 -30105 64357 31379
r385 -9140 -16709 15181 39585 2278 -50812 13430 62987 24188 54832 60370 62696 -42785 44244 -49442 34101 -32279 14695 -24349 -61281
r386 -18128 -37343 3387 -17489 44135 40378 -43830 11586 -51563 -41561 7019 48526 41212 -57720 26065 -45481 5657 -38378 -41532 2959
r387 31795 58132 7137 -31928 63503 47566 -21154 14627 28763 12961 -42634 508 -63241 35817 -59847 -15873 -39551 37013 19542 -63560
r388 59409 15214 10352 36595 30337 -8914 -40058 12199 -30199 45928 -10966 38861 -25368 -22336 -45998 -10122 17145 -16293 -32329 4366
r389 -15123 -41927 -10878 -2177 -57572 -11352 55929 -58339 -1938 41221 -16608 -63357 -54265 -26993 -63584 44446 59160 -8988 -19134 26662
r390 -6767 -32301 -62827 -38305 -61517 15210 58546 -21553 -11484 -61932 -30068 -39838 50147 56865 4803 54892 2014 -1909 -18852 59053
r391 -63937 17556 56942 65473 39328 -1733 35942 50277 -7805 39646 52672 -11832 21004 -55222 34032 -63317 33913 17182 46514 8794
r392 34934 12011 62754 -46506 12540 22641 45120 39010 -21251 14164 15073 52098 -48592 20517 -61556 59116 -39110 -27247 46466 -50097
r393 -21896 -46033 43568 59339 -41444 -46254 60912 25369 15237 -26944 -16748 -31444 -54006 36484 10915 32187 55537 44662 -10441 11455
r394 887 -48538 50927 -14996 -40935 -2242 5657 -41371 -61827 25027 -62563 64165 -19111 -54868 -11857 21069 -13397 -48513 -26519 -32081
r395 -48780 -36985 -4276 -62415 -3360 43096 -42452 -337 -40538 -49662 -20231 52622 54914 -33958 -3817 -28407 -42586 63593 -18527 46307
r396 40033 59318 -62374 63772 -65082 -1817 -24170 63614 -39014 -36368 -6216 -8528 -47859 32777 -3521 -19024 49862 -37177 -4342 -54350
r397 -48912 5787 65137 -33633 13202 56955 -4334 -35442 -43790 14614 -47842 58758 -36882 26828 -59911 41630 50322 51026 -45957 -26458
r398 19392 -14167 -767 51175 -49949 4720 14460 64038 38769 -64418 -14165 1646 -46531 -7269 -157 -3688 -9331 7892 34968 -8586
r399 -3904 -13759 -25722 64828 30324 20487 37581 -42733 42613 31606 29082 58501 -45962 -3937 49825 -6588 -25568 36797 16249 -34903
r400 27134 62966 55716 53246 -27937 -45673 -44680 1106 46469 -58484 -46318 25004 14437 40064 -46701 42659 6933 38451 -62196 -63906
r401 9357 -25797 -28448 -9741 -38824 -22189 31510 -37750 1098 -58014 -36422 -41993 62360 -64057 31690 15406 -59255 7092 -43042 48693
r402 -18359 -42731 -7368 -24884 60938 -56326 53846 8650 -19037 40171 -22977 -18142 -41495 -57455 57455 47002 -36812 50000 38295 35485
r403 -63975 36836 -20986 -36506 -37062 9398 14288 3166 1157 43881 -2787 -44522 58829 -21731 -62883 -15296 56939 -33214 -28938 16285
r404 -29039 27393 64081 33023 46261 33406 6507 33038 -45425 40206 -4638 -44401 -49214 -9091 -8948 -59670 -41851 -64935 -5982 -47403
r405 -22337 18970 49804 45944 -17339 -16934 59494 59240 -20880 44986 -60049 -59414 57280 -9395 45406 -2209 37618 29274 -22249 24666
r406 -2524 -27579 -21564 -13261 -50297 56040 19117 61866 -39202 -1472 -57852 -20121 -60701 55340 -24474 4425 -46276 57211 45950 51936
r407 -60659 29989 -16825 48499 -1841 39317 37907 35254 -11500 -56934 32014 30743 -23443 -6633 49861 -21621 -38148 55555 9484 -3043
r408 -63936 -28088 33847 -20571 -26492 -55810 -4228 -48107 46581 16653 51851 8390 52788 -49930 12372 -20576 4075 -21664 39278 -8717
r409 -21822 -42694 -3175 -24813 25789 -17486 60448 -21136 50330 -13286 34886 -60658 -36946 -32393 -2605 62686 63950 3440 49466 -55772
r410 -35189 -51247 22972 30956 -17044 57111 5145 -10510 -15838 4213 -5451 -62050 -51154 48090 51327 -48698 55409 6705 -437 3566
r411 4268 4472 -42567 861 -40142 39681 -64286 53417 29122 -10825 -59422 52797 -18112 -37755 16034 11867 39851 -44245 60241 -29329
r412 21968 15061 -58410 -58427 61799 13876 -11203 -1949 39655 40133 5637 -36247 -41171 42609 48372 -17707 23006 -23383 -28300 -1262
r413 -17142 31083 31863 -36570 50586 -43687 -26379 -62778 -28245 -9264 14894 -13393 18574 -52322 -29355 -59719 -46803 -30340 17335 39397
r414 19335 9165 -52962 54569 26752 4042 7155 41928 38634 8902 -54905 -26662 37741 5687 -26849 62704 26675 -36503 64967 60597
r415 -9042 -3582 -8195 62787 50246 -24350 20679 -26002 23442 29425 2688 9837 -34106 39314 40220 -41176 40065 32924 35867 -38746
r416 56408 -14189 -54624 -37623 -23457 42648 -54232 -31222 -34408 -18871 19143 -51107 44060 48604 2587 -11158 -4343 17285 -44540 -52137
r417 -58760 16191 -25420 -55847 15628 -24084 41908 31491 50002 19816 62828 36847 -57437 36740 56056 -33020 26054 15799 38674 13434
r418 -61246 -28029 26968 50744 11731 -30010 30923 48266 -56745 -12525 -15514 -63342 -16428 50892 -3819 24261 -24211 -6677 52654 -57733
r419 20126 -45615 42685 -61981 35862 49299 12889 14447 4504 35268 -43548 -61783 50435 -4979 30712 -37081 6862 25639 1757 -61237
r420 33525 -59844 -22298 14616 4177 -10005 -23837 4740 -51925 13865 38021 35267 50308 -63528 20058 2802 18896 -1911 37078 -48634
r421 -56077 52304 24601 53716 -62924 42946 61661 -31936 -60100 19519 40894 44125 58657 -60733 -58897 13755 -52992 52044 56513 45622
r422 8077 -50059 1498 46618 -27110 3109 42588 34049 7437 14337 -58299 15697 -51670 -11415 -29595 41089 -20049 -15522 54251 -50115
r423 -19771 39793 35103 36367 -2647 26630 -26066 -65151 42394 -34569 56101 24615 -5098 1770 33446 30027 -767 -8846 -31561 -60383
r424 34734 44947 24372 -18599 52136 -45402 5193 -30776 55050 -14406 -44253 29939 -5899 -24122 -1357 -40760 -30220 56187 -22578 -12309
r425 -18058 -34779 38782 -46790 -50708 1757 10849 -52869 -37603 44817 -24223 -41479 -47606 3798 17218 52577 -31125 28238 -48150 37098
r426 -65171 -31714 31734 -40659 8064 43764 -27019 -60664 -27231 -9634 38037 -4296 -45572 -30456 41491 25254 -58360 -7024 -38088 37756
r427 -19026 -19854 -41667 -12922 -48145 27785 -656 -62391 52044 53086 1362 -22175 56695 -61470 9335 -52985 -24198 57890 15786 -6849
r428 -17684 -5313 -55049 52764 31143 17999 27920 -38203 -64615 -30818 38854 46817 61626 21006 9044 -52932 -56835 1974 -37063 -59244
r429 -25315 1480 -58138 -60244 5876 34491 16134 59943 55277 35542 54486 6956 34327 6346 -11323 53758 42182 33527 30985 36128
r430 9003 -31154 23225 47561 -50445 16403 -35461 17809 -53588 -11683 26584 -12788 32267 -27314 25597 46600 33351 26403 -56908 -26341
r431 -41674 -50909 55718 55037 37000 18413 -62060 -62914 -37834 -4305 -52687 30388 -62602 60080 14493 -33587 -47676 8758 18305 -1703
r432 -19751 42651 33398 -38838 -25282 -7283 -64843 24657 21418 -33055 -41142 11442 -26931 -60921 6473 59646 40541 14444 -47837 -28098
r433 31815 -29528 -41727 21413 -1016 48507 62014 -49065 53019 -37474 32079 -14346 18189 -43801 -11479 -8195 -52293 10285 -36084 -53866
r434 15240 -32645 4675 48406 57154 -37756 38155 23556 -24794 -49900 47820 19728 34841 -1485 -58901 13741 60079 -29845 -6951 -3325
r435 -4244 -35232 22080 13236 -31753 54298 29168 -6671 33607 -2534 29100 -4809 6554 47695 -27520 -135 -10126 -13225 55882 56858
r436 17424 17571 -56210 17975 43657 48560 -28796 35207 -14167 62259 -7630 9641 51487 45713 -60152 -44760 -35652 52287 -3485 -13305
r437 5114 -22082 8109 -55392 -39215 18557 5478 -46863 -25208 -16715 -64384 46010 -7433 -39205 52646 -40095 45014 -23747 27163 3864
r438 -41612 27681 34833 -10971 12989 29077 19763 45103 4635 -59992 -4016 -60750 -64004 43943 31479 29284 -42089 -15544 -55640 28912
r439 19162 -63808 -34073 56735 28919 -42911 -22223 -44604 19589 28353 15415 11702 -52992 35053 -24414 6148 -57140 42134 48947 -48701
r440 23854 -64942 -60463 8415 -15074 -38942 56791 -63184 -15077 11031 -51799 17034 17864 30342 -12643 -48478 -45119 17527 -18539 -22197
r441 33251 3618 39352 -34449 -22595 28096 31486 41065 -29254 20754 33879 55004 -55431 -41557 54943 -9364 -42792 -2252 55019 -36771
r442 -43109 -23908 -2999 -64215 60865 59242 3525 45686 -57014 -53645 23741 -42651 36366 19614 23495 46176 38698 -23834 -29446 -18739
r443 47184 -51895 -52228 33720 34372 4011 52868 12092 27893 63047 -12840 64467 -34468 -6862 55980 -5842 -63852 -27765 -6084 53330
r444 -47768 -42309 -9545 10608 64918 15526 48946 59250 18219 56698 -39412 62922 22703 -15324 -45900 28030 -63841 -27304 -35634 -25483
r445 49031 49873 -43160 52309 -18321 55107 -2598 3285 -15132 25526 -19452 58333 45618 -629 40585 -12864 8487 2414 31216 -60495
r446 6271 18815 -14412 3106 -34065 -3519 53036 -13602 -54515 -45793 20681 -1461 2661 -20503 -21826 -35622 35922 -9751 -7830 60597
r447 10555 -11099 -9852 -49516 48800 -42622 -53799 31986 415 62435 -56706 23273 -51152 50712 -61781 -55242 48149 -44440 -23169 38587
r448 -42985 20659 21101 21243 -33576 -25346 -59548 21652 51529 51555 48456 15912 -52565 61622 -8741 -52647 62125 -59249 -38972 44961
r449 45338 4975 50561 -14335 -65014 -9378 -15459 16568 63474 -30863 -65018 17245 48975 60568 -59371 -132 34353 -35866 -38095 -31214
r450 29562 -51058 -52349 -8526 -4742 43883 -1206 -5650 1402 11773 -3615 50203 17520 47940 -42077 -16328 -26498 -27847 4706 -29935
r451 20280 -40523 36469 -58220 -51321 63808 57032 10395 -25722 -51301 -20273 53928 -5488 39959 61859 -52952 -4539 -59841 51138 -45399
r452 27641 -24285 63233 -62986 57043 -34529 49030 64915 40210 -28950 43272 56973 -46244 46911 57213 41742 -6521 25097 -28453 63576
r453 -54764 -7322 -15747 -40868 -11349 29086 -2430 -17108 -17438 46398 -24183 34244 51363 15210 57661 -36903 32406 31950 61745 -57443
r454 -28735 -14102 -48399 -41799 -4836 24851 32270 -1836 32162 26054 -18070 64811 -41860 -19643 59055 -29241 -23105 -36323 29570 17141
r455 -57223 -38111 63258 40680 3965 23323 14098 -4464 -48601 -40102 -19139 -48853 4584 -49027 -40902 -58084 -5705 -2512 2085 3469
r456 -29431 13715 -27955 -32174 60102 -60788 8341 50554 -43682 -52321 -39192 -60447 22406 50552 9146 -55279 6938 -14839 -17900 -50885
r457 -23669 8408 -43835 53359 39183 -10442 4245 7501 13147 48616 47869 -6360 15128 30832 62129 59965 -3805 -18678 37676 -65527
r458 -24868 54024 41716 -20670 -51286 9896 -6229 9365 -34368 46237 -15397 -62095 12429 -21496 17777 32249 -28121 51973 53889 -60172
r459 52411 -49680 57619 -65287 -19231 -45147 -4608 24020 48872 16951 43673 -712 -45711 -43196 627 52513 2857 14296 42747 30179
r460 -34564 -35113 -10526 -40007 -54189 61735 34975 49327 37177 -21109 26720 64781 42649 49520 19662 11950 17387 3798 28138 -14711
r461 -26842 39943 14005 22838 20003 8548 3802 61188 15099 -61829 -61862 -56083 -58860 -56150 5096 -64178 -7770 -44759 -5918 -63901
r462 34009 36802 53196 59485 50333 29923 -46597 -64887 57273 -20860 -48827 58230 52990 -27790 -57133 -49617 -17030 -11445 -15408 -42724
r463 20988 -40600 56162 55079 8769 -15339 31076 -13781 32482 6846 -4236 7328 -57273 16612 14432 -51370 -58108 -37769 30900 -5764
r464 -26222 -11127 51706 49642 -51053 484 64206 -45312 23230 10128 2511 23337 33147 -45589 60587 -39978 -44911 -32410 23508 -2804
r465 40670 63275 -24262 21884 25695 -707 54056 61814 37405 -16961 2851 37079 4960 -64780 -37646 55431 -1274 -48502 8821 -65228
r466 -14126 64191 35795 50463 -46131 6684 36200 55073 12420 -56856 -21601 51562 -38739 -26227 25497 54270 59689 -41296 42615 -46365
r467 13397 2418 -21735 42269 64591 17823 53740 41282 26774 -34597 -62131 634 -50054 29591 27811 39607 64121 -55399 47646 40753
r468 36893 53644 -11125 -29158 15105 34490 33724 -36874 -18110 -47215 36081 -48821 -62925 48705 -54414 46518 12951 26029 7790 4659
r469 -53170 -29300 46553 58551 -27007 -19779 21313 54912 6304 -27953 6849 64105 52667 55067 10517 43777 -1609 -27346 -50978 -26193
r470 -40735 34459 28527 -50480 -22170 -32528 -65016 8717 34796 6234 35193 45742 -38578 -63767 -30731 21634 -31437 -12402 -44061 15461
r471 -44996 33250 -2712 -62018 -6173 56787 -32552 56220 -54176 -4125 -20217 -37256 24155 12640 -38505 10601 24493 -21685 -13585 -5761
r472 -33464 50499 -37892 7120 -41660 11598 51546 22753 9371 3307 -6656 565 52771 61311 7648 62542 -30142 -62379 -6342 23648
r473 -23735 42121 -20290 16575 -56407 46507 -63813 -39450 -21185 -15258 61428 -19919 -29822 65350 37805 24234 -49848 10138 32026 58083
r474 5460 36507 -12685 -41349 20839 -60361 63186 -30400 -3407 58455 -35961 46646 -40844 -32243 21404 -7429 -14598 8925 27655 -20688
r475 16994 -44148 -37369 42737 -59478 7359 49608 -54277 21469 -8086 -3837 -56530 57236 -22155 -29488 -15927 -63639 1980 -3071 54148
r476 23750 -30315 -64535 3343 -37573 -15027 -41475 -64767 50547 20870 49999 -26285 -41613 -42047 5157 9386 54682 476 61009 -8204
r477 -20409 -10767 32731 42984 -29066 -5186 -35647 -15396 -40934 -47432 -18073 -56403 -4412 -21534 34757 -24836 5654 -33481 -8645 -19379
r478 -17441 51876 45570 23655 15085 40108 -12020 -59866 57043 -48373 -37583 4060 57779 61314 22879 17532 -33674 61821 17541 -31175
r479 60621 -19277 -17741 -7274 54893 13111 -51624 -64769 63833 -4338 -59709 40496 -15566 18850 1511 35648 33993 56368 -7880 -34117
r480 59421 -32498 -62754 11279 35477 3116 41581 16593 -27125 -9347 21822 -13845 -35772 -2245 17530 -1995 -45230 -10755 23356 50839
r481 -6385 36712 -19652 29480 -43490 -46854 -3674 25578 30877 -33920 -38317 -54866 745 6184 -25468 25607 28804 -13702 14617 -43089
r482 -12839 -55737 -61498 25996 -58264 5376 -6996 -5077 -15506 4379 14809 -54825 -37389 43281 -12732 9706 -57371 57228 -53451 -52356
r483 -8004 4882 424 -16159 33248 -19029 -65387 -49545 -49901 -19845 -28088 -56741 -60366 -59608 -34709 -15020 -29757 61750 -12534 -23235
r484 -479 -37800 -41109 -55359 -57456 49849 17123 -63814 -29680 35220 60217 -64104 -5316 39756 8790 -1415 -56374 -7594 -14266 -5969
r485 47007 -37152 -18439 -46211 -36080 56474 48723 35099 -19844 -45887 -4556 41733 -55596 44017 58775 32111 -31442 -54721 -43063 16100
r486 -18905 -4470 43623 -35373 -43312 -22091 -26388 39299 3269 -27257 -55088 -49936 36619 -5827 14005 -32104 -51655 -24416 4274 -40339
r487 19284 40436 36367 -51829 22839 -34424 -24633 -49614 -19503 -32077 -20408 -43811 -34281 -40024 -11976 37673 15264 59943 59693 -37157
r488 20511 8632 54550 2922 -640 37406 36216 -35554 -34893 -21307 -62659 -64701 39133 62107 54014 31391 -59985 -53248 20409 -23702
r489 -35174 -59706 46294 64636 -37382 -28603 -47948 -45256 37895 -6536 -29935 37650 29435 -42349 25628 -64882 -32046 -25026 56808 -41160
r490 -23086 19021 -23142 -31978 21054 5611 51397 55971 -19680 65350 -37768 20269 -48495 48478 -43044 -16284 24681 55208 -35204 -44557
r491 -64219 -4370 -42671 30709 45621 -5554 -53443 -38788 5213 59203 -54858 26281 -26762 -56783 -587 -26329 -5604 31107 47704 -44165
r492 51932 16749 -7108 57521 11290 42185 33149 -21663 -57246 24357 -277 40927 -31281 -6980 -15766 -7575 -48760 -58447 -5225 -61788
r493 61160 -15356 6167 -60804 12222 -58901 -7822 58545 31019 -51799 -6159 -20142 55918 53544 9451 36507 -38122 -8101 53642 -40989
r494 20919 -8274 -20149 -64971 36314 57272 -33531 -51874 42839 14562 41501 560 -61639 11935 -38968 -28532 -55090 51617 15501 53797
r495 -15779 5642 59735 -19438 -58117 -49782 63485 59327 35204 36639 -16630 -27079 56623 44896 -31189 -63429 -8943 -19606 -47330 34493
r496 -20424 64558 12438 -33205 -2318 -36061 -42308 47565 -19341 2129 18059 16547 50111 -52609 38028 40418 -56534 15564 -29285 64911
r497 -18285 11942 -64650 -40231 -40495 -7430 -20768 -7708 -14714 -39773 -3250 -20407 -33076 40493 32705 46571 -9976 -23011 -64438 49937
r498 -22758 -25562 52936 50959 -37497 -42142 48431 -56315 -44487 -39184 16267 15369 -25847 15322 56551 -33 -45860 -11288 11914 34627
r499 64056 -45047 34385 586 -58856 51596 -52558 39056 64616 -15825 41412 -43945 -4607 56582 17006 -27422 45461 -23939 33363 -58001
