mTable5 21
KEY  c0 c1 c2 c3 c4 c5 c6 c7 c8 c9 c10 c11 c12 c13 c14 c15 c16 c17 c18 c19
r0 -64181 -6934 45783 34034 -24112 41677 -33624 7249 -59455 48453 -50165 55480 4073 -41861 10899 -17814 7773 19509 -49122 -16091
r1 -7021 -51654 39311 47632 57105 62511 36817 -5362 53825 -32275 -52017 52832 -30547 40042 54790 -20244 -52649 44044 -57355 -60602
r2 -48173 -1687 51049 3355 14241 -16083 32504 41130 3917 36247 38244 -6094 20429 31534 48000 -7467 -25553 46036 -5683 -32341
r3 55680 -39447 2468 -45309 17476 -21575 61677 13685 -58956 -53409 47785 -34824 -22883 -63364 65517 -54287 5440 -16561 -15024 -57379
r4 16818 10351 -8210 50979 -39467 -38649 -33536 -42611 -29185 -46296 12347 31080 12626 -26166 36534 -11384 -29623 6828 41736 14502
r5 29276 -22538 926 63794 25044 -44976 53541 -19980 56227 -28602 60119 -453 -28342 58069 -22149 -9692 -2371 42934 59722 23869
r6 -10192 6459 57311 33989 30534 -10051 -51504 40393 -63069 -60502 35952 318 35265 4920 29818 40202 3356 27143 4986 27495
r7 43233 -31423 -57934 -14680 63319 59583 10677 10580 -11253 -58929 54594 28138 19248 15327 48536 40472 -31157 33698 55604 -31528
r8 27279 41626 -24939 57088 10889 -36256 44817 -55069 33476 -46225 50139 21793 -49768 21052 16663 -4793 5766 -57773 -57117 -53024
r9 37605 -51808 31362 -3315 234 -9248 -60145 -16060 -19716 -64014 26092 -28558 13037 61523 -25540 4167 4523 -51347 46234 -48017
r10 -3324 -50274 19670 58856 63987 29049 17985 26376 53411 39505 -14417 -10738 -50807 56256 36431 -50598 -22388 36349 -41689 3467
r11 9443 -39880 -63859 6325 29571 21559 43260 21401 -20725 -8326 -34089 28019 -63774 -14080 -27326 -22016 -32133 7463 24511 -41133
r12 12327 -3554 65297 -19778 -7257 13353 47154 -33405 44483 -53219 -13550 59366 -51502 55716 41526 -4758 31353 -29780 -58721 -46100
r13 51960 15005 30967 62570 -40096 -57163 -43756 26928 62871 -39875 -40382 -37949 55985 6789 -39713 59237 -27306 -7803 -6807 -61499
r14 64970 -2068 60534 -24435 -52882 -52491 18703 49863 46474 -20772 40477 -7306 -25315 -62468 -63883 16495 22763 -16863 46738 53767
r15 42534 12156 37460 62316 -61567 -29961 26446 48740 7450 30885 -15208 6502 12583 -25641 -5209 2057 28767 27102 6414 -19156
r16 43634 31210 49151 -21068 4255 -55187 40504 -2751 18326 -55727 -62558 -24793 39542 47449 -64810 -40665 -41458 25223 44039 -50605
r17 -8750 9174 16806 7199 -4435 -55879 39865 -17825 -16003 -51525 16594 3142 48307 -35814 -3564 -29093 39132 -31384 -30287 23534
r18 -44485 -64770 -46821 -46812 -28582 -61718 -14056 -3033 58565 37033 -28048 14430 62537 -48184 -12870 11847 44437 25685 13101 -18172
r19 -60093 -31907 -59151 62170 -10352 40708 -14367 -40313 55769 3958 -29550 31683 -21775 38688 -63039 -49435 38971 45315 -20168 -27590
r20 64350 6468 54420 -34547 -43538 -37272 51639 -27756 -9764 -49773 25367 -8509 27902 -1368 362 11603 22163 3799 -12985 37242
r21 30058 -15157 -49887 -7533 -53199 -53793 -48098 -53547 2869 61946 6120 16161 3431 -16453 5717 -26204 -47596 -56525 -42368 -611
r22 -60955 60929 -7785 -1466 988 -59464 16132 -11380 50295 -25520 42426 -40156 27265 -38883 -47800 23901 19082 -37594 -45996 -14036
r23 23871 -35202 47463 -25967 51984 3649 45565 -33738 1629 -4447 30719 11685 25356 17329 44252 43991 -13276 -37038 47734 -57270
r24 -32824 15122 -45291 50266 -3368 -61019 -16090 -49603 -28672 -7612 48776 -24065 -25845 9572 19169 15523 25892 -32023 -56118 -36131
r25 -44864 -401 56614 41850 30936 -4783 -50865 523 -46415 11140 -46465 -27792 17845 31588 -27037 -26274 -63451 15338 -2027 22993
r26 38762 -22104 -10023 55672 33744 16128 -34881 -54573 -62392 6078 -21533 37000 -3926 25449 -40347 -48873 -38341 -49425 -2159 40698
r27 5655 -30639 9921 -57247 30774 -51576 57673 -2756 -60391 64821 23159 -49322 -9982 43063 50825 2949 56518 44970 -24700 -32656
r28 55052 -29605 -17490 -5795 -19803 2412 -65068 62596 -43328 -13470 37216 -27847 -3146 64315 -16057 -6176 -41611 22045 35916 2797
r29 65147 27350 -2172 3061 21077 44505 30030 27656 30266 -37930 -25612 9310 -53408 18012 -55994 -33559 -4736 -38974 25230 3767
r30 60832 -1262 -65527 -30522 34994 19577 -43917 -6766 18928 54001 -11537 -354 30562 25113 -49252 -16204 26988 -2883 -18660 -54465
r31 25376 -39679 -27455 -34973 -40091 32045 55998 15037 50600 -38676 -33696 25517 -39978 -524 -47182 -23424 753 25784 18018 -60517
r32 29652 57609 45247 -26193 35299 -37158 61672 -16192 1528 34714 23237 44628 31887 57892 -25450 17997 -23469 49697 -31756 -7192
r33 -58970 -23401 59053 -18804 37502 -34161 65087 22169 -53148 64280 40287 61384 474 54601 41717 19989 -52108 -32136 -46126 29012
r34 -13034 63224 21342 56016 6193 -45561 49514 -7965 -64825 43773 1066 -13433 -12351 52212 32680 -56448 -56222 -26930 46442 -24712
r35 27614 17632 -14762 -58290 9 36297 45351 22018 -33470 49089 -33231 5439 -33836 43584 -62582 -31420 47240 46959 62715 -18330
r36 12702 -33720 29589 -14123 -63488 -53963 12953 -4728 48624 3061 -29068 -32128 -53097 -13874 14565 24866 -24865 -43153 -23911 -10128
r37 -20042 10915 39028 -64403 14360 10494 -1046 -21202 -21942 -57565 -27306 21534 59734 43979 46334 22319 -3259 -34204 49617 -47051
r38 14244 -65356 -40341 -48955 -60982 -57848 -7720 31304 29755 45509 13161 28154 -33780 -13435 20683 -12750 17734 45946 47194 -62395
r39 -9142 39313 -40645 25956 60120 -44246 64474 34006 21765 -22442 -5734 -25206 -34421 -5007 9531 -24693 35873 -53103 21459 64924
r40 -55525 -53213 57224 -15387 -48790 17501 -60803 -47527 30251 16144 -46871 64828 -57752 39982 -47245 27162 23927 20536 42449 10685
r41 15400 -18903 -17905 -52472 -42445 47614 -55775 24078 30498 -63051 -18586 5118 -33859 60640 41701 32650 -24956 50780 16971 -41581
r42 -10271 -62146 -11101 -55459 14330 47466 -16460 -18819 -63009 -64394 -44933 53980 2079 21015 -26633 -28928 28635 30834 -4281 54873
r43 14790 -37933 -62581 -60080 -62264 2874 27115 63803 46846 -33386 34495 -29139 21049 -52165 27631 -35501 178 -49123 -38425 50643
r44 48226 -23385 -47654 32866 -46525 27132 5598 -12610 14434 -29952 -4882 36683 51527 -53046 40025 24319 -35478 -53257 9465 -12375
r45 -65160 13714 64243 -38041 -9494 60972 -16943 -13421 -43669 39290 36770 -8410 32371 62860 -2409 57297 16923 -5717 8832 39852
r46 -27916 19777 -49821 9872 -24498 -61654 -21526 44558 -6531 54906 60560 -50103 -42046 35195 3143 44243 -8073 -48373 55687 33706
r47 -60028 -36754 57625 -22666 63200 50734 -55213 30779 12642 9867 25803 53740 4303 -58266 -43832 47382 15528 43409 -45267 16987
r48 37165 55907 -22082 17760 -4456 11237 53380 -49939 -11934 -32051 -29022 10865 -40442 -38747 -63189 -20000 62660 43416 -25313 -42428
r49 -54582 -33270 -26709 40235 -21561 -16434 6856 2388 -53127 55867 -44899 -18254 50250 59578 -58787 -58815 -12808 -27837 56143 -44774
r50 -60630 18716 15676 13044 50680 -20318 -60776 -10661 -2209 15654 48095 30254 54052 -1656 21261 42091 38236 27576 -8422 -15878
r51 -6644 -4374 63343 -45094 12709 35100 6398 -10852 -64982 29751 20367 -8070 -28928 55767 -46455 16964 14593 -30380 -9413 -65171
r52 7088 23780 34613 30338 45926 52647 -52094 31053 -2933 -7540 -7005 -20034 51620 4087 43418 -4051 41644 -31918 63610 -58917
r53 -63141 14498 -55118 -16135 -19809 44741 16028 55041 1274 -34432 -61398 57071 -51208 -19813 173 -43927 -1192 -1208 -9061 54765
r54 29188 -63742 -53071 4272 -7082 53053 -62846 -18629 41127 -8876 42126 57864 26318 -45782 -35860 18209 50599 -30915 31464 21425
r55 -45689 -59902 52828 16318 62696 -41053 61104 -38731 52721 28103 -10574 41287 55238 -61950 41791 -13640 12036 43378 42111 24813
r56 46159 -45782 -24955 38246 -25047 -28530 -7087 26165 -46443 63816 53663 7749 -37144 20232 -63618 48474 -46527 36377 29790 4276
r57 56046 -32775 -25257 60681 -23733 -45856 30273 -43295 -48123 -56518 -24733 -51943 62667 -7157 -45378 -1078 51319 28031 40619 4044
r58 -16612 -47207 5601 -36979 17536 -62789 23512 -48928 8610 18000 57705 -55855 -27716 14574 -34239 9381 -18082 -24850 2558 5830
r59 -50840 53388 35 32255 15899 48989 -45566 23971 13052 16424 65222 47472 9038 56018 29007 16206 -18713 54747 -7462 -44379
r60 20101 -23335 59623 16 -47194 -565 40122 -29933 20646 46739 -60117 12084 9285 49043 54567 -7960 -24499 -43310 -51353 6473
r61 -49690 50401 -60575 47107 16646 -27604 65250 -16086 15662 10450 2885 33668 -53005 15840 41165 -51894 17715 29378 55451 -54560
r62 -29476 -63209 -3550 -2741 -45158 -7176 -51252 -18182 -16024 49591 20760 18733 63166 -30413 -45092 -43358 49390 -56560 -14620 -23120
r63 -55670 -57087 -10385 1823 36742 -58872 -61910 -9281 -5194 10834 12366 -27045 58951 31394 39259 8777 -60198 -13692 -25802 2373
r64 23350 -31824 42393 -20202 3609 -34576 15962 20576 26189 13847 -3815 40602 -21585 -24008 24171 -24617 -65019 39132 41404 -18290
r65 41166 62486 -37035 -21073 56908 -106 -20022 59155 60624 -1538 -48710 22059 -65109 27178 -43305 -16862 -46176 -31932 -39277 29465
r66 -37223 37884 -15737 13661 -14449 -24026 -55382 -63223 -396 21026 5734 38492 11726 -63313 9034 -42262 -15279 -18841 -57799 -63578
r67 -60654 63021 46506 -13395 -63042 59535 32284 -14347 13707 -60794 5464 -21803 1429 -48543 19909 12317 -64856 -16062 -55358 -1309
r68 -29506 -64095 46344 -65016 40370 25835 -55687 21018 50456 -2941 -26917 27470 -12951 -25247 -56045 16000 -44493 23155 -61150 59390
r69 33170 23800 -32658 -15496 9887 63725 18223 16870 59613 -15698 -11272 14535 15837 -1898 47800 -25566 -15816 -56309 60943 -45121
r70 -8194 26257 -33375 -5690 -44330 -5879 11154 23921 -17715 -42653 19665 21644 -17255 -43729 -41282 25010 15265 -13703 23522 30819
r71 -50901 24951 59229 -50308 -22867 21270 22245 39816 44622 17744 -63365 52194 20338 -55987 49122 33523 46790 41550 54886 -25218
r72 -34174 52756 33248 -16253 -43817 -65230 -58402 14790 49937 -78 24854 -11222 -16163 28856 47386 54770 -18473 47963 47877 16553
r73 -61178 42607 8679 48697 -54958 -27592 30655 21161 -51449 36713 -28377 -5613 -10469 64576 -63675 -61797 -9187 15440 -18835 -42745
r74 -50586 34416 36774 10961 26550 -50713 45344 53087 45390 -46646 -21554 -39909 -41809 40575 65124 -7466 21735 -51667 -47994 -39713
r75 -54147 49690 -49361 25987 7633 63236 -12106 -53507 18347 45962 5753 48359 -31057 50968 -51578 -51830 -37428 -8652 10255 -63535
r76 -61494 -41883 -49519 681 54288 6307 14734 -17996 -31935 -11032 -13381 -60472 11975 -24956 21331 -12666 -37684 17978 10655 46925
r77 -3604 44094 -65512 -62733 10959 -32321 -33372 -12875 18757 11336 24341 63237 -31693 -17938 -32299 1858 22348 30009 62519 3741
r78 45821 -35380 -46780 44973 -47727 17354 -52577 -18159 26237 8017 -16245 45960 57905 -23987 -26901 10298 -1459 -45166 -48817 47132
r79 42838 -56638 5713 37360 -42158 -26165 58250 61382 11531 30491 -4423 63908 -51647 -12770 -24204 -44186 47218 -2398 16115 -1146
r80 -8847 -29815 -12110 -15618 35589 60292 -15927 7145 -8976 -1758 -44528 23629 -55555 42492 -51846 2077 -10508 -7099 -39973 41680
r81 -40872 32682 31758 -5575 52406 -34706 19036 -12922 56668 -45345 -63228 21231 16057 58460 10994 -47371 22465 52524 -32472 -233
r82 11983 -29862 43615 65477 -6046 -45245 -30273 53457 58391 17860 47069 -20296 25273 -46139 41699 -60373 42113 44712 -56189 -25094
r83 -210 -38381 -14879 -21785 21322 -49594 -22103 -2438 36498 19533 -31347 33338 -27617 -26237 -41999 -47089 18263 29339 36923 33610
r84 -64431 -27890 -17894 6699 -12610 -40475 -49559 17225 -54155 -10010 -60776 11383 7433 -49646 29441 10379 -3269 -46889 -49983 44828
r85 51421 48516 -11465 -58378 -40743 -25104 -62469 -57436 -54772 32788 9626 20980 -46407 -8911 -8109 -1146 -33446 6257 51571 35917
r86 -23636 35232 -6246 35328 39775 -1962 49092 -43781 -34397 12827 35614 -20978 -52073 -3907 47789 31910 8455 65433 -4042 10957
r87 32447 36671 16630 44663 60544 -19719 -15731 -13549 6238 44916 -40271 -24438 -45122 52078 -15823 -8019 48725 64405 -27154 60245
r88 3701 -43740 64424 -17481 -50308 14227 -10080 -53970 5884 1201 20110 30649 -61528 54732 1475 4345 24707 -3046 -17448 62569
r89 13869 63383 -6047 33218 -26107 -55771 11654 17890 35202 -21231 -8431 -39734 -57706 61338 -26669 -44327 54236 -64270 -35144 64574
r90 42513 34018 63602 -18030 14496 25171 50746 7381 4672 62120 -25450 -706 16918 -65417 -33492 43279 28650 2139 -2720 48802
r91 53501 12972 54604 -25030 23620 -42323 -47479 -40667 50622 -11148 -16886 17750 -23947 22719 -60914 573 -19325 57388 -57870 63441
r92 -4759 40554 19711 19485 55578 -7898 12770 -28168 8900 -32691 10807 -54017 -3107 11280 48275 45525 8996 6364 -36918 -47243
r93 43458 -45327 44955 -18347 11477 -46087 27480 -4374 -32445 -12057 -15447 -34118 54541 43586 -51445 20440 9653 -59750 36377 -33566
r94 44392 52769 12784 -56090 -1362 -20882 -5307 45277 -56441 -45640 -47617 6749 59250 21527 12071 52636 -48341 -29479 -44186 51532
r95 29569 57934 52677 15255 57940 -44656 -39675 -25153 -39853 -10764 52333 58056 8974 62246 5592 -61402 -44158 -33957 -7016 3836
r96 -56864 59246 14018 5189 -55620 45846 19521 32957 -27125 35195 -3041 31857 -25598 19654 -25302 57180 25825 -2478 15799 -50678
r97 -14067 4347 -17318 56356 -42064 -8852 28332 -33592 -59064 -10586 30524 4597 27462 -11707 -49087 13927 21468 -46882 -4282 55044
r98 28302 -3811 -43812 -36018 -18021 -61085 21250 42869 19743 -27271 -14960 1922 15288 9518 -44113 -55422 22038 -29407 42033 58349
r99 -33506 -7705 -17426 39572 -31122 -152 25886 61051 -41015 -13290 -22122 46484 55891 -42870 63476 36643 16240 -8900 -18156 -32324
r100 39611 -16589 -57229 -9918 -16728 15982 -8805 -26898 -31246 -12764 -36411 15355 -64463 -45085 -32005 33149 -1991 9632 -18728 58226
r101 -2518 -44509 -53439 -58990 42195 53466 23330 -42716 39299 57347 45862 -56640 2214 16865 53856 -34911 16859 4216 -13436 -31410
r102 -1095 63214 8598 38861 34590 59571 43754 58260 5296 63426 31943 -3699 -54436 -59346 49580 11155 -16504 -9689 -48870 -57273
r103 -60725 -15706 61170 -52339 42291 10112 53106 -53112 54886 -22118 -20942 -39609 49690 -29261 -5206 -30197 13321 11688 36626 26100
r104 34051 10977 47367 24276 30791 -37514 20687 -56231 -4967 -52151 -43832 43815 22147 -12631 33880 -50325 26743 23403 12141 -47581
r105 -34541 -49893 57112 10362 3153 -47298 35748 -13143 -27368 26647 -58839 33130 42791 29969 -45289 -59384 12285 -54750 39410 27112
r106 34323 -14416 -1092 1065 33388 2501 -17252 -61103 61512 39220 -58670 -23858 6756 -41572 -11791 -10528 -55409 -5358 -47972 47772
r107 -58964 -20945 47020 4053 60210 -29862 -40909 11297 -9028 -29900 -49327 7703 -48007 6020 -52327 -63388 -25048 46169 -29784 -18405
r108 16708 -49587 34919 -50494 -8778 -57666 -49576 -50876 18449 -33312 -45276 -13216 64414 19921 33504 3041 -30555 -5633 15724 -37209
r109 -3391 11919 52152 45884 -46684 -48110 36852 41088 -10045 -600 -35966 -49546 -57747 -37081 -26509 -53898 10579 55531 41147 -9563
r110 62992 -48693 43455 -31174 -40698 -49042 64648 -20238 62858 19713 36243 27383 -55647 57259 56255 63025 -57083 -34305 30556 -1670
r111 14670 -55880 -57104 41394 -2958 -16745 -1136 -30051 4583 20368 -7084 -43639 27503 24167 -45616 44639 -53735 23290 32562 37350
r112 -51780 23553 -1704 -34452 22325 -13838 -44838 35949 7764 14605 59018 61960 51146 -45452 39508 -16446 -63671 44361 64034 1452
r113 51275 26304 20125 -26027 -11159 10725 -45337 14528 -1972 -11631 2160 56632 -60706 1138 2010 58362 -12348 -19363 -34737 -57281
r114 11817 -53212 49340 2115 -31992 -14141 -34730 13195 -11048 -59471 -49657 -41305 56364 57946 48811 -30620 35424 5749 196 56323
r115 -13491 15432 19223 2844 51801 -20830 24823 18397 -31508 55011 58087 27818 62447 -26510 19276 -47786 41303 18641 -38570 -24407
r116 -10456 45620 -44838 1720 -3541 -11063 -32117 36420 43445 -59167 -7339 -12779 49437 47139 -58933 -28504 -46509 7039 54347 -43735
r117 -5633 -25037 -36351 -39123 18522 48033 -2244 -47817 32695 -7677 38893 -63253 57827 25278 -16985 52519 -31451 -23567 50289 48280
r118 26266 31937 -31140 -54314 -51775 -53099 -64162 -22678 30358 -33924 -13407 50541 -14721 -1502 55447 -16654 60623 -4563 -11714 -39608
r119 25621 24326 9308 -31431 -8648 -11351 -26201 -1590 -27780 -46704 -59960 44695 -63308 50244 43260 -56033 37275 -35136 -47880 -52194
r120 10246 38820 -59487 -31069 60505 -57540 46183 0 31999 28585 27345 -8457 26156 -62697 15865 -64 -11212 -48991 16212 -11097
r121 22371 811 31535 29875 -34189 51532 -58390 -15415 -48942 -7322 54210 31256 -41102 7803 -16942 -64933 64214 45655 -21849 -25056
r122 62944 -56399 1907 -43441 9569 26517 -53546 -29831 34608 31831 55175 33580 -44583 -64193 27623 -33433 45524 7384 -25984 51026
r123 -50952 -44666 -60465 -57261 -18353 25940 20937 5546 37020 6343 -59391 36691 -48040 29096 -29820 -29937 -46898 41145 1352 -48475
r124 -897 20986 -32290 42600 -14482 29832 -61975 -60898 -55201 54223 51456 -41699 24927 26118 29128 61981 13575 -22719 40160 -49111
r125 -45479 54420 -49467 15258 51356 35326 25300 59288 57086 -40097 -48789 -28480 -17628 -39174 27164 -42174 12549 -52263 33607 -58003
r126 -9712 35696 -1742 -34868 23952 -59984 47770 32350 30151 1623 39441 -2763 -19096 -25745 34606 -7568 -9119 -38679 -52326 -26917
r127 47457 -34585 -8033 34799 -54091 26352 -41970 -17745 61843 -37160 -5234 46301 -35838 -52703 35854 -53600 -22882 6955 63535 -50841
r128 -1233 10033 32973 42696 -32872 17880 25866 -11004 57534 61117 34123 -50721 -36035 31694 17710 28190 -18462 -61434 -38804 35536
r129 -8958 46244 -59525 -59200 34355 -28502 -26773 55722 20530 -29177 16660 17787 30215 40802 -11648 23579 -16927 -48119 -39309 -25840
r130 31523 -17142 -15031 -9690 -46545 32976 35250 -7752 9252 60342 -39479 15274 3251 16188 -2026 -17871 -60863 -62769 37250 -63973
r131 33252 55110 -50987 -54949 -1201 62788 -59105 -53376 -19397 -16964 -4238 -27035 -4742 -10564 -20186 48964 -50779 -41311 -5135 -33017
r132 -5964 12507 44813 57561 -62377 -51829 25890 -25304 -45659 -55992 -12752 -55433 15811 -56599 45522 30227 -15731 33157 -20859 -57477
r133 -3676 -14022 -5076 24081 24526 20229 -55835 -13261 55811 -22122 22392 18992 -21437 -6062 17724 5245 17662 3215 -3501 -53569
r134 57306 35350 -9823 -47338 -6430 -43303 -3461 -7764 -47078 32335 52144 -38958 -63730 63727 51628 25500 46776 -24866 33378 -20599
r135 -6678 449 -14542 -23552 -23410 52106 7907 -38494 -27580 16832 32059 27739 -62410 -22308 -25218 23197 -17030 64831 2483 21760
r136 -29789 -48874 39842 21766 46225 39698 39768 -43297 -4837 12214 59366 -2412 23623 -2078 46942 -32523 -18665 33254 20564 13248
r137 43013 -29098 -5103 2640 41290 -44856 1230 -27620 32858 5417 41557 -3808 -33955 -44023 2355 53918 -24048 -4130 45544 -40177
r138 -39303 51593 10071 443 52920 -36396 -62126 -1835 -30690 -42318 -8510 62014 53932 53445 43395 -55176 40439 31248 38630 61505
r139 55511 -63112 -52103 47056 28246 -22325 56606 10570 -41713 39676 -14759 -20522 -56687 41021 30628 43463 -51840 -18191 50905 -24367
r140 38969 35701 -54350 27752 -5587 -28645 -20882 -40956 47758 21465 48039 28842 -47946 -62548 32650 -6233 24543 40881 50389 -12297
r141 -60188 -31256 56766 23111 35737 62432 2732 -31784 63582 16410 -39310 -60450 -33321 -52277 -11799 53351 9532 -51613 -46954 -1279
r142 1 16253 -2646 9523 -45702 -20694 38718 -32438 -59463 -21571 -50536 17528 -44099 -57771 -22279 -60095 -32391 47464 68 57016
r143 -36548 20516 -52640 53694 -64578 14777 -8965 -15814 36399 -22406 5403 1990 -61251 51450 -25002 -50439 -61002 -49098 17218 47237
r144 -38841 19373 -16497 3969 33465 -44827 22399 45111 12442 -64981 -54952 -60037 37792 -27410 -59100 -61070 25327 46730 -46312 -40721
r145 41103 18095 35443 -32822 -38742 -61370 41795 48555 -42887 60933 -23284 -17465 -44745 -6337 -57260 -52230 36080 49562 3007 -31094
r146 -56062 -4422 -56953 54500 46555 49558 23280 35542 49745 32967 27624 -34962 -88 -4514 52192 58680 -56892 -16686 10023 63132
r147 11657 -56917 55644 15653 40656 -5062 -25278 -32678 15985 62868 32379 -40057 -16203 36332 27869 -38994 47234 8535 59693 41426
r148 -35768 -7707 -64128 -18192 49500 12064 -32105 -21018 -37721 2087 -38744 18586 8105 -32198 10514 63820 33099 -11127 65223 -22943
r149 -59312 8969 -23045 31564 47221 11208 -13780 -33814 -10242 40525 35308 24804 -27858 65401 -15792 -62010 -43104 -10660 -55657 -52672
r150 -64365 9250 -39951 4747 -31281 -63915 37407 -65294 9505 27994 -38506 -14053 21326 42888 54577 41918 51753 54798 -7433 -47617
r151 -39398 5380 -47977 -58967 10881 61881 -45545 -42584 -30132 62057 21163 22739 9382 -56990 -15809 -40430 -44325 -44781 -19056 44089
r152 -47722 -47431 36129 24837 -23041 -15417 -29519 5431 57954 -27835 25879 10623 39794 53315 -22460 33427 -8582 61241 -46011 24226
r153 3741 -4441 -19350 -14595 -43681 33938 -23282 52245 23282 43153 -14060 -6552 52046 14984 62519 10131 29250 20954 -27173 63332
r154 -13081 -64450 3715 47326 53382 -59938 18625 -39803 27118 55601 -33518 28001 -35885 58017 -17264 52273 -59292 -2510 -17200 19124
r155 98 -51329 18977 6962 -37093 -60509 -36517 -2513 45443 -46346 -28052 25637 -10608 36731 -10769 56307 57361 14828 -53694 57353
r156 -13342 55015 27697 21616 -56245 11096 -43539 -42424 -49709 -14590 53486 16520 1474 -34926 37970 51815 -53102 32509 -43548 26775
r157 -4276 35997 61512 44978 47730 -32654 26559 -48128 10370 -60928 56324 45750 51792 47209 -12896 31492 53011 3593 8453 -48477
r158 8063 -20256 -19984 -14331 41022 -15862 -32721 43059 55152 60136 25032 -59398 58397 47219 22478 65402 -11768 -57431 8564 48701
r159 64129 -20050 -15374 40483 -52145 -1395 6716 -45114 -6102 25291 -22881 10581 -41540 -47815 10951 36352 22294 -84 15370 5353
r160 6855 31890 -23380 32539 35297 53931 -52378 -30829 -60123 58446 53873 22514 -50429 49225 -9026 -30138 -64203 -34674 -22088 42621
r161 25571 24451 48850 5157 -39300 -64010 42361 -15356 49870 -53228 29877 50440 -22919 -843 28923 -34830 -17544 -4175 -25248 -58360
r162 43479 -36312 17591 -36875 55530 -15605 9994 -59185 -23073 12875 -33683 56442 17443 46567 37248 -30443 -36673 41514 -25774 25809
r163 20684 -61553 -49947 -7767 -37484 35814 -43287 63420 4929 -9646 44471 -4575 -27307 -17688 -35862 49813 -44999 53245 -1729 -51786
r164 40042 52990 -5995 16648 -51460 12221 -19355 58569 22139 -17805 12677 10934 -61731 -35847 -34901 30219 -23628 48609 -20142 35498
r165 44323 44691 -26188 -30260 -6115 13721 62135 -42384 47343 4888 49512 -45872 22919 26003 -37340 -52491 50993 10601 49160 -3592
r166 -60066 13584 60907 12488 -35834 40718 -1736 28540 -7451 64223 21597 21410 29398 8431 20634 26472 58975 -4792 51076 -3119
r167 18528 -7101 -58881 39292 -24799 -24616 -47269 -32316 39520 -30060 -40086 39530 -14900 -3860 10448 51473 124 -9967 -53466 59725
r168 30734 55469 -62822 -51220 29670 -4907 -30696 58071 2550 60127 -13011 -57742 57596 -40161 -44023 -52730 5247 -16665 25015 27313
r169 -29001 54427 27796 -40536 -8979 54443 -13756 -1435 -18956 -44192 -31680 -30294 -28965 34426 59121 -1720 4020 -11277 6576 58599
r170 36392 -720 -24098 65030 55866 49687 -36816 -10101 -1101 -62489 -60038 -29171 -24449 5157 38051 43035 -10317 1279 -10491 48024
r171 -25934 -43326 -23128 17433 512 -6089 -8563 5787 41147 65036 -4110 -970 40913 -60597 60821 -8440 6445 35564 44873 51004
r172 -41264 20786 34756 -42777 45457 59028 63323 64276 -10183 -50640 1686 2840 42420 6500 25973 -11206 42275 -27136 38955 -33208
r173 -58331 -64185 -59007 9190 57711 35427 -60281 60494 -32916 -57046 8173 -43827 -56802 46859 52504 52491 -57305 19832 28328 -63747
r174 -34357 58506 58698 -55554 -3194 65226 21704 -33758 5435 26427 -38012 -47871 -43331 26549 45281 43378 63471 18723 -59597 -23887
r175 -25710 -46496 -53726 -22857 -60005 -62678 -2283 -24168 -2915 -60894 -52657 -11244 -14596 8966 -16276 -12401 -65522 59103 -63711 41299
r176 -52958 -30555 6978 -2766 5974 -46421 -1793 58147 31446 -41239 -58541 -36432 19656 20779 13863 384 -34453 30826 -56356 -46245
r177 8928 -25501 36213 -30626 39380 53565 -13300 59763 -54971 -59313 38871 -22114 61280 4642 38941 63829 30050 -20555 -63839 39079
r178 49166 50743 20764 -54697 -59760 -42786 1366 -52832 -50926 -42011 24069 35059 -9668 -49885 -47317 -38498 -11073 -15069 -2356 31849
r179 6696 -7967 36044 -61675 37519 -37018 22405 18932 -28791 27018 -41539 -64118 -23558 -50996 62097 61156 32221 46662 34547 -46268
r180 -43107 5025 28616 -44112 51659 -49539 -54101 -59370 41755 -32829 17239 -62188 -15167 39710 7374 8843 -62404 10913 -47982 43897
r181 -49494 39452 -46036 34261 24208 30481 44081 -4103 20617 -26944 -4536 56976 -57783 -16703 -12303 -20882 -7890 -26112 59878 -8327
r182 -35032 -13053 -58227 59511 33197 59147 8992 22982 28190 6545 47544 60565 20092 64280 -64225 -56887 -31993 55466 -60560 28563
r183 -61881 20156 -27561 -6226 -35862 29206 52491 -54441 36773 30162 -29479 3860 54545 -61485 25687 63740 43274 -28455 13429 64536
r184 46676 9606 -41319 20277 142 -37028 -6705 -1993 24367 13403 63074 38461 -36928 45262 -24666 16929 -60700 -63262 37152 -38072
r185 15956 49537 -55292 15059 -8723 -63639 32095 16744 -7344 9949 9 23481 -16911 19082 -22109 26397 -11151 -19299 17721 7290
r186 -38952 35794 -31093 30282 -15837 -51736 -44946 -9717 50190 -23074 -50532 10592 -14944 35982 -7345 -60234 -36666 31259 -2295 -23330
r187 -9385 39322 -60764 61615 -32524 9940 -48526 3170 18773 -5532 3539 -11329 -56507 -22456 13163 46349 8314 -27538 -23209 -53670
r188 -59505 -7687 -22118 -62226 -3581 50259 -51035 23866 -43841 -23879 -4387 3898 64511 19834 62441 52341 -7680 -34501 -48654 -59237
r189 -48314 47286 -56172 -7150 24258 62067 -63173 51335 -38587 -56324 24798 -47875 7809 48287 -40268 -18300 18163 32632 -20159 24386
r190 -31266 -52119 -51499 -41999 -65270 15997 46745 -9178 24982 46885 -37555 -49125 -28115 -52199 -57214 -37839 23842 -44447 -60600 -41253
r191 -47508 41533 -19125 9566 -40185 16789 -57428 339 -31323 -15490 219 -52816 5507 -35015 55790 -19964 48921 37559 19057 40970
r192 28945 -49327 56053 62704 -35609 46918 -24690 39000 53869 -59846 1033 -62334 5243 -6052 -17125 -61523 29257 -27890 55851 -59266
r193 377 18737 -52749 22557 59861 21055 36641 -51824 30386 -14901 58543 44676 21572 -51616 40675 -61176 20580 30371 -48568 64038
r194 31569 27072 -27747 50781 19983 -1314 598 40199 -41802 -48869 -19460 31904 -34209 -55122 -60805 13794 17654 -15204 50855 39018
r195 51175 -63331 44522 -12063 -53619 -21695 -56766 3509 -54002 60897 21423 -65225 22518 -62437 31072 37486 -43420 -58712 1251 920
r196 57215 20121 -40902 -8633 48156 37149 -53168 -48148 61355 48839 -4151 25435 -63475 -16288 48765 18619 -23002 47538 -55240 61671
r197 7673 6660 -25922 -65111 -26780 46384 7055 18407 -55318 55170 -7084 -7860 -42143 -49503 44351 -46926 43587 849 31185 50352
r198 -36788 -57957 -24802 -30150 -14232 -35790 56015 -38928 -55694 -6291 42885 -20427 -30939 -5589 -18976 17188 -387 -42804 6645 -50704
r199 -55222 -31570 35453 -65321 -61881 26050 -27355 987 -61444 28413 -48547 52782 -50974 -8405 -59228 -21561 -36216 -5186 60686 -6855
r200 -21157 -61868 -141 -49295 13186 47130 20954 -10152 -50870 -17844 -55768 -48485 -46428 64275 33887 13942 -19848 -36542 43013 18655
r201 26396 -697 27637 -23241 65374 -2843 37776 -16053 -22408 59808 -34940 -53762 34306 -41554 57536 33198 18852 47733 9715 1591
r202 26119 62172 -7478 43658 -3169 -10782 -52077 -21470 26044 -59154 63533 4737 -28337 47499 -31438 -23893 -50258 -37276 56071 28036
r203 57480 -29048 -575 49090 -28143 -28605 4459 39185 13486 -2658 10659 -47154 -46653 28827 -27489 -56941 -32745 -23904 28555 -39236
r204 -19483 5301 -6812 38448 38937 47472 60415 3250 6386 48473 -11588 7278 -29264 36928 -15931 -60037 -10785 64617 -32251 -17985
r205 28904 10029 -19729 48526 -37608 51810 46525 -37605 -3655 -16555 31349 45288 27832 25324 62839 -25201 -2998 4494 53490 49362
r206 -23160 -29948 50667 33369 -1913 -17097 -34633 486 -57475 -55717 -907 45545 -22859 12371 -45505 -55932 24451 58796 -55480 28049
r207 60440 17233 56389 39873 -1007 19895 58995 -28365 -25098 56376 -40777 -4809 -30159 -65020 50893 -30530 -37025 -58538 -58684 63208
r208 20875 -19510 44882 46729 -25097 -10372 -64814 17653 -35299 13321 -9728 -1739 -4461 30911 -40331 23339 -30480 -37297 40188 -30036
r209 30407 -16100 39154 -46647 -22110 35063 -64122 18115 -8824 -16728 -25078 20100 49902 -62391 14169 14771 -37845 -50351 37504 -4147
r210 5350 56690 -56675 61221 -34802 -39337 7562 30357 51222 -14044 -21354 47545 -37233 -8782 37821 -47645 16889 -16288 -29395 15158
r211 -14712 44796 -21822 -48311 -19697 15135 -795 47825 -17551 49438 51263 -7461 -16784 -54449 23053 6646 57605 11064 -32669 31379
r212 60166 -1859 -30870 62844 20707 3379 1146 48027 24247 -6727 23890 56419 -12682 -34367 8219 -28684 -61061 4106 -57841 -60050
r213 -20431 -54065 8071 -58864 -47446 22424 -55111 28083 60544 12620 10184 50792 -30203 -46571 -34018 13808 -58823 -59134 18334 58246
r214 -63687 -23253 63153 -41372 -57812 55719 -37996 -19387 -58973 11100 52786 -15831 4819 46308 -13997 12882 57220 -65330 -56865 -33052
r215 -34936 -48271 54227 -10601 64348 -14536 -35792 62302 57660 -61622 19598 42811 20646 40025 27909 6675 11044 -55345 -9760 -23987
r216 -24036 -42288 -7959 -62272 30279 -29634 53075 -56601 -4138 50361 -7633 14448 44341 23068 -27081 -9492 30819 12486 36201 -16985
r217 -54380 32368 43917 28277 19672 33749 -60733 -23768 -2873 63350 7851 59538 -64881 46809 -47186 -29456 -492 -38234 -41638 38911
r218 33642 33749 55183 -63682 27863 -42447 22931 65239 56819 28396 -9423 -53425 -7857 -38738 -17237 -2596 -48636 11349 14110 -5234
r219 39304 -20732 -31129 34327 32024 17070 56841 -29032 50238 7129 37650 -2902 -9801 -21968 -17292 17598 33833 -14859 -19046 -49374
r220 -15971 -39136 -44425 -21392 42514 12626 -16644 47593 26018 -26130 50063 -50672 -28256 22112 33115 62568 1413 -17782 4773 -55162
r221 59024 -11544 3418 17207 -41621 38562 -13472 14542 20372 55510 -3084 -16578 36485 -19115 28272 -44225 35519 20604 17697 11449
r222 -6691 55359 16839 -42902 -8405 -34727 25411 -26931 -32420 -4070 -37267 -11462 -64944 -2151 10590 -13890 63823 -3378 -43258 21153
r223 -63016 -33969 -31362 60177 -4006 -48505 12114 -40881 2267 -63654 -58592 -29712 42958 59130 -12264 6352 -10713 16771 -4865 49251
r224 -37368 -54609 50619 27441 23258 22789 -4514 38797 25951 29245 64947 2880 14815 -52659 46061 4111 41204 16955 6439 -36754
r225 -1148 15745 -46003 41106 -9750 37025 -27905 9917 -27966 1870 -49259 -28828 1504 2978 25040 60928 3453 5921 14598 17389
r226 64583 -82 -48651 40317 51978 32115 -8974 -36490 14836 61784 -59527 29047 -33549 -923 -37952 -16476 12372 53410 -51873 18664
r227 -32851 -38205 -29616 27581 -1289 13503 -2157 -8398 39218 1103 -53297 4526 30094 6534 6767 -52064 13955 -35779 -48326 -21940
r228 -37762 22637 23497 -35516 -11449 39644 -65374 -21405 40911 14682 45154 50488 12893 -36889 -62864 -64912 -30307 -40217 24598 -12593
r229 44094 56226 -10036 -30475 -37653 47430 54433 47739 -39647 -25551 43558 65351 -37343 -18906 13374 -43149 -26823 -23890 39407 -58579
r230 -2485 21214 -40945 56990 15315 -3276 -19791 -12558 19093 -18661 52134 -15673 -25958 -31438 -42145 -33104 15257 -11811 43171 -31189
r231 -9253 -37598 -13084 58217 17723 -28643 -63276 -31368 6257 -9507 23347 61514 45149 17796 -46273 27301 20669 44433 49266 36
r232 44409 23257 -11307 -28405 24877 -21901 -21468 -11877 35893 58546 30759 38763 -2848 54339 -41720 24790 -12926 -42415 -32391 54191
r233 40672 60647 -55952 -29271 -57660 -46250 -51931 8867 3868 58515 33826 16804 -50586 36236 -19348 10114 47685 -6473 -10992 -47123
r234 4023 41540 55671 26 58473 24024 -51297 21889 35648 -4544 -20667 59033 6322 -4042 -6680 -7536 13583 -49180 -11158 -24393
r235 -11609 26375 -33110 -60158 -809 51304 -24396 39361 24119 39635 48919 12030 -45595 60070 44542 -31546 -7453 57806 53976 10081
r236 -23477 24162 -27812 33567 53174 -50234 21185 -32145 -14438 16410 -4087 38525 27895 65169 -59819 -38898 49096 -56449 -29085 10997
r237 50784 -50218 -41259 -48384 52133 64269 -31701 41509 27546 36667 -42929 -19935 46814 -53061 -1540 -38155 7818 -35978 2910 52845
r238 -61422 -55909 -5836 -46163 -32798 11837 15654 12263 -13687 2391 -50551 65104 10821 55968 -3877 35404 -18851 -4058 -65071 19281
r239 25805 -23630 37642 55215 -36477 20028 54469 15504 15722 57202 -4283 -48869 -53415 50485 -56314 53866 -15337 -33082 -65044 -2883
r240 -15958 49729 56185 24366 -44177 -30775 16694 -18063 -33438 29648 -2871 63733 19891 21752 -1507 41767 8648 -7455 38358 -51791
r241 37935 50436 7563 38266 -33726 -51572 10641 25933 45687 -31583 -30261 46530 37183 -2291 -25470 -43065 33374 -28730 -27191 54470
r242 -41857 46165 -22462 47376 54169 -48476 23768 -13771 -54730 -35008 -57137 -23042 21584 45539 -21349 -5843 18494 -55325 2157 -16619
r243 16602 22376 9457 -31794 27767 41141 -30336 -57506 1724 38827 -31937 -40889 3269 30936 -37574 -57000 56589 -30498 -37170 51486
r244 54295 19126 55690 -21522 60842 -5065 -1702 -33681 28674 -28527 -55635 64923 -59814 52311 46941 27663 -5031 22359 -23881 -61014
r245 -38391 18678 -26007 5107 18811 -40583 58954 48172 -14752 -64502 -25473 51543 1693 40826 -29438 -30438 -42485 58190 -60306 49298
r246 -11370 -22082 36574 24123 -56333 -64625 4140 18404 -44355 44060 22884 -26681 59971 53688 -35563 52001 34208 -10856 4037 -56329
r247 11662 22271 50178 -20186 8282 -16059 62801 49352 14250 48026 59027 16830 -32533 57510 41246 44911 45503 53033 16479 -36875
r248 40441 -46369 -63286 -63911 -26638 65227 63553 5336 18696 46508 -45624 -64948 64445 9696 153 -55670 -6154 -57803 35057 -41609
r249 -30671 -449 45654 11801 27705 -17300 -8487 9798 -38229 -47315 38738 991 -36488 13199 2109 33664 -273 31611 -19976 54178
r250 13011 19918 -28291 62511 -2442 53943 -31874 -5298 63916 19502 51293 15947 -7388 16436 1479 11401 -59224 23874 -10328 11139
r251 -36974 29547 -46015 -43782 -13145 29250 -17735 35946 44990 61498 3566 37618 42764 -7044 8662 10783 64568 -19039 31309 13505
r252 55879 44428 -57189 6491 47326 -29936 -48340 -7968 5166 12815 17741 -50279 12644 16638 23925 16274 37974 -27035 -10092 33351
r253 45422 17813 -8134 27016 -10547 30479 35669 64478 7006 34826 -36382 58003 59749 -2036 -18932 26253 -15963 29019 -4482 23166
r254 34418 60003 61202 -22934 25121 -15826 -29153 26266 9089 -19852 9835 16588 57048 27764 -32032 23236 14981 -24211 -53968 24784
r255 -10031 16756 -15089 -33404 30614 -16126 -24203 -37812 18934 -25212 -64843 -63277 36140 42443 -24424 -22573 -48818 -61227 -32058 -41042
r256 -15153 18405 21514 -14089 36512 60293 -59249 -42018 -42816 -11640 -63087 -47919 -32277 -44964 -49743 -43255 846 64398 -29743 50039
r257 8250 1979 52957 4219 26986 -25427 22169 13693 55446 -14724 -60671 54455 63983 -246 43713 21520 43456 -33146 5499 -10612
r258 -1353 52270 -12696 -31382 52218 -22932 -39971 -26512 -25668 -32339 -57027 -2753 53840 64235 8556 -44866 -64488 -42091 19302 12060
r259 42663 -61748 -35606 -16986 -43126 -50221 27815 21641 -12490 -28426 35629 61052 61637 13865 -32853 34905 49288 -18250 36612 -26670
r260 36414 1817 -36500 59638 6698 10860 -41090 -33987 29503 58612 63549 -9193 -40400 26817 -44385 6405 -63107 23070 -28046 -30638
r261 -47072 587 22155 -48469 30487 34921 54270 37726 -7451 -21676 53569 -47952 45803 29731 38012 -8600 49882 27455 2598 19672
r262 -43813 -65102 21446 -46424 10421 42162 24171 -36009 -27192 -25024 -46574 58740 1283 -43070 -6980 2780 -2829 7453 64925 -33204
r263 -32285 63802 -11779 -15806 55128 -25599 -44615 -13572 -59542 -26171 -53181 41800 4936 4576 -9106 -26721 -25793 36550 -9203 -39478
r264 50994 321 48782 42982 -54077 35430 -25513 -4144 -62394 42555 28281 47749 55196 60921 44150 -36592 -38542 -38862 33910 -24930
r265 28020 -37318 -53241 -6346 -30283 16462 -29305 52043 62985 59769 8766 -27773 -62277 8813 16864 -58987 28584 54287 42521 11872
r266 -2988 34992 -21972 33665 -20297 -27062 27790 -57657 25416 54451 62595 6392 -52149 -54838 28738 13968 49424 -27187 9266 37011
r267 -47142 31010 -37681 -32897 -10234 17893 27660 48693 44664 -45015 -43249 15075 12675 -29704 20557 7575 -34534 42184 -2195 -55532
r268 42669 21110 -19312 -37987 -24341 -48984 -35038 -34307 61223 29479 -8724 -8389 -23556 -963 19503 13468 -1724 51349 -23046 24364
r269 42938 -1013 31637 -5077 10648 -28985 34217 18287 -3358 41079 -40135 4915 -39322 -46859 -40317 63563 6494 -7188 16914 20526
r270 2897 -3393 -25334 -2804 -51463 -35666 14257 49025 35842 -27577 33052 39330 58824 -61056 -23440 42588 7367 -28672 21390 -60060
r271 -52302 -14317 7017 -46866 38449 10242 29448 63643 -5487 -37015 19184 43805 -59263 62414 -23102 -65469 -33511 23822 -25287 45814
r272 -38543 -11586 -16252 106 -42210 -49378 -34714 35271 53176 16364 -23193 30287 -18060 -41529 34317 -24076 49751 20584 7189 -43519
r273 -21329 -22338 -14173 -55084 63675 26983 19211 -47954 2894 -52464 -3332 1215 -59444 -12394 -24857 40083 -26531 57455 -21133 49640
r274 -11183 38232 61869 43806 -55569 -38017 51705 36295 37155 -27817 25718 -9107 -48451 12301 -4036 -39366 -60031 50122 37292 41839
r275 -14658 7649 -29037 55071 -41183 17910 -65202 -61050 57366 -44601 -3656 -13964 12089 -5256 -55774 -20530 -43680 13955 57728 -32739
r276 8026 -18797 48341 22433 -42785 53277 -34023 -22938 -27273 34147 -45968 48512 -27347 -22655 15046 -33781 36732 -28715 -45982 31492
r277 -55006 -63414 6172 46719 -54341 -12314 59139 -63589 -29455 -17809 -9612 -45822 1181 60326 57329 -61765 1649 16944 -23792 46972
r278 61262 -23912 -40004 -29845 -28099 33862 -17848 -34980 -27305 -42267 -308 41974 65440 38956 3951 47912 28061 40463 -33925 7063
r279 -34039 28853 -8618 -43570 -15028 -51211 -55311 45345 49236 55036 26748 -43574 30188 438 -47141 19721 -27341 14877 10736 49550
r280 38059 36686 -54584 -24710 37494 41748 -12963 -9597 -18792 -51493 -30258 -34191 5855 63866 -11261 -42699 41034 54339 -32904 24103
r281 -1742 59495 16932 26616 -5265 38668 10494 42016 -33527 17481 62489 54528 -51730 42513 -31074 38197 -37182 10238 -46373 8373
r282 54411 44418 -28213 -30992 -14348 -5457 -48047 9530 -58475 -35269 -62958 -604 11920 -15184 62652 39089 36660 5898 63151 -15717
r283 -60815 -45774 40611 -1252 19791 -9976 64675 57118 -11960 52300 2831 29714 45698 -32968 -45343 -32712 37438 42284 -13184 -57527
r284 40863 -18133 43128 -53162 -42648 31253 -1268 -45465 13443 15632 45441 43274 15785 15357 58402 -41119 -10640 35777 -3559 29119
r285 6762 7737 -18638 -55690 -19058 55296 -36754 -36445 -56326 -14878 -31835 -63201 -17975 26503 51891 -50641 19983 -17365 30106 35929
r286 15127 18172 58663 26694 55028 19756 3848 1152 6172 35856 -62279 56469 -21743 15210 31482 22667 23346 -50165 -18126 24753
r287 56024 -7096 40497 -44311 -14809 47912 20424 6597 38587 22468 26457 29377 29965 -46667 54031 -27133 -8880 -52405 -64976 -63864
r288 -30337 -63490 7557 26044 -56576 49674 14076 57553 62083 -25961 63104 54118 -22592 29638 18733 8104 41255 22878 40001 50452
r289 28068 -4551 31277 10494 -21072 61231 40750 15512 2543 21934 10549 26355 52377 3858 19971 -14392 42462 -34462 46122 53512
r290 -12455 -35993 -33916 33776 16722 -22378 18973 14842 52427 57350 -27212 -49174 15716 -21235 14223 -20046 63386 -5444 -35438 -19096
r291 41998 65339 59772 60257 32478 41327 -21595 38303 -56958 9834 -26525 60308 -60035 -40964 25926 50219 -63873 24594 56787 -52626
r292 -52790 63102 -50781 -55046 31198 -8063 -13374 64889 63820 31396 19312 5931 59985 -37017 30041 -34246 15480 -59286 27910 -28793
r293 20395 31733 17861 -12175 -54386 44870 9589 52840 -34904 40345 -17566 14037 -21458 12350 -13672 -29380 -28271 -54956 2510 1962
r294 22444 48251 46544 -62167 -24600 -61802 55559 -32096 24872 30309 59979 -8952 -53885 -55640 -53586 61184 14209 62724 -33611 -2517
r295 56602 -49504 -55459 -52902 5910 -37491 55803 -10649 49872 62413 -33434 15815 -35452 62809 44655 29608 -37974 26560 -19458 -38549
r296 33539 47518 -10522 27285 -445 -42060 36717 -39737 -19838 -19120 -31014 -37951 -59185 20911 -49032 -56318 -2375 8569 -7192 12403
r297 -10773 -9070 16974 -8994 26651 -30713 -47614 12854 16138 22490 35156 19950 63927 28001 31402 56999 -5795 56331 -25966 -47018
r298 -61866 11392 32410 -26560 27644 -45068 59046 -56179 9377 -37499 55078 -60013 41175 -34887 -42005 18767 -11339 48227 -6435 -61862
r299 28939 64381 11658 44603 34737 52230 -17726 25494 16035 63073 -8034 -20696 -19771 -16482 -42887 51480 -55728 36432 -16762 44714
r300 26407 -16941 -178 6343 -29624 -47754 1734 -30597 31117 -50776 -24909 -41840 -62197 40381 -26034 -50048 42542 -40294 -35600 -29193
r301 57756 36705 63233 55374 36084 -52618 33998 65000 16609 62532 -18400 15479 25852 -45456 51745 -51121 16054 24125 -7332 59762
r302 -37018 15691 31645 -11708 -54671 31671 60259 52303 35839 48652 61507 -31250 31526 22318 -62734 -10169 -29761 38218 33069 -27695
r303 -64326 191 -63116 -7661 49748 6626 10980 11319 -3050 -5537 37910 -44075 1874 37899 -13948 36544 11241 1004 -7682 -7476
r304 32513 -45188 16435 49298 -2935 -49785 -25778 8281 -12240 58442 -43826 -1754 15448 6760 55173 41390 33324 -1894 64170 -44198
r305 25555 58969 -20785 28318 14182 64740 7747 2188 58135 56491 31356 -22858 -60379 -43397 -42433 55953 52256 -6315 -18647 35926
r306 -3298 16150 -1931 52673 8947 -65021 23011 30663 -17673 -29967 18803 13675 -20854 41421 36560 47476 9642 -21816 60616 -22704
r307 -39047 -4156 -59073 -21808 -36956 -40057 11072 53597 33189 -38516 -38213 -4246 -48161 -47849 -38297 -49547 55231 -30504 -35195 -63867
r308 -55981 52565 11077 -2182 37448 -33325 -39661 28380 5130 -37696 44764 -63736 7378 -36860 -43649 7105 28986 19789 -33004 -40050
r309 -37257 57794 -18859 -13782 -5197 -17589 -40689 -26480 -35187 30851 -11072 10459 -52844 -46711 -3232 63078 61892 -1257 -3567 -21643
r310 15784 34944 -5690 -30822 -14533 41665 -29657 -60893 17251 -12003 -47636 -15018 22831 5498 -10575 -26217 57319 -30470 -23088 39032
r311 39202 62762 50380 -14601 -10514 -7063 15620 6698 42100 6824 -2048 31767 -12715 53602 65212 -55850 -35591 17779 -13693 62721
r312 62890 -20955 50130 -50150 -64667 54635 33182 -23434 20176 12937 -63306 46676 31460 -19671 -42807 -56023 38649 34354 47511 11831
r313 37548 -25310 31605 -16610 -60466 8533 22150 5831 47149 -53632 -18523 -22823 36281 -48035 12651 57294 -3060 47511 -4248 -46965
r314 -745 -57954 -46465 -12998 -29790 -336 30529 -27331 14824 44535 -63441 -48827 40548 62914 -48154 -56163 44393 -44586 -25209 -8442
r315 -30530 48546 22916 29733 -52502 -343 62386 -10947 -28846 18360 21448 61287 3808 -17526 -20829 12902 -19362 -60202 -37911 6424
r316 34337 51982 -4371 -36617 35887 -18462 -29459 58228 -49825 -61832 7614 34613 6768 20234 42582 47917 52137 -19163 -21401 -20330
r317 -55959 62796 -43058 -11776 -51096 17100 -25184 521 40626 53195 -14198 20357 17820 10659 -59008 58801 10711 54859 747 -10890
r318 -35406 -54176 10722 244 -649 -3802 -10206 57539 61735 56413 -23513 57877 23923 -30062 -62992 -35540 51605 -41137 -10490 -10604
r319 21066 13342 16889 -60292 60490 57044 40861 -19030 -46200 -35784 -8806 -29207 -59522 12118 -57517 24056 7995 50699 -46338 24742
r320 -33934 -9455 -49780 45561 53604 24729 40460 -24728 15452 60947 60197 45979 -25110 30184 19783 -11514 -2996 -4010 -27857 49935
r321 -23488 8630 51434 -613 31622 47450 10381 -16470 -60393 -31593 36415 -43417 2479 -38485 -9112 -54898 53568 40231 -41417 5159
r322 45424 1247 7625 63808 -34945 51499 47070 14359 -39552 -22996 10461 -15720 -2577 32968 -62370 15481 45736 -58240 14283 22122
r323 -2487 23183 16497 117 -59676 -64213 -62099 -39977 5665 47379 51844 -17695 -18864 -26301 -50935 36959 48635 14586 -31386 33271
r324 -35915 9723 4522 -13803 -60218 -50858 -3144 46341 -64224 -58444 -33361 18574 16683 -65198 -42297 22797 2135 11204 -2621 54404
r325 -13873 -20658 1361 61305 -9169 -45694 38135 52385 -63730 -14452 41931 44966 -62834 -20667 -27833 -60716 6231 1928 51417 -14066
r326 -2049 33765 -33251 59141 4529 10260 -37649 52215 47850 -19493 29661 58736 13080 43132 34153 46146 -4854 -56306 26372 5241
r327 55506 8552 -23385 61164 -17195 4583 27349 56837 -44722 7913 -56093 -30823 -57478 33440 58733 23321 7675 -11418 18448 63085
r328 -6581 -18504 -34299 -36199 -42715 44723 60350 -55279 -61616 -43936 13226 54881 -28023 35673 -54252 -20980 23702 27986 50431 32191
r329 5380 -40093 35573 -59190 10929 -1298 -45383 64197 34157 2548 9480 -14489 -19497 -5735 -27745 48093 35619 -24578 -55567 -9239
r330 -27419 9084 21945 -28914 47039 -33207 -57475 -16323 38282 -43258 -55218 33338 1541 -2210 -27498 -1148 -28518 -55898 3246 -5474
r331 -1265 -35351 -35865 -48059 -35268 40771 -28084 20974 -7967 21824 28231 26591 -44863 -45663 -53553 -6246 -25428 11836 -37097 45860
r332 -6484 31167 25655 -48487 -52286 -64385 -1764 54216 -49336 -8760 55745 9865 -30211 10752 -12793 55187 58129 29683 17943 -13180
r333 39624 -24480 -3891 30361 -5113 -218 27717 -64836 -41750 33498 34264 -46166 -4092 -23069 -10863 -4814 64845 -58152 -52162 -54199
r334 62090 50566 -11724 -6869 3359 -11111 -48779 57102 35706 37477 33716 -30041 37589 6494 -30861 -12803 -5820 20298 48732 -54109
r335 7481 -48413 -56326 -7340 -10234 13416 -28618 -5602 -37346 51186 -24009 -41286 30014 56374 -38130 -55287 6236 -8998 -50794 18536
r336 12869 21660 -15337 -30579 -655 -1397 39335 15028 10936 -33341 -34418 24447 -2257 4908 39123 -17832 -49565 -26842 18584 -50126
r337 50129 -20152 -26310 15037 53092 -53756 51684 -30980 -18790 -24213 -59343 -21102 48070 2479 -10139 -25403 55849 -39120 -50066 -32205
r338 37876 31464 44605 57958 65256 42607 27609 -8694 63496 12281 -47144 41096 47293 -6547 -37124 -19336 44629 51613 -8130 64309
r339 1505 52252 -58850 40350 56069 -61017 29738 24493 -44496 -60168 39706 9462 -12249 -36886 7750 -6549 -54308 -14235 -51843 40282
r340 -11286 -32431 -45418 -13388 9042 63651 63254 63519 19815 -4885 -18254 -32001 -34878 11951 62130 64131 17746 -12377 2539 -20604
r341 15923 -31035 35060 -34790 480 -20161 26873 11244 -1165 -35104 -2150 52003 17847 -27963 15661 10502 -47479 3129 47425 -52218
r342 -65212 59891 41031 -52554 -11382 -26899 30016 38179 6093 -31029 58886 -43789 49159 57409 -33356 -9015 45783 -4087 55523 18021
r343 -22953 -2031 -27682 37705 -64366 38591 7640 -4675 54658 -45293 -44687 -30873 30834 43847 4972 -28561 -60503 8475 20884 28755
r344 42455 -34647 -37695 -27080 -46452 45990 33410 5846 26572 -12227 -46532 50979 -22027 42645 -57408 10743 37589 -1512 -26525 -23479
r345 -18013 61095 45843 58472 -34994 -52472 653 -41064 -42444 52726 -48726 -2795 -54071 28814 36765 39222 54799 -13691 41042 -20361
r346 -5233 -34507 -8775 -11821 28275 -51607 49382 56222 10286 -15895 -8753 -19572 -13424 37543 -45752 57575 -56182 63161 28752 28866
r347 16563 -65314 38300 46520 -30351 35828 10751 16385 -19951 39646 46191 -56863 -51223 37117 -39163 -3065 17941 62922 -12060 -38494
r348 4003 8136 -24343 -20116 -24396 23758 8985 41058 -59422 -43158 -44115 -57180 -3868 9540 44891 -42347 2675 -20465 2500 18244
r349 -3468 16794 120 52977 -26666 36546 -23291 -55008 -58100 60178 -42481 61152 -46986 -16103 12002 22010 56814 31417 35650 -45518
r350 20998 -56899 50192 -5920 5827 46399 -13472 14241 -12369 -62968 -50764 -248 -64757 62751 -34738 60640 43094 28771 5174 27155
r351 61605 -25233 18271 -2888 -6311 45699 -58910 13330 -43765 -1045 -26723 55633 4751 2777 -29581 -48490 -41849 -19344 42456 -44994
r352 11978 -65017 7439 16985 9879 -22269 14711 27839 4984 8484 -35097 40376 -25691 41480 35056 -61023 63932 -3935 57212 -818
r353 13730 40603 -34440 26378 7381 -27444 -15013 23148 21675 -19528 57476 34146 -9388 -63717 -3628 -35331 -65323 444 33750 33474
r354 -33940 -59512 -10234 21532 -53724 58128 -20507 56118 -34118 56819 40790 16973 48196 57571 29947 62209 1029 28983 -26753 19294
r355 -7841 -14640 -37004 33980 -12731 19523 -61124 -32494 -19503 3477 -11414 55291 -18008 -31761 -35293 63401 -39118 -44985 18192 42506
r356 43123 56597 34070 -61610 48951 -40907 41235 42931 -3756 14348 -19681 44388 -44194 -4344 -40319 48587 31939 -28430 12840 -47003
r357 56519 -44886 10340 7310 54264 -20908 9353 23772 33959 -24522 -5031 21271 64870 -47339 15710 49291 23165 -11216 -49856 -566
r358 17743 31622 49265 -60892 -2666 -29642 -57316 26636 56332 21571 -34127 53355 -46219 -59020 1592 57285 34650 26091 5879 -46959
r359 42163 -924 -29306 -56542 -62001 38781 37442 -10478 7528 64868 59696 59479 -25462 -48298 41173 -58782 -11781 10849 56765 -56595
r360 -34444 -25868 26528 32633 -53603 49405 8433 39425 -742 32467 -14661 24120 -53974 -11491 38652 -39824 -3676 -43488 -6385 21373
r361 30665 64884 49425 -16152 7440 -34637 26603 -6503 -63552 -35288 -61998 -26674 4547 19823 58222 -34786 23849 40271 41956 -20786
r362 -3501 1761 -12387 43412 47892 -29127 -18850 -15440 -11467 45768 -1034 -5620 -56185 21385 20402 24911 53480 -58629 28058 59100
r363 -35046 -18926 -38348 -57008 8131 4633 4394 -55181 -10474 -17153 -21996 60586 18227 24403 5212 -39953 27767 -9337 -53266 57118
r364 -31415 41147 131 18695 -49352 59980 -26893 -35711 -25507 7495 37415 40318 -33858 -33666 -33757 10364 -35114 -12469 -64819 46025
r365 56892 -14108 -34092 -41691 47214 -5752 -35719 30257 -1945 -1670 -52118 -31055 9807 23186 -20205 12063 1442 61932 -11985 60125
r366 -45004 -55647 -35757 10526 -54084 10078 -18219 -35709 -39503 33470 -61224 35521 -13977 -39003 -54598 -21849 -30346 -40327 -49303 -63649
r367 -50536 -60021 -47036 -11183 56044 33616 -40496 -17004 58902 32034 6231 -57414 -40119 62262 20326 -16844 35265 57168 60907 61075
r368 -30234 43677 -21185 7740 -763 -26926 1253 43053 17446 -18277 -62286 37225 49040 -64327 54826 -59283 19694 -55937 63105 -25681
r369 -54529 48646 -10922 -44979 38192 63828 59260 65175 25365 9786 -26348 -21658 -59821 50634 -11234 -51133 11082 35003 17433 23268
r370 -54058 -32565 -35921 -51121 4432 7456 19524 37065 53131 -17500 -62688 -18769 28210 -11207 54978 46070 -11192 34001 54736 1503
r371 -43424 20953 -37722 20547 20408 -33114 3249 -50941 18316 38898 -57138 1018 50738 -33165 2160 35317 9095 41652 6937 37977
r372 -49262 -27003 -47016 7193 -23715 -8730 -13144 41351 -31922 -17545 56464 50446 -27139 4020 -4660 -4063 -57571 -2153 4041 -48033
r373 -57180 15858 -19341 24980 11524 63314 -23028 57211 -17293 -6416 10994 3195 350 -41822 -22396 -48446 56145 -20870 -33389 23794
r374 1019 42110 -61665 -58094 -24602 43274 -43481 -45170 -21365 39859 -28456 -52592 -46381 51267 -34658 28775 -61834 49073 29276 4968
r375 7580 15895 -34179 -30495 -29415 5608 -34825 -51419 63717 27866 -26390 18330 5855 -36717 -32784 -27901 54713 -39712 -63941 -10011
r376 -16102 -19956 2686 21235 -28955 17366 -28492 63672 -17490 -22035 54774 -15471 42929 -668 -24916 24197 63831 25602 21387 -8759
r377 -10255 5290 -6124 19044 43495 38363 -60157 -55943 -12439 -36114 -46648 35887 -41841 -9404 -53739 39690 -10368 449 -6898 -40563
r378 -11149 57631 -10617 55850 59873 -395 -22966 49925 -34744 -50528 33905 48647 -42331 -53910 17459 19507 51139 -24559 -39779 -19846
r379 33477 4638 -44954 -17888 49202 -13146 56348 -33080 -49968 2452 56028 -61299 -16578 -41580 -55190 36405 -41099 -63934 -28753 -7328
r380 24368 -50587 -39554 1758 64425 19597 -10219 -23166 21533 -23719 -10213 39767 -24261 48993 -41211 -9950 15683 -3436 32301 -13913
r381 53430 -55888 -39340 -45616 23513 37270 -39918 -6014 -1879 -46551 -19450 -902 -45609 -55791 -37220 48130 -8143 -19444 34307 64033
r382 -20460 -22770 8407 -29967 11803 -45713 42516 30168 1120 -1434 -32822 -2117 -51016 12025 -37808 51262 -30098 -32057 -64224 52956
r383 26962 32916 -54496 -25545 31373 53653 11571 -61420 41640 -49136 40206 60077 32059 -47535 50109 -40504 -62909 63542 -8226 -2429
r384 36555 -52226 8039 63849 -2665 -50604 -15965 -52193 59309 -46199 -56069 -44747 19562 59993 -39147 44217 -14399 29512 -30206 25011
r385 -44652 46684 11849 -46797 27137 -13143 7952 26260 9090 -14585 20729 -33293 33035 24416 26104 -65432 -54820 62011 -26790 -48733
r386 -9220 1129 57469 55992 40814 -5952 26969 54931 64526 -5807 -56844 -32336 -52120 49387 12898 -4943 26942 -47129 23431 -28096
r387 23061 10703 17975 19065 -31312 -27434 -48658 26246 -25945 -31167 45297 51256 -15411 -62522 -21493 -4146 -12806 -59605 -7021 -21877
r388 -34826 -57064 604 45927 9338 -25306 -65415 -50290 60428 33850 -7445 35153 -26364 51617 -63779 -26850 -33881 64540 -60477 -31153
r389 -37643 15818 -46569 -32270 43481 -50067 39867 -29510 48221 -54331 26418 61113 -2673 -42682 -41921 -54279 50946 35633 -52382 -39473
r390 -46677 465 38248 37636 8127 12944 12194 -63457 -55804 4554 -31127 51191 60306 6119 -43243 -57180 9901 61436 52480 -57407
r391 42993 3185 8174 -6752 4264 38605 56398 -58946 -11985 12166 -42861 -28769 57931 -38163 19243 25663 64261 24974 8838 30180
r392 -13896 -43248 -50202 -55382 15939 -57607 -7757 52882 -32833 20568 33432 30634 -6187 -4241 -27779 41532 8351 -40704 -51119 -44687
r393 -30432 -17794 -49797 15872 51795 61436 -27542 -30666 37229 -15064 -63462 -15155 65029 10543 64161 -61758 -51153 11153 -34883 -40220
r394 30682 51615 34002 37756 -49976 -1381 -21047 -20132 -36442 18204 25053 33845 -25998 6007 16076 37311 56854 -64007 -20426 34187
r395 4905 42238 -14667 37722 -8346 -47199 -40871 -8891 -3688 -39836 -42898 -12099 -22336 -5051 -25167 35538 -27985 -7819 -20128 -16700
r396 25406 -15256 -51823 -50486 -59180 -60977 54730 -29397 -42045 -40709 54485 43352 -37418 -41062 -46357 35317 -59994 20082 4347 44431
r397 36623 -54743 -48070 41319 63377 1405 -33362 -34873 -28953 -9779 -14829 -24505 -47374 -40784 -41870 12705 -54499 -43420 -59692 -62040
r398 -38872 -22313 -26689 -28765 28632 -1469 -38033 -11029 -16211 5279 -10871 -19638 -10220 43416 -13484 -450 -64319 -6477 21094 2501
r399 -4916 -44179 -38177 18602 19453 10895 -29119 -61328 -43229 -49595 -39600 46586 -28729 49265 -7228 32485 -10975 14026 -26407 23712
r400 -25687 60076 -61886 -56143 -22332 4364 37458 -34322 25730 -49549 36586 36171 34494 52857 7710 18527 -50707 35743 -14602 57716
r401 -52150 -32374 -23514 -64753 36925 -25536 11101 -59083 -16750 8356 60412 -27853 -34529 -62657 54021 39704 -5493 43315 -31596 -18835
r402 -13210 -8118 -65290 40267 -11318 49652 163 44653 -21536 -50971 -55078 15133 2011 -54725 -36842 35700 -62990 -11545 60469 -53740
r403 28835 -55808 11845 -33077 26032 -5185 32271 -25989 28804 1705 -32599 -28153 4804 -42988 21910 60814 18349 10929 34590 43682
r404 -41297 -22823 17279 59496 -53176 42644 59989 -17332 61005 -38336 -60492 13651 -58230 -26907 28662 14250 14943 37611 -6357 -54829
r405 53325 30139 13119 5837 -32109 21079 -7229 22828 37540 10921 -29575 -2327 33863 45270 -21637 -5401 -48195 49950 -23786 63708
r406 46352 -58230 -42214 27731 -33751 43353 7864 -29779 -42462 -33564 -60793 -53684 -49701 26349 -36731 -24348 -59438 38682 17198 -31879
r407 8014 -33393 -11683 -38090 -34664 27843 -42360 35379 5804 -42198 13332 -761 -14255 48421 -64738 -34135 -611 32236 -31601 -2515
r408 36338 10590 -48402 -28452 -63456 38333 40717 4455 22947 -44546 -63495 32232 -42587 -13607 -29482 -11089 65266 62394 16096 30929
r409 -10279 -62012 -43385 11066 44353 52700 -51120 12745 55919 -64915 -31253 -22425 -39437 57161 -19818 47855 20476 59003 -12827 61237
r410 -40809 -44338 30018 61232 17087 908 49863 -44302 37858 -30327 -12492 -65374 -12180 26255 17740 -52530 -59808 -57801 -39668 8179
r411 25786 51858 45242 24006 52155 59823 -17668 17945 44940 21824 10911 -64066 61853 -60673 -60220 10000 33573 -2844 53460 -35362
r412 -1670 -40565 45876 -27324 56653 -49546 -62249 -50238 -23944 -19862 -58714 -20086 -6358 14268 -35148 -30395 29857 -37885 8659 -42966
r413 404 803 2887 -8604 29198 -5225 -36075 3586 -44878 -21115 59932 17079 -50549 -34999 -6706 -2198 -5538 32707 15611 -60083
r414 -20744 -21573 32997 22057 52462 -27128 -4914 -30234 -37019 55601 22604 63100 14516 -57965 35686 -61289 -45388 -1009 -15821 -1410
r415 -65473 35525 42292 -17882 35509 -57047 -14375 -32031 53726 19675 -47217 -44143 27841 49657 -34671 33694 -26495 -17811 29710 13264
r416 61174 -32301 32161 -47432 -32360 2902 -53209 15072 41827 18286 62653 -42667 -3205 28706 24493 47450 24419 11640 44283 -2655
r417 12512 41306 -57202 -33254 -36253 -45494 28879 -42540 19038 -34711 -12412 -16045 -49869 535 59657 17572 -34514 -3920 18689 -53406
r418 -20629 -3225 3916 44430 -20070 15422 56720 56598 -16363 -34754 44380 21615 60717 6601 -60237 -2036 24287 -30740 26184 31341
r419 60040 14279 -28123 23058 -36064 20892 1981 -14902 11127 -8297 -54222 65037 -28917 -51496 25224 61047 49558 17090 -26116 61475
r420 -3344 5603 -9688 -29617 14642 -55876 -52169 58460 23116 -19265 14286 23281 48213 -36613 48446 34622 28013 33049 20947 21639
r421 20888 -39187 31879 25935 -3437 -34240 9830 54276 39073 50631 26713 29339 3542 63170 23398 50234 27632 32060 -55625 -13572
r422 -62459 -61676 878 57658 46944 860 -38545 2146 37331 -45138 15458 -53674 -44914 -33390 65108 48128 -43307 -25937 49932 -7731
r423 8555 30738 -5213 23897 -52061 51185 16847 50014 -22437 61516 53215 29321 -39091 2248 53217 55310 18163 34253 -25088 40904
r424 59447 -34985 12398 52347 9965 -39335 43357 57840 -29480 -13013 -57362 59888 -54752 -27494 -19678 -39087 41558 -58761 -52989 -22837
r425 40499 63472 -42088 -28567 42423 -34824 18594 -35371 -2904 -30808 20612 -49007 -8935 -47728 10354 7556 -39231 -49474 -21239 -15989
r426 -54172 -34680 -9799 -59594 47622 -58829 -61365 -20696 -52285 -54235 -59948 -58370 11734 38818 22638 1994 -30873 -1087 11206 61301
r427 -12557 -47126 -10733 2498 -7541 56283 -5307 -20327 -7010 2672 -30083 31451 -5679 -7426 -14443 -19572 -38186 -10488 -42381 -48619
r428 -61795 -52244 -47138 -58703 -1039 -5889 -23249 35838 -725 -7133 16874 21357 -44433 -6754 -57143 34298 488 8713 57641 59377
r429 2902 -251 -40189 -59054 -44862 -63991 -26929 19175 11219 -37172 -3328 -26861 13667 -39389 36920 50694 45509 -8382 35457 61297
r430 -61262 -48330 57318 25142 -60743 -44997 -50320 -1757 -10191 30970 -6074 65147 -7412 52756 54509 18910 -24155 -498 35931 55797
r431 16919 -39858 59904 13480 -16405 20791 -24445 20035 1257 -23774 -11871 44456 23677 -30909 -21114 65383 61235 -46927 -56482 1788
r432 26822 42157 46005 -51182 -54503 -61267 40460 15681 63657 -2704 42304 -56477 -54372 20757 -29574 41332 -4503 -26300 44805 34849
r433 -48979 4130 -3703 -18635 42073 -11495 -34040 60781 -8881 10784 1229 24078 -32961 -10969 26505 60550 20589 23627 18968 -48819
r434 -32367 48369 -65471 39223 -10713 -15052 -35104 -26958 27474 -21489 -33851 -32275 58834 -60268 63718 33756 -57293 8269 -21519 31077
r435 53026 -17 -40199 -33646 19529 12181 -60409 -45682 20514 43885 -10311 -57406 21538 6876 35034 -51614 -38714 17218 -10174 -44347
r436 -23123 -46282 8686 -27467 32952 -44736 -39512 -891 30693 46643 43357 26535 65295 -472 36395 53523 -30488 9155 -18250 -62049
r437 63938 42381 -4078 -49230 -45301 34329 274 64530 26820 -62978 6787 46673 -8164 10525 -36420 42047 57162 -7964 -55260 -35142
r438 -8130 12091 -44161 -14861 33424 14266 -37828 -23062 -17842 -47052 54670 49090 -12219 -43678 55305 -50887 11505 -60245 62893 3500
r439 64575 -57736 -48123 -58322 -57096 -54261 -53381 -61492 29441 -2499 -30197 -48907 -34361 -39861 63201 -52330 31384 -56076 33388 -30036
r440 37584 22853 -32334 -41549 23128 -44578 -27888 -11882 19430 16733 10750 62989 7289 -45876 -24495 7082 18573 60620 21239 29220
r441 1884 -10717 -51126 14904 -2871 -35651 -35050 -21379 31309 -18358 -31217 -40991 61368 30472 37805 58032 36957 -186 -4001 -43227
r442 55248 -17929 44936 -40922 -52659 18059 54413 -44660 -24532 44195 -37253 36269 -34987 57257 -51383 2975 -14917 38523 -41567 -23624
r443 -60395 58426 44334 21249 -23161 -24881 13756 32779 6038 27736 -42305 -3915 8671 -9118 -43025 20660 19557 -20277 -4202 63611
r444 38326 -47519 -9651 36570 41242 39021 -7742 53646 63852 20399 -36030 1081 50217 -19032 -42767 -51576 49988 -63585 -45315 -13162
r445 26832 -19293 55939 23578 -34384 -33968 65211 63746 -45259 56376 -42588 44928 51799 24243 9699 45604 -40222 23857 -6667 -43102
r446 5780 14089 -5802 -60546 -42467 -53798 -30833 -44232 58745 19793 -56496 -7102 -33643 -107 -20109 -60308 39984 -4914 -28499 -32397
r447 59438 -429 -21261 7414 42437 -52042 7772 -2046 8793 -5521 3120 46927 -56721 -38808 48682 -21456 -29422 -57913 33649 -11110
r448 -18386 -33469 -49072 49077 -25968 -61596 -8991 1818 -15010 13352 20243 -2085 -11956 3635 -26455 53815 -30835 -18893 -7189 -33378
r449 -7261 -41548 59673 -59034 23271 35394 41828 24983 53244 -62559 46428 -14552 7838 16399 9078 -38474 64397 -29454 31557 -29273
r450 -58757 19223 38815 -49650 -62764 34364 48154 -63262 -58319 28215 -2368 -25720 -53546 3662 -12938 50443 15564 -37939 23977 -3610
r451 -44842 15884 28198 -15978 -6919 -44815 36026 -42830 -764 -5571 32094 32360 35501 -64853 54123 -43492 44211 62626 -22182 39958
r452 49921 14918 -12424 -64050 34135 -30380 -15491 -5254 5091 60046 11626 -28220 15854 -16500 -46758 19955 31409 -16898 -22173 -49819
r453 62345 -3861 -38752 738 22284 -42819 -16294 -20440 -15804 62677 -48197 41767 -48517 24056 -35691 -54512 44615 -3080 54869 33077
r454 -15556 -4621 59997 -41371 -4917 34522 48980 36544 -57611 15925 64732 -64134 -17573 22891 -58031 8325 33041 14518 57175 -29512
r455 31385 14944 -60363 -36534 53250 1552 333 42557 53894 18494 44439 -47732 42265 43691 -20200 32260 30408 28539 -13381 -12018
r456 -34142 35496 -20699 -31474 65422 31870 -62284 34870 25222 63527 51154 -10320 -54140 7340 45791 40066 -21830 -24963 15924 -43362
r457 4317 50435 -45570 -12478 52593 55115 44233 -24275 1656 7595 -15975 7456 20580 22470 56162 15768 42882 58498 -18375 -54592
r458 44966 39229 -20302 -39995 -36918 -30029 8940 -28106 -27089 -62969 59080 -38508 48050 -47488 -58250 -33496 44119 -64741 20429 57294
r459 -64032 6172 16641 -37400 56058 63620 28689 -20353 -63139 16002 -48422 56696 -62420 32825 27116 20257 64039 -57264 -806 62615
r460 -43320 15304 3268 47527 1661 54344 10299 61333 -12250 -30358 27039 30510 -37949 51834 -26655 36839 -18340 1201 6795 -5997
r461 61191 63473 5459 1170 35040 53035 56825 24634 -20530 55256 63549 -63844 -28634 -29204 43184 -44564 6873 37427 -25386 -37189
r462 -10002 28079 17603 -36912 -57145 -39011 -3184 -58099 -26827 -25144 48769 12160 40267 52766 -35999 21853 -4250 22817 -36219 21111
r463 64974 -56686 -49632 -8409 12038 -50583 50700 24791 -27915 -21435 56108 -26121 32064 -15850 33734 60161 -14900 -32972 -12162 -63593
r464 -19350 -19640 -19979 52780 -5051 -46580 -27841 -61555 50762 49108 -9292 30321 -64330 13732 -56592 40884 -3935 -7517 8492 -4528
r465 28776 -57975 19566 43330 46078 17151 991 -64563 1008 56528 -22759 -27753 29726 64537 17348 -48732 31252 -48712 -21180 13806
r466 -39110 -1979 -57262 36925 35742 19296 57221 733 18419 39555 -61513 23248 -27070 19155 -26273 -17993 -695 56368 57261 8986
r467 -3259 2799 -61609 -19694 3786 29534 21628 60337 -42695 24694 31806 42745 -59551 6805 -26304 46396 56900 -18911 -14953 7186
r468 7724 31739 53302 47134 -53210 16052 26189 21625 7476 -63307 -32753 -56315 58483 53419 34058 17156 7231 5881 35903 43836
r469 13267 -57206 -62983 50324 -2229 -15601 16152 34645 -48734 -5585 11968 65494 -34985 25536 -41186 49939 -53318 -38158 35298 -14078
r470 -58355 -34269 29079 1225 -65044 -10137 34095 -65162 -43815 16889 -60956 -4816 -5916 56851 38687 -47090 58067 57031 38690 65452
r471 29541 -301 62658 -1440 -53073 -31530 -48239 39635 8302 40987 -58135 -6559 -55496 39638 -43464 -47102 44297 -10311 33635 47446
r472 21910 53068 34581 55926 49930 48377 -38822 -47177 30847 15996 840 13143 -11080 -59161 -20297 46650 -17374 -25134 7504 -78
r473 -57335 16745 -22192 -24322 18790 59621 49326 65240 -17591 27768 -62970 52328 25416 19497 -36213 61620 -53963 -19153 2656 47600
r474 8999 -11026 -18622 -45167 -12232 -54299 30507 64366 -50119 36455 -33679 26384 -26375 -49119 14313 42796 47896 -17617 -38016 9288
r475 -3917 60846 55953 22688 -56268 52234 -30818 -11120 -55849 -10435 -33253 -24629 10771 -23676 -63079 -55610 48209 -46575 -5450 -43249
r476 -23320 -32584 -16081 -59265 -33533 4815 6872 24608 10981 43811 34939 -5629 44510 -59813 39609 53478 -41199 20563 19526 -39672
r477 -1590 30615 -35322 -14045 58635 -52630 -11617 57332 -748 -24184 61815 26970 44747 34736 -41309 43866 28008 -60289 -1813 51635
r478 6240 -19576 -29641 -34277 -46470 58768 -5725 57525 64062 -1243 -1339 39372 41514 -28072 17760 27155 36982 -17646 65191 -16939
r479 -35615 -28468 -26479 -55338 -44872 7328 46692 15794 55874 46826 57614 37272 -56387 -30880 26697 46037 -1108 -40325 62813 14732
r480 38593 3970 45226 48964 50416 24324 -32289 -42463 34130 23877 58894 45563 6283 -60947 43679 19776 -58131 44214 24467 47937
r481 48092 -6045 -58848 29988 -9828 52928 -13504 -52796 24916 4379 -44772 -25190 57478 35604 42317 -49553 8587 -4898 -44101 48771
r482 -16108 22487 -26935 34946 -25228 -12998 45094 49908 -59996 -61035 -53857 -60688 -40457 47139 -42946 51392 50197 -55635 44209 -43527
r483 -35248 -58242 -41654 53469 -10339 63617 -10857 -40825 -8996 -26245 39740 -17373 -25021 -31941 -44357 -34861 44688 15134 4647 -20295
r484 -22850 -36987 44478 5245 -9423 33600 50453 -6401 22978 53441 -38278 8401 -44253 -47327 -13305 3676 50272 -30270 34045 -33839
r485 -57069 58304 -50983 -57393 -51798 37554 3068 -435 -49465 52482 27813 -35373 -50014 -21652 58977 -11639 915 22796 -29707 33991
r486 -52387 -41210 -25077 65403 -8657 -27677 27192 -19646 -7148 -15373 -40374 40096 338 -59050 -1600 35097 1501 -32852 -27980 -14764
r487 7207 41391 -25160 -62722 14960 48748 25594 7553 -55486 13867 1034 51408 1798 -31936 -34494 -39366 15481 -27504 -63580 2050
r488 53305 42705 40166 -24937 -17025 -15339 -59565 -24726 -34475 -47062 -27826 21195 -60681 -42142 -7569 -5719 52355 42055 9 -34901
r489 12897 -2704 16632 -42628 -63756 -65068 12593 20011 25950 46590 -9280 13186 -35577 -13157 -18961 37895 -57346 19333 37128 -16644
r490 -45322 2733 -34468 21479 -45699 -62839 37689 21957 -46547 -57438 -10643 -58163 17935 9981 -16622 -11071 -53710 33806 53233 49395
r491 272 -8459 28433 -44713 -12616 33515 -62913 32939 -64863 -24903 -29515 57344 45261 -45305 -15900 6034 -60243 20356 31745 3176
r492 -38222 -58912 -53395 -36985 -26605 -39020 -52722 11971 -12785 -43436 -48648 -62899 -58341 -11772 5741 28095 -51603 23251 -12582 9000
r493 41742 -42825 24093 -35992 -31915 -28900 -47291 40444 47971 -2310 31345 55913 62440 -2035 63424 15745 -42579 16445 56084 -29931
r494 -56687 61618 15208 -42555 -5691 44272 6271 -62469 57489 58330 5488 -64866 26937 12269 20446 -25504 17231 -65399 -51590 -37087
r495 61381 53774 -22473 42130 19219 38104 -26856 -43076 -23838 31276 -54767 47100 35232 1146 -52783 7105 -60495 24663 24966 -38511
r496 53073 -62569 -158 26393 -60267 -12855 43459 -37200 3377 -56481 63849 -9981 -21205 -45757 -42563 -29052 28492 -28427 -56 -52132
r497 -47493 -62689 -36120 49909 47545 -56198 -22422 58578 33647 -15651 -59278 -53886 -61527 -30220 33314 44480 2778 -10297 28920 8642
r498 -46963 36005 -6401 4379 -54457 -6384 32750 -28028 37245 -51909 30552 -43043 57338 -9168 12409 -8895 -879 62273 -65254 -43654
r499 11322 -43690 -65155 40846 -7062 33611 -26915 -1956 -35639 61474 -23351 -25917 31093 61108 19152 43257 -43766 -55569 -23692 54078
