mTable29 21
KEY  c0 c1 c2 c3 c4 c5 c6 c7 c8 c9 c10 c11 c12 c13 c14 c15 c16 c17 c18 c19
r0 -19986 32047 30316 28130 -37280 53307 45726 -9380 -31802 18929 12283 29302 -65055 -35947 1236 -4958 57491 -38648 44493 26353
r1 55936 43234 15832 45407 30955 36731 -58422 -61284 34679 -17278 -26872 6062 47336 -24998 -10367 49302 -64683 -44952 -43595 22594
r2 -23744 -39408 -43632 57182 -51854 -43406 15139 60163 -1952 21255 -54812 2804 9468 3507 39001 20119 32719 -531 -7582 -13023
r3 62734 15218 40187 58342 -56338 -28825 -42081 60154 16080 -42790 16982 57079 57787 52648 -2903 -13451 48777 12496 62714 10278
r4 -11450 -51818 17608 10962 -51325 -16796 28915 53124 14818 -10507 -18485 5958 -15 19999 12067 12972 37090 61887 -58965 36048
r5 63375 1913 -53236 22277 -41482 -48099 22386 37858 31777 28209 45614 -15628 6958 58168 51036 21745 -20331 -39875 30034 36038
r6 41983 56176 -19107 -9586 -46516 -59105 20781 -37583 -38017 19708 -47699 3603 -27683 30617 -23997 55593 -35406 18183 34680 -30472
r7 -63911 40257 -55409 37290 -29400 -58028 -44757 25014 62428 -24729 9472 19966 -8646 16976 41983 -56949 -44602 62470 60065 -22785
r8 -26090 99 -41798 -12135 12473 19609 -25991 -38543 64552 -8513 23978 16629 54007 56607 -5917 39142 42436 61651 -25599 -15137
r9 -62466 -36373 28671 -17867 54598 -59612 32268 -56657 -29031 25863 32726 -63270 -45602 -45872 54569 26657 45758 -19398 -16796 -2004
r10 -22825 38466 55735 11971 -52896 64285 -63914 -36000 18496 -30920 -59467 -50337 6319 -39213 21200 39646 -65307 64198 58686 55043
r11 61064 58169 55031 -9481 14752 -20734 -7334 43387 -27202 -17140 20297 53416 -18692 -50531 -49454 18145 47006 -34204 5331 -12932
r12 -38294 -43834 -28431 65477 25394 -30132 30515 -9205 -58950 8524 -26689 -12338 -20214 64125 60844 -15145 26733 57360 -52490 -1182
r13 -12209 39316 51222 27247 -12571 -40396 65065 61100 34654 9326 -35845 45488 -4484 28741 27901 32664 -11950 2001 -55614 10617
r14 -6292 17005 -60706 48693 1450 10362 -40908 31842 38154 44616 -24295 -7761 -44875 54180 -838 59740 -49738 -17883 -39808 28760
r15 18117 44196 -34357 -8414 -17962 -46303 -29966 -57195 10504 -38572 -47005 -14873 -6099 65316 -12248 38620 -44604 51581 22026 51757
r16 15788 -14196 16076 43415 20800 49139 9859 33379 -61263 13136 -5289 -15409 -26511 50898 -18776 39544 22602 -57962 -48120 20898
r17 -11744 64563 47581 60852 57651 -946 -50834 -54836 20856 27244 30542 51031 -20938 10018 1511 -3095 -26674 51537 49465 25170
r18 42605 -16898 -55443 46372 41325 -44872 -29109 24733 -25260 -63443 -39420 -164 45033 -16859 -26648 35200 26803 21740 10692 -50886
r19 -1133 -31471 50103 61500 -41081 32534 -47441 -22706 56916 61945 -16014 23141 -4363 3177 7604 -43006 -32782 9822 -29728 41088
r20 56895 64769 53866 -2954 -51117 -20834 45281 -14595 38653 58280 31558 22976 -32343 -25548 -4172 14600 -12662 1497 -14585 17144
r21 -31510 4998 -39880 -41837 -55446 3210 -42588 -12223 38238 10565 58149 -43142 43796 25830 -51814 -14338 39375 -34264 26123 27104
r22 7822 -11105 -22337 42452 -17606 -45914 -13860 1216 2898 -34672 9787 -25983 51297 -60845 -15812 -10797 9883 54773 -5072 -44505
r23 31811 -60368 5563 -42207 -3798 -4138 48599 -25315 -19988 -18273 45096 -16355 -59342 -630 33510 28826 -59198 33635 -16059 -57193
r24 62662 24582 -24514 61972 -13003 59446 -20546 6660 -60574 53873 -30553 7799 30338 27098 -19772 -13548 -2204 61846 -65319 -12722
r25 32319 51822 -58872 54047 -49818 -15162 -55522 5461 -54933 33791 -55306 -49347 63256 -4898 32808 -32098 -65348 37908 -18626 -46565
r26 -42774 35990 13409 54981 -13787 -8214 61551 3153 40221 5779 -23280 -62853 26469 8428 -24934 42329 17420 -55511 -53624 26164
r27 -14737 34360 61084 -46842 -9361 50225 38072 57534 -7487 17401 -59808 -50232 -64626 47756 60547 -58095 22466 56275 63592 29129
r28 -23280 2672 -49549 48996 -2026 509 9593 -47579 4168 -16791 52436 41784 -16359 -15265 -55671 53600 -40107 37489 -60751 -34941
r29 60172 -10385 -5829 -4357 35517 46765 47553 34212 22794 38209 46672 61561 17014 39013 -42979 -28583 -59152 45388 -43066 -4823
r30 -58141 33903 -256 7648 -9482 23187 -9016 -44593 44761 -20786 -30840 -21633 6131 31972 35580 -4774 -22116 11843 -45982 33265
r31 39960 -12259 -5860 33279 -58439 57736 -35963 -33572 20683 -33311 -5273 -35771 9950 -18825 -27314 6165 34431 -34280 42944 20651
r32 3875 -49919 -5365 42924 -25374 36466 -37477 47135 -36305 -39062 24114 -3219 44323 36476 37423 39045 -45897 29548 44794 21838
r33 21594 -5323 60392 -47282 55268 -7806 20946 -52777 -63334 -7386 -36898 59399 -16241 -29343 -35754 61052 31568 45860 40 -2787
r34 -65318 15290 62937 41138 -57000 -50220 -64042 -10 30144 -25750 40938 30380 -11864 46804 -40674 -26524 48303 -38272 14015 -2857
r35 65378 -36292 -29167 -53327 -23833 -16296 -12274 52774 -52704 -61974 -25343 59787 35534 33582 20150 -64131 -32845 18433 -33904 -44105
r36 -61586 39794 -39450 28716 -22290 -24759 -41292 49663 37999 -41596 -8973 62467 -63747 -6794 -14256 -24675 -45586 -9673 51549 -31783
r37 42217 -9451 -50350 -32535 -52984 -16099 36919 4324 8463 -11172 -29704 -38451 36247 36404 -27732 -57547 63724 -17992 65340 -58407
r38 32435 -33844 -1619 3143 61076 60611 -36640 9702 30877 -44299 -32706 -1332 -8536 -43159 -12368 28019 28731 -61100 -51215 -16585
r39 -4085 -8484 16419 41982 -35364 39333 47061 40348 -9560 -39248 -2467 65329 2382 44981 9089 -59657 -56717 -33364 -25484 -40308
r40 19411 17176 7580 42293 56799 17068 -31488 5001 -44133 25638 -42671 27186 38139 24220 -37789 57036 38351 9928 56818 44574
r41 47641 -42883 -61965 -63927 42479 37913 55255 -2829 44673 793 33524 45258 -16308 -20384 -6529 -7696 31428 -14658 -59352 -20156
r42 -51803 25091 -7346 26961 -50432 9833 -17821 8234 3308 -45012 -52591 -59193 27218 30225 -52435 -34617 -37186 45314 -830 54958
r43 420 23955 48274 -2205 50229 3456 29335 -40092 -50562 15548 46258 -49773 -21246 -11719 -32460 4213 56939 28887 16938 18009
r44 -58505 -58317 61148 35608 -21169 420 -54134 23578 35229 8103 -3156 43456 37598 -45262 -23010 59424 -14676 -50421 34575 -8804
r45 19270 48580 55091 -61534 42643 -36971 23094 61056 -13297 -16948 51814 1713 -46283 -29916 -34769 -20009 46060 -46369 23974 18357
r46 55314 -1801 -14503 -34938 30018 -10190 39474 46268 22767 -9405 32236 10753 -13962 6128 36101 -12211 55690 57657 46090 1259
r47 57645 55917 -38645 -23489 50752 62667 63130 -42178 -57012 -20528 39506 -27735 -58928 -34934 -16426 -3435 -62870 -28948 40132 -15739
r48 -40312 -54403 -26255 26118 61480 -10083 36063 51509 -5511 53629 -38437 43780 -3852 24504 -39777 -52769 26271 -19447 18567 18688
r49 13384 46689 25133 -21135 9850 -52617 61816 10970 26544 -2791 2393 31610 -44476 -58089 -18518 -5835 -29902 53367 23967 -49176
r50 64342 2345 -12266 -49394 -9414 -11914 57204 -24550 -3753 56653 -750 26942 53121 -48424 -10519 -59744 5893 35386 -49096 -21872
r51 -20976 -60492 -19994 -11674 -56912 -8073 5402 -46025 -65172 44055 -58069 -42719 -453 45913 36476 33516 -14410 20917 -6420 61393
r52 -55917 49734 -2987 12834 23724 -3425 -54183 -60021 -54539 -28206 -30491 -44696 -46858 57550 -17850 59346 53377 21512 39166 55502
r53 -18693 -62249 50249 53535 4401 22283 -8743 53120 -29913 50872 7746 41071 -47258 1410 42484 57908 41377 26948 22435 -13702
r54 -5267 13731 -56140 24729 38790 33793 -30338 38778 38683 -13674 47321 22803 25789 -20640 -20756 -1362 -60300 16351 -3747 -46497
r55 57555 -60659 36634 -39774 42437 -11129 -57155 -50615 -2490 58944 -56056 44948 -41723 33890 23269 -25367 52495 -4511 -15444 -26199
r56 8057 28153 63321 8389 9031 30608 -39999 -7855 4467 52402 -61959 -46187 -61082 -28536 -61426 -58190 9705 49097 -53617 -34378
r57 21983 43045 -30799 -27441 41375 46376 -62179 50445 -5331 51270 15628 -53230 -40892 -36093 1521 -29553 34355 59434 6723 8059
r58 50599 -38857 -32117 44825 35847 18064 33380 31088 -23463 64837 59582 -8800 6232 23631 -2906 -58888 20324 -47122 16902 -33341
r59 28249 -29627 50134 29965 -39438 56621 -34123 -38996 55190 57990 -14284 58363 -39447 -26968 34732 -43327 -41049 -13303 -12476 17084
r60 52886 46557 -41021 49261 12414 -63864 -60186 43598 36469 -51376 -22232 -33102 -58761 -19999 -61049 42488 -226 20613 -32605 -19479
r61 -3561 41589 -19860 -61969 -47150 34264 -39138 56905 -20615 42473 34148 7896 12417 3090 -41140 -18077 -1048 -24053 32132 -35462
r62 23311 59505 37022 -2998 34770 -41498 -58455 -20062 6163 17266 55999 -8947 392 37576 -47231 39501 -56144 18141 38816 -53746
r63 -29129 -25423 49498 21045 64136 -2308 -63045 16339 16814 -57453 41753 -57864 22959 44242 -63326 -29550 16204 11354 -50990 -23259
r64 -42752 -31770 33681 16483 29422 -54960 -49299 -7788 -43795 -27648 -25827 -4647 -59015 2375 13132 56336 60052 36680 -3210 -3241
r65 -41943 30837 64637 -63059 52127 22895 14554 9788 59719 -39540 -22540 -57466 9430 43072 -7192 8210 -18902 1953 27994 -59863
r66 -54142 -46312 22652 -3084 -21189 -16938 -44922 -20378 25025 41476 -2304 -46670 -24240 -53918 49800 -49789 22305 19224 -2091 -27394
r67 65276 -8562 4204 -21061 45365 -21707 57357 -25700 45946 -28819 25301 41158 55438 -10482 34985 -24781 43408 33757 -11785 -33379
r68 40995 34052 60551 38845 30954 -6153 107 -59913 -40376 -35479 -20748 -54200 42791 36355 -21869 23381 5202 11517 6356 185
r69 28864 22218 -20007 28042 3802 29294 22686 -29178 -7972 39491 55556 44007 22437 10443 -4395 52503 6333 27080 -37025 -10051
r70 -28813 -14448 31388 63451 -30077 8387 15193 28896 -1472 -61813 -3001 -4978 -52645 -63451 13713 -14626 -35820 60535 24223 18014
r71 40416 38490 -35958 -21151 -37820 -40856 57431 -23197 34807 -54413 57169 5533 53467 -42346 757 -16684 -49880 45074 51872 18093
r72 65091 24284 59188 -8871 -64571 36590 -21150 -16954 49329 60525 57461 -18878 -46099 -11452 43079 -34344 -26476 51131 3214 -17072
r73 47449 39675 -43941 8037 -38582 65004 -54543 24402 37392 4782 40337 29768 30649 -13994 -20841 84 46857 2723 14368 24267
r74 14687 19602 42930 11244 7615 21587 -45334 50113 21778 -48295 -11980 -1737 1 -20623 61539 25422 -62939 -53597 36440 -46390
r75 14986 -7264 -52699 4051 45147 15386 46524 56552 -46705 -41655 -43409 52353 -42426 36829 22079 655 34805 37578 48198 62881
r76 6178 -49010 25609 -56270 18211 -16879 -21168 63752 -55374 -48670 24635 -8773 58421 -56061 -3387 30438 -56524 36728 8909 42108
r77 43205 2228 59106 3210 1036 -38517 -18448 64485 -61680 38338 -12644 12603 -2722 39872 -29874 -31091 34993 -1622 -8377 -63969
r78 -32061 -37848 -14378 28229 20149 -30549 17763 -23341 -35787 -51414 -26807 4105 49337 31727 -6839 14808 -12255 29636 37110 21438
r79 -31472 43397 -45789 -19368 14719 60662 45515 2452 53535 -64130 -49670 -18518 52118 25435 -2057 8263 32554 7529 -36736 9419
r80 -31073 10038 -23055 -55196 47533 -61997 21370 -29531 53100 -16840 -34618 50777 63947 -45328 -10671 -50686 20501 -54046 -38775 7468
r81 -60080 51219 43135 -59861 -60849 -52131 17485 -34687 -7636 19136 -11995 -55032 -53895 8738 64322 -21722 -2034 -49558 11869 -60942
r82 11970 43275 -28967 12981 -28585 23622 27009 33262 6963 -60058 40698 -47467 6455 -40967 22507 19488 -64363 9691 -46056 -54625
r83 -41961 52951 36674 7766 -9869 -11573 -27478 6011 -21180 -60227 -38303 481 16908 -4681 -58546 42610 -59310 47847 -60821 30593
r84 62527 -56106 40321 62014 -39985 -21934 33066 17771 50223 64755 34182 -53891 -36232 41550 11003 39020 -45063 54536 -21780 3292
r85 -34355 -56647 -47642 24441 -21709 -35663 6112 -32086 56827 37359 -16599 -10232 -17522 -56867 16330 -24498 -35269 -8424 20453 60158
r86 36836 -56816 60789 62933 -3686 52618 29523 -5083 -9139 -50618 -16900 28156 105 -17723 45624 37099 -34905 53899 62029 -48518
r87 -26254 -58343 -34548 15003 -46731 -48451 29506 35254 -10039 52304 28107 -1523 15658 39700 -28987 42963 -48306 -55901 11966 -9836
r88 6795 55123 25348 40161 41664 47077 42742 56333 19261 -57462 52204 5806 49761 62710 -34580 -17025 8393 25999 -24187 -26172
r89 -35625 -18438 -41397 40354 31210 -49245 -43892 36869 -21775 54523 -35514 34869 -31873 62019 -53454 60180 33542 53251 -38195 -37890
r90 29021 -33656 -15885 -10576 46286 -4936 50623 -8416 62344 60879 20216 63459 10205 40103 -29071 -56361 -38210 38581 24750 -61878
r91 -61346 -18744 -49525 -64993 -7746 -4185 -11136 28653 -2159 12331 -58621 53266 -6623 -64144 1212 34813 -26235 -31367 -11500 4154
r92 49122 -60491 -1921 14930 -27679 -14574 -45242 22897 -1021 3020 37719 -13248 -17891 58155 -2982 44052 29569 35580 -27546 18732
r93 6413 -61876 -20110 43868 -26241 19219 13335 -46015 -31396 -58316 -10663 -6883 18973 -47706 -27546 2371 49872 -62265 46705 -57917
r94 -3679 -10611 59582 287 10023 50198 -29848 8318 -28629 63941 -10644 40902 55136 13720 -16927 -11468 22705 -36239 18580 -21262
r95 -39178 4681 -4965 -62376 59838 41558 -32703 49480 -3305 17759 -40168 53373 -35048 28578 -31192 -28005 2639 3119 -9704 26583
r96 50508 -26587 7223 -38906 -19173 17864 -33864 -57673 699 -7593 -58154 -61583 -14282 30911 -9361 -42447 42431 -32569 41839 54402
r97 38848 9042 5976 -22477 -65392 -26722 22216 160 15091 -14050 -26037 -41221 23950 2980 29966 4777 4660 45889 -44464 -48341
r98 -12947 -27022 35697 -23408 -18486 30342 -28459 59151 11425 60341 51520 -32723 -43534 -46431 -44639 44847 6670 -54694 26026 7144
r99 4689 50227 36487 11603 -25692 32482 -31364 22731 57704 -22185 62786 -21361 -17483 60215 12232 -11611 -6732 57646 58177 -11149
r100 -18761 2956 10998 53160 44344 52292 -63911 -13208 62099 -17362 -46634 45208 51989 42143 45792 24852 61323 -439 -16398 -48627
r101 17409 18935 -56901 -40102 815 -56657 -23664 -58981 -48668 29072 -41322 30478 -23143 -16312 57783 -10860 18310 -47343 63795 -65283
r102 -43764 -47279 41716 -50052 32852 17790 57040 -29075 -13355 2396 -52339 28463 -29156 -13795 43067 58461 -8714 37867 45616 6685
r103 -11884 51598 -64286 -34248 6049 -45371 36135 59274 38343 -23367 3514 -4113 -48205 -34606 63450 54329 -61345 16518 -55905 11759
r104 -56899 34642 55147 43869 17181 -35014 47299 46654 57810 11547 -55708 40979 -12847 2693 -21174 -22920 28440 -35712 -49688 -39521
r105 -24039 49756 -39431 24435 4512 54601 14 12808 19668 -42863 -54492 58508 -60450 -22874 3491 -51103 -37235 29472 42826 46249
r106 8263 -38560 -55425 -52799 -54244 29559 -41559 25974 -19213 -2803 -61430 38198 -23026 60552 58911 -3930 -51853 -28319 4599 47384
r107 2802 -52422 -45106 -49431 -30590 -38780 -9915 -34691 -9100 34250 -1079 -19026 -40614 27063 -51470 -61830 44170 -48626 -48307 43265
r108 42122 -29725 37799 28333 36133 25221 9157 62020 -48932 26676 -24003 -8191 -27194 8151 30114 -37977 -58955 15427 -36123 43416
r109 -52003 65015 -10628 53496 64937 -39834 -28568 -63328 -25905 -17094 -28822 -34626 -45822 39743 -57499 -50790 43364 -13312 33023 272
r110 -29067 41539 6746 52768 1482 927 -25919 -18851 64369 -18802 -56466 -12400 -7818 40384 63265 -59930 -28080 62068 10710 23368
r111 -35011 -62082 58319 28157 -4858 -36202 -37981 25620 61771 18457 41347 45803 61772 -45187 -61379 10611 -38998 -31688 -3128 -46250
r112 15573 22244 35259 62170 3274 -65291 -30882 -10417 -55157 4343 -14494 26130 17209 -48349 -61689 30012 -62758 -39552 11395 37808
r113 57995 -61304 -52027 -38633 65320 -26318 2203 36417 4311 -3813 58158 10039 -45910 42027 -38430 31631 -18942 -9463 -32905 -6985
r114 -27096 31110 -13991 -21520 -15807 -60110 15756 -33427 24317 -30164 -29536 -44887 -26155 -8400 34369 46178 12234 9307 11937 -37832
r115 20587 -62365 -31150 -33400 -64602 64437 -17824 4683 -33218 25589 28950 4923 -40340 -24111 7813 -64786 -28173 12474 52655 -64993
r116 48795 -27252 45219 -40647 -64162 7443 47560 -3965 35291 61232 -22819 -49608 37114 49897 -30694 9358 -37706 -26809 -16528 -28316
r117 -7965 -42201 -56042 -43556 -47307 47393 -9172 -4178 10907 -60013 20442 -13597 30394 18806 -30126 58591 26136 47355 28292 -1620
r118 32480 -56295 24446 3252 28463 -36319 61780 4544 55023 -37953 30444 -9795 23405 20286 52429 43646 6010 33061 -10790 26329
r119 44484 -4518 1912 -17670 17084 -21625 26505 -9742 720 -48755 -24408 -17792 -62352 -8124 38048 55943 -49256 16813 47558 -5870
r120 22678 10499 51841 51491 34992 37561 57812 37603 -44583 -3465 54692 22139 60541 48436 44657 -64149 -58570 35942 -46285 63219
r121 -13494 21118 18180 37867 6717 -41117 61419 -26873 24275 -12345 2059 -37702 4923 -41466 -48244 -44354 6549 -18669 10677 -43216
r122 19372 11287 -49759 20199 41673 1390 -28026 -43949 51824 29330 21086 47240 64761 -24657 33814 -45375 -33723 50331 -34538 -3846
r123 35085 64920 -53536 -31755 -58188 -34854 -55825 -15541 16754 10444 7041 19501 -24539 36839 -36365 46299 -31378 -31340 53576 -1788
r124 55235 -35249 29667 15110 55933 -6842 19446 18858 -23516 46442 8513 -2727 7521 -57720 52129 -1387 -14779 46431 -7844 36672
r125 -50756 -50743 -12647 51456 10723 59451 56638 6241 -8283 52479 15492 24092 -51586 -49049 8202 -11983 -23063 15528 16896 -40766
r126 -61914 -19924 11683 20505 -39495 55318 -46502 49848 -16701 -5060 35545 -38065 -17246 34054 -31469 -3742 -61263 33059 -31977 59983
r127 44772 38612 33146 46890 33608 -53054 -4613 25830 -23953 64086 31002 -25640 54634 1026 -25147 2926 65356 -55983 34110 9318
r128 30273 -25760 38504 -50991 43338 -55409 -62794 6251 25226 -53959 63735 39964 12632 -58583 -41835 -64053 -65388 -43089 -23528 -15977
r129 65160 -24999 18661 19404 -51417 39396 60922 -60785 63870 17287 50592 -51203 -41447 3490 57095 -53372 -59319 34755 9022 8418
r130 -21533 39085 -30314 -56634 -37817 60917 -14441 -50981 14230 -56415 47072 13530 -32166 58195 -53159 -59716 58075 -4302 -49468 -54316
r131 44767 -7985 33370 46533 -45255 -34637 28798 33794 2631 606 49425 62243 -63942 -54770 30761 -45157 -31639 25985 5252 25127
r132 -26745 41200 -54740 -63839 -14591 38551 -19802 42148 -40076 24497 -3563 51127 22297 61636 14241 -51597 -41872 12891 5675 15908
r133 -34785 -1864 -63174 48357 16362 -64472 22738 -55584 25597 -9669 63800 -49465 40909 -10345 44383 17058 -25637 -12689 -35813 61666
r134 -2301 -9627 8251 -34780 226 45400 34311 -6778 64069 46820 46346 54858 -22220 64355 49498 -8133 -7460 44328 30853 -64505
r135 13475 -61922 42244 39875 60211 782 -24220 45664 -46283 34208 59834 27861 59271 -24477 -4855 14737 -9906 -39123 -52543 -64407
r136 32928 -17409 -48899 10432 21893 -12775 43946 -46330 26943 46752 -15388 -5409 -34109 15927 -4301 -2004 50865 13626 -4665 25218
r137 7358 63117 -51785 59895 22501 -56973 24321 26145 -64560 56225 -63278 5092 54594 -35401 21784 7464 53834 -60186 19585 -53133
r138 -4774 -53905 3287 -9656 36079 2033 60670 55129 -50252 -2751 -28205 44441 33898 22105 62685 -53438 -6175 -14112 -41320 -45072
r139 25431 3676 -48362 6685 -34772 15586 3674 -17651 -8685 48105 36770 42652 -13617 -60340 -44666 23615 -10027 -48836 -18313 30380
r140 -31342 -11826 12605 58652 27575 50667 -27801 -46775 -33188 -44784 -40337 -47035 18880 -62703 -11092 35288 -58004 64083 -6584 -31391
r141 -10140 -19167 18557 33616 -16312 40917 48895 44072 -4317 57570 41293 -63029 -50423 2397 -12082 -34762 20010 31229 -40970 12084
r142 64728 -15587 -53786 37993 -38561 -51782 5461 -19282 -15448 -5910 38340 28136 23675 -53500 -36493 15275 -61979 -63208 28548 -14030
r143 -14339 -10971 16371 -8454 44260 -39403 38341 52342 22342 15813 6244 -36600 64808 -57378 -46035 19062 46162 27611 -21417 11791
r144 15094 -435 -4859 -19864 -16177 53782 48439 -33319 -51534 -63091 4425 -34332 16537 52944 29442 -10132 23863 40497 47224 -27860
r145 58198 -29169 65299 36722 39411 37190 -21660 -36667 -27587 -55331 43651 -16091 53969 -28376 -21246 -59708 34349 -30478 32998 21174
r146 33714 13159 -22425 -57137 19901 -40049 -19074 25010 277 -64998 -51092 17952 20195 -18820 -46580 -5175 40575 -16257 31445 20354
r147 -2939 63684 -57562 -20572 55905 59456 29855 50674 -62504 20533 -60297 -39411 -60810 -59361 55239 -1595 -2953 14702 -45896 -59836
r148 31478 27982 -55312 -18192 10780 -273 14393 64004 -55492 21215 -64237 44786 36184 253 33544 46889 -44080 -24242 33529 -32664
r149 24649 46914 13243 19332 -300 -7176 -38511 -3075 -4367 25824 -35232 -19613 -48521 919 -50194 -6561 21863 59874 15335 47115
r150 43130 -57506 17291 -55516 26624 -16104 -40302 -42175 -36167 41574 37766 42705 -37572 1226 50207 -40092 -20415 -34283 -28750 58795
r151 56487 35141 42715 -23330 -61390 -23555 -55593 -17755 11296 21436 -51888 27529 17250 -27397 -26920 -12733 57494 16390 -45874 -26047
r152 -34042 -12062 -42883 -55688 -25266 -23047 -62647 60954 24126 48984 2485 24206 -15474 3138 -159 63184 -41960 44019 13751 25837
r153 12520 33971 30130 -17396 50708 49771 -51648 46394 -58223 -47999 -2494 6203 3913 51495 -1918 64161 -6244 64126 -12162 8103
r154 29031 63595 -9739 40967 36883 -57822 13015 29939 -31820 36309 31489 -44157 54137 -49880 -52999 -30086 45902 -16978 -4384 -55076
r155 36884 53512 51462 -27853 34098 55989 38740 955 -65187 29814 30113 38648 37745 56797 -18232 37118 -16191 13979 -26993 39651
r156 3178 -18762 16043 44384 1161 29000 -55275 -36672 39709 -21983 37593 -13055 -62598 5360 -26495 -48258 34500 16380 -976 46787
r157 -44224 33764 58123 52907 62192 -6212 43995 -14580 -62401 57295 7368 5838 -51695 -2414 47236 -41910 23559 61324 38845 -16998
r158 -33791 40918 13792 19031 7357 -15510 -19380 14478 7844 -54317 63684 -35015 -34911 61826 39166 9913 4169 -63316 27727 -11702
r159 15214 6163 25723 5274 -54610 -38871 -5020 -12724 38040 -18006 -15954 62768 -18684 -44050 -48250 -61692 23294 -17885 165 16339
r160 -5438 -46092 31673 -27719 11822 -29211 36165 -60053 -65298 -27221 43947 43314 -51096 30406 -39294 7143 11643 59509 7655 -27487
r161 -10496 -44851 -63656 -40147 28101 -50908 -19253 26003 49262 -17163 -35047 55562 -37776 47157 -13315 -35393 56715 36734 -2899 -18291
r162 7227 26833 -17795 49340 55913 51065 -21303 54221 -33589 21702 63692 39734 -27470 -36849 -34484 52134 17340 -65317 65443 -47826
r163 20585 -15058 65329 21223 60771 -58144 -18268 36735 3779 39641 -38369 24623 46655 -36216 -26995 16021 15082 29460 -51421 -65078
r164 -64334 30386 34255 -20041 -14784 -22647 -19932 -65218 21456 62183 20553 1146 64135 55514 36823 55851 -30229 -27500 27204 16271
r165 44267 4247 -40560 876 57659 10156 -31808 -64792 -30569 23687 10089 -10468 8177 -35928 61536 5559 48374 10669 -2586 -54429
r166 -14627 -43996 19646 34271 -16241 -20457 -15154 -31684 55849 -53313 -31264 -50298 27908 30383 29636 -45086 12598 1357 22616 -15133
r167 -57278 -2806 39950 -32541 58787 -61961 44163 -371 51650 15438 46305 28405 -17228 -1795 64605 -17376 -16557 -31846 -61263 48925
r168 37570 -49720 -30494 -25702 -1419 -8012 58473 57577 -43523 -62528 5907 13933 -37292 48011 -1443 7745 -11323 1750 17783 -31429
r169 -28473 37759 -17492 42055 -25473 34442 6033 -13687 9336 65021 21487 21037 -35918 -54231 13091 43766 21782 54668 -19568 40961
r170 27307 -35827 3094 41082 -63944 48761 18136 47377 -52988 25945 5172 36781 -17704 -21562 43297 -56199 -33903 -52403 -23660 -19414
r171 -29847 58005 -30665 6023 -53339 -12501 -57070 21157 -60722 -34464 58964 -34684 7511 47364 -16582 -41952 -33183 24285 -24979 -18090
r172 14691 42316 -54275 50676 -51049 55734 -22998 -5287 -49800 52328 -33487 33213 12646 26872 31674 58615 44190 -36564 -46966 45886
r173 -53518 -7831 -63095 -2579 -3172 -42298 -31998 5950 -14464 33424 -13344 -42332 -12981 -31142 -28813 52069 21624 27032 -9659 -35777
r174 -26589 58252 65173 -41482 -20585 -39892 62225 -52769 -44455 -44706 63078 9667 60627 515 -17969 -3076 -17458 29242 43541 40987
r175 -53429 13636 -47279 35972 -10111 -59747 -44966 45170 19843 62463 59231 39682 -33541 -12270 -65450 25609 3770 16751 32933 -11940
r176 -29262 65421 -54029 -48452 -30015 64395 -656 -61396 -20898 44430 -58660 9823 -15406 6544 -64090 -20962 -57868 39239 49391 -47241
r177 -55263 37866 50338 -51344 -62871 22962 54870 -26183 -15998 -59657 -55445 -39370 47615 42770 -55651 62505 3196 -41472 -44300 18837
r178 41063 19252 22435 -64864 -56211 -11214 -47844 51112 51773 -57515 56441 -44907 62161 21727 20278 -18943 -25350 12332 6519 -33024
r179 -30835 13242 -34963 -504 44971 50461 -39529 36839 64728 -27861 23239 -11211 -1957 -17344 29372 -42549 9398 12796 -40469 39029
r180 -61385 -43119 -6380 6467 -55599 27545 5475 -38552 18641 36348 24498 59624 -63836 -14920 -29041 41615 54262 -14788 -47054 31538
r181 54266 24263 -65062 29610 -15729 16214 23856 25943 44868 -47630 -8404 -6210 -9788 -3968 30827 -53355 -50861 9721 50416 40504
r182 31510 -14484 -53234 -7243 -61460 -47758 55650 -12770 -60717 -46544 -28175 2064 5945 -39391 8752 -9491 -58921 43958 -23201 65306
r183 -45307 1612 -13591 40874 4287 -28293 50679 -37992 47576 -23266 35687 -47736 30169 -24849 29061 -39606 31424 55268 56437 -52464
r184 -41244 -9201 40008 -23151 -32588 12478 -56549 43726 -48578 32891 -22868 45378 53543 -45683 -10556 -62864 42042 18679 60334 -57051
r185 2395 -48168 -44873 -13433 48808 65162 -37359 32105 -50086 18660 -44723 46043 64290 42946 -47243 45377 57680 29330 -48513 50209
r186 50236 29273 7332 29208 53725 -43165 -11428 56755 51927 39755 -23382 12113 -16684 -57511 -27698 -32790 10817 -45980 -13447 -51420
r187 -25319 -17741 36290 41307 37735 7367 28142 169 17016 51643 59761 -58064 2745 8093 -60481 -9304 46582 63232 -46339 -31410
r188 35250 -22688 -50817 53392 4334 -39594 -2655 29930 -31571 22606 -22421 5863 -64719 -17694 1032 -1085 17213 -51326 40114 41706
r189 -51204 29176 -15406 50475 35296 -63025 42197 -61204 -50225 -54087 2946 2067 -16987 39359 -21543 -47544 3802 43632 8969 34469
r190 -47978 3301 52350 -55377 6837 -39835 -12562 -8160 34684 -28342 37829 -13088 -33628 -53844 6712 2788 10384 64276 62322 -41020
r191 31097 9716 -25934 20864 35190 35963 33828 23390 23402 54386 -50294 -62565 13690 -23629 37947 -5449 -40456 62899 -60413 -37749
r192 8906 19718 23197 -22717 45418 -21433 11993 -50594 28186 -62854 2186 51420 -58463 29611 -21272 -48415 51075 -25276 48201 33633
r193 -20539 55707 -48569 -39813 6515 16879 46472 51448 -46677 12444 8671 5609 33659 -44870 5268 25105 46184 -8794 -19774 -48982
r194 -22731 48539 12687 7416 62712 -58127 -10999 -58209 2327 39940 7190 -31569 29674 46868 53056 17711 42712 59215 61754 -27109
r195 36403 32629 -61590 -28757 20718 55833 -64146 15288 -23201 -35770 20982 -13815 -27631 63803 -23605 -15665 60479 7335 16075 -18719
r196 -3409 57574 -39112 -63640 2412 53331 -56841 -23499 -37663 -8644 -40696 -21354 -21902 -9339 -51042 -48374 62165 53778 34500 -57600
r197 -27805 65394 -63739 -15888 -28766 -65324 -21240 -45235 43006 -60191 27936 -17040 10397 52357 44720 -44414 44338 64457 -18636 -50
r198 25609 -19076 24415 -13197 -28612 -28872 -31206 -35938 30801 24897 -23924 59863 56199 17668 -24853 -61351 45681 2715 -57964 -46100
r199 -61030 36719 -48726 -17031 -48112 37276 -25482 15270 -50785 -37696 -22344 24743 -46514 17540 11635 -3258 22939 854 -11014 35133
r200 -17937 41038 26363 -2518 14972 -32576 62624 -64445 -25882 -39750 56399 -12398 -62614 -65486 -20081 -45001 21621 -14311 -46684 59242
r201 -50093 -41825 -40975 453 -30469 -5872 -32695 -63955 36898 12554 -4936 57145 56447 -11533 -53718 -35092 62523 -49333 -53600 55853
r202 12439 59604 24120 48195 -60717 -46600 -36712 -62274 62013 -51423 -17353 -36026 -44670 36329 -15565 -12795 -41134 4049 29188 -53080
r203 -42623 60206 -63677 -47976 -21277 50797 -17423 -8068 -16549 33860 -12440 -55189 15569 -22780 33383 56865 -38256 -22770 1734 -23236
r204 -59197 -29333 -29402 -18257 -43064 34812 52303 -1277 -22496 -53006 64763 8241 -39126 -29879 6268 -57195 -55938 56171 13601 30541
r205 42341 5346 46920 -37769 -56729 -61157 34355 -18140 -875 38935 -37324 64557 -14752 -19463 60335 54897 14735 64134 1444 20906
r206 20301 -28200 -28764 -58429 -44588 -21755 -21515 -11113 -63460 59541 -36929 -55882 32111 18697 -52564 -45150 -21252 56719 41479 40146
r207 44660 -53509 -10953 -47104 -48003 -12293 17127 60315 63534 1970 21594 -22684 -633 18444 -29094 -53560 15155 -6598 3059 -59494
r208 63162 22965 -39818 -17313 45257 -6761 21302 -48553 1402 -10042 -42943 60063 -2405 46974 -20270 -25919 13504 58698 -23033 48619
r209 63990 -56335 -62522 25362 8206 10291 -60378 -59033 55447 -34000 32085 -10905 -52424 26356 9260 -30618 38138 -44093 52614 -20079
r210 -64637 -38315 46883 38816 -19079 25874 29543 -51850 35923 -41114 33933 -61171 33895 -26599 23313 27584 -59461 -41511 -9172 10451
r211 65135 -2907 -38692 -2223 64927 39488 64492 12919 -22242 861 53203 -1095 -51764 -16960 -7812 -15302 -50984 -9965 -20201 -57271
r212 14890 -16284 -8454 1760 47204 -42710 65258 44365 -58175 50200 36713 -53284 30913 -839 -46604 3839 -60476 -38213 -56525 957
r213 45922 -24476 11809 -46973 41385 -54878 -47184 -55767 -48815 -32026 -62526 -21381 39650 -51056 49818 -42304 -38954 41337 -18191 25657
r214 9087 47808 -57648 -19323 64554 62948 -24080 20251 -62294 -32345 -39006 20661 -3370 14624 -32993 -15664 51068 -6406 44848 -29353
r215 -59199 12735 12751 29591 -40427 54404 24048 -32797 -19725 46408 31490 -23345 52007 -32324 -26574 -31465 -60976 -49210 11992 -10448
r216 -31275 -54138 -10072 -31522 35577 1752 27229 3042 -40297 -63350 -5999 57077 53650 44497 32726 -27116 -41171 -54357 -28645 -58509
r217 -61915 -46555 -13040 28751 -52101 12199 24371 25410 29951 7813 35736 -64790 44309 -55505 -6084 -42037 48768 -7640 -48691 30961
r218 -15243 59011 -55689 -39435 50645 -61484 61093 -25170 4516 45872 3619 -18675 -62301 -47324 37289 -52256 -45782 -57257 -26034 26406
r219 -14609 -2265 -7374 60695 -34671 61873 -61807 -53053 49881 6146 54592 34006 10263 54788 -52052 -38658 14389 -56338 45203 57836
r220 16779 46104 50208 44206 7273 42835 -4383 -53137 39640 42773 47875 -37885 30208 49777 -44945 51609 -23286 36977 39495 38187
r221 63161 10859 -45779 52614 -33639 -56734 3301 -18692 -63360 26348 -62190 -20211 -44052 -39776 -43054 -33086 -50187 -26614 42375 52317
r222 -26495 47422 31271 -59449 -38145 -62723 -9643 22172 -16917 -57245 -13853 27227 -22699 31374 8060 47466 -52973 33877 -29294 62079
r223 15805 -24661 -57193 -32986 -57956 28443 49175 60871 -44326 30361 -50602 62651 25786 41245 -41674 -21001 -16089 -14413 50770 -44829
r224 -45145 19525 -47195 58995 -39730 -11073 -27017 32892 -3115 61916 -48525 -12844 -28552 57465 6757 -1532 33330 -34029 11647 64501
r225 -52495 53427 -55042 -30442 -47385 -35868 40113 -45805 -36810 55255 -59422 5304 -3127 -35214 -19639 -22999 23260 -14337 -24268 22830
r226 -41617 10105 35107 -20022 7890 27760 17341 -14537 -37576 -31274 -55179 -51208 48807 -54738 -13681 38655 1369 -53480 58590 53996
r227 21438 40751 41858 -39097 -364 38089 -4446 -11400 33521 -52831 -27226 31353 10703 47002 19682 9727 4746 23545 52978 -26318
r228 -1495 -26330 30472 -21509 12861 -38259 5270 -27683 19921 38388 3075 -8766 -40874 -36423 -8071 -60788 53095 -17846 48996 24674
r229 -8661 -10259 14763 3212 22113 -51137 60562 32583 -38394 10539 -50960 38231 -2692 3609 -64226 38022 -19485 -32057 40602 39275
r230 22653 -2881 -42714 -35562 52838 46154 5972 61198 22004 -45731 -37907 -39919 -63545 21695 22017 6948 -64921 -29919 40552 59349
r231 6224 62271 -17412 -2606 -41746 54246 -52321 26379 -13909 14081 -68 -33687 56291 65031 -6066 -29103 60010 2740 11449 7517
r232 43713 26065 47524 33916 -31633 48318 -42293 -22561 7389 -54228 -52105 10803 30210 5837 38133 61369 -47410 -44577 33159 -37037
r233 58321 46883 -58852 -12124 62260 -28645 -56076 -4210 35491 -62929 57355 -58902 -4538 -41204 -8540 46939 -39448 -46442 32644 -6828
r234 -59020 48193 -55257 65026 -45630 -23592 26618 -49728 -64908 4527 49262 -15408 25135 -39766 -10326 62194 -57052 -62907 63271 55690
r235 35637 31132 64021 -59576 45938 58632 60961 -59954 -30153 21564 -31539 -51084 36461 25706 47128 13660 -48811 -38611 36902 -2110
r236 -38086 35461 -21786 50323 -31307 18398 -47741 33153 9719 -23500 -1372 20186 45392 21057 -61610 2874 34628 54739 -2877 51985
r237 -35887 34547 -64712 -50970 -27620 -50945 -28344 55821 20365 30322 12646 -14406 21356 -59777 14505 -35884 18248 -27882 -32606 -61149
r238 -27279 -48078 48759 -12529 -51378 39315 37664 -34588 -27610 -21982 53772 -52436 -39565 -23137 -33227 -39024 -26820 8459 -65398 -3416
r239 -2886 -51570 -16225 44482 25576 55875 18798 -20983 -13360 -11177 -20255 -2644 -6267 -44826 17884 -63832 61212 40121 38707 36520
r240 17410 44 -50880 36495 31435 -46130 -58008 -37152 -39783 53102 29880 -55803 12030 -38729 -2326 -46527 31215 26141 53839 48086
r241 1296 -22055 48170 7983 -44841 22889 6048 -64387 18868 22130 -23057 -28593 12101 -61969 49670 -31549 -42009 17202 -53006 5364
r242 -40269 -45605 51997 -26612 30917 36379 -39715 -17603 11957 49974 12717 65063 60513 74 13395 60529 25770 -41477 -34073 -3384
r243 5977 -45006 -48055 -56665 -48043 7764 29855 -60559 49312 31840 22019 -64935 18636 -51172 39032 38836 -56676 27902 38269 3808
r244 24970 -49935 46471 -65429 -6214 -61835 5380 11504 10599 5610 -47144 3024 27241 -64192 34916 -8447 -47286 37058 -8831 -30971
r245 -27388 -31720 23531 -958 51441 -63183 -1850 -46045 -44918 1217 -55815 -55727 -16679 28525 -53184 12183 21746 39439 -8279 59093
r246 65488 24768 21415 54011 -50910 -34056 50272 -38790 -63794 -31836 -64666 -29788 7283 56801 -23977 19472 -62877 -52340 25535 -53902
r247 60705 -11504 45329 -14460 59973 38016 -61326 -21996 58801 -57881 12426 52506 28488 -6879 -4604 -58360 30762 16169 -45924 -46961
r248 57389 65009 -60670 -57482 43963 12869 -1864 -52707 -17388 48745 64227 -6112 -25754 -51124 34364 5528 45046 47642 -11498 -53636
r249 -17133 -41033 11319 9643 27546 -57691 -59028 42294 24975 1245 25095 18257 -5648 61631 -44781 28699 -55644 29882 -35132 -27827
r250 -11572 31261 -18084 32260 61430 7104 7589 58990 -17123 50119 -64396 16024 29369 5191 -6060 -59578 9660 6487 32928 -47077
r251 -50293 42825 -51452 -56124 9682 -28940 23165 -55560 18128 4144 237 42236 28721 52720 -44164 30124 17942 -50253 35545 37048
r252 25938 -41231 -64119 -4087 -27603 -48149 -56278 -53617 58411 -50161 -896 38150 40755 27901 -2119 -17614 20114 40316 -34568 -30172
r253 37789 15231 -28572 -7261 22060 5522 -37709 24367 -29889 20939 21064 38094 2078 -24695 -69 -10547 394 -56449 -59456 1933
r254 -15261 -37376 23292 -36627 -34895 -51003 42899 19210 -59744 -14265 5516 -54467 24884 25462 11568 11352 39908 -57792 -26107 -52961
r255 817 -39759 14779 58860 -60488 51581 -7689 36633 34409 30323 17737 1310 -9435 53098 -4318 50631 8373 43990 47472 -59842
r256 -5519 -3058 37841 1927 65380 47390 -1622 61833 26208 -14993 -27230 -56999 48365 -29687 45757 49658 19433 40908 6407 -3487
r257 19866 59509 48839 27688 -33883 -216 -44469 -48383 47166 -61485 50372 -43833 35268 -55820 55700 41159 31933 -57680 19217 -7186
r258 47633 9605 36121 -8515 30115 11524 -14178 -19975 51482 -15773 32448 -55533 -21804 58276 -24511 41253 11911 40371 16138 -51116
r259 -54643 43107 11866 3219 54134 63350 32873 58953 34645 -54582 30439 57223 -16142 -48453 -6238 10803 -57211 23719 -34475 23106
r260 -60341 -65249 19149 -58213 19984 -45757 -22939 38306 10739 -48425 25026 -31121 -41661 8227 -43877 57861 -12907 -21904 38194 -48511
r261 59560 -56625 3274 34150 -19762 28263 3366 -40304 36726 19296 53976 28489 -64804 64509 -62059 63290 -16788 -41644 7073 -23908
r262 53173 25404 -53721 -30208 -9513 17500 -46692 -771 24262 -33234 -15395 62700 -4355 64284 -54397 -3229 -40026 -35875 61583 21429
r263 61752 2932 -49574 32634 -26339 -27325 -4288 43593 48515 26186 6463 17638 37838 42925 43936 -14891 -45527 -18401 36113 -59555
r264 53226 1558 -11866 -43160 -10033 28784 25793 60948 -62978 -43997 -15784 -53078 -60196 12173 -3916 44871 -12120 -54315 49290 -43930
r265 -16511 -37132 10908 -12007 -37919 -7999 -20785 51128 -28325 53136 -21961 -50425 11590 -58627 41971 33054 64517 -18854 2635 -61358
r266 -31454 -46147 35454 61416 -42981 34264 -48441 -60528 -59661 -39909 7643 5830 -12806 2046 -58765 -49348 20308 -22418 -56937 18300
r267 -41017 43574 -54539 30232 -32101 -28931 -12360 43254 -30594 13308 62122 12216 41150 -8782 6138 63341 44657 17362 -10954 -40994
r268 21238 20379 31129 -30149 -22941 -45648 -41997 48210 13818 9927 56916 -65029 10970 -6420 57599 -62005 49096 61000 -29123 40016
r269 60822 -16847 -42248 -55332 -16029 46558 -64245 58246 44010 23520 62437 -34318 -7612 50826 -6903 -26100 5612 -29747 -11575 32149
r270 30256 38065 2938 -42425 -17573 9096 -23635 30440 43175 35684 -40693 54916 -18620 -31511 -62547 22937 -16289 44863 -64036 -58467
r271 45418 60714 -40276 7237 -15718 24423 56327 38489 2622 -16709 -58415 64331 20206 14867 34116 -3701 45544 58191 8218 24885
r272 59866 3361 3101 45264 -44793 22376 -47257 377 18615 -15366 55771 -57890 -46263 -39197 -62426 6891 -20953 -28584 -13392 8540
r273 61294 -58690 38805 2226 -27147 43062 34604 35138 -9456 -56618 51287 43830 25792 17554 -26608 -37491 41546 -37082 -51604 -16151
r274 45058 49691 -14699 -16503 -8801 -47182 -26248 -9951 49189 -43101 -57067 48967 -44205 59850 25553 6171 47727 -37975 30866 39611
r275 -29995 -39461 -59825 -53868 -3082 -28385 -47280 -63372 -27209 55328 -6059 -42198 -31247 -23631 26500 -2458 11417 30042 61734 10048
r276 38066 34239 27778 -54872 -52654 -59483 31274 -49377 -55164 -23003 -52342 -56232 -61624 -13199 -61916 -2290 -32203 -21775 -27326 5910
r277 11000 -1515 41675 -46303 24272 23252 13384 37192 6420 -5263 6940 57296 -64307 -7408 -36588 -13893 -55691 -55689 -3301 -23437
r278 56337 -57559 -55946 23215 -48182 -5522 -19275 -39306 -34909 -59669 -14678 -11924 51303 -48617 -4400 63888 63035 -56397 -63118 -47366
r279 51896 17333 -36411 -44581 50901 -54329 -63779 59883 36153 24598 61440 10368 18179 34679 -10602 14413 47136 -61111 -44932 21240
r280 -36494 -24957 214 55627 9068 -60225 -45590 65068 57977 6554 2748 19845 -24994 -17456 51569 45868 -41036 -32235 4146 49447
r281 -60370 -2777 58785 -1963 -64944 42682 -63187 7346 -27827 14510 -54623 50867 42174 10664 -49904 47553 -30977 -23290 25794 -57176
r282 44207 -27128 -61984 -6959 -7141 62197 -26961 44705 40356 34484 42831 -39399 59291 7836 35241 -21348 23422 -58642 -45907 -46669
r283 -8589 943 24401 -62449 22627 -47000 -43470 12215 41933 1836 -18285 -60666 -14460 -32447 -39881 -40713 -64161 44081 -52299 2322
r284 24547 -29076 -8673 55716 -2732 24337 54696 24926 10111 57085 51642 59826 27377 -8678 -17766 21196 48446 -12035 -16612 18614
r285 -6011 39358 -41061 -49495 60816 -6675 46997 -43188 56637 -25130 29401 -33615 -52169 -21507 22991 -37728 -20151 49900 52563 26660
r286 20789 -32756 36254 54025 43564 -24660 265 36422 46866 61449 39538 -17372 -23842 -11115 41997 44325 38021 -20280 -54623 26663
r287 64431 23705 -60603 4690 -35417 17767 -36720 -52134 -1281 -35529 59041 -34811 -46894 49447 35552 8976 59680 -5712 -52632 -41956
r288 38641 -27709 2768 -54928 48025 -25498 -22791 60369 20024 24225 -52458 11740 36343 -10061 -36629 -52795 -4822 -63489 -61180 -50753
r289 -26661 -31516 65134 -23103 37681 57277 15613 45915 62898 -11040 45444 4492 19389 -39286 -10811 -49835 13851 27142 10713 62540
r290 -16854 -17775 -43900 -11193 34620 -28664 -53057 -24123 25059 -15804 35298 33841 47424 17578 -32256 -16250 14805 -30909 -12182 6391
r291 5517 -4288 -18613 -47860 -3683 -46335 57284 49820 6742 -17370 47858 52057 59908 -59331 24287 -35349 -1348 -5559 -25153 -17915
r292 -47861 20120 -26237 -59064 -47032 22120 -38147 -36407 20095 10078 43558 -21039 45318 60943 14110 -48918 20172 60940 -12610 21130
r293 -56758 44495 -20079 -41979 -10820 -38514 14346 -32168 16130 65465 -53319 58565 -57215 46311 1519 -32207 -35843 32637 -29057 32527
r294 -24048 34785 23029 47217 2210 -25639 -7625 -30004 33166 63940 -59732 -26651 -17783 35366 30654 -60776 -19604 48136 58886 -63974
r295 -24450 38117 -14693 -16916 56027 36909 -55198 10093 -20499 17206 61997 24533 34226 43001 -60132 -53565 -53141 -20270 11583 46516
r296 -62131 19419 -3987 -30622 54489 -6770 43493 23586 -54099 54220 -12264 38018 -11109 17192 31242 25095 52335 -45678 24796 -12798
r297 127 40799 -3639 -59288 63506 13030 22171 30861 -12614 11000 15971 -34252 -50395 -50266 961 52909 40410 -28040 -14959 -60105
r298 39480 -40468 -41910 30960 50248 -48260 -48934 10217 28899 44725 -32794 34784 -16758 -29447 -37926 7055 44092 -39605 -11360 57848
r299 -6505 12437 -26324 24384 -58508 58602 16743 -49722 13000 -62031 -4483 -2856 7189 -26132 22518 11084 -9547 41503 -12325 22786
r300 -49590 61746 -47207 -15326 61119 58291 -2496 -43174 -29708 -323 31693 55301 5398 2312 38086 -26437 -54830 -39072 -30426 54871
r301 -30213 -52183 41113 59588 -39242 60386 55913 -28490 8009 55561 -49839 -20188 -20288 -55684 -36379 -60290 -45904 -48937 61712 -31936
r302 25524 26491 47029 45499 -9469 -48721 14093 -36462 -53443 55131 -3474 50947 -20842 -17260 -39061 64174 -23000 31839 -10085 -38479
r303 -36170 -25589 -7716 -21296 5361 -45246 33214 -14156 -49469 -27354 -14538 -35314 -45096 36076 45342 39938 -31681 49831 -46321 31444
r304 -19038 28714 49361 38492 -19579 -5448 -768 -12984 39077 26611 2199 -64358 3693 -34977 -47627 -48744 59155 62365 -33716 -35919
r305 30712 -27715 3241 32836 -32831 34361 -206 38956 13120 55721 -5907 -43287 5417 -31702 -34111 7076 13096 -60958 -42983 41210
r306 59085 52331 -32618 50199 14284 24611 -36578 -11608 54989 -20143 23829 -65232 -47866 16113 59734 5599 -45607 -54514 62903 -49441
r307 33039 2469 -30078 -14203 -15921 25838 -2359 27948 41540 -55660 -56599 -50950 -30776 -48497 61767 -54186 60981 23931 14773 9411
r308 361 10099 -6611 60672 -3656 -24892 -53252 35912 13882 -8319 -3430 16597 12560 49757 -42589 56947 -23736 47772 -52982 -8377
r309 -11080 11002 -60667 -39962 22103 64231 4819 -4852 -9730 40766 -11267 43817 -11498 -17662 43516 -14211 -14469 -29560 -42275 59675
r310 -50959 18366 38276 40824 62883 -63155 49770 -37606 -34066 64428 31344 1269 20804 63195 24769 45853 -56285 -28364 18483 -52944
r311 -33898 38323 61761 23781 18388 -53368 33791 58235 23870 5142 -58758 16157 25850 65449 22134 62149 -372 6686 4313 35750
r312 -25977 15721 -59038 57024 52182 -29726 -3585 -11633 12749 -6956 44369 2190 -27731 56440 43076 -11037 40006 -17463 -15349 10879
r313 3689 -56162 20453 8900 63829 -28489 29757 50274 -13642 44376 28086 -48119 -54614 -51037 -19101 42102 50214 -51421 -7412 16821
r314 -40099 -52707 19011 61937 -19137 35526 -20639 33457 36214 -65113 -8187 -11836 -30458 -56333 45260 -52748 -18070 -51559 -44884 19117
r315 -26715 -60863 -46960 -24774 61665 48942 -59430 -1308 -47951 -11679 -50669 -14113 -2641 24435 -6 -5707 41101 20068 62648 -22261
r316 59973 -40904 -4627 -54012 -40769 33950 39322 59007 -1809 -41630 -63497 -1560 38359 -18270 -13758 64808 36446 -17869 28964 -55608
r317 20220 -3338 -48564 10019 30378 -3974 55439 21733 -60315 30589 -40488 -22818 -35448 30497 23617 41659 -62102 -25545 -43551 5206
r318 28189 48495 -23249 -1975 57077 11577 -26753 -45817 -62659 -34252 -16217 -41588 -52289 -35766 -54556 47818 -46392 6672 -60267 -28374
r319 35840 6944 54590 -15242 -9471 -49987 12118 -53139 5526 8832 -32918 62158 23500 -30019 -37528 8866 43167 -9637 52972 -49158
r320 -64549 -10272 -31221 10614 14027 15114 -46370 -51354 -21948 -57884 -31974 8972 -19949 -14270 7888 -55980 60355 58953 -56293 -16478
r321 35742 -49659 -64480 55321 64237 -23149 -55752 32208 14306 5633 14179 51813 16199 1746 49498 50216 -31579 -609 50019 594
r322 -61809 -36653 32663 -59015 11679 21221 4353 27290 -51495 -29156 14029 13459 11780 -15645 31373 -32336 41898 4484 35851 6925
r323 39045 -42880 -30244 36186 9325 27549 24171 -13044 60220 -7675 1096 51898 -45764 -1300 33519 -24959 31451 42273 -52216 -54373
r324 -29241 47501 -23125 6825 -20569 52895 19182 22072 12604 -54381 13867 -13520 33233 43012 11140 13751 56847 -40158 42562 -15471
r325 54596 6331 -43036 43151 8303 -42213 64385 -9720 22150 -1446 -32666 -21319 7676 -16820 41226 -58521 46503 -15833 15092 46072
r326 53334 -38965 51854 12047 -57381 2810 -27323 -29257 -47335 -21350 -37673 -41367 63892 -61209 -46763 35122 -4691 -59497 59133 59567
r327 12699 -29627 -17331 -43193 -36850 -18154 62431 -52569 32999 -6162 -14856 -46117 -58425 27323 -53436 57578 -10785 -43423 39695 -64408
r328 49137 -29300 39056 44746 43893 -21439 -56678 22130 -50209 -38043 61519 -46521 29558 21386 -39347 -38757 21415 -9821 17801 -58486
r329 42358 -59392 -61994 -3129 62415 15614 49527 -8328 30507 26758 11161 32103 -30345 -43310 58907 56521 -12630 -41601 -61473 10122
r330 49034 -64736 -6395 11630 -27796 -46797 -61097 -38807 -42253 13310 24460 42876 28321 39282 64705 -18543 65075 -49459 47720 -25728
r331 13179 -28908 11270 -61734 -47875 -58958 1559 -63522 42300 22690 49914 -6736 62477 -607 -59537 1288 -9924 16653 5180 -34358
r332 -4718 14373 3672 -7075 15445 -13245 34970 -64415 -62615 -24776 13454 54071 7364 -49891 40417 -19628 13750 -17512 -34901 -41159
r333 11631 21131 -33597 48377 -35539 -11180 -44341 -32623 -38737 26286 1421 50045 58202 -39093 -29249 352 44279 12829 -42234 32742
r334 1141 28316 -64297 -45168 -61380 -9098 -11076 -61552 33947 63690 13729 -26911 -21048 5147 51273 62409 50675 -37235 -43296 -29047
r335 -3531 -51319 -55372 -4039 44017 25987 -677 53820 -36484 -53150 7321 21762 64547 60849 30049 -34177 10000 2694 -56635 45062
r336 -46241 -38756 -44256 60154 -11818 -27833 56321 29728 -48329 -25512 -59268 -175 -17053 -37432 27769 64427 38897 65016 39945 -53116
r337 -45536 -56896 24284 -12252 62618 61655 -6517 -5159 16810 -11081 34859 44728 19429 -47838 14500 41232 29144 -57726 8783 -23678
r338 -65019 65174 -16872 -15186 55742 13295 -50130 10199 -4068 28997 -1287 -58915 14786 -3150 3396 -40398 19176 29692 38160 38468
r339 -32403 35795 47482 -29859 308 -23143 -5845 -10032 -13922 -1773 -57463 62025 13942 26703 33776 24011 21104 -159 -62463 4236
r340 47542 43874 10756 63588 40208 24487 14009 57488 59307 -51850 -42271 -52412 -38967 -11417 55623 -17615 -52553 12736 9060 37165
r341 -61161 -56384 45178 30390 17903 4414 20486 -10062 53075 -20927 -30812 -51505 -51387 27261 53101 50822 18145 60539 -36564 -19730
r342 23363 -52638 11053 62661 6366 -35849 62907 -169 17462 -25822 23780 -19689 -46394 -36091 35069 -31430 62328 -44996 -35119 9325
r343 11948 46328 63191 -18884 21028 47318 34289 21125 -3328 34599 15990 64698 55474 36689 17500 -7578 54570 -16598 -6314 32979
r344 21278 -54101 59458 7047 12298 -22414 -25084 -58647 31552 -5472 -58827 -8966 -26020 -52616 -32906 -53596 46530 44579 -15249 46250
r345 -42547 -28508 33360 -44162 -23527 11793 13150 -48336 41357 -58730 -59218 44119 46539 -4015 -12811 38058 25164 -5158 -55935 42384
r346 -10680 -35873 -25707 -24123 -56935 -46040 -48630 -51979 48822 43781 -10125 31729 -25218 -25635 45222 2631 17303 23576 56179 60849
r347 54091 -34539 -15218 1633 45674 -24436 61420 -17987 -35902 -65208 -41351 59097 -27990 1845 -20240 -43464 40219 -16827 37960 -42274
r348 38758 -22057 -51940 29240 28964 37047 15243 -60136 -48874 -49642 54582 -9452 49616 12600 12874 -6236 -59282 1440 25065 -15461
r349 -18984 -36776 62251 -29756 -55162 -2017 25410 -40006 47995 17071 -54584 49309 -15792 -8690 -31474 -61526 -30329 -45292 12192 10525
r350 26621 -52957 -14591 -4905 -31130 33018 -43772 35057 -48497 -441 45147 -54895 -34803 -30384 8384 30042 33520 -51538 -10212 -64577
r351 -24736 37029 25928 -29642 30289 -31480 -32494 65424 1465 41480 -18949 -54362 -63459 -23004 -50142 7569 -15030 46983 23033 -30799
r352 33112 -36185 36226 -33769 63850 54415 57105 29920 28067 -38267 -52337 53020 -18133 39869 -3283 -746 -58515 -36092 -12914 39651
r353 27456 59600 -26770 590 49742 39112 22624 -40011 24764 2309 52019 -8276 -19878 4025 38583 35139 -32838 -42300 -58439 -25684
r354 23623 -59561 49351 56605 16699 41395 -25096 -48007 56430 56810 11311 -28646 22728 -48187 51814 20778 6324 49438 -30858 38347
r355 -12716 -57349 -33477 -59958 -7223 19951 43889 11510 -33805 -28494 47370 -29350 -64179 32685 -16342 31670 -9276 -10914 -19230 -11755
r356 22229 -22520 55341 50702 17932 -49139 17412 -23342 -55088 -30438 -57230 40159 -63723 27666 56790 35427 -29821 -1741 -13754 -24669
r357 -40997 34057 58844 -4555 59690 -24902 27419 63959 19244 -52533 -3848 40113 31746 -12907 -5476 39856 -38694 -23432 -33403 -9937
r358 51831 -20103 9243 65 23261 -22485 4261 -27985 3558 -52127 29852 -4125 44481 -8579 57438 2796 -27403 8447 31586 -43928
r359 -4541 -21861 57360 -4834 27127 14307 -39136 -53085 -19015 20303 61702 -47227 31861 7402 27762 -18596 43442 -37143 6288 30872
r360 65393 55362 49768 40557 -34582 56835 -28280 -60810 -55071 -43382 35661 62839 17058 13866 -63757 -5649 30507 -52152 59907 18459
r361 -37122 -34511 -3936 -61377 64014 4600 5546 -54134 27592 14631 4024 1252 -12979 -55390 62039 14586 -44921 -44280 -45045 45504
r362 60051 -32607 -36854 562 -46582 49430 -20369 -8233 -18450 16165 47708 -56088 45139 -16099 10253 48108 21453 14748 61045 -7484
r363 -32109 -19271 -5080 -14342 -30113 12519 56359 28991 7234 64001 23304 -7112 36755 -7669 -10153 9618 65471 -2004 25199 21235
r364 20860 3090 -28687 -18804 -60831 14599 -16406 33115 3315 -31211 53930 38504 -30114 26042 -31132 -3427 47156 -11801 -32585 40419
r365 -3833 10305 -9140 -30805 -938 -63404 2489 5889 -64429 -21784 -58655 35772 -47062 23137 -2213 65321 -65265 -10478 2605 -51633
r366 32810 34929 40978 -17111 -2729 26100 4409 -16809 -5521 19876 -8453 -21891 -5918 5776 20865 47145 53021 -28410 59120 59601
r367 -2318 55063 -61218 -36007 574 -55954 -13987 -65322 -9995 19113 -61392 51875 -7029 -40309 31879 60663 -26214 -50861 45006 -54012
r368 -45803 -36478 2835 -45381 34089 11344 25671 6655 63453 -51752 -33540 54034 49254 -37580 -36432 -37964 13985 -32296 -24264 30533
r369 -38916 6970 44849 8260 1586 40876 -32765 32342 -21867 9699 15582 38646 11765 -65510 -22874 -14340 -47478 15184 10056 4813
r370 -13175 20983 -14822 -9080 8974 -53551 -40446 53314 -11898 62539 -49738 2358 -54366 30924 -29040 48985 46630 3059 11592 -24322
r371 -10691 5493 797 51434 -2259 -1103 62408 46059 43326 -33157 -41919 6997 61974 43112 50071 -57977 64912 -34451 3321 -11691
r372 16303 30626 48924 -17063 -35042 58788 33116 -53815 -2576 -43748 -34151 -18894 61984 -63753 39266 -56524 -58613 -8202 61152 64808
r373 -32491 -7646 34960 -45594 -31399 59282 11356 -24060 -7733 63284 63013 9435 22240 33689 6626 -39988 18458 49664 -44804 53766
r374 -12496 -44545 -47540 -57250 -44813 58482 -12339 61157 30185 41558 20703 -63515 -47424 -45730 2883 -19193 11157 63943 42909 -18846
r375 -4068 15481 -14602 36173 20800 -15841 -27102 43782 60217 59197 -4096 -34812 44460 -56145 -31777 52939 -42926 16157 -49482 64989
r376 -6220 -43942 -35400 33028 -534 -24342 17221 29706 -59382 25658 -4587 59635 -3651 -48748 -50337 42409 25122 -41031 48030 -42091
r377 -58702 -53407 -22201 49420 37369 -32573 9392 12059 28167 -51977 47510 -47721 61457 30947 52519 -9014 -50900 -3540 -13056 -53067
r378 56611 37988 29484 -64021 10782 65187 4381 -5385 -36438 52802 56435 62605 -9304 12710 -63793 -4866 -29750 59689 -6074 62574
r379 19563 -52404 39669 -16315 9103 63574 53776 58091 -23666 37086 -30621 31116 -19826 -34037 8553 -38664 -62026 -38484 50839 48269
r380 24886 34218 52989 43824 -52778 -43026 -13090 -34078 8098 -49788 50795 28394 -49106 -50994 -1144 -13084 -52901 -24333 -62281 -2846
r381 48382 -7983 -63217 58512 46993 -43043 -15090 -19407 20206 -57868 -24207 42688 57691 21741 42373 40988 -50292 12694 41796 21618
r382 21791 48556 4655 31381 -20160 -13992 61495 3887 36942 40066 54146 -29903 19469 -40412 7039 -50042 1908 36124 -14184 24367
r383 35762 54972 2135 53004 -15086 -45371 -61827 -52126 18167 8900 -51303 -2980 21414 42210 -17663 -41950 -14735 25827 28944 -57278
r384 -49194 -1719 23336 -10806 -63544 -20203 -60958 19538 40379 33874 -16084 50508 51824 46236 21744 -6431 -55168 23578 -3010 -56603
r385 12285 -8933 -53860 -36977 12008 44276 -29268 56416 57758 33103 -61904 -54393 -51678 -24400 -62024 -29534 -25574 58889 65218 39493
r386 52187 -51026 47737 -57654 50752 41780 -593 57688 681 44695 51741 50935 16774 -3436 36443 -58705 53717 -30458 4063 -31440
r387 7732 -7917 24966 -16619 28292 39686 -43936 12939 33626 18277 -21999 -8639 -20854 -18169 28987 -47691 -9634 44397 60390 30581
r388 -28076 -22171 24369 54779 47463 -13903 41154 28398 -13430 -33295 -28230 53904 -33400 4079 -18192 12696 62018 -35500 39854 10999
r389 54542 51052 19592 54486 -29122 3653 -8687 -9660 58541 -12811 21069 24681 27472 -20771 42244 -25555 24375 34436 23374 -13284
r390 -60624 36532 -46723 -8467 28354 40405 -53023 50207 16280 -47442 -45663 -40782 -53205 1571 -58335 63417 -12634 34182 9 24746
r391 -61707 -31765 34890 32621 -38916 27127 63324 11903 14951 -32753 5851 1302 8918 46132 -60740 26300 30089 -5967 -40410 28678
r392 -47444 -54631 -19373 -23097 63256 -55599 -50853 61751 45119 1453 44548 51727 35219 54697 48334 -51336 -52158 -34940 -55949 42971
r393 -55744 -25573 -56893 -22339 45504 40137 -36221 -41899 63289 54981 -59565 -43634 58202 26785 -10821 18047 -60526 42333 -44340 11883
r394 48719 -39284 44694 -53707 -23493 -40507 34311 45136 -14971 -26071 22237 44715 -32512 -13706 -16415 -39672 33189 36245 43427 46664
r395 -5370 43533 27073 63773 38260 -37967 -34668 -59399 37086 35307 3616 4764 -41727 -34015 21920 -31463 14689 -21869 23135 -24933
r396 52499 61259 -27787 4989 38209 -54173 -4814 -35131 2057 -59958 -57408 27036 -42084 -36895 55641 18535 37876 39996 21167 61178
r397 -59566 51012 5572 -7500 11090 10083 46841 -58583 21818 -46371 -3226 64958 20947 13579 64362 -55328 -1715 -42919 60912 -35771
r398 -28595 -31176 -34611 28331 -29197 575 41626 57482 -39323 -15324 -7669 -10733 -27177 -58764 -6647 -32279 36566 39258 -32571 33502
r399 49903 18271 26422 -4776 19538 60601 6917 41036 -60290 -24360 -42701 -4888 -8861 6586 -55059 55842 -56227 21155 6156 7686
r400 7810 50121 -51171 -18190 -1633 30378 26471 52392 -44212 28365 -37720 -55164 -26161 -7162 39247 52922 2294 46599 43934 -6293
r401 54103 -45811 111 -32281 30639 22746 42829 -538 -5228 -40454 -22198 -19251 -17893 -37579 5302 41630 6452 -64584 13602 -21048
r402 33596 36921 59706 -19932 -46273 59770 -12094 -13902 1121 31724 -59131 -33415 12043 -7204 -2130 -13444 3161 18295 28038 12956
r403 -28937 -31596 -20121 -44274 -26851 24198 33532 -35435 38349 33565 6198 -19437 -5757 31815 12867 -5028 -12472 -37027 10811 18755
r404 63062 960 -43532 -32268 -50958 -3390 -61596 -48225 43230 55379 45787 20991 -47172 33276 -57345 18840 -16142 -15963 53090 19197
r405 21561 29257 -38305 -30134 32243 -44478 44688 -24737 -18238 30854 65149 46137 57934 7693 35735 16656 -15796 7448 -43817 34563
r406 51212 -27815 15976 -11906 5888 60972 -37697 30339 -63163 51785 -46924 -20746 25085 -27738 34459 -53304 7718 -16253 -53196 -50285
r407 -44966 -62963 -46883 21602 11216 25492 35077 61970 -16393 -1551 13462 -4442 -3459 -61271 39749 47694 59460 7216 36130 -49546
r408 14079 37012 50024 53657 -45899 -24310 -3132 44370 -17519 40338 8932 -53827 -4137 34408 -27100 57991 -45647 -10392 30341 26100
r409 -63288 49757 -19352 -22349 -16629 34327 39052 3534 56603 -44948 -63324 64435 869 42677 -4439 58080 58218 31613 2387 -28525
r410 -47689 -35347 -15470 -61283 -59036 60957 42322 -40085 42061 -45016 21992 -26596 -38154 -36301 28100 14675 -17892 -14925 -45145 27452
r411 -18077 22182 -59659 -3229 33845 52934 59513 -16098 12022 57458 -48 65143 20452 6758 53901 -55718 -10002 41752 41798 -8310
r412 -12133 -49092 37536 16732 -61516 -59319 -41721 -24489 5963 32868 397 44626 47546 -37728 -56455 39929 -25261 45007 -60651 994
r413 -27742 -11552 -60860 -28878 -30307 51882 31152 35182 -27579 27659 17866 8901 -51163 -38823 30406 -11953 4906 -5991 -53772 -30148
r414 -23878 44775 -6683 38014 28864 1669 -61266 -51248 -56608 14516 3334 -61395 45473 -28047 -2756 28804 -30853 58164 -22815 35019
r415 44867 -5383 -8921 51598 -22936 48360 48322 35449 17070 -13538 -3855 10849 62122 -34935 23986 28148 -12276 -53209 29176 -13719
r416 12811 51178 -49902 16647 36935 54806 -63304 47194 -63499 -42832 21682 9859 10996 21745 -59018 -5903 -21476 33214 -15086 -62669
r417 -51114 -64437 -36301 -29277 51185 -45717 29558 -17970 -62356 -43332 -40443 -49270 8419 -12767 -30528 50891 -24041 21134 -25359 2649
r418 23100 -1960 51733 -10000 33816 19418 56303 57331 4056 -47750 -61702 56277 -41287 -4017 35156 -42136 59777 -40255 -17203 38003
r419 -26002 -3876 42192 -17154 50176 48443 -35661 18467 -64432 -17944 -25723 -16716 9206 -25985 24839 -3328 -11273 56018 -29652 58007
r420 -36211 55093 -34622 59212 -16628 16742 22194 -13335 45000 -17745 -25347 -12149 -23962 -50150 22091 34869 44947 -58066 -58482 25436
r421 44215 47725 -55759 -40453 -44083 -33163 42509 -2825 -20883 -32119 -16675 -2093 -29386 46004 -43245 -1257 -57252 -6549 -8145 -37383
r422 -52293 11080 -10947 -1908 -12584 50009 52140 -42027 -35463 32775 -43618 41917 54671 -27260 32143 -36862 -60337 -4752 49128 -29495
r423 59175 -789 -51979 2628 -57869 44457 -18827 -29650 -52487 60973 -17161 19179 -1173 65287 42763 -35338 -10791 44733 21079 31126
r424 -49092 -48417 33697 7331 5771 -13900 25118 58358 -39368 -6783 10535 30066 56034 13770 -1195 14454 33058 3586 -28193 37504
r425 -35449 5268 15733 -41820 43412 -46600 -30435 -35659 51507 4775 -402 47259 -34802 41990 15114 -39762 -41569 31790 -58408 9090
r426 -63031 -17015 -46885 -15252 21209 -33033 -28257 -50922 -52154 13614 53731 -43736 57292 -28979 48147 -41721 55645 -49194 64948 10635
r427 39052 15699 38051 -13749 -815 34754 -30896 11435 -62926 -58060 52936 52273 -63820 54100 -36550 27304 36381 10784 -41893 -59421
r428 50531 20353 16261 11409 30134 16458 -46882 46362 1035 21811 37334 -37027 38863 -16173 -62942 53548 12212 -40418 -50164 -16067
r429 -32571 58090 -15875 -29550 -206 62054 -39793 51686 -8049 37273 -13501 -3727 -30293 8009 -27351 -28653 -61496 48918 -1312 -42212
r430 -13215 7021 51138 50829 17203 -17014 -877 -41077 40154 -64565 1884 -11917 -28484 -56240 34867 -18921 20772 60236 -59396 -22930
r431 55353 23699 -9534 -41919 -11191 -17426 -55235 -37450 -44046 28568 12676 -61271 27960 -37692 -34908 -1811 -10897 -23232 36452 -35743
r432 -8555 34419 -40558 -1744 13249 -11607 -25244 -16403 52297 49470 16495 42634 48608 13503 -35102 -60596 -56692 -14788 61502 49035
r433 -215 39576 59265 -46199 39153 62041 23011 54182 -54689 -34766 -53285 17287 -51279 39064 -52751 26913 30162 -3461 56490 -33686
r434 -60957 -9625 -20984 -54754 36329 18414 4189 -51006 42605 50580 33194 8002 -51544 -36792 -51021 38901 -55992 3036 58705 22623
r435 -11054 35468 7324 -50450 60833 -37776 -37372 19640 -47683 -46428 -51425 -40451 -41440 -16672 4994 27095 -23353 -52330 -44833 -16338
r436 -60627 48118 23923 34925 5645 -31175 3305 44213 -50003 -4244 -7828 46358 -51668 -22906 -44445 16954 -56319 -48224 57840 -10734
r437 -63037 48323 45096 51570 -6764 -58955 -4631 10696 -6733 -49981 -13112 49820 -8128 29158 -37261 -14759 -21449 -56714 39829 -57538
r438 -46727 48103 -61625 40188 -15996 21038 8481 -8264 52396 57119 20104 42767 26982 -38846 24954 13884 -39022 -55196 -4270 -26901
r439 52532 -46174 37042 -49528 12250 -61830 64642 -50690 -41997 -18631 -19913 -50871 -46631 46023 63654 20315 1414 -2754 -52418 22566
r440 -26492 35213 -27052 -56000 -63693 16004 29801 -42303 -29117 -42698 -45164 59994 -6635 -65346 -38090 62768 -28401 -21078 -36534 -32737
r441 -40296 -46349 63841 56887 401 -43542 -53512 45907 29434 -48838 -41690 55873 14826 -57095 61489 2465 7720 -31319 -40536 -13150
r442 -12041 -16292 -25053 6238 45665 7349 64102 28308 -14528 -54445 61377 9291 30512 41718 -33979 13234 -20062 55136 -3081 -43426
r443 -56273 -57279 -18135 -32964 59867 -21485 -13058 -61628 -4995 -9665 -55221 -39372 -53074 -52311 4580 29217 60663 -65494 -53669 -21342
r444 -42051 30187 8031 8588 48594 -29102 -20586 -41118 -58209 21991 14262 -60119 -17740 -55883 -51916 -47540 -14678 63767 14109 32596
r445 8294 -39126 -59654 62893 -61631 7102 40993 -56288 5273 -9625 64639 -12055 35420 41612 -55848 9293 -20290 53960 -50213 -30616
r446 52501 -49239 -5266 18202 20267 -35632 64548 19410 32665 47369 56082 -57226 -55889 39273 7241 27269 15658 -56463 -63777 -55894
r447 -36792 21814 -38 -18289 19096 -23268 1941 -59011 59248 -29656 -50539 -50822 -7250 58662 52949 16680 52303 -49016 11349 49968
r448 -37819 -65391 -22864 17536 -16501 10602 48048 48104 47302 30428 55273 -38053 36829 -17716 -25366 36457 55966 -1864 47232 -35173
r449 1719 -61715 -26831 -52760 13886 63905 35304 24025 -19777 -64791 14398 12018 -42274 54054 15824 -56544 59040 53329 -36000 4536
r450 17722 2441 63798 48675 16270 46966 20204 -1761 58229 40226 65061 -53247 -1968 -22982 45609 4300 26351 52459 30046 25376
r451 -63730 -43128 -50977 41446 -2146 -12771 -10909 57974 -64425 39902 55701 -8324 -39209 40000 -35375 56184 -27142 4169 -16805 27088
r452 -59532 51313 3839 -619 13515 -40268 58791 -2356 -50043 46437 -14209 -17854 61574 47142 -34415 31887 7456 -1407 -55879 8762
r453 59812 -5029 -45012 -17991 -11717 45977 -65471 -23141 -25395 -13119 -24751 -20405 -60028 61445 -3615 -63702 12023 59054 58274 25099
r454 -14596 41736 -21389 25381 47292 7817 48684 -54955 -7288 43999 -52670 32325 -13661 53316 -6415 63197 -52680 20888 -29583 56651
r455 38701 -47980 -25797 -21358 -36952 30314 50721 49547 -35285 37193 24970 44919 -8130 -48366 44028 21630 22774 -15173 -52641 44684
r456 -20271 7106 -19935 -48745 -39195 3976 15092 -27987 -57253 -34807 -9850 -63644 47330 -16118 -24389 -58369 -14417 -25283 -43253 -43679
r457 37019 41801 7748 26248 20269 31196 -32667 -47055 11072 -19751 59283 34941 -43325 31753 5076 44704 44648 63393 61564 -60739
r458 -16264 -2223 11826 25585 26117 -22474 16244 57546 -6934 51906 -794 -25973 -41878 60820 -10757 -61873 43156 22587 55155 31020
r459 21036 57729 -22975 -15638 62707 57734 35411 11306 46191 7787 39680 22312 -56788 1395 51377 -50884 22559 21358 -13338 47077
r460 63586 -20532 -57999 6321 44920 -54470 63950 -5030 -1989 34924 45778 46734 -13513 43131 3102 60984 40450 55689 -15671 59409
r461 -57346 -44755 -9013 -32576 -5025 -38587 60127 -24760 -10582 58944 -57767 -43783 57754 50764 7442 17571 -27690 -6699 13211 -26029
r462 -54913 -35833 -20788 49719 -26516 1152 2783 57427 6458 8643 -50488 -6982 49726 42360 54693 -46144 46260 45250 30607 -53368
r463 16307 -53941 50950 -2074 30072 2789 -47186 -63272 31515 -9668 12059 -25363 -58472 48664 6936 31341 -43031 -14397 -18001 13316
r464 3375 62224 -10910 48469 -3801 -5726 41950 -50087 11456 -53599 -19362 -41286 -60441 20978 39422 -4673 -22756 -63414 -40984 26554
r465 65350 -13766 -51573 -34604 63105 -26008 -26846 52282 -39695 -442 -63537 25606 13488 -17475 57790 26706 -33281 15013 -18279 -35687
r466 -30164 29144 20123 53842 -61002 31468 -56539 42833 -12088 -50693 22487 -649 53286 46122 6976 65238 -63182 30671 -56762 2499
r467 -31079 -27447 38372 58598 -20134 48461 -22875 -55526 -6026 -41941 -18835 -62701 -55446 56461 6021 50757 55309 -42377 50226 57476
r468 30796 26721 60164 10971 36005 -14397 -47378 -19778 29614 -51943 -35598 -33109 60875 16320 -38187 27496 16600 -21749 -1237 20221
r469 9046 -20311 -48655 -5819 22862 -25206 63335 -43467 36564 32824 -37414 26248 -3144 -51088 -2232 -53159 40468 45985 -20482 -47919
r470 48226 -57695 57933 -30866 44969 -5875 -54273 38790 -7168 -22833 28345 -65517 -18806 -27769 -58457 16772 -20083 -2477 -54508 -16090
r471 25677 60989 41538 -31142 43371 -48332 58016 43981 -3347 50806 -16083 9680 38004 36136 -63265 19336 -841 50469 -17668 -2316
r472 -64315 -19087 -2297 -60171 -268 -51197 -27480 -13452 14321 22132 -16310 2509 62044 -53722 -55066 44258 5848 7349 7209 -13401
r473 40311 -29653 -6087 -19431 -47122 -8062 -32287 -15295 14117 59974 -48334 1037 27091 -22482 -11397 -14061 -37629 41054 41290 -38567
r474 -47380 27173 -46937 -3498 22722 8358 56796 -33251 -20618 37448 -29286 -46671 47089 23224 -49628 37891 -40907 -22528 -39 39033
r475 42939 5060 54855 40560 -51199 45705 56337 3453 8764 -18787 14863 -51343 -7677 -48515 -49202 19710 -7755 -23351 25688 -55141
r476 5781 -4573 40152 14619 -45784 49025 -61366 18787 37004 26430 25230 -58167 50160 18248 46150 -25923 36518 40863 27799 63382
r477 -25712 47759 -63145 48524 18492 -41443 -52578 41415 40744 34775 59290 17269 -60798 -10302 22470 -27570 -9576 -3585 12663 -22171
r478 57541 -1697 -6147 -58795 -57653 -9408 22212 -39045 42748 -14556 39147 32171 -49317 51678 -42238 -26374 13896 25868 -31261 30102
r479 19609 65235 55595 -64904 -41092 57889 25098 -55288 -50246 -51608 58372 -21824 12189 38264 -33317 64143 3871 34524 -37445 51400
r480 -20134 15870 -58225 1950 -52933 18344 -25818 -56805 22123 -13790 51573 -39579 -25592 -60450 13340 -27586 -58680 -23529 5837 48174
r481 63393 12087 -55795 49278 -21806 -28082 26191 63767 25755 -48314 55377 -9092 -4809 -17766 50257 -36046 57010 8003 -22197 -20253
r482 26663 -44309 -43498 15647 -51092 52724 5041 -33029 7142 -55179 54802 -1904 -24594 -46152 20712 8449 12779 -6739 -6145 20805
r483 -43279 -55077 -49563 16547 26939 -62128 -47616 -11754 22821 39530 29166 36055 22122 29706 -58059 30712 18876 -27988 -51741 -28843
r484 -41909 -3856 -24369 32116 -45607 -56714 -33630 5435 -26394 -53282 -60117 -24940 9352 -1602 -23151 -65367 -28278 56580 58875 3117
r485 59361 -59488 -40623 6485 -21008 -43189 58243 4651 22885 43177 -44226 52799 26096 24100 -48509 45038 53692 -52016 -9339 38523
r486 -58360 -55708 -58112 24546 10669 20351 -52942 26123 14157 -39848 -19548 51130 -39233 -25989 -57751 -20116 -3548 56820 -46278 -57244
r487 38297 -58148 -12363 17707 38536 -57611 44396 40503 11808 -45169 11334 -65346 56225 40870 -29799 -47617 54823 -16948 2052 45098
r488 28965 29109 -3278 -49075 23014 9036 32045 37427 -42820 -50746 38734 -41255 -48456 16217 -14609 63123 -50092 59288 -29762 51857
r489 61247 59315 20580 21473 38113 13871 54632 -50049 18571 -40991 -57601 51572 44439 15738 -48038 -11242 27306 -21430 4829 28574
r490 -36047 43579 -10984 13157 -60913 -60552 28308 -10387 41277 -8168 16669 40157 -8912 -40960 -6545 -23604 -63728 -64770 -55581 63692
r491 58473 -64412 -45822 51525 -41422 -13383 21246 -5582 12609 7812 44976 64270 14544 51268 -58528 -25036 -51155 14106 -27298 -30350
r492 41746 62057 -50335 59134 -47952 -58802 52392 25626 5237 20174 64099 9435 53359 238 60737 44101 60876 -8471 38915 8515
r493 11246 -61510 16774 35251 19425 -16897 2503 44933 26813 62169 -18652 50746 -54240 -19984 -39233 -22889 10767 46966 41750 -37176
r494 -22941 -35426 -36145 -37061 34943 -10160 -7424 -55175 15381 17762 4217 -47544 -56121 -29822 40724 53777 -15851 -23978 -17942 1336
r495 -15571 -62103 31737 53100 -19064 15548 53074 -28872 55858 3870 -15251 11826 45253 1808 10265 14256 -43574 57363 10474 -9622
r496 -30531 50560 4750 43508 -60808 3754 -5731 1175 -34752 -1174 -6271 49518 -60760 55479 -43820 -43549 -63449 -51502 42430 50562
r497 17584 54216 -60221 -6995 38687 -26255 -8076 5624 56502 -41894 -18370 -1872 -39921 36070 -43520 -50635 -58473 57464 -3471 -57038
r498 52595 13822 -11831 57907 -28433 61658 16354 32513 -39345 56350 -21722 -18560 -30321 57148 60800 -58504 -7599 -10212 18984 -17578
r499 -39906 27407 40264 54591 15375 -24231 -14941 58180 50041 -33647 -50828 -44128 -9185 -57280 33879 13517 3561 44804 16711 21694
