mTable26 21
KEY  c0 c1 c2 c3 c4 c5 c6 c7 c8 c9 c10 c11 c12 c13 c14 c15 c16 c17 c18 c19
r0 17281 1507 20902 -65305 17006 25455 62157 43731 -44235 -24403 -49698 -27372 -7875 18800 -36778 47308 -2500 44755 -36037 -12912
r1 -20183 -14089 65531 -52720 -32995 61982 52756 -27329 19527 26 37856 -10658 47724 55102 47578 -41711 -26064 -49349 -48693 38197
r2 48727 -58996 -51898 -17537 -62815 -49257 -43907 -47251 -14235 57388 -54552 26291 -8719 -20896 -36339 -39293 10115 -35950 -19827 64886
r3 18374 13768 -58308 -20703 -21236 47682 63812 -25479 5464 -20934 -52800 -14360 -40643 -42908 21230 -10132 -53792 2038 52542 50510
r4 -4826 -61056 -61811 23949 21833 10130 -64571 55017 -11737 -9603 -46624 -46754 -23309 53204 32767 11857 62791 9185 -61812 -21268
r5 21879 -58084 -64136 11390 5761 43844 18219 12912 61342 51373 772 43455 30779 45813 -47716 -43457 -3269 -63212 -19902 14276
r6 -15874 51000 54479 -35012 -37356 7378 64664 62729 63110 -64189 2419 6958 25217 -5109 49202 7440 57838 2745 -22329 32572
r7 -35165 64751 -46967 5217 39401 -61820 -31189 39525 54616 -20821 4047 42408 11568 34997 4347 -31062 -58756 -11098 21717 13858
r8 52157 -34673 21798 62117 -11983 -25621 63073 45502 -42747 54184 48225 -41352 -8109 -9891 58499 -52785 63210 -36307 -49589 -57722
r9 36682 62259 29162 -51662 -31115 12023 42383 21671 -5405 22645 -58443 -37065 -59337 37950 2322 15107 -23806 -42509 22758 4273
r10 -56222 -37561 20135 39416 7752 17004 -47026 -38778 24084 -10174 -6583 24525 3115 37394 33158 40374 -14157 4189 45618 65057
r11 47080 64905 -29397 47333 3226 -2317 -31237 -56214 3948 -61859 -27804 -51339 -10905 -61559 51149 22422 38601 17953 -41782 23472
r12 25330 38753 -26417 61320 3706 -29855 25662 -12819 48383 24753 -12079 -20419 -12701 -39041 -54884 13245 -7755 21401 45315 9435
r13 -44269 -2935 -34105 -52064 26978 58094 27767 34258 42095 -12299 -17974 10413 5791 -63341 15311 41070 -47878 9595 -62419 -58696
r14 2054 30110 3789 29939 -8966 -333 50353 -47493 17528 -34884 -54559 21997 -56156 34087 43151 -58994 53654 -17168 -59706 -45014
r15 7801 -1905 50966 43315 64185 -17542 18434 42630 -30327 65322 37957 -65155 50414 16740 40655 8062 -33528 50014 -57011 -60312
r16 58332 -31729 57971 16742 30761 19950 -61942 27562 53086 48849 14680 -30089 -33115 54490 41532 -58663 -54495 -9689 -57589 21756
r17 43997 -59043 -14247 25845 37719 35537 8071 42403 -65095 -9702 59598 51156 -46299 29190 -55754 -56883 -31535 -19545 15924 -52490
r18 -6230 -21328 -60578 3960 -17914 1170 56237 43796 -27053 -43364 -63585 49066 60036 1928 23252 -38647 20441 25469 31948 2999
r19 -54451 63247 24244 30487 45740 27629 -50685 -33672 -4415 61583 -32064 23278 -38574 24960 8889 -3945 36879 29335 13800 -41239
r20 -26860 -60300 49454 -15755 -59765 34789 -26475 -35757 -11362 385 -42084 53128 23628 -19994 315 -35283 -15829 48317 1871 61074
r21 -30403 17192 -22638 -12249 6127 38554 5747 3579 51299 -48199 -38142 53038 42542 -28681 -34636 -45284 -34783 25444 50371 -6111
r22 47143 -38193 11011 33008 63926 -8536 -50924 21808 -20171 48844 54605 35353 -40548 35812 -64819 26659 51940 4852 65415 -64623
r23 -33930 -41435 -4933 -58092 -9538 -42142 -17010 63002 22046 -35200 -52461 26449 -49068 41339 64563 -12085 -19993 35635 31697 21774
r24 1601 -29034 -12289 13313 38372 -27966 -64692 16841 -348 35551 -60842 -14300 45037 56115 31331 -41016 -34009 -53110 -64873 37585
r25 7928 35709 -26279 -24552 -4988 38693 45031 -63822 -51100 11456 -54319 -28547 -52179 -31577 62530 -29471 45889 -29126 4721 -5226
r26 -16140 6694 -10727 -63349 -58092 16305 33974 -7430 -124 22551 -49344 -51299 -22625 -63811 11267 26945 29412 -12348 61965 -18109
r27 55430 51965 -3889 23671 -57848 46918 58861 -21719 -21439 -7055 43927 -37734 42368 -62910 52378 35046 -2597 -57513 24211 28366
r28 4223 -35902 -36022 45504 -34434 -56977 -17146 1447 20597 20351 -61029 -8474 33125 -53795 -38802 -25392 -37714 35049 48031 -12355
r29 63467 -18902 40804 -17722 -47389 59569 63589 47665 -44592 31694 -61667 35670 -53766 56111 -2740 -48526 -33673 14882 33292 48715
r30 25604 40886 64752 -34480 -55921 7958 -19769 -21347 -31374 -11888 459 -42444 15509 -64388 17062 -50122 -11098 1728 -21488 14392
r31 20372 -43343 -16564 20572 1044 -7668 36431 -16677 11787 -19540 -38707 57491 -18267 32972 -5665 -26376 -7102 -65434 23610 -54505
r32 -38831 -790 49088 58262 21679 31880 -8312 -18688 -29661 -44596 -31097 47993 -30700 2698 16566 1354 27810 20426 -41241 -32468
r33 -15983 -41959 -36834 17498 -47195 35113 -58451 -36142 -52592 16983 -58832 23092 4777 -44534 -45473 48232 50405 -20073 51887 -51015
r34 15783 -41393 -58136 -5948 -14278 37 31134 -24398 55253 -13772 -52942 40602 -14326 -51360 -14490 73 -65469 5987 6701 -34453
r35 28390 -29359 36570 -27119 16058 34085 -50877 -40602 28436 -13969 -9255 -17467 -56286 -14093 -27872 -20534 -26690 -56091 13582 58014
r36 -11874 -33583 31390 53256 3478 23338 59120 -44054 -32377 -2137 31421 18227 -20983 53083 -23701 44434 -25072 35535 -24340 60812
r37 32165 -23742 -21222 -37673 32917 45687 -45604 -65526 -22175 1014 44135 47084 8909 25609 -12282 -57437 33773 27233 43112 -33864
r38 -17876 -62413 -12965 45013 17740 14449 -44380 -19135 11489 -8975 60822 -54801 -61775 56824 19809 48918 -62121 52403 -20829 53425
r39 53686 -3302 -18536 48156 57568 5107 -26131 -30460 -53358 49597 49515 43762 13290 57449 -22166 -50130 63213 -15042 -49351 -27933
r40 29194 16815 -64276 -47591 16613 13938 12078 21437 -29340 -15255 -29546 -48039 1780 59539 -37103 -60932 29376 -10530 62378 32203
r41 -17187 32278 18506 10126 -5452 60228 11967 -45628 -120 8566 -59750 35444 9088 -37589 -31296 49362 1877 55813 12766 53926
r42 40346 36981 21438 -46270 59847 11696 -38602 -939 -3503 54235 19383 -34106 -8323 -60984 -36410 12266 -19932 49865 -1299 36107
r43 39410 41929 15075 -31705 -12705 10531 -19795 -21109 13335 41785 -24364 64197 25071 -14936 49474 27930 60526 -42388 10378 36790
r44 -56165 6769 44301 50380 -56811 -28901 -59602 35309 -32788 58086 17102 -47050 31878 50059 46741 -11284 33165 8245 39637 -53745
r45 -7035 22194 48673 -29807 -6726 50004 40644 20030 -57339 -12991 -37330 -14379 23765 -31160 -9306 20535 54362 -4507 3854 2440
r46 -57360 64689 -18990 -18533 18438 61131 56477 -36239 9192 -38099 -42200 -23478 -31143 -21279 13609 -45950 -17492 37599 -57634 -43109
r47 1376 -21382 64111 40726 18756 -43287 51636 -8027 -38908 62129 -61433 -44764 29613 6164 -5928 -32618 -42653 -39783 -4322 -56106
r48 -795 -7803 -38575 -13726 48083 -26056 17940 -57735 -12309 41939 39281 8441 14588 13685 23262 17922 -20281 -55934 -18027 -49645
r49 -38085 52986 53589 -40026 -4397 -61555 39361 -8741 -62961 52424 25260 50096 24675 -6559 -30926 -18170 64202 33712 42074 -25054
r50 59220 -14856 64483 -30251 -12092 17324 48493 -40060 64643 32415 6965 20031 -35513 57965 -3897 -45190 32824 4406 2192 -58203
r51 10003 58630 59085 -54976 -14318 -55414 -1536 -31339 24762 -63279 -43466 -58875 -39035 62715 15935 47826 -64191 47639 -58701 36550
r52 28947 14561 -5125 -41453 -1899 13898 -245 -39963 40200 -35758 48214 -45565 -9277 15400 40256 -24329 52858 -36048 34850 -52478
r53 46818 8750 -63844 -23358 -12068 -24403 -64587 -47663 -43219 -28893 25880 20232 -3606 -38085 -8042 16500 15629 -4922 -12834 -4267
r54 -31880 -45954 43893 -31755 -37285 28095 -64588 -38213 -54039 -58800 50764 44667 62326 31228 40507 -30721 54485 -49943 -65402 863
r55 16300 -26546 -23673 -55318 7376 -57273 -9515 20829 54619 16056 5836 -6561 51130 3271 -487 62469 54962 -11347 -60624 19673
r56 -20539 -6934 56562 -47007 54927 -11133 62280 -32773 33055 -1 5317 10912 -53129 1814 30265 52922 65519 -7544 53276 34609
r57 38445 -54277 -36839 6263 59786 -47602 27686 -28466 -6638 41034 -40871 -25048 -48860 -53094 15816 62508 37428 48196 25507 6731
r58 41013 29762 -44853 -14232 -36360 13508 -50401 58719 -29124 37839 55436 37617 29821 38257 -20811 -57053 4218 -26507 3375 6697
r59 7124 -14947 21100 -6138 -49865 37157 -55160 -64930 36996 -20016 -34831 31570 36344 -17907 5522 -5579 45595 3655 47064 -3913
r60 -36272 56112 28718 31361 -21908 -36889 55411 -4325 -4516 -3322 11906 42456 51820 48170 -36708 -6194 -13488 -44371 60161 25492
r61 65040 -40686 966 24936 -42014 -53825 -20836 36160 -17070 -26746 -590 48174 40453 -19215 -15113 -51994 -13833 21485 -40350 -49340
r62 32872 18583 -20359 54595 -30275 -14401 44909 -9980 -27800 61879 8303 -26695 -35323 45439 -41287 -41783 58175 45933 -4047 2082
r63 -45358 34562 5568 58815 -17448 -6408 28760 18803 -44652 -13159 49892 -31417 30174 -10539 -50637 45710 33813 55961 -47114 -49213
r64 -60006 -51702 4250 -5078 -26308 -38657 30150 -41083 8993 22371 -5105 1787 -6271 627 -2454 22426 -42072 52402 37977 30667
r65 53073 -39586 -47315 -45006 10156 57011 -41323 -40140 16511 49984 -53194 -28372 -64846 -1801 50830 45364 25669 29679 10347 59657
r66 16152 10752 42553 30472 -57052 -14819 14200 43070 -1118 -14159 -61332 8529 18784 20775 48286 23427 50811 -7822 -29733 -38273
r67 -27757 -56648 34555 -54083 -4974 -45899 -12410 -46706 -51623 -56301 -41987 33130 46252 -30717 30726 16067 -42770 2127 -3970 146
r68 51790 -8118 -47581 5552 3749 -16057 -17884 -13652 -27876 -55262 -6587 57166 -12192 -39254 -8959 59277 31390 2676 -6679 -58853
r69 59652 30698 -55918 47897 -1750 -52392 48976 -25089 -57222 -41484 -18961 -54683 -29456 37083 -12260 -47367 -60806 38940 -52623 20035
r70 -31832 10929 -10714 6048 -63725 -45814 22339 -61393 -12078 11327 53329 -25029 2048 -42335 8443 -54800 36176 45355 -25689 54158
r71 -16427 -19416 -55396 -43494 53016 -5518 -149 14794 -9154 64754 -6238 -25857 3883 -7596 -57792 12864 41002 -7605 -55347 -10119
r72 9450 -55259 -58762 -21209 -60883 14211 12951 -54909 63139 42349 -52218 6828 20896 19683 55708 -50897 -37774 60079 5852 -11374
r73 -8256 -52118 -32311 -41719 -12908 49063 41152 47674 50110 39132 -63311 1727 34442 21183 -40622 -25563 -51925 13328 57587 -3479
r74 15425 -23309 -6169 25597 -10039 -4730 26105 38838 42961 23229 -16851 -1457 23824 -33528 49834 -25377 35224 19387 -47932 -5803
r75 -24194 -15068 -43336 5692 -8895 -41615 58055 20029 4242 17191 -29093 -20865 -26015 -44021 -61741 -43522 33882 -63859 62021 45850
r76 9908 7525 28804 -41454 -39522 55936 -45427 7089 42015 -46689 11157 -42350 -53404 -35307 33309 41887 27441 9932 41886 -30873
r77 -3638 -51745 49418 62813 63471 37220 26838 38681 28030 23070 11535 19658 -3112 53061 -50757 -51729 55927 -4111 -34513 -60387
r78 -8025 7828 -3928 33391 -11516 -30009 23149 25882 -37426 53209 44736 -42933 -13668 -15769 -33919 -52197 44959 39747 6589 40930
r79 -6684 -61194 43214 51172 -38732 -64065 -59863 26690 -52153 39842 52063 59525 44331 -40258 -27012 9503 -7015 -34860 -19689 2869
r80 54804 33321 63479 10509 -21885 10576 -23859 11809 60846 53359 -65379 1144 -34267 -31619 25510 61280 -56586 44002 -30096 10088
r81 -27600 939 7936 -28628 -34947 -47206 -56573 -18025 -23529 3279 64880 -31434 5270 -64001 -36830 -42559 20669 44781 -14533 33011
r82 -531 -37147 62363 49606 404 17809 60139 60281 -18004 50076 7303 -51591 -12027 53468 -3925 -5626 -1698 -47729 22696 -38750
r83 32766 1144 59008 -12683 -21927 45383 61527 -37960 6750 36590 -8793 -62058 33757 2459 -38896 49909 -59617 -40553 52033 15900
r84 36641 -65272 -17179 38394 -1782 9402 -57050 33185 2934 8350 -27727 -41198 41144 -36116 61045 28640 44796 -55879 49672 -2943
r85 11119 -26251 -23825 -8326 402 58186 -47284 -43445 -47555 52209 4148 28815 -29419 -63083 31749 57400 16124 25410 57992 59381
r86 8909 27649 -29267 -56827 43081 -48150 -27362 -36012 38222 42722 -29286 -12872 54471 37888 -59144 -41403 -8823 -20649 50461 -58324
r87 -65017 -38955 51869 -37503 -25427 -49533 -29667 -64206 27283 -43042 32272 21450 21595 25714 51407 45410 -18854 -29107 58878 -62193
r88 14452 -56600 -54860 -18346 10591 -37070 -14523 -1921 -51168 31665 23040 -19911 56349 15904 -18371 42638 8958 -54224 -56133 33614
r89 -44949 31924 -45342 29553 11255 23994 41087 3771 49693 51851 -42811 53576 25264 42550 -61426 -776 -5131 -26372 37540 -39583
r90 48979 -15975 31872 61885 43169 -59075 -53421 53781 -30057 -58346 -53525 -3927 -10056 44168 -44897 -10035 -2343 -48006 -52982 3608
r91 -58223 -49645 21369 39056 3869 -56874 -36763 3581 24092 24583 -19609 58242 34461 64387 14423 -7949 63330 -20810 -2647 22433
r92 18316 20686 57630 -8963 -3778 -40730 -12771 48006 -24924 24425 57356 20492 29227 -41117 -42168 -53189 40256 61262 54008 -32688
r93 15542 -55679 12524 -34544 55893 -19920 -29933 8745 38747 -52040 24188 46409 41614 -61660 -38028 51088 -32541 31591 49227 -14151
r94 32870 46227 -52204 -43392 58397 -35359 -56120 17697 49062 -26287 49226 46302 -37471 34778 -45264 44109 -11164 48204 31907 54357
r95 -31029 -19099 -29192 -26307 -52362 -57989 -12397 -51033 -11904 7750 62711 53920 44646 -60418 18946 -26149 -32096 -48166 22847 59256
r96 53747 47861 -51605 12548 -61146 -14039 2004 11183 -65123 31510 -41710 26024 17227 -33487 -37246 -43089 -59198 35747 -33483 28104
r97 64868 43925 2182 -40885 45492 -3606 16897 53890 14596 36134 -62334 21979 -7657 -4932 8799 -28360 -61776 40423 53108 -14548
r98 51917 -48902 3772 -56794 4600 63078 -38096 5928 -11131 58352 -30892 28704 -44255 47588 -2539 -3390 12400 36612 32859 40458
r99 49364 -34194 65087 -23484 -29029 39543 -62386 -27819 54312 -1186 -24384 -19356 -35643 22154 36852 -47193 44312 41974 -27523 30996
r100 -36268 51054 63371 -55727 -11788 20151 16070 6630 -3939 33114 -41507 17849 -58429 -14480 23111 -36613 5509 -17065 62026 -33265
r101 47446 -29551 61275 -31902 31761 63473 27940 7266 36004 -36875 60084 41727 27597 -58186 63248 56665 -945 44722 -43435 58566
r102 -3076 32420 22380 -30808 27154 65279 334 -60437 55010 6278 -42940 31170 46813 58590 -933 58643 -4455 -63644 -47857 64276
r103 15827 -32091 -63793 -6467 35840 -64231 6178 62886 41309 977 60424 10395 -12880 -46958 -14285 54661 -1242 -10001 31354 38105
r104 -32047 17222 12966 -63236 -57876 -3099 -6622 -47067 38426 -16117 11631 64346 9182 4471 8892 61942 6130 -64792 30088 -27905
r105 43916 -29070 -63741 -53774 -16974 -62575 -56145 27943 1630 -40627 1415 -19533 27790 2871 11969 -29453 58466 -23790 36884 5866
r106 -30131 22437 -56549 -1439 -58390 50890 -2509 21025 40743 -10560 56775 5988 11349 -814 -43607 53053 10232 32813 -34715 33414
r107 -52468 -16463 21517 54956 -41667 -29842 19536 42599 9336 24299 53430 38826 -60099 -23214 -17259 45825 -62383 56072 6619 -44941
r108 10856 -58963 -23337 19355 -44251 54623 13753 -39702 -49091 57579 48989 35880 -51304 -35275 9348 -55180 -22574 48126 -3984 -24540
r109 32411 -10332 30541 49268 -1091 47928 -12365 46643 -25529 -62860 -16043 -20219 62613 -25378 -50464 -40265 -27030 -11634 -51760 38338
r110 -44323 -14740 9016 24719 -14630 50047 -62308 20252 41070 33199 34235 24603 39678 5365 34802 -9398 -10406 -50417 -42715 -47322
r111 51812 -33019 64220 41300 -5229 3166 48358 55269 53244 1788 37797 44005 37194 57901 -48814 37724 -21621 52352 -18580 -27500
r112 -5761 53035 -38917 14946 40658 -41130 60620 26016 -42818 -7032 -50206 -33577 -57748 62641 -5680 38429 65250 48029 -9029 -4830
r113 33834 -51525 -64616 23636 38468 10975 -1821 -19567 -10827 -22425 -2567 -21839 28988 -55611 -54964 -36078 37063 34545 46273 -44862
r114 -50630 -40343 30101 -19909 2195 10500 30678 22872 23081 -24656 11518 21505 40024 33577 -22579 -21165 27215 58739 35682 40470
r115 17289 20341 10045 52778 -16367 -40086 24729 -49555 -42987 -43714 22985 23589 36126 4428 30932 -17296 -8313 -32546 714 -6232
r116 -27070 -53731 -61572 61106 -7647 27471 1439 -24431 60527 49537 -39229 7570 2643 42640 60150 7938 1992 -17484 13898 47375
r117 43523 -13058 -22670 -51811 58963 59135 13974 71 -36538 -24600 -41500 42985 -23383 40617 -38598 27650 6998 52583 -55876 32178
r118 -6812 -27384 -19176 -29540 -28493 -50242 -23633 -48197 -37186 61379 65421 -47321 -9635 -19333 -48249 -18668 -63399 42554 -63287 -16887
r119 31307 -60057 -25520 22142 -41792 -38618 56305 -39778 7118 38706 36434 -42177 -64218 -13304 61045 4 -54941 53192 -39708 -49230
r120 41234 16963 49505 -9841 28539 -62237 39153 8517 -16500 -19836 -33811 33354 -7690 14001 -61869 25463 45021 -19305 -50108 25173
r121 -32031 -669 -6081 -48400 -32162 44010 -19609 53843 -64566 3346 62970 41870 1 -55572 -18837 1114 -39314 -39380 -26564 46052
r122 -28770 -3602 -61250 54222 60526 50082 31210 6828 -7330 59481 -27544 -30590 62789 51020 -30948 -28856 3067 52368 -4877 54878
r123 -25676 35509 23423 -30431 326 915 -56546 16971 -58277 52780 -8968 -37252 27439 -10490 26866 3467 -43255 57448 63939 52617
r124 59272 57484 46976 53425 -1423 -54345 38774 -19567 -16089 22587 -10980 -44111 4026 -35564 -1601 -39258 -40608 -45145 38606 -44308
r125 -57170 6429 -35323 -42043 10320 21006 22502 -33545 -15621 63377 -40873 39033 -17273 28719 15349 -8671 15775 44265 55743 28946
r126 -38002 18567 48496 -17634 -15050 37621 -22682 42451 -55069 17552 52181 -21520 -38339 7403 5029 2560 56212 -20620 29384 -25434
r127 -22137 11356 1482 62292 35689 -4476 62787 -29394 33232 -51452 -61873 59476 -50181 -9662 46093 32040 -52307 39432 -18760 36842
r128 27973 -57902 -61763 -27377 -46441 59752 6502 13253 31418 45431 826 52276 -46918 -64886 -41709 -4028 -42310 21347 40014 -51106
r129 -45879 38045 -6486 4173 65226 30791 38398 33592 2073 -57764 53937 45120 35426 -54216 32866 -63485 -59536 -64828 49289 46476
r130 -33771 -931 40875 -16121 -11427 16980 -30339 -41855 -48230 29572 -43151 12844 50345 -64410 19133 -41047 -19942 34681 -56466 33815
r131 -40858 3150 -36303 3937 -6370 -7877 -31783 1443 -43868 64477 -27878 59089 60886 -24761 -14477 25715 -29824 18605 51213 63483
r132 41286 -43243 36593 14917 38390 54512 29716 -16494 65518 25774 13673 -42459 2759 -5594 -4600 28267 -45609 -40298 2695 30255
r133 -4778 -38140 32652 -50285 25961 -52975 60825 -56634 -61300 -55739 11283 1802 -39768 10810 -3998 46183 -43928 -6115 -63993 -31639
r134 -62176 -27987 -14988 12849 22507 -39718 38482 -62533 -21365 10621 38055 -14146 32487 -28390 60699 -13133 -29444 56698 -29418 42753
r135 3241 -62690 -45707 36844 28033 58817 44988 60506 -11140 53934 25581 54107 28638 52644 24980 36635 -38265 26424 -28340 18608
r136 -44601 -8429 -6904 19246 7697 28979 8123 22562 34417 -37859 5758 48744 -54197 -12012 36700 -63033 36463 -33313 -7383 -1457
r137 40305 -58430 -3785 22273 36359 -46691 27619 5105 27571 28442 -53586 45481 -49729 3394 16643 -55975 13842 -928 1631 43672
r138 -12393 18352 20342 -52934 -47777 15218 64178 -51705 36968 -25652 16518 -38417 -31455 39822 48720 8810 -37331 -834 25530 -4679
r139 -47166 47421 -25687 -48738 -49617 24349 59573 49479 45165 18400 41122 -57196 45226 -62859 4696 -42313 -4998 52059 11688 45438
r140 -26213 43337 -19275 51834 25021 -12511 55284 -17996 9545 -59481 14718 -5080 27908 -11363 -10321 59791 -39580 24818 25765 -53517
r141 -60495 43194 -48605 -54314 27748 -37790 -42134 35213 -4968 -60831 -26871 -2995 21556 -60622 17004 9554 28300 9536 -65459 15287
r142 43081 46971 12456 -43492 -37808 61948 -11598 -28355 -24174 -9309 -5524 31865 46154 -43739 -25894 38275 37127 11951 -26591 -50430
r143 -63067 22602 -64207 63493 -18833 51905 -817 26525 59526 -29851 -38940 16414 50930 39742 61786 56806 55271 -48600 22263 3308
r144 -42866 41312 40651 32992 -41123 41566 -23500 8397 48963 11775 -47435 -17183 -28201 -43617 13730 -43515 -59914 -45703 48511 -14304
r145 -16345 -53238 38931 64770 -24681 61245 23936 57376 -15642 -64963 -16560 9102 -26626 58260 35022 -52513 7950 32522 38248 41046
r146 28015 23061 -29657 51735 -31764 4574 52925 -50033 -7496 -25860 44816 59238 -47371 10572 -24439 -46632 58881 -39434 -65081 -58250
r147 -21707 -31148 -44479 -5173 16650 -61413 -52920 -45827 -39407 -15853 -39526 47337 -56690 -9522 30248 18439 -62097 56868 -6577 -64348
r148 59896 18540 -58678 -16799 -26724 -63644 -11708 -12295 34695 61632 2415 -26307 15531 -51649 6074 44293 -50496 18783 14821 -4147
r149 30468 38226 18319 -19986 -17914 18294 -4612 28074 -23248 6435 22920 -53 41003 27469 56020 8149 -32128 -50463 -23277 21570
r150 -6885 -54230 51713 -62656 6350 -6698 38116 -51045 -27694 -51720 -51853 39671 63125 58625 -17500 49858 -55982 -46870 23820 8156
r151 42710 18298 -29311 21106 33083 -41919 -10446 -15581 34246 -47352 -11776 -45956 54424 2880 -19898 55266 -26515 -9926 -44162 -56004
r152 -56304 -14460 -53845 -39830 -35470 -30872 -28072 7017 155 -4167 -42309 33347 -63332 -11531 42479 -61521 7548 2365 -20670 48302
r153 63103 -2126 7891 37823 -41886 -4221 -17258 1124 -21172 -39272 -57176 -20689 -4148 -40619 -23223 -49586 38946 23612 20112 -56618
r154 -39868 -39335 16737 -3625 50765 -21912 36583 -54131 -16515 52117 15483 41170 21960 29863 -23536 59995 -57009 11668 -4887 -26154
r155 -61630 43497 38521 52883 -44090 -12405 19405 -21263 -55019 -1993 18226 -53945 -49864 -10846 -50325 15852 -19841 -63379 -13912 30914
r156 4998 -48075 28084 -52542 -59259 -12443 14597 61109 -914 -62536 -22024 -55823 24189 -48551 -31463 57271 -26953 -1859 24224 41541
r157 44233 -35001 -24463 -18925 21774 -51714 18054 48520 34140 -2921 37068 13739 56329 -415 -972 61871 -19777 7038 -861 -49023
r158 46078 39347 -52745 11120 -39782 -17348 31135 22617 -14702 -472 -8724 -8033 -13075 -43557 49704 53130 34476 -61129 -65128 54810
r159 -54157 51 37596 52229 47963 2687 32023 3579 57257 13841 28070 -6703 -20981 -29802 61250 18542 48420 -36739 -49101 33635
r160 43053 -65125 -1704 -7927 15905 -56474 -52898 -62999 -52288 -38247 13390 2590 47819 -56114 -47622 1355 -24942 4510 -164 -49285
r161 -49259 -44950 -6696 6863 -52951 64795 -63035 56673 30774 8832 41009 34527 -8497 40995 -4168 58298 1495 28842 15187 47531
r162 2918 61443 26764 51659 21661 -64147 33524 -22183 13490 -56829 21436 -52322 -5059 -8472 -34707 -36164 30035 21757 15427 1496
r163 36145 61119 -5240 60359 60517 -36049 3597 -40078 -26362 -29308 35156 52694 -26831 -25590 -8217 30701 -23727 -35742 38513 -3940
r164 6297 -54737 3444 -20109 28380 22763 20482 5468 32128 33365 41253 -59034 5680 -54830 -20263 -46630 47773 -56419 -7847 -45774
r165 -46722 -26913 37408 -40360 -11267 34292 8140 7420 -37442 23856 13022 -31132 17360 -61566 20957 -62474 3871 381 -10410 -22862
r166 2890 -27573 64708 3614 30014 -16977 59886 57979 15436 -65453 35423 -57427 49906 -65330 -23321 -37901 -8933 30870 23254 59982
r167 -29203 -52986 -12944 16427 -8778 55274 -17780 2226 -22587 -4292 7077 -30026 -39148 -24221 -20077 -10051 49326 32148 -54570 -59308
r168 -8714 2127 43207 -7302 30025 28320 49862 16883 17095 -21355 25517 -38201 24333 -51006 11501 -49611 4713 -2050 -30359 8784
r169 57437 -8169 -54284 20991 14293 2422 -54085 -15466 38228 -9185 60032 -36794 -32202 26711 -27232 -46982 -40981 -40971 22256 15565
r170 9457 34529 10959 60657 41372 -16272 13628 -36959 -41243 17133 -65523 43894 -5687 -2526 -30079 -45183 -10424 -33295 63392 -56566
r171 -55296 4066 53612 -48765 -33886 -25374 -42937 63811 -3812 31943 44516 -57944 9980 20578 52157 -36718 55774 41629 -53070 -59318
r172 -49909 -11867 -16266 -24455 -18552 -64853 -16103 1723 41833 27487 -16385 -54337 28636 -41413 20597 12614 30321 -34824 -44200 -23092
r173 58776 18080 49077 44369 -300 59903 -26376 -27872 -26673 63599 -53258 -39940 21204 -6769 -34286 49511 27202 -28855 -41639 15220
r174 31951 -62289 -32165 6789 -32834 -23885 37689 -61124 -33040 -26527 47095 33269 -12202 -1044 52065 -45783 -57982 -10627 -23400 -22883
r175 -43020 -36831 -65431 -49105 60672 -39875 -49480 -16602 11760 -17226 65195 50348 12305 50896 -20931 -734 -28553 -36228 -17265 31544
r176 16758 -52677 -48314 -8260 25515 10006 -17430 -8692 31180 40205 -56051 2377 -36936 32892 -60912 16842 19876 21878 48994 32732
r177 -21338 -59866 50304 -20219 59458 -19072 -49308 25008 -39481 -60716 1961 -33138 -52186 636 9062 -40039 1062 52467 13777 26010
r178 -11886 -40534 -56922 35476 13273 45900 39670 -21880 -32036 54859 55581 -53419 56989 -12383 50073 32494 -64355 44585 13723 -4290
r179 -37374 -63688 -33040 57183 -52204 15385 -62883 -46222 -32418 45002 -63619 65436 -46536 -47665 -7376 58496 35864 54674 -50791 11218
r180 56069 -45926 8261 42511 46613 -34807 -21929 -3592 -49744 11980 -3546 55293 54699 237 -41150 50665 -35749 23479 -9783 -43212
r181 -62388 43260 -59656 -14311 -36244 62523 4035 -55897 3622 47049 56627 -12202 17343 42949 59571 44472 58146 -50738 -44968 -10329
r182 -9295 16349 32778 64763 -32960 -38705 16900 -49405 16270 22899 -48410 -17089 -32336 -59761 26480 -2638 19905 18780 -52399 -14464
r183 24802 -64306 -1670 -15018 -63180 -50750 -35684 -51554 10255 -55113 -46225 -4189 -739 -22731 28193 53214 -36407 23252 -52639 -30080
r184 24915 9475 -13710 16480 -8299 -10314 50983 26317 -36999 -63859 16704 26679 9568 29742 -26450 -11152 -65388 -43098 -36191 -42637
r185 -5834 -43461 12834 20894 53959 -21109 58555 43739 9589 -4847 61239 5691 64452 -35888 -15366 62897 -64323 -58419 -667 48136
r186 21339 58749 34186 -36933 22368 189 37832 33947 15911 -28577 40406 -46499 -48252 -26156 -42433 -783 63206 -49649 58387 47069
r187 -1222 -40945 41914 5918 8628 -15318 -26833 -13345 1946 -63254 5203 46657 -35706 -47983 53876 52556 -18960 -21563 28777 51740
r188 -55573 12009 19392 13748 -38585 -64895 -7519 243 -40654 4865 -44201 -44718 -10607 48778 7228 28772 -26752 34439 19130 -27672
r189 58536 9966 -19035 49435 28955 -42824 28264 19346 -3442 -23855 -30235 -32039 -35013 -57279 -11250 -63120 -9789 -45417 -65009 47956
r190 -63430 -44761 -58520 -33967 46184 -50355 39580 -20613 57456 -57198 62254 41545 -48496 -23300 21384 45103 -47152 52576 14247 48492
r191 13833 -25801 -20139 49327 -32415 -19669 -20243 17533 -57081 -61864 -55452 -25835 56016 -24177 -38327 35339 -12045 -22828 -20453 -32348
r192 -45267 -13862 -65053 -35183 3212 36325 -2510 -20685 62748 -9874 62420 35694 10497 84 -3413 -35595 -55245 35682 31391 40024
r193 -31128 54391 -30004 -14018 -25171 56015 -14544 -35542 15573 -59802 47082 -26431 -54856 -607 -19934 -8845 -43413 51708 13400 59934
r194 60954 -31399 18595 64889 -6831 5835 23825 -41586 63450 43956 61721 -62876 -40467 4878 -31852 1070 -1391 -21481 -28518 -10693
r195 50495 -3868 23341 64389 12594 41287 19940 25698 18491 -5207 -49314 -48379 58069 -59663 -12110 28793 1733 -54781 12098 40838
r196 -11497 14048 52230 48928 -17790 32541 -11755 24789 -44227 49276 60855 -8090 -6861 -14076 54538 17083 59103 -45435 26480 41849
r197 47063 -53177 -20728 51884 -41237 2659 -6169 -16169 -63784 22941 25881 13271 -11291 -49769 20390 -41143 18640 -21949 25046 -63147
r198 -27508 -48364 -21297 -48784 30842 -59733 -40608 126 -7715 -49902 10718 -59116 -15816 7439 5017 61089 -38833 -39479 1264 22428
r199 12898 13314 -57154 -21739 32802 -47431 7255 -3435 -2709 -678 47326 20491 -61963 30431 -62577 45709 46985 -40024 56061 -5950
r200 36783 6985 52106 38138 31042 -35772 -5979 -36381 63093 44555 11350 -26344 -20671 54327 23200 7617 39862 -64157 17661 -10546
r201 7168 -60875 -35834 23790 -1227 19110 -14944 -62273 -6588 10346 -40291 59922 -58053 -43716 17859 3421 40754 54924 -31132 57704
r202 -4707 -30441 45196 42411 -39888 20766 -1263 -41477 63891 -10761 2487 -21666 -63910 -30383 -22791 47788 -55736 28016 -62523 2968
r203 65166 -5708 34090 -45952 -43758 -1792 -36502 -49376 -28989 55765 45488 62681 -36823 16397 12748 42101 62886 -10929 46413 -61397
r204 -6421 -51821 35994 30090 -40442 -27754 -35507 -15459 44974 42315 -33803 7399 -31866 -2188 -1746 26576 27125 17060 -42309 -17071
r205 37672 -21697 43299 7351 -64156 3736 38677 48318 36884 42112 -17687 11174 -57930 -27142 40943 27864 -34542 -12416 58520 -38403
r206 -3985 -1674 50938 60033 24842 20865 21733 60385 -3385 16306 44811 -39887 30194 -34542 16045 23528 31588 -17751 49784 -30681
r207 34238 46551 27258 44726 -39440 -7677 -6738 -58140 -42015 -24272 -54816 -5256 31498 51390 4265 38400 19932 39244 -11943 -34480
r208 32153 1154 47751 7892 -52978 -36181 54144 -42697 52783 8361 -2661 23500 35045 -19646 23795 -8366 8111 -25091 -23264 -64706
r209 17647 46735 -48898 -23219 64264 -21876 -5028 -21451 4161 14658 36153 2808 12337 -10387 63708 24210 40500 -8686 37698 41485
r210 59902 26147 33285 7097 61930 42667 41311 -24702 -57612 -42972 65087 49136 -56463 -18492 -43108 11983 -27884 -39008 57375 -51731
r211 53839 20488 -8297 -22958 8289 20439 -26949 -36150 -48667 51786 51969 18987 -4902 21272 36793 33340 -48592 3835 6084 34413
r212 22780 -18069 14542 11027 -58735 33846 -62989 32242 35799 16211 873 32143 7084 36773 25969 -6374 60383 -53393 -1187 -45740
r213 -21151 26186 8379 56197 45843 -22384 -4261 -10055 15763 63568 34697 -14238 -57585 -37824 20945 -24540 -25224 39914 -64058 -36045
r214 54120 -63163 -30205 64341 -33536 -33011 -2667 5849 35148 11243 34607 -1797 -62595 957 -12020 41152 -42141 15572 54708 -57408
r215 61736 36665 -37772 -27847 -42879 -37777 19515 -47234 -52251 60487 61862 -60110 47576 -20760 35896 27648 -54195 -33978 13825 18140
r216 -59578 61749 4744 31903 -7514 -12361 -19458 -15128 -49519 9572 -25646 -47643 -11244 -32569 20293 -12158 -29661 -31795 52975 -16254
r217 -19829 -51095 36663 29574 60745 5654 -31251 -41597 -59662 19999 -4863 40462 22260 -46972 12737 -41120 61648 -50336 -51206 55303
r218 -11493 18793 12423 -65233 -20227 -36030 -64110 18088 -32646 -1118 -8577 -35836 -21672 -37627 -15466 -8683 -10711 52066 7989 -40959
r219 -56543 -21120 47777 31020 9667 52538 12804 51260 -57775 -7253 -22987 -17247 10256 -44599 47250 21696 56500 -24871 -24133 -53624
r220 53605 6529 49358 -63942 57408 -52048 17044 -60732 -41911 1651 60408 62061 -34619 6343 52063 -42542 21406 -53874 -60645 46740
r221 28267 22631 -9283 -52128 39285 -6140 24867 -813 24739 10269 46708 31345 25109 25393 -1213 36722 62306 51392 21007 17139
r222 -38385 -5410 -32680 -8261 36062 56864 511 6542 23389 24733 -9440 64665 -61377 32176 51264 31606 25730 46076 65484 -1517
r223 -54779 -52165 -16924 -19396 -18815 47967 11547 17262 -11332 50849 62947 21630 63569 8051 4619 4901 -37257 -27612 23769 -19191
r224 -18289 17553 14120 24046 -62950 -50582 49629 6424 37252 13569 -41191 -31507 -34863 32142 -15028 15271 15277 59115 57272 37048
r225 -7272 -12266 -61886 -12744 -39116 -31538 10336 24412 64437 10220 -38090 57473 -50502 13890 -36460 37014 -5952 18397 40733 7022
r226 44541 -1728 -60953 -42450 -2048 65516 28167 -40433 -18356 63832 38343 52565 -54433 1998 48102 -12419 11336 -5889 20181 -42534
r227 -29580 -53709 47323 -37880 -59300 -13790 -12800 -47735 25748 -49785 60255 32071 60115 -34155 16065 27459 -30548 -58884 55103 -3090
r228 -11029 47404 39501 -33465 63116 -5958 62132 11548 63758 -34769 -18078 62430 -5138 7926 55660 43086 -5515 47017 35112 -40461
r229 -4793 24914 13924 48287 -24387 25878 25936 48541 -47442 39768 -503 -54596 -54535 -28652 -21208 -60482 29825 -26976 19718 -11595
r230 -48857 28215 -49900 -11152 -43604 18149 64934 -58660 9113 316 65364 -29372 -43983 -783 -38058 27095 7652 -49616 36252 -14717
r231 42308 -47472 35494 -2393 -59627 -44925 39464 -42577 64484 -38506 -17034 -64549 30440 -58773 -47900 -22719 15724 47067 -24692 54985
r232 -6502 -25230 -17536 7730 48052 46597 -25178 11781 22735 28834 -3854 -24056 -24882 45790 -18772 -59589 7782 53610 2875 64122
r233 10776 -19736 -41953 14727 -23390 -36061 -51048 -46021 18692 4103 -27340 32164 -33146 51691 -59843 55029 60131 -16127 40073 12271
r234 32893 -17945 32689 -19348 -32110 -57972 452 26580 -62074 -16741 62989 -60197 -15349 57167 -21367 -4176 -26098 -41799 -60191 -22826
r235 -45870 -33349 28411 -41297 -17484 -37980 -47580 -46844 -61650 50653 46494 24055 51815 64959 15122 1701 26477 -48866 -18886 -1652
r236 12564 51759 -25665 28452 -10170 46469 56097 5377 -7559 -56078 -32531 64236 -14067 5474 -63000 -62313 21153 3238 -61411 -17350
r237 -61797 -12063 27147 41178 -44837 -2202 -38459 60741 -59582 34375 -1841 -15670 62247 -6435 29299 -29761 1603 17761 -39775 -5309
r238 -36389 30177 38187 41388 3663 57777 -14458 -57766 -58335 -22462 7582 -57520 64327 22866 64942 -29948 39390 20638 -57363 -37712
r239 -52118 -58701 7854 -53062 56849 -2248 24880 -52423 1390 15683 41480 -29989 -8504 -53111 14260 -60617 -43259 54328 29860 59689
r240 8301 -5822 17807 -32653 49538 15484 4101 10423 -57508 31002 30109 -41387 4518 54104 9060 -33176 -28615 -19193 40479 -64427
r241 63577 16534 -65359 -61248 45732 -56105 -31690 -29042 3175 12172 36973 38621 46178 36402 -7232 -31314 16726 13913 48194 5114
r242 53818 -1475 -50868 -10060 -16079 52874 -39774 -27591 47637 -4141 -334 -54641 -54236 8871 4330 15579 -30283 -45227 -40039 29170
r243 -11300 -46143 -25536 58819 -29308 -33829 52020 54624 46844 15992 36000 18229 384 -61455 54092 -40421 -49094 57807 41081 -33424
r244 -28417 36524 50000 -11843 -27759 17979 26338 14496 22805 -25246 -25910 36563 -5219 -20285 -11661 -29150 -61845 56684 36291 45718
r245 27329 -61278 -17434 124 -48401 -47794 64706 -36693 64104 -47698 51670 -26640 -49137 8448 15102 25755 -47565 -13646 30899 40264
r246 -8808 -45984 23066 59598 3288 62520 -22513 -50695 58113 -50917 -31163 50751 -25612 42647 6458 -10822 -53268 -59574 -30515 5083
r247 9878 405 -45764 -7907 -28482 9871 24906 34509 32504 -21778 48705 21013 4490 48548 17423 -63422 -15581 -30039 -22267 -20893
r248 39625 63415 -60189 -18285 -42571 61389 37135 56814 -2738 -61069 59421 21670 -42418 52549 -26038 -20839 18769 44012 2173 50270
r249 45055 54304 -60382 64515 -26719 15039 47499 -22594 6652 30738 -34377 61188 10500 -6436 50618 -48795 -50031 9494 27998 22767
r250 -21089 30468 32748 -8074 -15630 1886 -27097 -25059 -23983 -54519 -45298 -10891 -10870 53564 17580 23996 20833 -1290 -65190 10664
r251 37677 319 -50599 20711 -12280 35106 -12705 1936 -36494 4559 49926 45579 14378 6133 -19690 -13224 -9438 -29262 45695 43593
r252 -40912 52664 -18049 40758 32209 -33460 1271 36982 28275 47262 -36327 -62365 -6265 -44559 -9420 65500 12920 -45999 -24320 -19383
r253 30740 -54592 41954 62010 39770 -5875 -42243 12515 58450 21826 40230 19797 -1172 56923 40742 -61405 52067 -18521 34182 -62489
r254 39489 -29929 29277 -17433 23285 58511 5457 -51751 -10543 -54942 44941 16573 -53474 -8610 -4189 36388 -22083 21369 35151 -51182
r255 11190 -6728 8235 -4717 -11232 -8733 60393 31075 4217 -64073 -3844 54273 27976 52265 48295 -4704 -52194 -47250 -44910 -42794
r256 -36721 52418 10217 51794 -30881 -52784 53799 44083 27251 15515 44748 38067 21233 -54122 -63393 -18054 -21248 47457 28001 -7131
r257 63224 54818 31052 64144 48220 -58255 27114 18450 3455 -53689 -10661 -39592 13265 -39552 40085 57961 6083 -13253 -33279 37973
r258 -41231 -31892 11367 42777 64093 13864 -35975 2438 55594 -3493 14048 -24212 2534 12966 47743 7457 5505 35731 46841 -3846
r259 38042 63594 35424 -25308 50079 -12772 16045 24781 16010 -29772 -35768 -34022 -53365 -29833 48255 27632 50800 57683 -40379 40164
r260 35961 44347 31804 38399 45813 -19221 19024 51449 55076 23987 -28998 -43635 -32106 15798 3661 -5163 30949 -46615 -12065 1705
r261 -18136 -46833 -48197 -4686 -24221 -62462 31576 -29724 46062 51850 25122 13995 44295 56431 -64452 51618 -31220 60272 -25966 26541
r262 33059 -25220 -41315 23360 -21196 -2489 -18428 -1964 8032 37992 -49417 -886 50665 24120 -59422 -53064 -22581 5451 -65458 11636
r263 -43099 -8432 34274 23244 5229 6262 65401 -9407 36045 8694 4950 -56178 40567 14067 -52097 31082 -51721 58156 -21281 -2613
r264 33486 26886 -27954 -56583 -34638 56673 -41849 -61306 31878 -61026 47125 -38268 -20248 -32578 -51817 -40997 -27626 -40676 -15182 -30446
r265 -16141 -9238 -52261 37146 50696 -57806 -47860 -57009 -16974 -8982 60191 -54022 -23056 -45691 -24628 -30813 56384 9197 -22087 -38755
r266 -42848 20576 16006 55002 35268 54420 6897 -14097 55441 -55894 22245 15671 -34059 -96 -58178 -53240 25407 -31163 43950 11168
r267 -36361 -43727 -54333 64087 23100 21996 -4705 60327 -7973 39820 4017 -2136 -21949 6423 -20777 -10520 -36163 -13833 18025 34193
r268 -23955 -9329 33331 -25613 -31118 26995 -63002 -8844 -3253 -49118 6446 63794 -54873 59222 -22383 59272 -62867 -10031 -15445 -13023
r269 -49537 19055 -24638 -52468 48518 -23051 -57618 33161 -23116 -17542 32120 -9344 -42149 11128 -27552 -50821 65161 -56071 65312 45134
r270 -4640 -26768 6617 36608 -42754 -44317 20578 5733 32190 36119 -44133 -26903 31815 -9672 -19421 -55014 -33715 -40958 -43974 17861
r271 -6759 35821 -28702 59208 39142 44958 64490 -54631 42846 -13755 43774 -55370 -31087 -43538 -28543 -5592 -50398 -58798 -61686 -1906
r272 -8344 55075 -49561 -63987 19932 34252 39880 -59128 -38738 -22275 35411 -20248 -44741 20120 -6756 -32765 -37074 -24865 63771 48500
r273 -1450 49511 45794 34724 3878 17220 42049 -54612 1164 48120 37605 7570 -61678 42141 -42801 -26964 5610 16340 3611 39671
r274 7872 8661 32812 2160 43808 -62342 -19962 39854 8297 48751 3855 34176 16716 21891 -41958 34730 44431 -25913 -41131 -9762
r275 -56311 59495 -57472 8896 -45427 51224 -27915 24342 23854 -16795 49817 -63608 25537 -21621 63618 59137 34687 -47244 -30402 -13710
r276 -24875 31915 -19358 47426 6781 55169 -12070 39819 -4918 -22912 -47167 -736 -61024 -53590 15260 19671 13725 -60149 -30507 56634
r277 21045 -42601 59932 64275 59689 17587 -64725 41257 -45301 -41209 -51729 -37188 -64387 61750 -63444 -9483 23680 40234 34852 -33119
r278 -60734 16130 45367 15789 -22193 -55025 40381 27464 62689 2427 -56759 23729 20398 3095 -2040 23536 18367 -25133 30490 -14287
r279 1534 -44356 33703 46879 16684 6358 38834 21489 2252 24874 29504 53748 -63704 7790 -51221 53727 52058 -50421 -45926 -46089
r280 -50993 23003 -61489 -19910 16029 50412 -43911 6015 -6337 59456 63553 14139 37779 -42009 36550 -16099 45677 23051 -33825 -65159
r281 1776 424 -51257 9994 43430 -15608 64075 -22059 -21104 -2985 -53831 43571 49949 -38465 -19181 -27888 61611 -23664 -60113 -11617
r282 -1502 -33269 18380 -17839 -59382 62045 62219 44351 29900 -51002 -29496 61755 -28461 -55856 20904 28273 -30212 42176 48022 -11841
r283 55756 -55742 -5148 38127 -47749 32881 27491 2854 -42080 -63469 -9301 13180 4850 62078 -19390 12393 -49051 43984 3214 7379
r284 62443 17384 -59056 61297 2973 -9649 17907 59820 -12928 -56063 -26436 -41480 52074 -59370 44251 6111 -30244 -12201 -28693 -7846
r285 -65326 44558 53058 -2267 8892 56816 9209 13436 55334 -7486 -8213 9384 61148 23417 65154 6699 -34012 35522 55809 -23731
r286 -391 -17079 25522 -14108 -41626 8654 59345 -60193 26124 61102 -20981 54550 -18274 19825 38890 -64943 -24547 12692 39380 16447
r287 -59973 46810 -39574 25435 47462 49069 22723 42646 22802 -44122 46718 -19016 23390 -42611 -208 14459 -47521 3351 43336 -39098
r288 -54684 -8720 -3317 63555 46325 64269 57289 5654 -42484 31733 33382 -35730 -46956 -20268 26338 -26116 -26723 -16924 -27778 60025
r289 -17752 -32041 -24761 -57998 41703 41634 43869 28467 -49630 -55418 63071 38614 33739 -35040 -24831 38311 -17326 -44559 -50595 34413
r290 18075 16244 -1108 -24275 -56112 -33387 9778 -34921 -59407 -37266 -25009 -4534 -2569 -21285 -29111 -10190 -18916 41127 49491 7049
r291 -13042 24124 34114 65221 -54334 9963 -12232 29586 47606 32564 -26155 -37472 -40102 -26687 61575 -40651 27273 -10272 52992 -46355
r292 -47600 -11148 26380 -7551 41890 11812 64054 58909 9781 12150 60557 -13424 -28484 -46665 10440 10196 1607 -9189 5016 -8435
r293 16417 22039 37543 26784 7063 -52265 63136 -26856 32053 -28534 18560 22609 -23533 52140 -34347 60634 -26421 -48316 43501 1366
r294 4164 -61555 -50436 29933 -64540 -22630 52213 -35078 30409 -63509 3138 31072 -51267 -54728 -47235 -17077 -38620 2319 -26455 -50004
r295 -41260 4232 -30686 24484 -52383 -1593 -43151 37669 59200 -35354 34738 -12107 14151 -2495 8851 19185 -26142 -852 48958 -44725
r296 -51143 16724 495 -65302 -6193 -2815 61336 28305 -40957 27089 58755 7262 -43475 16130 -14714 24590 6319 34743 27639 -27520
r297 -8879 24871 25336 2801 34848 -18915 50239 -61864 36485 -15282 -61822 -41488 -19660 54904 -64100 56044 47347 54388 16023 45854
r298 -36381 -11828 -11638 -25969 -21355 -12629 -36055 -20081 58107 20021 -57560 -35630 -35286 33635 4735 -22399 -61076 22267 -13977 61230
r299 -23388 16430 -64192 -5250 45235 -31744 -55711 -43018 457 -20783 -49420 -26071 41010 3813 18693 -60027 41789 61080 10899 8651
r300 20313 -21770 -21604 22316 -60908 -51676 54640 63364 17727 -18270 -45618 30744 57132 42441 -12932 27429 21413 20902 6725 16625
r301 30484 -7720 -38203 27035 26769 35041 45058 -13553 -55195 -54328 -56999 54050 40968 41397 10355 -55664 -6931 -54162 -14718 -63959
r302 -48756 11588 1787 -56118 -34103 -50938 46097 -10853 -19043 5132 -4255 -37127 -17859 3622 -33707 36382 45068 -40471 -27936 -54307
r303 36810 10494 29460 -8004 -22722 57555 -19287 11375 -46692 59586 -40990 -6681 -19112 24413 33194 63949 53910 4798 -27046 -49410
r304 62057 -9039 -26914 -28334 15776 62624 24276 14009 -12565 38013 53406 42111 -41267 -32216 -62628 -62949 14734 -31060 -59578 40200
r305 27169 -49771 20264 25180 -56531 -34733 -54516 28472 15793 28312 -13073 56812 13819 44713 40664 26708 41077 -61167 -29831 -21721
r306 -55548 -26711 48763 -18731 -34905 19624 30457 1375 -35853 43176 -22096 -8436 32519 61645 -44457 -42792 -20261 23428 -39384 13007
r307 -58717 -30558 48712 48201 61864 8391 2242 19956 -43137 3828 1652 58398 49307 -48528 46155 -59936 9911 -16395 -49610 26585
r308 52774 27966 -57587 3892 64961 -59234 43188 54850 47353 -26466 -43084 -20274 -34610 -48166 15759 -56666 36397 53823 13746 34716
r309 -55859 49123 51588 15494 -6571 64390 38616 60608 6733 -28202 31597 -33723 -58702 -43517 48844 -42865 46297 -24066 -45802 -64353
r310 -1750 -56800 -3015 -27918 61993 -46250 -47004 34114 56628 13685 23891 -25912 21500 33591 -63609 -30822 -60056 9744 -42405 12056
r311 -63042 25057 -60618 36560 35256 47443 -2690 33942 6873 49385 -15830 36106 61381 6661 -58072 -51626 19856 1466 42537 -50115
r312 27262 -47528 7157 33477 -21491 -22906 -48171 -40814 664 -1272 36983 12064 1079 -17892 24252 47906 49098 13987 -16085 -15970
r313 24109 36626 -46662 -28911 -6275 -54903 30505 32921 13025 20468 -55600 -16800 -13056 -30093 -56926 -40803 38914 -4695 -4215 64455
r314 40745 34439 -37718 -43072 14150 35653 -57166 -29361 -29699 49980 39685 53990 19887 4418 -58474 41865 9830 23922 -8395 -15595
r315 -17966 -61362 -12613 14715 -25168 -33560 10216 34294 -44701 -1961 -47030 50201 -45287 15433 44687 -55869 19594 41462 -32423 63600
r316 36331 45524 58788 54873 -13903 -37832 -14950 -44710 -203 -44878 22637 40463 -32389 -24987 -14960 -62179 -46312 15512 30594 27943
r317 -60511 -47200 -55517 -39286 41819 -37056 -51137 -62069 -55173 -12533 -18773 -7833 24286 47773 -49212 49530 8782 -18278 19257 48295
r318 48822 -43446 50087 50487 -38959 53161 -7599 -19230 26445 -333 -8667 -10446 -16430 -18607 -51372 5690 -38287 -56400 35007 -64131
r319 -48618 -52736 -28718 -23457 -43370 -44486 -44457 45430 56274 -40267 17621 4240 41759 -21079 8307 9205 53865 -35931 2693 18387
r320 -8634 9083 57939 -9837 7961 31593 64844 -45023 -5563 -16837 51687 -62332 9684 28070 28013 -32916 -31319 -15819 770 -58226
r321 19916 -25446 -26925 -44664 20653 -17753 57733 32564 -24359 56233 11624 12703 58401 -53498 -48213 62477 -63550 28923 -48936 59127
r322 -53244 4418 -4360 -14871 -18918 -15412 -50609 28692 55426 -39171 -12757 -36740 -36081 -45121 28258 34386 -30455 -59376 5716 -14651
r323 64877 7790 -26115 64732 58916 43312 -5357 46366 49312 -33437 -3541 14122 -57758 15951 31048 23647 7239 43474 -31278 61058
r324 -12623 -12008 63705 1697 -65334 -12830 45177 -45338 28635 9776 -34490 -42385 -22183 -46896 39547 -12387 36413 -18365 15229 -26013
r325 -34428 -49638 10741 58937 27051 42301 17202 62200 22102 -44215 -47958 -60521 -10951 -49444 -9817 22933 -15961 49089 -5381 -51344
r326 48819 24492 20533 51127 26177 2957 49190 -31867 -20561 -27000 -63151 51113 -2056 -11608 35380 21948 42558 11737 53025 18423
r327 -1912 -60968 -56265 -24468 -65129 32868 -41615 46763 2830 -61818 56679 -33599 -27014 43186 -40270 -60563 -42759 60551 7509 60875
r328 -22904 1957 -41513 51546 104 5782 -11191 -52622 17198 2666 20930 -4042 4571 11480 -52777 6498 -17851 -3386 35386 1930
r329 41114 -44818 -9890 -43568 24269 48584 -42567 -43465 50101 58563 -50911 -50323 63853 33346 -48651 -32994 1773 -53752 37756 38436
r330 -40561 23854 -5890 -39858 -39358 65330 42198 38334 44278 24949 61826 -26877 10124 -17464 -16166 -15546 -44256 -47532 -46027 10320
r331 -21194 55660 -59102 -12515 -57589 -59398 25854 -9969 30862 17326 -1721 31334 2694 -47932 -2076 19860 7327 -58771 20132 -50605
r332 31555 29057 59202 -56863 -36277 -47883 57379 52222 42403 13855 -55088 -29562 -59826 -43731 -376 -43084 33463 41550 -49192 40925
r333 13510 14891 -36401 -64197 41423 -1687 30787 5954 30205 -37768 -17496 -49551 63345 -53604 22858 25218 -12793 -8190 -59316 10050
r334 10075 45910 15434 22095 -51436 -31755 58538 1795 -38711 1722 15572 26606 32327 47653 -40548 -9670 -48819 -9549 36201 5662
r335 -59952 -20105 -58161 -62151 38352 -38450 -2703 -26051 -64242 49478 -32953 17713 -11568 -5418 8286 8222 5659 -33418 -41642 57326
r336 14617 42316 -62567 42228 33601 -29573 41061 13258 5723 -28293 -44902 -44155 43021 -56860 -45742 -43588 23874 -16590 -30258 43237
r337 -854 -11970 13827 -11873 43910 -24620 8303 -29694 -40713 37285 -51548 30729 -58266 -4683 -38575 35750 -10635 19477 -29849 2250
r338 -22201 59870 56743 -58571 13813 7197 21760 14400 58690 -29693 -7226 49741 45084 -47086 8971 -4609 64107 64753 25837 -43182
r339 -48675 -1480 62818 -30497 -25813 -10395 -13118 45722 -24879 47058 -25588 -29694 -65295 -23305 -44642 49256 40856 -21405 -34710 -17296
r340 55457 44728 8715 27611 42644 41163 -55578 14797 49274 29075 21310 -28806 4437 -25641 60337 -28527 -48708 -21219 17452 -8817
r341 -62745 -61592 -50922 -38648 43245 8490 10793 11544 -4304 32634 -21555 59690 -38728 23858 -41603 43505 35314 38616 -20937 -32753
r342 -13825 38879 11990 41522 15827 55355 -16191 28128 -3115 20684 1175 -9073 -35751 -1799 32318 -49496 39629 29513 65293 -30156
r343 -15389 -22290 43598 -48983 -24717 -9564 -915 56282 20955 -39028 -42492 39861 45068 -17697 46443 52748 45320 23568 -22748 -45029
r344 -19340 -55231 -52708 -2764 -24074 21237 51602 22666 -25222 26048 61735 -1383 25441 -40390 51332 -40776 -12212 -8842 19809 -1689
r345 -16041 -48741 41786 37831 -54426 65373 18442 48465 -54779 -25502 -32065 49777 -29986 54002 -8558 -59343 -13276 49388 -8074 -54398
r346 -8605 -9854 17771 50633 39205 -13357 -41909 -55715 26027 57215 -29718 36851 53277 60072 -21728 -4876 -57855 6715 60720 23945
r347 25109 -816 15922 -40422 -33636 -53714 48692 -31532 -44015 7392 -41262 64381 -43724 24732 -53682 -15993 -30584 -20133 -5625 59612
r348 16310 -29821 53132 -5215 24590 -26802 24475 48722 1698 -54880 -8728 -496 -6143 -32846 26469 -24622 3029 54948 31166 -9913
r349 44090 56501 -20076 3815 -24918 -16181 -31076 -27413 60891 -9760 -36708 40235 40228 62042 51532 -45922 -62720 -12681 23698 46841
r350 -42608 -8660 15640 7217 3591 2967 26243 -22631 -58048 -25663 24308 13580 18823 17290 -1129 40690 46743 57535 35348 26097
r351 -5029 1041 12806 -61905 9825 32003 27052 56000 -5001 50515 -61290 -22535 -24094 63190 65530 -34567 -43481 -42097 43751 43074
r352 55354 64310 48589 -23117 -28383 -64047 -21139 43672 -57359 45521 -25324 -38159 27848 -65499 -40056 -48200 63135 23887 -59509 18955
r353 -44759 -56907 -54155 -10150 -22958 -247 -44222 1950 30970 26534 -56781 -58718 -5800 14286 -1185 30347 61868 -23962 708 -33219
r354 63541 -63013 55079 7732 -44185 34798 -25770 -37591 -62734 46997 -15232 -43089 -3136 54130 21961 -3001 22467 12169 -47556 -17230
r355 -42016 -54297 -29268 -32554 -24243 40029 -47783 6226 -56157 -19559 -48834 -15588 -9807 35952 -29681 -59797 -34765 -30586 -1877 -52909
r356 -55781 -7536 -26185 5550 27547 22115 21858 50385 -9005 62984 59724 -26776 38372 -62103 -13456 -20331 -22288 -708 44716 2110
r357 -31912 -40973 -5470 16438 -55178 -59444 -24729 -30897 -35404 9395 -44619 -2726 46321 -50163 62439 -2033 -30928 29433 7767 -22797
r358 60108 36267 -29543 -44913 -60219 -35522 41527 28749 -52252 47019 8928 44772 8278 -29199 58450 -44348 29085 48857 -41854 -24393
r359 -26060 13670 23633 -20726 -34078 -3234 13191 11726 8149 17047 -16277 35922 -20410 7706 -23401 10556 -18797 -25158 46077 11919
r360 -2921 -43945 36008 -14684 -1879 21144 20640 42142 -56709 -50214 -26910 31874 24240 22634 -15960 38987 -22711 -35775 58725 -27119
r361 -13350 -33358 61686 52262 51041 49596 15129 -24611 -26648 33609 -12782 -33359 -58098 1621 -57248 -37100 -44815 -58242 -21437 50775
r362 -10723 -25595 -944 5224 2985 -46827 10499 -33848 4702 46946 31449 11364 5782 -15952 -22286 -36193 24388 11071 -33573 51419
r363 -58242 -20909 39350 -63152 -14698 44752 11729 57878 -54951 -35217 -28367 -19219 -59819 -727 -14683 -47257 60527 8368 -56532 6608
r364 -53033 -14652 33056 -59290 -41406 -51953 62269 17998 6200 -11827 -61757 16083 26991 19620 -8737 -58361 -54930 44063 -50155 -16109
r365 -30083 2127 -35822 7676 -14768 -34999 40458 15334 -18151 2726 -15445 16663 -30869 -1263 19803 -23349 35171 64830 -5734 22736
r366 22372 54502 -5109 -30459 44196 63102 -50309 24862 43221 43284 -27823 -36621 46571 -21646 -26494 -59981 24124 50523 44959 23148
r367 -1748 59134 -29870 54732 12800 26025 64115 -19764 28321 -40233 34681 -21328 353 51706 9108 371 -23337 -18138 -50225 -44401
r368 -62775 -14696 41496 65262 3242 6471 50507 838 -30347 -51225 30 2437 37552 56821 -10281 -30275 6923 39759 4113 -1457
r369 54253 60657 26992 54672 49358 48406 -39436 -40211 -8222 62619 39995 -4461 43821 -9344 65113 14852 26073 64857 -26763 -20167
r370 -42069 -13091 53377 61244 12271 30406 42788 62365 8642 6058 -51939 -38542 -15417 -15892 -60564 -34074 -33826 -39517 -25197 -1224
r371 -26286 -56073 24938 49094 2959 63319 40637 35969 33173 45792 40204 44081 -40574 17606 -26919 -57547 1172 25683 50760 50725
r372 37668 20351 -12789 26213 -34519 -7916 52467 26154 -2162 -56890 -39609 14911 59343 -55401 43734 62695 60749 56061 -20322 -18126
r373 57062 35078 -62196 -14231 22472 -39452 -15587 -51558 -23836 -1366 -15049 50810 13001 62554 13740 -5072 -2060 32947 -30193 25573
r374 20765 5684 34764 52996 -35199 -6081 55736 -32863 7986 -9488 46820 -50722 2712 4993 3078 -14811 58805 -8764 2320 29299
r375 -27155 -64120 53668 -32028 -61003 49076 -33266 -9327 -60916 3179 31601 -31064 -38310 -7393 23669 -61949 64027 -30674 53459 -12133
r376 35826 35321 31550 3024 38177 -44279 -12669 -53464 -57213 -44428 5102 -20268 -48163 -20180 -31656 50475 -21883 -64720 46875 -62102
r377 42494 -45401 -42356 -36039 -15528 38028 11936 -61565 51844 -23382 30985 -21568 -9262 42641 -43789 -9474 59934 -63708 43636 16138
r378 -40568 52990 63010 21907 3057 35628 55100 40084 -22988 13130 -62529 -38082 -46554 -21545 -49707 -9530 36954 45630 -54638 -22641
r379 -26410 -56288 53433 -36155 16756 46431 3104 -51022 20210 24559 -11944 -31001 27890 -31431 45292 57829 42476 1040 31018 51766
r380 49555 8293 -45611 -37204 16740 6103 44232 -20518 -45697 -16390 -15417 -61217 2976 -25510 51617 -7285 -59694 9037 -58541 -38516
r381 -19438 50670 -5138 -32614 -31096 -38915 -13274 -61662 12856 32889 -39087 2586 -8655 45251 -32067 -50597 -41619 14505 60687 25841
r382 24998 16318 -9624 -7118 -33648 4638 -33630 -61159 -42595 61751 -20274 52019 37850 -54152 -54825 58215 -61545 43445 24510 -5671
r383 52803 -21065 -28074 -49183 -26051 25781 16094 12044 30173 19594 18299 -15757 -23473 60104 -10507 -2863 50372 -10665 -42689 8951
r384 64355 -15796 -39674 6925 62992 14108 -43503 42643 -28885 -19240 -13631 35198 47861 -5976 62715 -31604 62897 32530 35976 -34672
r385 49967 -11454 -22428 18177 49651 49629 59924 -1911 -26488 -37100 16469 -40346 -56562 55921 -6864 30559 65037 34191 -49352 -3534
r386 -52209 -22358 34186 -60632 -48875 -16567 12053 48779 -27273 58999 -5643 48693 -30223 -30260 -11614 -48614 434 41853 38869 -9113
r387 4962 65345 -47074 14110 27669 -7902 48806 -62799 3391 43844 -15406 42248 11295 -32287 -28315 -62607 49230 58500 -17072 -8142
r388 45365 26730 13417 3563 -63584 -53009 54085 -3482 -49786 46723 -1359 24437 47002 40525 65511 40102 -16984 57957 -36239 9902
r389 -25926 -16613 6639 -26002 -31277 31898 22788 -34092 -423 -27015 14893 31543 18549 63038 -21101 -34213 38284 56884 3984 16692
r390 5769 -10999 47083 -47448 24629 -55457 -60576 5062 -62155 -42193 40626 27414 -1610 29574 51308 19971 26277 -5059 46084 -43518
r391 -34630 -46649 -6792 18097 -49821 33230 -15352 54866 25951 55207 -64363 -59434 31728 10502 15114 60613 62149 44086 -6229 -64215
r392 -25548 -7971 29427 -53657 46198 -28382 35026 -39512 6306 -62954 -27504 -17502 60037 -56757 -63728 58415 20607 -6534 -33523 23623
r393 -20607 -30457 56926 62536 -16170 -9787 -27656 -49558 -65057 34746 -41130 3445 -26700 -24132 25540 26832 -464 21166 -56819 38447
r394 41187 -45720 -42459 -25846 22821 26284 9340 55819 -32428 39795 -61579 -6095 11954 -32250 50256 21636 -39667 23766 27716 31381
r395 -52098 43862 47940 389 -46889 16598 2066 -38974 17379 64384 23851 46413 55737 -20961 28940 -25145 -55725 55568 50062 13143
r396 -3502 13886 -40618 -45087 -36325 -741 49197 -14275 -33666 -7037 55356 -35188 28332 -7885 -6394 -35786 -62770 4953 24311 12886
r397 25397 -32009 65108 40900 -28991 -40599 31600 -52668 20184 -11808 -32648 8972 30994 -22630 21361 35895 33916 20911 -8158 -40256
r398 51366 56770 1915 -14248 5057 -4473 -988 35288 -52178 12665 38804 -14417 -21023 -63122 11638 -26805 -38361 59107 -13800 13915
r399 32827 -9681 29841 -29748 61147 -24022 -65426 59118 -39019 -16479 -34646 -40388 -30024 -43704 5803 -49277 -23647 -28819 -50513 54973
r400 -6879 48744 -47190 -12854 639 -25441 14558 3765 -35056 -3206 -22051 -21004 15870 36412 20815 -21066 4573 52573 3571 54013
r401 -5548 -11164 -60759 9688 -35673 5247 22761 -7454 -44812 37600 60540 16005 -22871 50258 -6089 -56062 -41755 -30682 18214 -5642
r402 -23171 -13271 14034 58053 -8579 55573 -45297 -62417 -36115 -45883 -10597 7401 57006 -14556 -34686 -2322 -41590 19006 31879 32944
r403 53659 63779 35296 11293 -46674 -49163 -50377 -29185 -5004 -64135 -32590 -32766 32151 21540 -11208 15664 32708 58548 -64582 -17668
r404 -12450 21829 42264 -37978 -37797 31855 18551 -10814 36728 -5343 -23274 -18428 37079 -43857 18260 -52077 6144 5501 7019 57985
r405 -58684 -31496 -45265 22619 -24587 -14605 -38395 -52769 16903 12644 -40938 21434 65025 4678 22034 -57557 -62066 63035 64633 23450
r406 -55685 -25343 -60075 3771 14924 35861 18710 -46511 48934 -22704 -22007 63139 -27372 -15221 55974 -52089 16610 -58888 55277 -17368
r407 5045 -15945 -58839 -31457 -24459 58826 26926 1044 16397 13425 -54051 -26440 -33019 -40646 -57652 57396 -45201 60769 -42556 13826
r408 -45136 4827 -32989 -31637 -16094 40131 8803 -14364 4595 -64746 35947 -34615 64672 37868 -38391 52807 15536 -44676 57652 54070
r409 55907 -17417 -54702 -46235 32970 31885 30817 60449 48695 -62037 55991 58916 14424 -23794 -887 -32455 -3891 60685 -64986 -25434
r410 46398 42315 -3967 -3217 50799 10984 -24575 -30751 -52577 392 42611 23720 -45429 -21912 -30191 22937 21459 -48682 -17012 21001
r411 -60883 4279 -32895 -39032 -9468 -14742 -377 -62381 -37867 -31733 -12792 9409 -65528 167 -254 -23099 49275 -18627 36106 -35664
r412 -10522 -5494 40769 44333 65051 -62954 -29924 56160 46071 45323 18624 -3976 -4095 22795 59965 -49254 -19706 45025 -21363 32727
r413 36494 -44923 25388 -49506 -10333 -5894 -53591 -53325 -54414 54647 -56020 35014 -7777 21922 21203 -23193 26879 -34408 -37481 -38857
r414 21002 -46058 -60788 -40542 -62065 -40783 -56773 58994 20890 -52993 -37400 62148 -8933 -5319 -6305 -27229 21414 -2824 3130 -33563
r415 -7814 22393 -15234 -6786 3826 63965 -7253 -858 -342 35103 -50312 -19861 -7475 -47697 -11939 -62174 -11513 -57597 -33898 28203
r416 -22607 -62098 31054 -62483 15441 42639 -15756 -58922 -2080 -63079 -60781 29479 47608 -44850 53328 27197 25774 26881 -60149 -56940
r417 24383 62886 -3053 62252 49080 -6366 3027 49180 47010 27186 -40807 54671 60966 -61838 39212 64609 12540 -444 -37579 -59030
r418 18774 -34901 9231 23281 -4297 3245 -52552 58619 31938 47687 13250 -36741 -18417 -51221 12231 -53386 13013 20134 -9278 53720
r419 59667 -64159 -44956 -28085 39038 -36257 31698 -29538 23000 -23169 26753 21255 58180 34211 38061 27958 400 24706 -28301 -6936
r420 -36448 -7534 -46756 -38574 -59438 -48061 46825 -4669 43226 -22883 -59300 -12318 41471 54369 -62985 13024 -27638 16122 36530 -27856
r421 -38863 4312 -48385 42500 -29986 -56732 1954 55880 -62763 13779 -35672 -46374 13090 -49026 -46727 29196 -43413 -52116 25098 -15305
r422 9710 60132 4151 54008 9285 -25272 55922 60699 29159 15030 49242 -41355 11648 -42207 -59901 24774 56010 18149 16189 -35331
r423 17739 20685 -30168 2302 52967 61714 25062 53359 -2135 -20181 -34391 -28581 -9393 33473 6951 -11295 7557 7681 24965 51739
r424 38336 -32985 39497 -33969 -45595 -18195 -60702 -61082 16793 -51795 -2710 461 35834 41559 -50151 -10488 32905 -53414 -61322 -5298
r425 46904 -26322 -12087 37988 -7543 46168 52493 -47120 -40643 -64491 55401 8616 117 27480 28332 -52066 -17932 23597 2492 -42552
r426 47171 -31394 24969 -52538 33123 30707 -13788 59579 -56894 49083 -13114 -46430 -41038 12935 -61733 -5998 22838 -50933 38218 -11757
r427 59012 16321 -26221 -22879 17606 25756 -62159 -54951 -10467 25654 11236 60337 35014 28367 34300 33511 18396 38268 13282 -30332
r428 44414 -29569 41816 43126 15198 -18730 61565 57501 -62496 7073 27022 -39384 -20443 -16188 -4888 35638 -6678 -47594 -43259 21241
r429 37096 21 -10224 -17446 -12578 -59003 -63843 -27576 34776 -25356 -45192 49102 -31960 -25028 64399 5670 -55395 58143 -25585 3505
r430 -14792 -40112 -45310 -35610 -37745 -6107 -24467 -61262 -25401 12726 -10492 22859 59295 -51705 -34879 54350 4513 -63241 -64450 55671
r431 62194 -12013 24119 -49246 -48583 -23539 2770 -37515 -46081 31505 -46353 -52959 36827 -60533 -36665 -52081 7205 37361 -63221 -9107
r432 -25143 -30039 -63625 -21998 -41630 -48642 -52750 -6555 6649 -8344 -23489 36407 38876 -45783 -36563 55591 -30421 56277 49802 38203
r433 -42835 9545 54126 18148 61367 -6997 65462 38166 53184 53659 -42876 -25457 -40710 -20487 20355 -32186 -13825 -1280 -30770 31214
r434 52776 13670 -52702 167 -18350 -3386 -35139 842 -2443 48074 15412 -310 -44333 24753 -46220 36370 -62845 1531 -21160 52304
r435 6336 57680 53788 40962 -12286 -40438 57680 -40256 -49777 5367 15355 20436 -61426 52395 40698 -4201 -55800 18306 -32745 59918
r436 -59967 -21734 -19334 -24481 -22532 3362 -25906 -38887 9449 -44935 19012 49555 -55233 52630 54729 -37839 -35428 57966 4980 19451
r437 -24893 5561 17888 -6874 -52986 4603 57581 12768 54984 59409 36495 -22271 7341 -62877 20627 18650 -48294 10466 27413 38075
r438 -8730 33309 49657 49361 -11455 -59696 39270 64346 16783 -59046 -2107 25231 51280 -28700 -20338 30772 32936 -45788 -25298 -34326
r439 6108 -21603 -54546 -7662 12947 -36609 -34176 -47017 -16668 -36496 49864 -16370 -30411 -51927 52210 -47776 56874 -58065 26159 -24391
r440 4803 19390 57168 -29577 -25112 -3106 -34306 3652 23264 -26406 49167 38997 -59649 -48813 -28909 -28902 19032 -64020 -55155 42283
r441 5177 32978 20141 -61293 -7953 -2461 58222 9867 -50982 57419 -36249 7563 -51370 -31746 -34923 7980 46491 39052 -46237 20895
r442 -34612 -44588 61037 -27683 56782 25101 34274 42875 64782 -40639 -6044 51920 -62840 -53517 42765 -23273 9011 1602 -17249 -26178
r443 20947 53903 -60482 -30589 42085 56816 12952 -553 -16400 44140 18362 -35503 -41884 65446 -46339 -21149 7595 -59221 -60220 -40448
r444 2737 15748 63069 1461 21326 -32196 11298 -59321 25824 36374 -18541 -54119 46546 -20340 26579 -47328 -3079 -52152 44045 48794
r445 50517 -249 -58632 -11203 13469 -24690 -43544 43935 43392 -40428 23712 -36226 24248 23972 -60267 -32758 32631 -38373 -13396 59844
r446 -32770 -36584 -26081 8225 21280 -19633 51980 45962 32276 27999 -49358 53913 23809 -39603 31270 40367 -4208 -20140 21900 32588
r447 -2736 21674 -33588 -55633 -64113 -24197 14261 44527 -50421 -40366 9063 19253 19772 -1187 42204 -31493 47601 12418 1495 22375
r448 32066 -55906 793 -59740 57543 7475 12757 11087 36274 24269 37592 26254 19503 -41315 -56721 45710 9723 -24093 51234 50579
r449 -18379 -34905 44301 -40314 -33560 -3410 44634 8260 55173 49022 48093 -13170 18738 27708 15474 -7705 -46136 12017 16366 64939
r450 52080 30072 -19473 20103 62999 10456 30383 957 -53262 -52089 -22136 32634 32821 44722 59070 10667 -7490 49006 -35831 -3183
r451 -34744 -15083 54973 46851 4384 -20334 64310 -53311 -57648 58024 56193 -46933 49693 -56855 -42415 -61691 -25968 6843 26880 21502
r452 -6143 62840 10382 5648 60989 -40699 -25263 -36018 22473 -9504 46925 40495 53834 8028 30402 -40847 -21354 25209 -55839 -35143
r453 -20370 59643 -46505 -58540 -22808 25351 21408 44103 65464 52691 -31163 57527 -20355 11564 58474 8466 23978 30834 58768 -39034
r454 -54129 -21223 14567 -3069 -39925 -6960 -25042 62268 -27264 -16959 -64060 -38457 -54582 -54232 41910 38345 -11061 58080 -27812 22406
r455 -46203 -38192 -43769 28868 28107 -33428 10167 4628 14530 41463 -20355 -60440 30903 -56630 7543 55985 -64449 -41966 -26219 -58349
r456 -29003 -57476 398 -42510 14278 -56587 -34157 -38066 -4020 40573 55089 -9198 -12776 13634 27517 17628 30891 20060 20637 -22224
r457 -20207 -52156 -16336 -59092 63367 18569 -23120 52334 56148 -43275 17008 11407 -36698 1710 -50102 29582 -57735 25542 11028 -32697
r458 -46493 -53182 -13056 -53840 58428 43463 38713 -39190 -8681 -28755 -307 -51309 -52394 -5906 52361 38292 -40329 28468 -56510 16298
r459 -5812 23490 -52668 -23604 36863 26050 60555 -46007 -39970 -33783 46787 -28426 -10237 -7491 33602 20146 4782 15237 -46757 20607
r460 1304 24137 29642 12446 49534 37974 -1204 51158 -15518 47324 34637 -63216 -58861 -64180 -32244 32503 -52211 -46033 1317 39447
r461 24313 -3117 -49962 63164 48421 -16366 -9665 -5180 9089 -17094 -36623 -4029 -61187 -47234 39406 -44761 55591 32396 22935 45653
r462 -10654 -64248 3909 -63995 -35076 1658 -64881 1173 -43849 61359 -18572 -32849 59836 -52351 36695 8776 56018 3106 62511 9324
r463 -47235 -13943 41342 16289 -59718 8347 -8873 41521 -32564 12171 -43249 -20208 4247 -39989 55771 56432 13544 42422 -38663 -14787
r464 39914 -37183 31846 -25804 -10535 51232 50795 -3347 -55108 -37269 30581 65444 -34129 -44336 -36117 21808 26510 26608 -51477 59443
r465 11079 -29237 -9281 -7068 -42054 7081 -17636 -30248 36125 2326 4533 -4726 -11625 31604 -13485 -1965 10697 21235 -50629 -8562
r466 64870 -26164 63584 -44821 16946 24414 32212 -62812 -55388 28290 14728 -13915 25091 29115 38598 -31221 -124 -39764 33520 -11805
r467 7612 27832 59168 60633 39945 -35939 -52601 -20957 59499 26167 11421 18127 48769 39374 -46293 -33525 -60706 -2482 59719 38354
r468 -27818 28961 -11837 4574 -53200 -45471 13486 3285 -32011 -31145 47014 29873 29929 63200 13803 -61916 -632 53937 14849 54202
r469 32932 -48147 37347 47547 11050 -63558 -19506 -557 -51141 -61688 13179 -46193 -58260 8565 -8461 53136 -29315 12958 -54045 -52511
r470 6191 38080 64506 26675 -35346 -40901 12587 -11370 -32334 55937 63240 62598 16975 -20629 -34033 36426 56441 -1400 47252 6842
r471 60320 -47376 -38413 18562 -9674 -43311 -65443 -20574 41189 -9881 -57156 -39930 7908 -62658 7141 -57565 -22666 -40141 -47584 -62892
r472 26491 30568 38120 -6941 -27258 35223 44196 -49846 26477 -59784 -50146 -53789 47424 3459 45523 39978 48247 -3702 19422 -25113
r473 5413 15611 -15029 60547 19290 19186 -20574 47892 27673 65011 -63851 52536 61213 -24012 4603 34434 -30287 -15245 -50668 294
r474 48717 -48056 39025 20065 -38996 23649 56901 16897 -28528 15104 52699 -42070 3887 5448 -16400 31417 27067 -10710 47330 -37533
r475 -30567 24452 22034 -24816 -51514 25643 5662 -40614 -36173 -33210 -31059 -61480 -12013 -40353 47990 56687 10647 -34345 -49986 13024
r476 43279 -22392 -14415 17319 22361 -9118 -29590 -56888 -55116 26597 -5939 -21251 -24916 -15574 49341 -21823 31812 -15723 -8434 21381
r477 -47198 27615 13448 61668 -8983 11633 28011 64447 -9219 965 40401 36078 -16450 49603 -64917 35230 -15040 -53256 18478 -50676
r478 -28798 -24760 10700 24129 -12805 22276 49426 -15550 -30661 19214 -62542 10558 -2967 33661 52877 -57134 -55546 -54092 -28869 22964
r479 31341 13211 -42455 -19175 14206 14427 -32529 58334 42049 -35882 13950 59620 -15171 -44309 63428 24972 15911 27748 38563 -52235
r480 34288 60231 43761 16628 -18888 -53355 -57657 63465 65044 55985 38479 -34119 -29549 24884 54881 -56279 -57642 -15979 -23253 32427
r481 31989 -26680 25017 65402 -46442 -62583 27232 42176 -54423 51637 24195 -23848 10560 -55531 -23882 44921 -6506 -17980 8464 63531
r482 -52429 -38623 45990 -3343 -20092 -53907 13540 -6053 -60274 3214 45542 45874 -11331 -61469 21307 -4943 -6426 63213 -40712 57732
r483 -54735 9948 -29972 26108 -43290 1237 48227 35793 -40009 15592 56453 -39248 -60345 -33991 -20709 -57522 54641 29148 55986 62935
r484 -6668 49328 -35570 -61083 17136 56613 -13690 -9218 25248 1964 39539 -55833 29682 21812 -2867 -45886 691 38748 -7788 50820
r485 12000 -46922 -11640 -43974 -38247 -59951 37102 15458 -19290 -5549 -8338 -60570 16995 60488 38716 56363 42753 -35463 41199 -8920
r486 -14738 -11914 48703 16643 -45090 -14889 -1911 48134 -16262 53654 -24005 -64908 64400 14664 46664 -3610 -6302 20033 -34614 -30443
r487 -381 59456 6209 -5841 -52678 10728 -54449 15432 -51811 -28719 -24217 -35123 23373 46008 -54404 -61377 -38868 -40791 -65061 60730
r488 -6690 46059 22077 -42035 -60382 25207 54236 27214 -60772 -13646 -37735 55385 -45462 45179 -42625 -51246 50892 39496 -32421 -37260
r489 -21380 40244 -23786 7976 40400 42821 993 -6895 -33589 4652 -40442 -31669 30281 -30392 8508 5428 -48418 -27501 12376 -8715
r490 -22336 37851 11026 49657 8837 60036 46105 -28827 -18412 -42155 9252 36079 -53384 -62819 -23751 36496 -41500 914 20774 -5348
r491 -32205 41174 24315 37395 -7493 41576 56694 51772 -30031 -58227 -3805 -51099 -48834 57561 -49903 60709 51699 -32486 -50618 -22994
r492 -7740 61958 -20729 9341 -54891 -58847 -33575 25820 -25786 42940 16664 35076 60713 58705 -11468 -44692 -6237 -19924 -18487 37274
r493 6794 -62133 28876 15258 8154 33628 22472 26071 37563 35394 59193 -3491 46466 -21533 15958 9670 60226 21608 -55861 -64540
r494 16502 -29978 -47311 -42199 -29511 36200 -42133 36930 14634 14701 -62374 19975 2502 38620 -17443 -51901 -39904 21977 19453 -25449
r495 -6196 -5408 9532 -5529 -15919 36533 -10604 -53795 -10333 32072 -54805 -10772 -46984 48941 -49760 7568 58932 8409 42612 -38430
r496 -1 63878 52136 18297 9155 36243 62210 10620 -22112 -16105 2043 -11074 -37610 34096 17438 -5680 -1046 26500 26369 -63387
r497 3738 64940 15883 63794 4659 42342 -59571 56228 9656 -22707 -31726 45267 -34797 -4152 -57337 -30992 15562 6954 52352 -15789
r498 548 -61781 -19613 -9672 -63004 15260 -31558 30897 38771 16990 24312 -60476 -63083 -20058 -6200 38541 -5495 -60063 -64719 46154
r499 -46270 -45953 30305 51971 13684 42836 54516 -28410 19846 6993 30992 26636 -12230 -26105 -18770 -43382 37455 -25795 -11330 1833
