mTable32 21
KEY  c0 c1 c2 c3 c4 c5 c6 c7 c8 c9 c10 c11 c12 c13 c14 c15 c16 c17 c18 c19
r0 41674 65502 -27654 -20623 -46526 58052 -49527 -40770 15936 -58848 50568 -7384 49004 23577 39211 -42507 -13303 -33239 24753 40903
r1 -57132 -30457 570 7394 24633 -51212 -20221 63691 34954 30105 -50874 -9980 -17450 -27021 -62566 37351 62265 63761 56146 22186
r2 19511 -12737 -54655 25764 -20753 1944 52209 -9742 17184 19623 -44357 -41364 -43575 20428 36057 16396 -25413 -27712 -31374 40930
r3 59671 -40611 39103 12538 -52652 27271 53702 -43159 -10732 26518 39064 60647 -63956 16496 21362 61832 5650 -15374 21735 53039
r4 16917 43434 58848 -30761 51328 -37129 -33515 28772 -41784 -8608 63459 59429 29050 -61465 57586 -7963 -57588 -20190 38083 43167
r5 -25729 4349 4922 48611 55676 -59296 1955 -29243 30170 29358 -12518 14229 1493 -34033 8027 981 -31648 30402 23975 -39555
r6 43507 34527 5014 1771 60945 28672 7482 -5571 -14741 24333 -15352 -61416 -4817 19131 -35408 -40507 -56282 41408 38426 -12449
r7 -39346 3468 -47835 22084 -50339 -64474 -60021 25261 -16932 -27262 -15397 20779 16768 -56792 58634 -1001 55336 59236 -2859 20424
r8 -40631 46149 -35923 2285 44158 45891 14465 30877 -47813 -16760 -17790 -34625 -45491 -27183 -50523 39013 37720 25268 -47099 -40901
r9 -48635 -50063 -53792 27938 23902 -8726 -10565 18798 -10074 33589 28688 -20852 -27658 -31793 43200 -47342 30398 -5262 19112 -13617
r10 -16149 60802 -1783 27248 5842 -5290 -9624 8124 55550 -38939 51151 -11030 56841 22485 -60061 19467 34153 -47228 -34732 -59598
r11 54904 13569 -16308 -26516 7259 -24610 -24771 -60561 24863 -42548 18199 -37106 -49820 7808 -50499 -6808 36811 18622 -40290 64534
r12 16986 18167 -24863 -1008 -64313 36610 51832 11764 -3972 -44891 -10383 -36730 57352 -21559 -1070 25748 36274 -42605 24097 33048
r13 63396 18765 12852 58253 15062 59127 2595 -59043 63189 -29545 64577 -39307 33820 -27662 -2989 -6 -27919 -23722 42833 59090
r14 52500 42594 -4550 -47327 -52962 -55160 -53315 3025 9199 -36617 -37142 -29586 -11155 -34936 3449 51657 31453 -58903 -41820 10839
r15 27925 60865 58254 19174 -8319 3322 14894 17171 46510 -53413 1171 -58294 27519 3849 52181 -51123 -18635 -24828 -57464 61121
r16 -25276 3930 -24917 58242 -11849 -44800 -61667 -30982 -55134 28689 40059 46435 35414 43061 18250 2971 27922 -8111 51067 -25780
r17 -41873 -43498 -1426 -32793 -41756 -18808 -29954 -59191 1624 12170 52412 -26645 -2557 50740 -39416 30147 26561 -40258 57529 -59746
r18 -1440 -40288 -7948 30850 19820 -57835 7181 61694 30206 4931 51427 61629 15399 -52 38818 -424 -57564 -51417 47905 -22117
r19 10462 30384 -52647 52235 36620 55678 -39132 -43573 35512 44608 45310 62408 10033 37180 40452 -54101 61811 62733 -56662 39232
r20 43319 31436 48085 25161 -55145 22263 59364 -23118 53774 49457 -37123 -30049 33726 38507 2599 -56973 1094 51917 -33853 -41908
r21 -64102 -9991 -64260 -59756 9233 -28733 37558 -55979 -62972 22724 -56239 -35552 49072 44532 -1572 32000 42666 -18008 24629 -44528
r22 61639 -30389 -30431 -60953 -47401 -44328 13217 -14629 24646 -36820 28682 10622 48851 1795 14202 -54791 42157 -4249 -18173 -16400
r23 41686 16872 -37650 -5005 -8491 -26088 49503 -10635 -58198 -63544 29783 10841 15159 57684 15570 19063 -2708 -37776 13240 -818
r24 -14524 65008 -9713 46891 -14587 -64948 62357 -28336 35584 -21483 33973 64335 -60425 -10117 -29028 -7768 63644 47609 -29729 9443
r25 -35549 16626 10522 43714 -26057 2422 -34837 20670 -42634 -21356 8982 380 -11856 56204 35641 33878 -59481 59672 -12256 -59603
r26 -25527 -17927 -39866 44779 52411 -50082 10776 -15981 28985 -16668 53714 -173 23156 -6733 -10412 -58297 -38803 -2919 990 -2268
r27 -4159 -43401 -42811 -13040 -23205 -30265 -3507 19249 5797 28529 -26468 -7549 39171 22372 -2253 19681 803 7745 5081 -51814
r28 44641 -53593 7030 -19768 25348 23671 -28589 54866 44806 63486 42917 28679 16998 47433 -58906 -46202 -46631 -65464 -17029 -48560
r29 -44046 -44845 -55481 -51451 38498 -43438 36266 -26161 18020 -1418 46585 22656 39644 -39390 62096 52410 -44027 43401 47504 -40425
r30 -59537 -60458 58876 29749 30066 8068 -2742 33195 -65062 39166 -31333 -35962 52386 -54073 63590 14500 -37091 -17851 -43169 -34756
r31 13379 5920 -61193 41057 2618 -61964 -8931 -746 -40398 -35928 59008 29364 -48131 -35938 -53889 6660 -51980 -60674 11525 46215
r32 -40587 -24794 -65230 -60915 25239 -27676 58922 -23194 -323 -42134 51100 53813 -25651 10690 57824 -45954 25342 -35794 -22349 5376
r33 6275 24594 -50194 -49895 39329 -14778 -33657 40034 55114 48877 8129 26951 -49701 -16258 26265 54051 25389 -26201 49571 5403
r34 9150 -12171 -7997 -54025 -5569 -40280 -3698 -37756 -15828 -54733 -29907 -44013 -21444 41453 43940 5172 16993 1644 36164 -31155
r35 36354 26236 35191 -40801 10581 9530 52333 -28613 -10369 1208 -2264 -25858 -55030 -547 -34248 -57304 62939 63946 -50503 65162
r36 33321 -49264 -63512 27357 -34816 -17648 -13674 23962 -2763 -15980 53883 -54731 -34558 -7704 1935 -42452 -49240 -56892 8753 42557
r37 8866 -22954 -47873 26163 -22932 33894 -8010 -62991 -47272 -5825 -6955 42264 -27763 -39139 -41089 13524 -46408 -22074 61902 -65335
r38 -39396 22564 -290 28903 -34539 -47271 37467 52392 -59322 63690 44707 -27808 63245 -62767 57925 -40791 -10673 -37246 16461 -19473
r39 30610 22502 -45303 38064 -52781 37628 -8727 46258 -25710 -53854 -11049 36088 30669 -50219 7469 45918 61643 -25024 -12220 44342
r40 20267 -41912 -56084 16847 -65356 -29281 41198 1148 -12840 53087 46717 10899 -32835 -33153 21921 -58003 24167 43262 67 41566
r41 54407 -6850 49492 56002 -65336 51466 -57081 -57837 -57010 26435 -4224 -19850 -23935 -30128 -13513 57835 -61445 -38783 55171 -48747
r42 1035 -28967 54118 -49451 -28555 -9589 -64092 -46741 -28511 41318 24790 18490 9962 56820 -22608 -1258 -37294 -10893 55099 -4783
r43 -31004 -63298 -11466 22759 54523 -39409 -47969 62036 11565 -29542 56663 -35680 12797 14419 18070 33415 -61005 8866 45238 16090
r44 57058 -21053 -2727 17883 -34741 -64746 -23793 -59530 -3893 -23895 21185 -60924 -39880 -12097 -30821 -14389 28119 -8121 42101 -7262
r45 10695 30214 -57239 -27198 17300 -60114 -33255 -12025 65514 -23244 33597 17642 -42059 -64241 -21805 -36022 -29375 -2647 -65013 -9176
r46 55069 -34806 11604 -58497 -6992 44916 47012 45500 25314 33705 -42558 30237 26538 29326 -42528 54973 29170 -64819 -34542 -55121
r47 -7522 18619 52345 11321 -25564 -20052 12764 2205 -8270 -35187 48967 -15691 9415 28660 -42505 -31331 -57810 44319 32666 -64024
r48 -45084 -56057 25365 65057 -4361 3414 -19738 -20200 -38691 27747 12893 24834 28405 -54705 53350 41039 10589 -34770 -1448 46342
r49 -57852 39110 -30339 32821 -2336 -13782 -14667 -34334 40779 7887 -43053 41256 -27799 21140 -24796 -16103 -45263 18275 58251 26756
r50 8053 63965 18042 1214 -48463 23299 -23863 2703 32665 23885 16575 60047 2402 62378 43705 -64366 -60663 63458 -662 -21538
r51 -41150 57593 -5690 59023 -35003 8613 -31929 -65113 -9639 4563 -6213 -2450 4182 -1599 -44497 7309 -59328 -38515 62614 64866
r52 20950 49206 -16494 28960 3051 -54819 -50219 -37962 -25413 -1660 5273 25439 -63350 24148 60818 29730 -56821 -14254 -13383 56332
r53 -37370 -21228 39930 43343 31061 -42683 21142 15837 33836 53994 -50515 64359 -33686 -10647 -24614 -20636 55 -11422 -47223 18649
r54 37303 -47022 2216 3824 3136 -31741 -56689 32153 40497 54873 65197 -57155 12326 6851 42103 9799 -54705 -15593 13521 -55281
r55 -57673 -28441 -33889 -49265 -16334 10032 41271 -43155 -63770 47668 14010 28535 277 -2616 -28574 48919 -18846 24416 -44530 56642
r56 3464 26492 -36394 10931 47364 -64977 1280 -47294 6357 -30601 12223 65327 -4747 -11527 -1809 -11153 4857 64235 -65036 -20291
r57 -4629 50048 21972 46413 22323 -47251 12101 -10621 -18341 -16766 -28264 -14339 -41959 24171 25062 25246 19360 48588 -8071 43871
r58 9571 47705 56768 -32907 -63503 22660 15298 42057 31182 25048 63755 52159 -10871 -41842 59643 15500 34582 49252 -62835 -1303
r59 -4763 30614 35157 42521 20553 35395 -58766 36541 -5371 -23889 49920 -9115 -62857 34988 62091 -48276 65352 -63290 38824 -51561
r60 -43240 -1052 -64513 5723 56160 43980 42470 -991 -13968 -56561 43711 21078 59084 34130 61232 31191 33840 8715 -29133 -3025
r61 34675 -53412 -8892 -10137 -54383 -7372 6062 49870 27477 58647 -24545 -46178 -56629 42666 44304 -28466 -21436 21662 626 51307
r62 14059 39642 28524 -31968 53141 -20222 -36890 -32985 57605 -43259 12167 -34532 -29129 -41050 -8297 32516 41498 -5199 -9849 -30360
r63 25342 63401 29717 63240 -2603 -43778 -43285 -60489 -43402 33735 23367 14149 26080 30236 18109 -44805 -52693 32361 -42052 -40685
r64 22456 -55246 -16447 -27056 -18061 -52463 65485 -41151 -3937 -3142 21903 -11290 1056 13321 10159 29385 1761 20903 -11104 25993
r65 -50406 -20515 43919 -4071 13476 28759 -61150 13728 -28694 -36661 -30651 -14174 -35631 4691 -59167 -14262 10195 51747 -46436 -24955
r66 -62417 18564 51500 -31006 62443 -51673 -26045 55687 -53645 10309 -1080 -34946 29329 62962 14301 -50978 52114 57581 -38631 63081
r67 -43519 -14340 7554 17260 -15624 -13452 -43943 4716 39016 -8852 -6364 12346 -2277 32324 -55514 -11541 2763 -19753 50782 -18809
r68 8768 -35519 -21499 -54463 -57542 -45728 -16717 54753 -52247 7390 10926 -4353 -57883 41529 57551 33485 -38995 -24034 -22499 -57353
r69 50165 -59814 41022 -21506 15878 4143 -31333 -64594 -44563 48406 -61268 14140 25389 33610 50131 -42407 46563 44291 44393 23552
r70 -42457 -20940 20398 17102 -12112 -14826 19366 40722 51638 21499 11845 32860 40093 60801 21691 28730 -24507 26914 21348 -31797
r71 -55338 19066 -44424 -58504 -46962 -59252 -32794 13177 61810 -34083 -35893 58931 57257 24898 33993 63569 56808 37979 21394 -23955
r72 3764 -34750 -63145 2013 58765 29740 60010 22074 -30465 -20819 6038 -47907 49725 -21617 -41145 -28505 50002 -29034 8595 45155
r73 -49877 20830 14981 -4395 13236 18568 -36430 22266 1666 48372 56577 15590 -63396 -56802 -26329 -29354 -14081 4004 61792 56771
r74 25051 34761 10150 -61940 32182 -63746 29604 36806 62260 -53015 20735 -4858 53017 -17749 19933 53140 40703 -7098 57614 -21089
r75 -22373 26782 23742 -17923 50497 -45822 -30491 -27223 10958 32931 56109 -36522 -54916 32287 55639 56485 -47180 1142 -64536 -43751
r76 -13237 5568 21791 33419 19972 -41151 -61846 60115 -3871 1878 -40775 -54508 -34007 15292 9610 55937 -4385 43494 -19972 -31701
r77 -6521 -9746 -60212 -29341 -57596 -53898 -24938 -59201 -44804 -45441 41593 13742 -38407 -52215 15859 3104 -24349 -6658 -29665 -16076
r78 -62650 -23805 34277 35021 -26829 -42135 -47214 -56596 7013 -3201 58402 14069 38176 13386 -35804 -51359 -676 -7045 -41327 58534
r79 -33684 -3673 43352 -9695 34628 8037 -5179 46103 40714 29901 -10224 -28622 -51704 -45746 -17965 42479 63274 2554 26879 -20178
r80 26814 62453 54972 -11277 -50898 10223 22912 617 -18450 63176 -16891 -56774 -6490 -63175 6901 -43361 50421 45138 -15374 47221
r81 60973 -1641 -24083 -40876 4253 45789 -16005 -63147 51687 -30961 19210 -47533 62999 9895 -29783 -57173 537 40146 -30036 -11483
r82 60509 826 35888 -26653 45581 12912 27426 -38518 18422 -8350 49273 -59255 25719 14491 -50120 32589 -40682 -4439 57908 -20735
r83 47686 -3344 -29834 61289 -22510 56103 34702 48541 -3385 -31451 -11640 8462 60667 -53192 22221 46147 3878 -16480 -26816 53269
r84 31045 -42548 8541 -44885 -49597 45962 -23566 -32535 -25675 45536 -19938 -10510 8634 24050 49703 -54505 28038 -8521 37566 16675
r85 -30661 36690 -26314 55471 39720 8765 55072 -40706 10190 47601 42303 -8146 -64034 -714 -60390 -3589 -15098 49897 44778 62238
r86 -35853 -46683 -4443 41124 -36838 -50317 47623 -2762 -14717 -38256 -9082 -45556 -18729 -47982 18704 51568 -10286 64929 18847 19480
r87 -20023 11725 58626 60629 52523 7481 27762 -49562 37211 -61443 -44147 -43841 12986 32823 -12164 28035 43339 54275 -50087 -59341
r88 33861 58665 42020 -7715 -62147 -26932 50338 61902 49464 -32236 -12200 -4376 -46137 -32038 36816 -65073 54650 -24123 -38875 27070
r89 -41352 28653 8594 39381 -5657 49956 24587 -46018 10578 -60104 55726 -44262 -25008 -59553 5327 -45354 28763 -65007 -4253 54455
r90 -1036 -25837 -31994 45933 19818 18753 -28465 56414 -28670 -52255 31132 54883 49815 60364 -13274 56960 -26058 -8082 28200 50004
r91 47866 -18468 -1186 -7185 8022 55866 60069 17866 46626 51994 -8544 -42158 10130 37412 28863 -39407 12129 -18115 49382 -53100
r92 -12700 31473 -49902 -36263 16859 -49329 17973 -61340 -50544 6067 46559 42388 -25620 -30194 56948 -26351 13764 28458 -53578 -60746
r93 31858 56973 -29032 -61998 -14105 15327 39256 59907 47524 38454 -26515 -50421 -10670 26045 64473 9029 -48079 30940 -47893 -53797
r94 -31676 -57812 9097 -43172 -6849 43131 -2174 -40500 -49744 -59566 -48132 64911 18125 3439 -24376 20310 52583 33342 13157 11552
r95 50247 33598 -42573 -7526 -22791 -14371 56669 -17333 -6173 3138 -61336 36887 -20569 -14520 22673 -940 11050 -59305 -55717 9402
r96 2273 -35560 63301 -53564 23920 -19227 -645 33195 -35940 13180 -27017 -57336 37667 46140 -33901 26329 -26086 46849 -63549 -14299
r97 29680 -38828 52904 19210 20180 -76 -54457 12139 58399 53957 60124 -3542 -18016 -8709 -41660 -35549 -23109 -22199 -55026 37343
r98 27978 -58514 -28948 2825 17745 16926 3951 17079 17273 -55765 -46565 26091 38322 -44751 48338 43967 -12833 30583 6020 -13280
r99 -11042 9641 34441 -37219 20627 8728 17801 -26193 61582 59096 45312 -38548 -65170 -54146 -59633 37855 -38773 22532 15129 5366
r100 -36674 672 -53521 -23815 12586 5376 -37153 -26125 -27181 -39828 58900 32630 16454 56803 -52482 -6160 24953 10439 -64607 -39034
r101 -19178 29484 -8366 -50602 10054 -43266 24962 -36972 61829 -9101 -59897 -57 -19589 50664 -41684 62848 36396 54257 42159 40237
r102 -4593 -64988 40229 -51496 -4985 14905 -18975 1135 -55371 22561 -12404 -49894 -35752 29247 -19464 13256 -722 -32419 25209 -36510
r103 12572 -52961 19703 44600 -64270 3511 -56563 -22570 50914 -35359 -29066 39538 -56282 17758 12566 -2141 55481 47141 38017 -4639
r104 33567 8929 13152 64660 -9700 -50682 56968 14745 34525 -56391 -46956 -34716 -5897 34800 -19075 -45647 -11148 10160 -24879 46212
r105 3069 -50170 -24049 51900 40055 16720 63556 -4957 -37525 -65456 47442 16849 43800 -42353 60450 -12385 28502 -53295 -55592 16476
r106 -52842 -47509 -60022 1512 18940 -56315 11161 -29625 9026 6068 -12658 -18602 18003 -26094 1166 44715 -10157 -50719 -52552 -49614
r107 -3125 -36622 35444 31021 -24455 -51254 -48082 53576 48264 4988 -22276 20918 -50027 54649 -62573 -56421 2314 -35554 -20090 7950
r108 41661 -8467 -48610 63647 -29001 63468 -17842 11897 58358 60506 -35825 39180 26166 58226 51120 -7435 -31143 -14522 -17411 60261
r109 43161 -18929 6213 14183 -64691 -18579 -52366 63248 33892 -64915 40707 -17629 58698 27284 31146 -49632 5809 49523 -18215 -31572
r110 -30888 41485 15427 -36466 7864 22514 61157 -57055 -24334 18354 -16677 -40396 65233 16799 27258 21818 1382 49506 55598 -52911
r111 -13883 -28454 21334 -27327 -38306 -57834 62385 13752 31357 61934 -34670 64288 -34769 6640 56248 47043 -2163 -43123 20698 -10844
r112 32840 47592 -27685 20674 25707 3075 16080 -25103 12923 -21031 -22009 17659 -9633 12097 15618 30969 46489 22212 -39430 35895
r113 16678 33379 -8304 -25258 -63672 42764 -1599 17141 -53950 -52203 -40537 -36345 44913 -12927 4673 -40264 14193 50327 -15494 24342
r114 -51211 -23598 -62432 -59128 -29416 -37863 2929 13268 47277 47109 33656 -50718 46213 44689 37655 -9828 -15879 -23352 30971 -21352
r115 14781 -7775 -37775 61723 -59782 -18169 -32812 -33026 -10134 20465 -54250 2582 -12668 -42573 44428 10379 -25544 -44664 48761 -58634
r116 61510 34777 19868 -13524 -37571 62251 -36579 31164 -50088 47808 19697 -31497 43300 -13124 48063 48341 -1598 2938 -20937 41206
r117 60470 1607 48744 35549 -10282 -15507 -22260 52088 -44136 -64808 -41481 54281 -2902 -52587 15979 -31901 29303 -2085 -55940 -30865
r118 44843 2598 -5003 53267 5651 -48626 -42987 12829 20843 -54616 -10361 1459 -15934 -20298 -9252 50048 48195 -41208 3316 61847
r119 -36641 30497 -11575 18032 57359 -21629 -36401 26872 41356 -49126 62253 -42628 -35269 -46906 -37222 -23984 -8489 -29528 37768 4314
r120 27957 18317 49318 -33198 43888 -15274 -19425 -3142 -48547 28671 -31430 -21591 -14501 2559 -38421 28801 -16790 35558 -34531 -59129
r121 14909 18493 -25727 -799 -51986 15152 43891 -49342 -47628 -52332 -26528 -25556 -14409 60225 39725 12760 58282 -63185 19894 61254
r122 23685 -10812 -53498 -52034 -59851 13130 -8597 45475 37899 874 41088 18093 -58751 32150 -6990 50314 14347 62652 8948 14882
r123 49957 -51297 -58365 41596 7929 -64091 1172 44934 -10417 -7008 -60598 30812 -30226 63765 21370 46552 -39493 -47276 32359 -56055
r124 26335 46912 -43455 10938 33251 58333 -41566 12501 -32893 -59787 11275 -3715 -54820 -47824 -56647 24588 -19027 -26889 -33428 -2862
r125 29849 -39159 -18931 60326 -6407 1845 -63407 33344 -16738 10843 8701 55817 -20860 -60555 -28569 -56462 -37926 -53173 -61865 20113
r126 60017 7049 46922 -32200 16046 -47823 60882 -18970 -61575 52234 -47587 13809 -46847 69 -37589 65273 -19546 47989 42418 23436
r127 -11134 -42267 -18562 31733 28608 61645 -64262 -9134 -45945 64764 -50891 -56575 -55003 63950 -9135 -49414 64816 43858 65042 -27474
r128 -34603 23612 -17019 -61374 35659 -2781 -1437 51025 14503 23737 26869 -18269 -55981 44392 -40587 -62614 -16118 5805 -7337 -9386
r129 38453 -55933 8420 -6931 18219 34762 -48961 25818 31603 -61087 55589 2152 26493 -16036 50404 47264 57022 -18902 42651 -42777
r130 -2218 -41285 16023 37426 -58649 43970 -22609 26943 47994 38581 -29885 -32503 -24220 -36915 -11372 8043 18386 59593 49033 14972
r131 42561 -14215 55019 28364 -28342 55450 -9742 -39174 -57824 31451 -51037 -31267 -49553 -42409 -18082 -19820 42798 2464 21852 -33732
r132 36472 -22062 46787 -14657 5208 23173 10354 -19905 -40468 -13792 36527 -35227 -27649 -15687 -40461 39758 -885 -30934 -11220 25216
r133 21051 -29626 -2494 -12843 48824 -13256 -35696 57230 -24972 -21437 -52508 -4931 43516 8090 -42553 58310 34119 -32488 -65169 -5299
r134 8712 -35105 21586 -41744 54826 -37019 -57265 -64266 -49550 14234 -60559 -30010 -55728 35185 -44368 -3664 52016 4971 -36379 -26571
r135 -36121 10319 45832 -2642 7677 -8638 -8133 40067 52903 -14100 -8867 27854 -46073 40570 -6741 12557 55225 5517 -40238 -12184
r136 -46548 -49847 59573 -45334 26760 981 9169 -42116 -22603 1835 -9644 -24972 9806 -44220 -31052 44247 21971 -35668 18943 4834
r137 -34310 51280 30910 -56622 64549 16113 23761 -31879 -7657 20739 20923 48522 32739 -45694 40238 31509 -50776 -33793 -39663 28723
r138 32546 47253 -56714 45028 -8042 -43758 505 -58059 11840 -9112 8752 -17857 -64766 -5762 47777 34051 37659 47240 57251 12049
r139 -34160 -11582 -4283 -62457 36881 60656 42054 61994 -6771 -24095 1707 38797 18556 -38857 -8918 31500 -18067 -64571 63543 58411
r140 10899 -18609 -23451 2352 -53349 65193 -30391 53108 -21683 -7256 -8925 -52545 -29161 55554 -63185 -65318 58960 19775 36003 64695
r141 -18830 14876 -62791 45414 -18139 -1049 13075 17843 -4500 57867 -7452 -3375 -962 -6552 -34224 -28701 -38819 55762 -33293 -33527
r142 -40073 34866 19004 25365 2793 -15471 56773 -5889 61969 5599 26232 -61227 -14500 -47326 23902 4947 -14544 9647 -3143 -42823
r143 -56769 -1471 47253 -61247 51227 41651 31623 65253 -1717 32796 -899 21584 -23529 -35625 37781 23893 49161 59372 -28330 -12230
r144 5253 50366 -58026 40769 10427 48514 47205 -14015 -26560 -187 -2595 -33451 -51601 363 39785 50514 -48834 -64238 59564 -11441
r145 11287 -46282 20418 59211 -9604 -62916 15255 31400 -41971 20081 -11435 -9260 -62811 -1235 -16453 -23005 5029 51885 12636 40403
r146 44214 -63403 298 32059 38349 49081 -51399 6178 63653 9237 -25718 4276 -8657 64935 -4716 24705 51389 -55075 29203 2344
r147 -41707 15248 -3026 1320 38649 -17701 22268 7241 18530 39363 60037 -65320 31626 8525 -61098 31861 43625 -39532 -7571 -58883
r148 -16296 -38773 -6395 40208 -17699 -45349 30288 27763 52352 -14548 31755 -64525 -19848 50409 -43159 -60883 26377 35538 -29310 35668
r149 -64660 58424 6070 -41847 56589 -63640 -65520 -45413 -14390 -6429 56337 -62329 -44864 60091 -65417 -8859 57842 2999 -4510 -48914
r150 33155 -62840 -53754 13386 -41480 64424 60583 -37567 -41529 -25339 16320 21044 28511 -61161 -17922 -33092 55541 50832 -34026 -59283
r151 -28 34113 13766 -64371 -23731 -18222 -42276 12661 -36775 43430 -38087 14221 -18236 -12853 8049 -48307 18519 6705 46159 5497
r152 -10942 23428 9185 -54011 -25650 -11799 -29744 -31157 9451 27452 9342 60352 36508 50298 -33775 36810 -37244 8380 40147 -64732
r153 -60929 59662 -26719 17783 -61918 64656 936 48256 4715 59520 -40225 -53108 541 -11889 -9284 -56893 -12418 50175 45960 27888
r154 -38593 31277 3880 -1015 -10611 65452 -11261 -50269 48726 63861 11409 29041 -44098 31293 30856 -4654 -8615 -48450 63883 28079
r155 14764 -11207 -4811 -22751 -34684 47846 -11579 -58069 -56210 47072 -60697 46044 3978 -57730 7871 23215 62102 -15090 43705 -3970
r156 -36482 34170 2338 10797 18913 -58535 -24402 -10273 24416 21762 -40542 48686 -2567 -3634 37615 22219 -19468 8085 -17260 62217
r157 6781 -61014 -51879 -18170 -20446 17159 -62289 3188 55301 41663 757 -55382 51968 -48231 -36854 64442 40600 27407 -34243 -58631
r158 52499 -59223 59250 -64461 -10169 41539 -58384 -36016 -50841 38098 13457 -26101 10926 25556 48105 27946 29215 22788 8170 -3925
r159 -16893 39169 -55829 -39647 61369 -28648 -53568 -31102 -43653 21445 -42950 -64158 -58982 -13807 44580 32337 -40152 38536 -63851 -24199
r160 46137 33224 15969 47883 58844 -11556 -16868 20310 46902 -24409 39445 -2685 16384 18274 3299 55630 -7911 24863 -59661 -20308
r161 -64669 26576 22513 17087 -44129 41085 56535 -6033 62454 46795 2144 36157 27044 -25792 -16593 57682 -51982 -63706 -35499 1008
r162 -45631 60679 31364 59331 -20882 -28208 -35729 -9137 -37886 27309 -9435 20840 12876 34999 -53143 -36616 54699 -62331 24943 -1008
r163 -36234 29287 60477 25318 29482 940 -19207 -20419 -31101 30954 -18907 -56575 -36297 7119 -46806 -45285 10679 21316 58391 -43837
r164 -32366 -12389 65503 16948 -63255 -29377 -19306 -56145 -53776 -46414 -48024 3377 -61329 -62488 5058 -60489 63549 19987 40574 -60448
r165 64791 6301 -16790 56842 30570 33429 7473 -51824 24799 16505 21855 -4289 14586 26770 6398 47532 -2850 -49 -15075 -38433
r166 -15002 28817 39717 28364 30968 -3224 -1415 -47199 -29514 -17986 -51491 -60650 332 44058 5514 19686 9810 -6460 -49548 12802
r167 54248 -40406 -34472 -290 -57291 -34863 -46373 23328 1049 32956 -10099 -3251 -6395 16861 -53030 56387 -53484 -21718 -23524 43669
r168 -46072 34816 3144 -56089 3063 -43283 -18787 -32449 -41105 -29895 24806 5209 -30093 -16206 64592 -57743 64512 35976 8536 43146
r169 38840 3790 -31700 25364 -7489 5733 54090 18159 22910 2878 64146 -53542 30188 -73 48722 42611 15473 25365 36482 39341
r170 -33041 17193 53780 17932 -54648 -10900 565 -13653 8527 -44461 -52003 60649 -34660 -6448 -40330 29403 -62593 42367 -56550 45343
r171 -52250 -37154 -65053 19099 51823 -57493 -39218 40135 2762 -42755 -54507 45301 -42435 -30410 46600 -27883 -34077 31375 24312 19805
r172 -33334 -10632 -59679 -44168 -54477 19721 -5113 48458 -8873 8575 2493 -29622 -44052 -27571 22076 -35324 44501 19332 5762 -44332
r173 13549 24024 -53635 -11358 56401 25614 42101 50741 -55185 -53940 -53319 43268 10720 -57011 61763 10721 46569 56648 57116 -47385
r174 -52942 -34562 31790 -6384 1857 33371 -25898 65271 65514 61536 15582 62144 -26217 20963 38356 44910 -49777 -26154 -36372 -20839
r175 -64292 57894 44855 30899 20921 -62298 -48088 -17342 -64237 36903 -1872 -16438 -48171 10885 26447 31864 43004 -8706 -35244 -22454
r176 24201 60990 14585 3522 38352 -19086 -64891 3188 -45359 42246 -59574 33348 -62603 -29456 -62215 61732 34879 54470 -41125 -43908
r177 8625 21856 38779 58718 50992 -16234 39918 48005 22264 19635 48148 -31954 46252 -10118 41073 -25762 24079 57287 53152 -37248
r178 -35388 17882 13328 -15978 -60803 -489 -38615 -58893 -46729 50018 25090 6042 36919 -41381 -41630 3758 41491 21465 -30987 62183
r179 -34474 -55951 61568 -33591 -19633 -13166 14300 -32279 -49804 -35388 -41009 60177 -61829 35852 -52961 25293 26445 -20419 -28762 52746
r180 16565 -48470 -10320 -19793 24086 41768 45780 22973 16786 62407 -60715 58598 26608 3466 38368 50636 33347 -20567 13993 25753
r181 21780 52827 53304 -5753 13385 -9753 -42882 27510 -12737 267 -51038 20072 -14401 -7452 -47198 28432 -39466 76 -16926 56164
r182 -47276 -22205 -41717 32197 -29793 -30273 -16163 47315 42640 -41218 -18362 10502 42398 -56550 -4302 3775 32904 59491 -43180 10230
r183 -794 33380 57928 -33958 -7151 -42851 -60994 19089 -6731 -53927 -45409 24492 37608 -59017 23477 -18643 27909 -56003 39081 -31270
r184 -45783 16284 -25205 -47448 8382 -43228 18440 52778 24307 -11865 -47103 -25276 -8197 60476 -4769 26514 -46284 889 -37826 -7856
r185 -2029 -51013 33366 63295 -63018 23270 -25738 -44341 -51532 -23359 60164 8585 35703 33723 48133 52923 12878 55095 31414 -37285
r186 -63691 33374 18406 15369 -44142 -9349 40592 -47304 10631 -2886 -9389 -39803 37085 37728 23315 29478 2994 -49180 -29518 55609
r187 14105 40635 63768 25075 -45216 58882 47620 -43395 48094 19692 -41571 45686 36676 65241 -34794 41384 -64559 21176 51282 -59971
r188 -31401 37378 2915 57702 7192 -54244 -18421 50190 27417 -52166 40899 19652 55429 -459 -54083 17154 -8994 -39214 -55108 -55350
r189 -44919 10385 -6679 11527 -5574 -52831 -33852 -58291 -34988 39485 -64384 -33643 -63969 2780 -46030 -60497 -20935 -8428 57716 63146
r190 803 54298 -12298 -48471 52553 -7936 -16257 -7630 50487 -39711 57374 40571 20154 -62211 -62394 64316 -10556 -38208 5697 -54371
r191 47028 36472 -18992 -35893 1502 19393 -10925 38490 26350 11578 45470 -18969 -48192 -24322 63880 -23418 61936 -17623 -58253 -6214
r192 -56884 33523 -37403 -48712 -55693 -60282 -48663 38926 6338 52027 58839 -905 -15162 1064 -15985 -33568 -25718 -40496 19038 54936
r193 -11423 63620 40662 -29483 -14146 -31954 -36641 -64901 -22257 58845 122 -5048 19839 13563 -60944 27824 -47884 -38007 -18913 -8076
r194 -61248 -35964 6193 -15776 44266 -56921 -9673 -11452 -26739 44445 -46396 39268 23741 21476 43722 1147 -12169 53769 -55882 -11879
r195 -37403 -2617 -36821 -1376 -32975 -33208 10534 40586 5335 50835 20604 35454 -27976 -50048 -31423 -25981 -55633 -53160 64271 64896
r196 -57001 25373 53398 21798 -27051 -12994 -8178 30212 16380 28776 -8891 45611 53380 59774 -32505 38897 63091 -44434 -18399 47480
r197 -24371 -1904 57535 35818 -6897 -24671 29945 -24544 44591 35528 -27114 -30377 12433 39869 4749 59009 -46763 12832 49573 30659
r198 58375 -55517 30109 7850 -6400 61933 -7622 52869 31826 45633 18690 20256 -41453 -58221 3904 27895 4372 -10823 14931 -47816
r199 -16513 9469 6042 -48392 43842 3485 43805 27468 -15613 40937 3036 -47937 -28037 49061 37948 36123 31617 36924 -61189 4746
r200 -45742 -10760 39995 -43012 19217 -4720 -57574 -38637 20876 60900 -11420 -16177 44949 -30731 -8490 3234 53157 -18438 -34898 26384
r201 -35178 45886 -9316 -2486 -46930 49640 -33 45000 -14787 36387 64298 -35989 57592 -5785 -21157 -56791 -58887 -7881 794 -26097
r202 9219 49504 35796 35938 -5865 63176 -34686 -55397 -60477 21671 327 -58033 53240 -27564 -11047 24561 1893 23987 11177 -55217
r203 7709 37821 46552 4592 64641 54950 -22595 17947 41633 25491 -13348 -57753 -25874 61029 65150 33599 -49587 -45205 -62060 -43042
r204 -6926 34738 -36312 -868 -17466 14950 10323 -17447 45430 -62610 64372 -63320 -3950 -41579 -2548 61275 13096 63689 -1783 -2765
r205 29968 -54153 46111 -45486 -35167 27573 -59783 55497 -33263 -20150 -45041 9576 61819 -5301 56862 -50598 58876 -52822 49301 -18652
r206 -19657 25912 25351 8621 -58707 -7259 -64885 -50797 -17865 40368 11354 -39568 -5733 62920 33062 64227 51869 -33115 40707 -8980
r207 24587 -43533 -36598 -56043 -2733 -27861 -26128 64184 -53829 -29213 -4159 28145 -3446 -58414 -31542 -33779 47690 60028 35157 -6984
r208 -50885 37446 -15486 -45214 2252 40169 -62920 -3187 65374 55144 1844 -52693 -14960 -53475 7101 62002 12354 25140 -61683 -33331
r209 -58333 -33309 -43635 20037 -57128 10332 -60179 -25838 -40421 -29610 -48852 -25372 3779 -62445 31521 21821 -54328 -7888 57772 -39606
r210 -52158 37122 26021 -47934 27459 33817 -8567 -16365 -7585 -56219 54500 -58025 -53766 32670 -1900 27168 21952 -6152 -19680 29723
r211 -55394 14006 -3061 -6688 56660 21234 16764 -21255 44901 52909 -27590 -41671 58030 15298 -43343 22228 13808 3587 -40489 33715
r212 -7439 24185 -19208 -51541 -8125 -30503 -49246 57924 56142 -18449 -7012 33112 -43984 -28128 11611 46849 21390 41670 31136 -63887
r213 -50746 54689 -14783 39528 -5079 47232 34691 -63232 -45678 33737 -7170 -25826 36980 28171 45651 -43578 -51072 -30750 -24708 -29824
r214 -62096 -27804 31203 7642 50338 -52639 38970 -31539 -6421 -43338 21608 -3454 58775 -49896 -63522 -32353 -54349 -49346 36158 18435
r215 -5938 -17770 36574 37136 10651 63140 -5614 42177 -2837 34763 -14215 -14348 -15079 -9579 -14761 -3788 32741 -18885 -12087 -39918
r216 51213 -11117 1513 -567 -31004 -46556 -60227 18092 -17177 50970 -62527 36541 6509 -41769 -62887 -2639 43934 -13835 7843 6394
r217 -61510 -23340 47421 50941 -56538 -37568 28420 -17956 17121 -2995 25699 -7890 15293 2727 39627 -64448 -10574 24768 -45003 11881
r218 -19552 -49282 -43740 -14915 -37408 -20438 -39259 -37921 63147 20390 16859 11496 -1401 52731 -12690 28398 23223 38447 49549 52255
r219 17998 40496 40512 917 -28812 55243 30668 -15899 2836 -42589 61548 -28810 -11549 -36925 42155 19233 -19383 -60386 -53218 25597
r220 24876 54560 -56542 -55172 -26958 33167 33671 59920 5860 65268 33207 -39894 -28024 -24162 43082 -63952 -23944 -10760 58162 15384
r221 46352 50731 49247 42507 -15920 -18341 61281 -1143 15822 -58441 -51776 -34188 3370 -3627 -28322 -55782 -54764 16565 -64420 23643
r222 -34630 64151 -35314 46454 -19858 38493 -56181 17120 13037 1347 65212 36774 27790 50890 -17626 23470 -53429 -22223 61384 -18613
r223 -43181 -55554 53014 53860 -42072 29552 45927 30190 -1231 22385 20437 -63652 -41841 -17389 -5420 -35037 -36607 59895 38844 42416
r224 -45324 21070 -54492 18293 -36412 31 -60676 -29996 -50813 11728 39016 18045 40920 28485 -6032 12208 22675 -50561 24970 -53890
r225 8143 -47498 -64183 -43460 54738 42195 60179 -39345 28126 56985 18204 -53351 -63687 -8775 -44195 61829 -3366 -54458 2205 48111
r226 -58005 -63117 -65159 23243 -8091 -46358 -21671 5363 -4003 -56360 3112 3122 42389 40093 3064 -64958 -20203 63107 -39956 -20594
r227 53375 -10742 -52201 59616 61198 -29899 -42650 -53340 -13058 22806 -20489 -64715 63638 61343 -51739 -21818 -14011 21961 49929 -26771
r228 -16914 43175 3158 -2257 -25099 -17040 31833 -48280 48600 14655 -33992 43509 -34674 7367 -24662 -3120 -51147 -51820 -62910 56796
r229 -31333 -24655 55141 34428 57807 -45067 46676 -52680 63102 63261 39660 9905 65318 -46865 -52695 24189 17994 18808 -14834 -42233
r230 61144 25897 -55939 -17760 -58718 -20548 -52945 27120 47341 20819 -50044 -28922 -29428 63 57845 -52533 4106 5526 -14957 -13060
r231 -46575 -1707 -59908 -2716 45035 30373 19164 -59212 -60432 46469 45438 10355 -38608 53609 -21256 59673 61616 -19037 28949 53964
r232 56751 -27006 -40369 30800 -7003 2691 44141 -61573 15491 -54168 46377 5241 32449 -63757 -63244 -28435 -58230 -33698 3572 26365
r233 26501 -50343 -39160 -62277 -58894 8565 5339 35085 46427 58807 -3067 31043 35272 -45700 32187 1847 21653 37873 26310 -63029
r234 24069 -6671 29182 13418 57892 -48927 33948 61209 18140 -63467 -57330 -58941 13915 62098 63405 -15523 -42330 -49741 -34222 34881
r235 -34996 32722 -64129 -11897 -38972 -22083 -49693 41160 -35140 -4147 22701 -34033 30146 55424 51302 -45625 -47851 -1936 -61096 50139
r236 -4434 -57300 -18764 48351 -42959 44944 -320 -18146 -30825 65249 13410 -53052 27779 724 -29607 -4558 -10523 14834 -34350 -45385
r237 -6010 35722 43576 -44060 -61781 -17121 -20439 -47735 -64930 -61412 -40952 30846 30005 -50251 -6836 -8004 -14030 -3959 31493 35470
r238 62732 43573 45181 -41333 -4518 -62598 11555 48957 12051 -29942 42972 19656 -65104 -14250 -61960 29074 38496 -41326 -47126 16069
r239 -28903 -52101 60636 45713 39875 54435 -10328 21054 53941 54168 -2536 -61683 -32234 -26128 25872 -39062 54643 48070 28891 14568
r240 30138 32449 -47287 -60127 35671 -55348 27582 -11289 -8081 20988 7405 -64695 -1021 -61534 63733 -44773 -46238 23107 15608 -53897
r241 61268 -8110 -39030 -49926 -1863 -50692 -12784 36129 -5416 44870 -23533 -40271 50461 40969 -26891 52030 -16146 -38861 51366 -22487
r242 44963 -23280 33472 31209 44119 30973 30288 -62406 -17755 -53401 4789 -11254 -52412 55141 8270 2115 -46421 -36694 41264 -12904
r243 -61256 -14216 16357 12578 59967 -53349 -43153 -9507 -47319 19088 -18471 743 -20651 8529 -12722 57660 -56819 -18486 -63135 -62951
r244 9678 -7931 2654 17176 10312 55239 -45823 14344 10950 -9388 -4899 25209 15513 -9709 40688 45679 -43308 13606 54702 5835
r245 18610 29485 -19034 -62108 -11305 -6656 27892 -63544 -58215 37830 60467 61943 45420 -53074 -65451 39454 24944 56332 35231 -9430
r246 -17832 61127 -27768 -53494 -2075 4330 -42114 31169 -20245 7642 14942 -9552 13213 -35857 43742 53372 15588 53966 42434 -12691
r247 -4633 -42021 8216 -33747 10863 -17677 -3795 -31536 28959 -57673 -14083 -42805 1236 9431 11879 64862 -51125 -24798 -53981 29219
r248 63470 -8250 -28249 -27472 38237 -11700 -16004 -10122 -63473 6099 -31214 17191 -31336 -20812 -54508 46208 -7294 9430 -51176 -7192
r249 52780 26286 38224 -56826 -5248 17690 46952 62103 52253 7126 49539 -64173 33389 -28957 -31351 -34010 -35798 -16237 47168 -6259
r250 52905 -573 -14663 45220 -54761 7569 -2855 63795 9371 15568 -39230 -5837 35992 -13905 -47185 -29595 42689 59579 28807 61297
r251 31430 -23793 23868 -58534 -53627 -37782 21284 62472 55068 -64987 25516 -54867 7751 27179 6352 3399 -46058 35160 -32183 -26994
r252 -48830 -51594 47021 -31290 33588 -43288 15783 30381 -37123 21700 -6364 -9094 25840 -17607 -37445 -42703 10254 18921 -60720 -25831
r253 15016 -57547 51633 -57933 55306 61277 17667 13912 -4812 17937 29319 -8119 -9066 -24811 -27062 -64972 32628 50976 56103 19483
r254 3764 28504 10851 -23831 -131 65402 29524 -35155 -47993 -5338 31852 39845 -12914 -10409 -5921 -3141 22920 -651 2631 -54242
r255 -3528 6433 -15745 -35022 24679 -52664 15487 40233 -2976 1803 -36745 29976 3152 -48851 -2575 -15787 43231 9927 37394 -50976
r256 -54220 -42482 -1864 -9426 -4499 -52165 -7220 -51803 25482 -39974 56974 62766 1525 -22035 -64262 6083 -52402 -11657 21950 13183
r257 -26703 35593 20392 45039 41430 32372 -30900 64934 -64848 -19446 25021 43063 5016 48291 3772 50585 -64183 -1839 35732 25448
r258 -47536 52302 -26076 27166 33023 23093 56407 40532 23680 -24152 29733 -36138 24431 60898 -42358 22014 5210 -3173 -16992 55712
r259 5548 -34084 -1023 40068 -37729 -42528 58390 58530 -19122 17901 -49033 37488 58179 -22980 -46577 -58957 -20093 -210 -8673 39626
r260 60611 21016 22468 -31512 45974 -243 65502 53007 51760 14487 47287 8385 -146 51383 14052 3251 40089 13025 49957 291
r261 1972 14476 11280 -44268 34331 -40016 -64718 55528 -58431 38712 52605 -34210 63 31984 -3235 34709 -64486 -29479 48710 -13887
r262 17238 -62847 29268 25640 42937 -55206 -49760 -29905 1616 -7085 34815 -41503 -50928 -25512 -55249 -59137 40282 11116 -4050 26177
r263 -3223 13282 28049 -49494 12832 31631 -1557 20622 40138 34628 -57253 38251 24403 -10742 -18353 -4861 3581 63371 -26995 -29399
r264 30395 54738 10189 -57286 -57629 12264 -1176 -27887 -45682 -27388 -28190 -5180 -36800 -14346 -56838 52206 39632 -47151 -22743 59923
r265 -34077 -29536 3986 31096 25621 39491 41844 -3010 -33119 -2944 13163 -18045 13255 -14931 -29680 21420 -28942 -10253 30414 2155
r266 -3507 -33068 -14491 -17827 20346 65135 16560 -40969 -44258 27419 23807 41464 4095 -14202 -1797 4393 -13574 -16242 2685 -36500
r267 -57640 -10710 60423 -210 38536 31545 7916 -52837 -39648 24077 49149 60478 33099 -19594 16862 -57475 39310 -37704 -20846 -11969
r268 31723 8224 6450 26804 -9680 -33311 14625 -12266 36948 23498 28206 -46581 -11792 20521 1533 -60510 -45641 -2987 -23761 14678
r269 -1618 -13565 52003 -17492 63758 -45123 -7918 4942 -61835 -59215 -6556 -39428 -35525 -6515 -47233 15896 -58750 42360 -22394 -59926
r270 6334 -879 -8553 13274 60274 -19410 -65151 -52230 -23222 8513 37707 -48756 32804 60601 -40862 53694 21495 -20668 -10264 -48654
r271 60530 -5004 36576 -15652 -46189 -5687 11976 63933 26868 15943 -33093 -19596 44984 -56586 39987 -1200 38116 -56895 -34545 41813
r272 -12310 -18330 -6316 -43588 2992 -32466 7941 56391 13339 12562 52066 14462 -1841 32659 64633 14610 12863 -16541 37416 51147
r273 52624 55443 -9461 4146 65524 -6567 -12768 13969 -25283 26127 64720 45921 -33603 -14619 1443 20753 17615 -31358 38220 -42933
r274 -34614 -33541 -43007 13084 -21293 -38856 -54448 42462 -60128 50329 -4703 46719 8349 55011 46619 21032 -29768 -18835 35094 -61744
r275 3227 44302 22641 -12613 -55342 -47411 -6804 27136 13601 55741 -13646 64205 2852 65176 63898 -4975 322 -3908 550 -28536
r276 -37925 -50010 60031 -30712 33526 -47103 -29082 3632 -14395 54300 63182 -49664 49161 9093 33300 29202 56993 -35713 -43814 27786
r277 -16275 -38969 60889 46862 -47164 -50430 -13130 -6529 -45498 30912 -1531 -49646 -35321 16319 -23499 9670 35164 -9661 32374 -23485
r278 19194 53377 4519 -28779 31625 31341 -40651 30309 17550 4575 3462 -24205 63770 7395 -60265 -32106 29741 -5033 57282 -26985
r279 -14517 -32080 64060 18736 65034 -64035 63437 20683 -6273 -33995 19131 5844 64273 707 26741 2176 -6834 -25299 51343 62335
r280 27664 39229 42208 63933 7729 57285 1336 -25370 -13168 -40640 3961 -5121 -3046 17857 32818 -57721 -7123 -19332 49072 -55513
r281 38132 -65 4180 -17652 19815 -5690 -28458 -13402 6470 21880 13902 -51341 -31407 51415 -56999 57736 25114 -40773 -4749 -4196
r282 59922 52366 21855 -45026 -49389 -2803 -1661 -1922 65130 146 32215 47332 58809 56251 -36966 63922 47107 -5234 17764 48786
r283 39434 23543 40525 25481 -32949 -58244 9052 25669 -53828 46083 12919 -15906 54071 14691 40133 9343 -40967 -3803 43214 31663
r284 4804 -36433 5728 60335 47636 4407 -17410 -26658 -58882 63356 -62004 -27522 -59965 -6977 -8904 30903 40981 27564 -37858 49650
r285 -37403 -59783 -26712 -42562 -52229 -54010 57922 -58662 4216 -690 -989 29688 41106 -54791 54275 -52002 -10409 -31333 61922 -56904
r286 58914 30011 -6505 30412 16607 -37882 -44831 30837 21335 -423 42444 28520 35071 -23369 48632 25790 -49417 -28036 -23995 22394
r287 54915 -13598 49261 447 37964 42206 27927 -36296 121 16732 -55147 34003 -34648 5399 -63190 -28021 -11326 39739 9299 59461
r288 30891 34742 19816 63929 -24227 6546 45191 36729 -51164 -24400 -5281 43809 -24086 57170 -59916 9198 -33061 5528 57506 26382
r289 46666 -46073 -22537 -46428 60454 2084 -50651 58807 -1046 -55365 -65520 -48106 34833 -45624 36182 35895 9940 -40701 2629 20814
r290 -4581 -42495 -44711 -5028 -3834 16286 -27546 -56690 57259 12074 7839 34991 32883 -20501 -60619 -46564 62943 33338 -32195 2707
r291 35031 -48187 30672 51631 -35366 45332 24184 -60232 63140 -17748 474 -727 -30799 -33006 -42601 -10090 32224 -5048 9558 -18710
r292 60758 -61932 -63165 -3700 26119 22699 15898 29073 -49049 -40448 12208 -1971 -57740 21784 49155 23601 7239 -63756 61114 -35078
r293 -65040 -45089 143 1172 -21792 -45717 48482 -3724 -35682 25381 15087 13001 27948 -64192 6543 -45908 4519 42180 -49703 -43308
r294 49796 2539 2305 37785 46919 62216 41615 52518 5378 22764 26279 -3036 -62228 33880 26535 -28900 19857 -9358 -36170 -39873
r295 -9120 14674 44769 15867 -64001 -43894 -30451 -20342 -24875 45962 52162 -6322 -48752 -24497 25924 63344 16354 17585 -56802 9397
r296 1975 35175 41900 -51868 61938 -13091 -24027 -44160 17286 34666 -38208 -58106 -62152 -43669 49375 49679 -4165 35324 59399 32692
r297 36323 3388 -55731 -50385 -10704 6841 -54557 -20451 59250 -55631 -60622 55329 -4329 -26268 -61903 -63309 44453 -7998 31325 -23765
r298 14773 26655 11815 104 53164 14778 -30440 -44344 21589 32174 -1196 30448 -27596 -54813 -56050 33649 33963 29501 -7720 -24648
r299 -51056 62893 -28459 -37715 56884 3514 42409 -2522 53409 13608 -51151 -51531 14876 52257 -43773 18070 48208 28789 33592 55311
r300 -51470 -40121 61182 44849 64434 45646 7909 -63407 58812 -2402 51577 28890 20961 -59550 -16875 -65364 19923 -1130 -33591 -42356
r301 -12828 -958 28628 -63979 -38284 54366 -42878 50202 -55035 -36182 -10653 46466 -19853 -17882 15517 22334 -23897 52971 62598 -3034
r302 -41031 13949 5296 -27036 3789 -31825 -5613 16332 -49134 60345 -49601 51338 45088 34044 49597 3315 50310 45863 -53227 -34795
r303 19667 35882 -65498 39028 10917 -13378 59650 -9196 2948 -55768 -23551 -28299 -33137 4506 -11832 -9183 -52595 47908 34397 -2379
r304 -61964 15841 19804 50239 -64877 -25868 51601 -47543 35224 -54913 -53675 -34135 39589 29875 -47145 -27784 -13256 -406 9323 -33870
r305 52789 55545 37326 50045 -36655 -41390 4931 -32328 -30777 55090 64000 29095 25293 8470 41947 14540 -31000 12977 -21188 9992
r306 29710 17583 -25761 23623 -56162 37349 -12671 28327 21505 11033 15787 -63310 24259 18051 -62549 1149 38462 -46246 -58104 -14301
r307 39865 13210 -46989 52359 -56333 44298 -26644 56625 -55740 8771 -42872 27414 -29781 -61454 -50414 33813 -22744 41249 7866 -20595
r308 16 16894 39840 43854 39476 32218 -53480 62327 11940 -32540 -6318 35077 -48463 -61251 -48779 47997 28234 3487 -25239 55513
r309 57142 37770 -33248 -49005 26457 47673 -34580 11536 15091 1281 -23075 -61503 -25320 9220 -53059 -35317 -62952 -63012 -23059 -63584
r310 -57318 -5068 -33783 -6898 -43156 58856 26100 53548 29516 44587 33263 31684 2657 24096 -43840 22548 -55745 56601 -12227 -29396
r311 2425 -25269 53652 20006 53804 -40885 -23087 -18769 28226 65248 56680 18639 12874 -60400 -21878 45291 -3410 -6217 -1979 1524
r312 3164 38705 47490 29311 46375 44194 -41888 -22793 -21504 10808 6241 -27589 44335 -32744 -15218 -32937 32037 27707 6853 -3420
r313 63888 -56373 -16118 34053 34008 -13168 -40879 -24010 -33377 23396 -30364 26509 -36806 20874 46935 -21936 -19155 51183 -2412 22500
r314 -56929 -30013 10804 37366 63872 -981 -40685 11901 38238 41789 -41981 33334 46626 -3056 51249 35243 -754 61733 -50345 -23725
r315 28427 -48683 38480 64235 -40223 -12680 39419 -31256 21791 -7987 -49433 42375 -17495 20356 -17792 33705 59500 10534 -7067 -49403
r316 -28234 -46885 -11735 -18974 29588 2650 -32415 -40190 58610 9195 -51898 61236 -22443 -20421 29336 -20856 58358 -10287 -61185 35420
r317 -20406 -40930 -28243 -39566 -6877 39221 -17090 53189 35936 29188 -48576 -40614 44233 -54672 1690 6159 45808 -13134 -27439 11786
r318 2560 -32750 47369 12868 -6652 59416 54136 -2425 -29843 -14149 37382 -40726 -26679 22875 -9499 24363 -2819 15839 37226 33857
r319 -1833 46326 45435 -7648 26945 -50656 -44667 -24796 -25569 29227 26860 -26260 -961 44411 -49959 -26787 64770 57416 51914 -35416
r320 63436 60249 53392 48753 -18902 -11004 10668 -51568 11362 12450 -31683 50022 52311 -57051 -58419 56114 18076 -44375 -8211 -41596
r321 58989 22575 15183 20494 23248 13791 7601 56764 44 -9773 -56062 -5276 -25000 62098 27753 30541 45673 -63770 14296 32951
r322 25243 -64123 -32499 65428 63642 -60358 47273 56225 -12320 50565 32944 35904 -23919 11912 6942 -399 6928 -2088 64403 40560
r323 3270 -58633 39072 -38359 62576 -39682 3808 44617 -61164 -34650 -46445 28991 -50080 -44614 23686 11887 -27104 -30166 -10928 38508
r324 4288 -52103 -37550 -3930 32109 -31264 -9386 -24374 -64174 40322 10425 -46086 -22998 -23781 26827 55513 -21481 -32262 26970 48642
r325 -31465 -65482 -60766 32541 -36203 -44982 30260 1765 -56883 24821 -31465 46422 24481 -8262 -2908 -35646 -6046 -32359 -18653 15010
r326 -19468 -55213 -58907 12706 15596 62954 22699 -26510 -30598 19396 52220 65129 46360 58256 13417 963 -789 28981 39945 46737
r327 -47860 -56082 3713 -3841 -6248 -16257 6622 2587 -22781 -8673 -32616 898 31775 42352 -37344 26495 47811 -20267 -37077 -25869
r328 39697 9499 -42240 -19892 -41192 48873 -48015 -12153 12552 33840 16462 -12613 46520 -18358 10589 2191 -8473 -22666 -53931 48342
r329 59765 -37774 -57886 33790 -10632 -10634 -10722 -59891 -48249 -65253 -3148 -20809 -48405 -40600 -26149 -31862 -4944 -2551 10403 12232
r330 35815 2448 37170 1065 56329 -56339 -27088 60155 25850 -31190 -52684 -53730 35974 -5211 3348 45502 5373 55112 53911 62950
r331 -32798 -65002 38516 991 -5152 -49132 20307 43702 -44816 -6448 19306 10086 14485 -2150 -49000 63050 52122 -28822 -1659 -21336
r332 -53088 -34825 36760 3920 -31792 -45093 40065 -16002 -34228 -52269 -6357 -26132 -48732 17241 -28288 -13588 43501 -12003 41675 -22782
r333 3477 22981 -51153 55577 52742 -40765 53618 60190 -50770 -63521 -40572 27148 62328 26951 7467 12423 17158 -51703 17025 -63205
r334 16254 20020 40496 23058 -51822 63282 -59468 17082 -12759 8629 26782 36526 -20817 -50887 -27651 -17310 46652 20167 12195 -24107
r335 47651 -53516 22751 4484 -34752 48730 -19165 63753 -8830 -2493 57387 9605 16256 29120 -51882 -54786 -8249 12472 -42486 31185
r336 -10071 22011 -50329 62904 52459 38153 9719 -41922 41491 -24163 94 48314 -1961 -8911 -42000 7957 -34899 21696 -11018 44797
r337 -27807 -15153 31618 9273 -1532 59888 1997 -58272 49477 49086 -41784 -36407 -15077 41588 13560 48967 -26499 19904 25204 -46136
r338 -43057 -39357 9837 -3490 29114 -55672 -35872 14702 -35903 22033 33656 -58586 -40791 -28515 28950 19259 62148 -64764 -23928 -31736
r339 -59132 -47196 -57929 -32563 64509 -1951 44540 13201 -15334 -22957 -43483 63242 9019 59189 -42701 -51443 -55051 -10607 10124 50139
r340 -60941 37102 -27734 -52117 -14184 -49613 -25441 7468 717 -5647 -6467 -56224 25116 10556 -34001 -36678 -54661 6880 -12884 -25428
r341 -21693 -31304 4469 2574 -49285 32016 -52251 -19360 -39062 -13953 15171 61218 46925 16640 33566 32518 -51125 -51347 49265 17659
r342 26581 -41675 -43725 -8344 26766 49967 30855 19177 18880 7350 1573 2666 46201 -22000 12914 -29581 29392 20887 13571 55395
r343 -15003 -29081 17860 -57085 14281 -34732 21617 -31461 -41003 62962 -28456 -19884 39153 -18897 -21635 -24629 -22978 59067 -1018 56044
r344 -26138 -29186 31458 14693 -27442 46775 63277 -27976 -29233 -41602 34966 -51668 7168 -27396 -29404 65382 17327 52904 -32416 -28257
r345 62746 22532 -11328 35634 38509 16870 -37879 36951 17186 -47302 -6311 33725 -24808 40476 -26380 41118 47577 18576 -45634 12296
r346 -5666 2460 10135 -13975 6270 -15257 -54172 20801 49343 32617 -48222 -45322 -21403 -52316 -48946 -7132 -2327 -18888 -4413 -19810
r347 30523 33442 12835 51152 63416 -54514 21674 -29173 -20048 29940 64190 -45889 -27616 -46614 42706 1616 -45391 -46636 -64030 22543
r348 5522 17079 -62479 -52835 8441 45765 11943 -9894 -59236 18070 -40692 -61700 -35767 -54105 -24261 -111 -47275 27122 19992 -23973
r349 -7650 15187 45655 17174 -8826 39050 -6378 40911 -676 32233 800 45685 58140 16521 -32549 -46399 -45111 -18432 -15699 -37710
r350 -27184 -38450 63494 7710 45802 -64927 -37859 3006 -35710 16644 -38916 -35744 -34986 24240 37469 18572 -15057 -33271 -62044 32645
r351 -48151 58146 9551 -40221 -55768 22458 63025 41621 2113 38540 44911 41534 47145 48256 2271 -23254 -21672 6267 50881 47001
r352 65094 -59071 45103 1002 58570 39843 37286 -8262 -55540 54300 75 32931 -13706 -52184 56103 2845 -54181 -22601 -42090 -63309
r353 -26757 -16792 -38373 60657 -29944 -4056 6911 45939 41206 3965 56516 23627 13286 -48061 27185 -10640 62651 -61104 36969 62602
r354 23135 -24115 46431 -18869 -10352 21379 11416 41315 -38776 55330 37569 7339 -21405 35280 39847 -46466 -57942 -16954 -12789 -56321
r355 8123 32786 -59135 10019 -58697 39873 -27248 -51389 -27991 -1010 15757 42142 -25935 -29064 64583 50632 -41923 -36257 63893 -29025
r356 -5934 43107 -20529 41247 46201 14147 -44400 51403 -56102 3623 -56994 20594 53205 -100 62702 13026 -50082 35025 -65370 35423
r357 59903 61166 -62650 -58513 2044 38508 -63025 33693 57344 1808 -59654 -9078 59131 -46958 -32312 -46278 -2266 -12410 43628 -8225
r358 -60989 -37041 -20411 -7357 21262 8587 42451 -40190 -18938 8159 35417 39840 -10419 -51231 3511 9355 -24271 -10892 42857 14904
r359 19158 -63818 35699 25439 45072 61050 -38659 -12120 -37154 54880 -23312 17374 -22652 5784 11256 27332 1395 -58061 56042 43704
r360 63920 -52392 31080 -38604 -3286 -12634 -28431 17055 10061 30548 -12506 -57290 -60787 -178 34951 -40140 33673 46589 -11604 -63072
r361 -10787 -18390 -33708 48054 34764 -58068 64138 -56247 -41138 -36978 50515 -63205 -32991 -3437 -42192 35124 27024 35661 62139 44015
r362 18139 15974 41119 -30035 37627 55204 52078 13493 11896 40582 59011 738 -3036 -32383 42147 -2095 -31133 -15300 -27770 19851
r363 -22407 -47777 -18530 -63528 -9608 50045 64792 -21606 -6355 53192 53137 47531 38329 -59827 -38571 19295 -53322 -22700 55718 27707
r364 -33627 49601 -20610 32695 5165 50060 48873 -52722 -27846 -64646 37720 -37728 -57006 64345 -18111 9849 50712 -8483 -37436 16694
r365 6949 -28337 24434 15346 -10529 30882 -44325 4534 -4393 3965 52790 -20776 26755 -13966 -17649 15953 -47092 -32982 -28246 -47899
r366 10543 15619 -62219 -50718 27375 -15904 44739 48292 11148 21235 -45763 -42678 -37503 59883 42709 16634 -27420 10477 -38869 -22223
r367 -3311 45166 21151 38465 20975 -44003 18300 33905 62539 45389 22374 -32848 -27909 -46152 -2170 63779 37457 -21292 -55050 16556
r368 25753 23368 4559 55248 -8918 5910 37989 -41818 -29118 -42815 15580 -32417 -56224 51730 -19199 23013 48867 -30225 12556 52041
r369 -50492 -51770 -48341 -61517 -7302 -12726 42102 -12710 43822 47344 18840 54123 33606 48357 -3527 3814 -34478 -3898 58883 50374
r370 -30624 -18193 14891 46841 13373 43134 64466 -23348 -48751 63464 -38102 3447 -46283 53564 -30467 45847 9312 -6216 38398 -51363
r371 8174 36025 -8102 -26322 40497 -50625 -56420 35298 -30629 16967 21319 41834 -34543 -35528 -58201 16550 -12883 -52182 -18872 39364
r372 -57754 -24249 -65025 1439 57613 31461 -31276 -65173 -5978 10870 -52924 -38047 -2192 8796 -4277 20294 -47838 40064 23409 48938
r373 -10796 -41536 33195 -12281 62577 16877 -10047 63076 -29942 22163 -11594 -44865 -35069 36258 64929 49238 -24196 -63075 -11830 30435
r374 48750 1809 -37777 3909 -41606 40863 -5234 46840 39535 50689 -35017 -4458 -34216 -42465 428 -53646 17807 24738 8165 31272
r375 63952 -14864 50808 43552 29565 -48510 -37372 23021 -35570 40308 -40960 47729 -44685 46345 -57975 -23633 -2398 -64565 53826 -15316
r376 -43999 58514 5008 54589 55334 -51277 44417 49133 29634 39350 -34998 -57622 -57707 63239 7000 42654 -33730 -61825 -4310 52371
r377 -51133 -36030 -36717 35965 23497 -22830 53805 28763 -15796 4477 -45578 24115 3796 -35242 -22741 12890 -36888 7753 -64099 -28981
r378 64067 43818 -48068 -16549 -64304 -12842 -38261 41561 17879 23285 -22937 26300 -57903 34282 -38235 1404 34133 35504 1811 63255
r379 -32108 -17030 -18342 -12838 -46061 20972 59350 -64427 57503 56070 -27013 -17997 -39751 28688 -64585 52121 27436 21768 -8804 37624
r380 -63545 -43136 17157 22673 -31359 26172 -33660 -3975 -22264 53103 24542 -26211 22005 37800 4106 61469 16699 7111 -48479 37524
r381 -14282 13264 -52353 27510 -51856 14661 -26448 -22003 -432 22981 -21311 -718 -6310 16391 -28843 43869 -2713 -15847 34967 6240
r382 42995 7679 -15553 -29374 -22653 14927 -21599 -53295 -61683 -14960 -45027 -6272 25675 30278 -5045 51441 -63728 8595 13058 -54739
r383 -14628 -49699 -26531 8212 18265 15094 -4394 6388 1349 -29537 41655 63983 59667 22859 28608 -16447 23949 45849 35346 -4183
r384 -46955 -44641 36155 44637 57696 63913 -22736 57456 49084 -47742 -26350 -41936 35342 -56248 -24702 40077 55464 -45903 64556 48044
r385 39180 -31373 32133 43032 53317 -22925 20300 63342 -37650 12323 21161 -29101 9964 60361 -61454 -42484 14756 43765 11294 -17539
r386 7093 -10452 -36088 -13027 -26175 -34122 -59025 51766 14663 28264 -63414 -39656 31257 -47505 -35073 41797 -29506 41535 6068 -31651
r387 -43176 -4963 -16859 -2163 -5362 42374 -49299 -56665 -39939 37871 41001 51218 -53914 -21845 33824 -9362 -35679 -58836 -22192 64843
r388 35996 11193 -36195 -759 -7133 62055 -9484 58495 7311 -41957 33552 -3493 29899 -16140 -61182 59546 -4647 8933 31776 53792
r389 -60676 -40963 -28828 55683 -56600 64348 61979 -48597 38717 -33430 41388 -21794 42859 -47046 39317 21656 61172 -15197 -45915 61580
r390 -27343 -7652 -58933 13575 42479 -19416 37117 -14351 -60374 -734 -38393 -9037 15665 -46057 -23074 63169 -58891 -52040 59669 -52847
r391 15983 60178 42537 -46019 -4426 50590 54738 -32709 28672 -34311 5338 -10817 41865 45818 -18645 -24608 -50199 63489 -64354 -42234
r392 53655 1307 17756 29978 38771 46453 11219 -34066 -5938 -30222 -35908 5388 -19027 -5461 43756 -13992 24417 7073 -58439 40434
r393 563 -33823 350 -26869 -13685 1031 26654 -22958 64271 -18786 -31767 39969 -62472 59068 -29133 -52547 20468 61560 -17541 48018
r394 -47953 6709 -10987 -63399 30778 18537 59239 60928 -11678 -36671 29470 57036 -56458 3462 64836 -39852 60939 47332 54345 24537
r395 -40573 31537 13333 -7798 355 -29699 9556 -40284 1678 -40705 -40112 -103 -63044 632 55759 7138 -14246 9813 -50017 31799
r396 14406 -20444 62084 -7424 30935 -27846 -50166 26 18506 -60075 4552 24810 10979 946 -44324 26707 -16984 54960 -57792 -35492
r397 11869 -59078 -60367 -47889 35988 47871 -15642 19768 61695 6496 61169 -24619 -42135 28401 -26576 -729 54821 -16652 6825 11878
r398 -43677 33880 24557 -26905 62365 -16320 -20155 -44234 -8949 -21092 -49699 -47731 21975 -16399 -9355 52374 40601 -40960 -315 27447
r399 19636 36694 63911 62029 40637 1434 -21775 -55200 -7781 27417 -30659 -16792 -63580 -29226 -25222 60414 -21496 18182 -57557 -33177
r400 56823 -54427 35459 52404 48822 -5839 -27767 59527 33638 55145 11859 22104 49574 42143 -16606 -30949 50816 20397 -35367 62592
r401 7062 49320 -8372 -51723 4552 17059 45249 -17741 2733 -63002 -24031 -26432 3872 10366 -4127 -28175 42072 -39248 -59288 -45532
r402 29087 -13887 57863 -24705 -43912 38349 -60130 -33580 30683 -10760 -61195 -10276 -26464 -39459 -30182 -46224 -46022 -60262 23583 7580
r403 45409 30409 14193 3328 -41809 -6928 8835 -41548 46278 -6996 -8084 40627 680 -58359 -12775 -54587 61495 -3792 23542 -33475
r404 62587 -56769 26485 -746 -14678 -7828 49034 53783 -47624 43900 51320 63690 7303 -34369 31655 36299 32195 -25930 -3791 3937
r405 -47391 -38777 20450 -58233 26809 40955 -4881 -14223 59110 54609 29824 29086 -59545 -64198 -24688 56678 53334 -48634 -25473 41286
r406 22123 3225 52309 46020 39801 -61113 -31603 -52331 -51145 -363 -45330 -7497 -53231 -14559 -42777 -43008 -28348 -8519 -53141 27860
r407 29274 50522 42228 -26596 31510 24294 -38993 53526 58372 15426 16962 -35025 -59820 19155 8472 -46139 56355 -57547 -35260 5786
r408 50583 16109 -16933 -17776 28675 22241 14113 38656 5728 18959 -50944 50569 -51090 -37255 -35173 -63580 65061 65438 -34303 38463
r409 -3052 -10380 -37031 -13597 29901 -33154 -48239 37378 -12115 8320 -22269 18211 38928 12122 -8438 10404 65300 -1105 15744 5339
r410 19037 52276 -18118 55953 -17648 -26212 12356 19483 63022 -39037 64768 37109 40059 -4043 -39162 65142 -2705 -10985 -7585 6837
r411 -20526 -854 4206 33154 11326 49635 -9485 41704 -56349 -37652 -58103 19510 26514 1825 26344 -1402 -23425 55044 18766 64058
r412 -48783 -51399 -52148 -57352 -28240 -7059 -4560 -10824 -45280 -9507 -25978 46154 -53678 42862 47705 10864 -1299 53760 25682 38852
r413 -46326 57478 44728 -45587 -60232 48396 14159 2557 -15279 25618 -44254 -31887 -24739 15123 -11601 45801 -25854 34085 13072 29409
r414 -34621 17953 13636 -49476 5811 -7841 34466 -64042 8859 -23567 -37325 36717 33930 -42842 -29519 -58486 -4264 -65152 44011 15977
r415 -51301 -46524 -1757 7641 55895 -41332 6204 -28581 -3015 38041 54182 48089 -52806 24289 -28694 29546 45970 58513 31335 -38546
r416 23710 62161 30312 -17146 -63889 13644 -21486 15580 63113 -14070 852 50091 36987 47513 63543 -65157 -27174 -8541 -50575 20213
r417 57443 8722 -18452 45321 -27151 41389 25449 -20576 46679 45996 41033 23586 -8936 -64524 61401 -18619 59745 55933 -22546 -29454
r418 -33249 18268 46415 36038 49965 -5953 -49165 -33381 7772 2395 -54587 -59159 2135 -55451 52072 11855 -40067 52290 52049 63124
r419 -58950 -20441 36509 41576 7765 -30678 -41033 -41178 -61784 -9223 21877 -40498 5670 -55705 62239 -56759 -11220 14460 58289 -52345
r420 18173 -56356 -496 61493 16816 49566 -44446 -24604 17555 23937 -2596 -38191 -33417 55226 26656 18955 17311 12339 -13796 -35754
r421 45086 -21308 10734 -32513 2019 18524 20709 1362 30651 -37407 -39061 11042 -28483 53690 -39930 58926 -58304 -27977 2501 -15862
r422 4426 -33200 45298 -45232 -56572 65467 63616 36804 -46086 -44508 13978 38085 47736 44014 7918 -51147 -29979 -64643 -60363 62317
r423 30350 -58610 26599 29731 3696 57311 5937 -59417 49972 10125 -26477 -60324 -36442 59349 47469 55406 -29348 52314 -27351 -30462
r424 -46247 -45695 -64567 -33267 -3609 -34958 4006 -60837 -34614 -60701 11855 30498 41764 -44517 -39694 -58051 -10158 34377 59765 -36873
r425 -29769 46633 -16999 -27302 -2372 8669 -44710 49209 -34051 62990 52374 23923 -39410 -36883 11626 10508 19364 -25637 -32896 -63448
r426 55258 45464 -3171 -50851 -49928 -52539 -20040 -32860 41357 -56910 20662 -53952 -8863 -32428 9025 51515 32406 7532 18037 29429
r427 5271 -58145 1163 -15864 55012 18780 58745 44106 -6231 57759 30453 -1465 -32869 12320 -60033 47476 53739 -29256 -34454 -19767
r428 -51559 -2107 -3849 32491 14202 -42130 -30177 -19559 55060 -45756 -20649 -21123 36225 26964 42195 -12943 59379 43860 -56194 49076
r429 17874 -10390 -1159 -1405 13284 58623 48442 -38225 -48021 -54249 58588 15373 -19372 -44052 -11677 -50773 -37102 46970 22429 -5137
r430 -52238 -52376 52762 23047 -4649 35054 -5295 -53051 -2903 -17971 20281 -41677 -33006 57565 4648 45455 31839 47375 -19552 -51889
r431 -52736 8673 32458 20586 29950 -33570 5161 63236 -46712 -34868 24532 22334 -17521 62098 30677 -40985 -6367 55528 4315 48297
r432 -37709 -11835 5257 -20898 6466 -14250 -18976 -41950 -51895 -31322 -2937 3610 59256 -64394 -51954 -38950 22480 -21580 13822 35329
r433 -40153 -9305 -12108 -62609 11668 -4204 -62196 35859 49719 -34183 -13608 -30864 -18637 30445 57674 42159 -42301 -32360 -55989 -9243
r434 -59982 -19463 16719 -46 -29585 23001 62891 -47888 -6868 -18089 48505 -64756 60174 -44102 16900 -63737 -6422 9531 36641 28534
r435 2527 -61294 9014 56271 -60572 -36258 17727 -13040 -27947 3408 487 -18418 31383 -29408 -8179 -5253 -6963 56191 34175 47581
r436 17246 -49408 61067 -2305 -2232 21986 16614 8804 -26174 -15668 -14141 -56158 24708 -60239 61044 -33730 -17117 -11751 6731 29835
r437 -47707 3101 -19575 -38905 -59872 20799 -18278 25204 25038 18035 16508 29756 -49820 39947 -48229 26646 -30608 -39635 3475 -20012
r438 -17682 60784 11943 -49204 -54290 65136 -23450 55756 41139 63303 -60229 -12707 54449 -14221 65125 -34726 -5775 -31709 -8760 22651
r439 -41922 36279 39215 22576 52283 20987 51222 -5540 10401 57030 35735 48368 32888 -50967 -24779 23784 4236 38652 -24727 41429
r440 40091 21861 39977 -29563 50524 4402 -1475 -41081 36330 -43046 24830 174 38135 -56535 -44371 -16488 3838 51490 -28668 -43049
r441 28087 54082 -21969 29873 -23081 -26556 -18271 31242 -28462 17200 -46066 54812 -62979 21765 -47709 13079 41306 -56078 53197 8668
r442 -12601 4305 16799 65499 -30367 12043 -57567 59277 -51039 -32152 -47037 -13786 30377 58134 -8759 -25572 61694 -42956 50062 4533
r443 -46307 -33004 -42861 38341 -2449 30822 34430 -40249 54947 -54548 37474 -25223 29107 -3429 18452 35425 15489 53866 -18956 47938
r444 6077 -43463 35310 -14509 35440 -14341 7344 18369 -58155 -55454 27663 33116 45819 47393 50814 55102 33893 -37203 48031 -59695
r445 -9648 55245 57785 -27731 -43775 -51169 -5076 -5077 16291 -41733 6433 63003 15559 47475 44853 32712 -48714 21401 -62456 -20770
r446 39629 41805 -61741 -63336 23258 -42449 28516 -49190 9862 -11923 -17837 38531 56235 -18165 -5181 48388 -45689 -27983 -2909 -2647
r447 -55115 30342 -38895 44652 -51756 -52551 17583 -6418 49241 -981 47856 -59551 -44801 -40352 -42699 55141 38126 25701 -22369 -21466
r448 -62799 21671 23861 5386 48943 27139 -24443 38777 -26257 54102 -19250 23779 -44372 36675 -46404 -60885 -12757 -60120 -34363 5683
r449 -38022 -14883 11733 -47957 -33489 39683 -3506 4106 6383 -2823 -45691 25755 18093 -54136 50442 7634 61996 -50239 -55341 20647
r450 -2465 46401 51139 40375 -37759 25426 -53 -20003 -47817 19639 35956 1927 36889 8715 24153 26574 42139 -26617 -43126 -35500
r451 -40358 39163 -60243 -51731 20084 -32609 -7356 -59373 61479 -513 -13717 50099 46323 10350 36987 -49513 -28628 26806 47025 44174
r452 -44754 -61751 1821 -16343 -32465 -21624 63747 59958 -32752 41809 -22250 14711 -3450 -30774 30070 -28469 -14801 -2881 14528 -3350
r453 -24057 -44766 -20417 -34593 -59205 44572 -15893 57405 -36105 -33182 4138 -5621 -3486 -23186 21087 -6948 -62687 46484 -45873 -13079
r454 -29481 65155 -42890 6139 -59635 -22145 -7268 -48150 -52102 -4378 52528 47147 -38666 58929 57331 -46342 -47982 -49005 57573 35634
r455 53512 33894 24241 4865 -11748 2700 20874 40116 58984 -45152 51350 -53771 44264 9231 38188 37758 -53143 48970 22395 -50928
r456 1751 -58376 -46004 -18093 24316 -2085 38997 15538 -22797 -1402 -25223 -29520 15967 -25276 -50915 60267 38101 -52610 36514 -60594
r457 -38493 64356 -24314 -34473 35006 -18800 1526 10610 -34136 64900 24738 26209 48588 36319 38720 -60037 -7031 4605 44993 -4352
r458 -7800 -32383 59585 -30206 28677 -44627 22597 -9804 36519 -29497 21718 -4410 -32651 -60787 -29898 16846 -11994 50932 -49332 1678
r459 -10718 25485 55050 -46210 -35657 -60185 10701 22064 26412 -36199 27603 39516 54761 -49361 386 1554 31209 -48240 3089 24527
r460 -35838 -62632 27771 65290 -23834 41434 18944 50658 63630 -55397 -15395 -214 -52317 22771 -29208 20086 -46921 -56943 -64294 47164
r461 49865 -65068 29210 3036 -24820 -64718 -46474 -48007 37726 26890 -22620 -618 -33517 -25620 -16739 -59859 -61746 59991 21391 -32436
r462 38882 -5588 15371 -47091 -3094 1646 48546 -51230 -28769 -37020 21463 22662 -23871 -54400 -893 -7112 27845 -51583 -39809 29244
r463 -54393 -62557 -18271 -64881 27677 -54461 37094 43679 -60451 -62924 42157 -26767 31569 -18404 -4953 -1531 44705 -62838 -61201 18175
r464 23625 -15832 -33339 -39593 19154 -42383 5102 47676 -26373 -11770 55703 51179 42962 44980 -64661 -12039 -54756 -45093 34228 38998
r465 -39596 47005 -5765 28276 21769 45512 -38198 -46272 52351 60912 9774 -13828 -18625 48711 42579 -49484 -23606 -59126 -23613 -55542
r466 59777 -11268 49330 -54945 56449 -23700 3047 -13647 -20810 14527 -55072 -17589 52161 -48356 40537 -11422 -61863 -54029 19875 -51908
r467 23379 -41114 1351 -6609 -15877 64106 45507 -33389 21667 -10003 -24253 8292 21616 32844 -40886 -14565 -34377 11874 58541 -23362
r468 50685 30846 -3748 21064 31 -63580 -59094 32118 -1158 -17020 40596 -21148 22513 46322 -62981 -26856 33659 -55003 -5187 -14285
r469 16180 13924 -11727 -64734 -21021 -48744 50924 34449 6002 -41649 -44531 40478 -39056 -15116 -2527 -17891 -62922 -2900 -42480 -56087
r470 -45440 51203 -56469 -46817 58424 -55328 45965 -56436 -30507 -39282 52592 19601 -8969 -47638 -24067 63637 22002 -23008 -25287 47584
r471 46415 -7205 -22596 -14946 -33088 -3802 -37767 -45331 7295 61308 -56686 25069 -54525 -61340 -54909 61927 -33878 55468 19544 34171
r472 23418 6352 31819 56339 -57323 65512 -16599 571 20425 13295 -48245 61971 34587 -2471 -61004 -64045 -38152 6973 44636 36868
r473 -28296 35730 -42073 44103 34393 -39101 -33396 -37141 -45201 -53929 62583 59716 -64317 2939 -16181 -25702 -36689 57173 -6194 37365
r474 65174 46819 -43594 -14548 -52810 36432 -3383 -27507 -36097 -35325 -3984 -37799 -19041 12487 -53575 -57711 -7803 62664 -45134 -38127
r475 -52659 4696 64271 -47322 13897 -59144 -4515 49599 -41920 -46062 -12812 -17626 -3848 53997 -23943 40003 -26046 61841 5820 -46908
r476 -33031 -55834 35277 18372 36000 -58536 51962 -47848 2686 50827 -57843 -16308 -62440 31442 60226 48080 60403 -8269 -46988 59031
r477 58245 -5595 -9785 -885 -42981 -5219 -40514 48444 56151 39450 9646 3705 -10530 34412 -31139 48029 -46492 -3936 61647 35440
r478 8069 8077 20352 -18605 -42664 63524 48432 1446 52589 64935 23733 13956 56122 55315 -11296 -36275 13667 46434 -33626 29466
r479 -40488 -42691 22798 -33759 9685 12844 -40744 3623 -12628 44216 -31579 -28975 5173 31071 7515 -7294 -58631 15464 31793 26419
r480 -50375 48709 62852 64675 -37723 65376 -59270 -38936 -20649 45297 49195 53404 43161 5422 55482 -50890 15094 60832 43254 -61863
r481 -37626 -26441 -62259 60607 47397 19433 -40458 12137 -13467 -22177 17862 -44848 61613 48928 -7536 27626 -39013 40630 -38072 -38192
r482 -51699 56172 -19615 -59758 -30722 -64453 51195 -42260 -43109 59816 8954 4371 -8894 -8234 -63405 12442 39795 10461 89 -42347
r483 -44102 57373 60804 -3912 -19937 48001 54719 -65258 54162 36207 28084 -53725 62048 -41431 4189 -17830 -41554 -19905 14281 57608
r484 -18452 49357 -29830 8036 -44984 24176 -8030 21128 57377 -19261 -61200 26471 -11229 -10378 -27174 52482 -31320 59853 -15200 57723
r485 -43166 -64423 6257 25970 -18615 54257 1712 16207 -3604 -41289 -48357 53696 -13529 -10880 51246 22112 36813 -22306 7884 25128
r486 11033 9143 -5526 -49082 -49027 -63456 -2138 -22572 -26799 -24599 -41868 18168 -32039 -10110 37370 10414 -33005 -62597 -25304 18359
r487 -42982 42503 -18022 -49328 -45232 -269 8110 11246 56849 15332 -39052 -61860 7397 43789 -2547 16961 45941 -40314 51167 -9736
r488 1688 -52277 -48810 37202 59970 -55685 49472 -49027 -39168 -58898 -56173 -34210 -48943 -23451 -54377 41161 -8721 -47924 39976 -17149
r489 -40538 -45472 -36050 33233 -36222 52251 20603 -3541 -2682 256 -61644 -31736 -32162 -59230 34580 -7637 32268 -7459 -35739 -61563
r490 -39502 55897 26683 30502 -27380 -41070 3733 -37775 -17063 -63495 -8060 -50269 -1252 -56088 21035 51695 -47296 -34741 -44890 30883
r491 30706 14739 -27504 59828 9967 -4886 15642 -44836 -50651 -35866 17890 -6389 39967 -53668 25595 5680 4023 40579 -15047 -3455
r492 -22005 -11162 -10405 7434 24116 62374 52720 62410 -39318 64868 -11541 8388 44042 -32543 -46591 25221 8918 -14299 -49626 23362
r493 -54469 17798 -52971 -55476 -64733 36962 64047 -29072 -31978 -40890 -41592 -28144 -3339 46817 15089 -55049 56689 53765 42321 -43707
r494 -24496 3671 -47448 57077 -40990 38427 -34993 -47498 13622 -9411 -42700 36077 -56184 -29167 60813 -38870 -32968 47135 63515 -11782
r495 41281 17097 37344 3657 -51855 44597 -49762 -25052 -30343 -54771 -1590 23581 -5478 7937 -5203 29844 48476 10326 -31228 45059
r496 44119 -33638 -42509 -32309 14773 -33846 18008 -38094 -22614 2821 34255 1030 -49919 22809 -48623 24254 -4386 46423 59579 21197
r497 -58384 3903 22870 28933 29952 -19563 -9399 -36027 20407 52435 33945 15987 -47526 15302 25847 51136 52153 19193 -62700 -50839
r498 -9507 4543 8827 39815 19576 64677 35569 -64546 -12971 24800 52948 24991 4885 -9174 52115 1368 -23169 -46714 3003 12493
r499 -10125 60915 -31568 7050 41121 56588 -45896 -16830 14968 -39795 -31570 -19945 -33405 -62160 -29321 -63720 38589 -27534 -48533 7909
