mTable15 21
KEY  c0 c1 c2 c3 c4 c5 c6 c7 c8 c9 c10 c11 c12 c13 c14 c15 c16 c17 c18 c19
r0 20619 16681 11416 -16688 -6355 -9837 -52736 -44812 -7487 -32792 -3568 -64801 -7345 55480 -53045 32264 -16348 60903 55606 38391
r1 -45350 -62844 -40974 45361 -63402 40964 -12322 -42925 30287 53980 -34314 20469 20654 -21467 25046 -63449 51273 -49478 31594 13792
r2 -45837 17354 22837 -49496 56809 15692 38115 -10630 -58395 7959 -52501 -12382 -44681 17551 46697 2724 -18884 12765 15558 -17857
r3 7063 17215 10526 -46458 21303 -52971 -49513 52754 23917 -31770 18380 -51825 -22197 13723 -23247 -15077 -33739 -17548 45056 -13122
r4 -60894 9385 19653 -25092 -49048 25021 -29365 -54465 9346 29657 6280 34532 -11321 -6048 37442 -26664 48135 32772 -46559 38370
r5 -16629 -50377 -7147 -23390 -63177 -978 -25369 -41311 -40157 -6953 18386 24817 14012 26323 19232 -39715 49610 -3138 46013 -53558
r6 29448 -34924 31923 63769 -64027 -56101 46768 8099 20152 20738 28392 20776 -54059 10975 14140 -59504 39306 48033 -63238 59491
r7 15491 24961 19949 -2922 63757 -42135 59591 -53695 24484 -61074 -46500 -61666 -12959 -7506 -33238 11588 45999 64627 -15552 13296
r8 -5513 -57669 56891 15954 32098 -59755 -38840 5978 31952 49724 2819 -13869 -54475 47192 57009 -15724 19228 -57391 -21271 27927
r9 -65449 -51218 28748 -37680 28785 54784 43889 -2180 -65310 20553 -46649 -32245 -21505 -35395 46260 6760 -62187 -58283 17123 60433
r10 43902 63469 -14031 -57525 5502 -9455 -60437 3401 -40075 -18708 -40471 -2461 9323 -8680 -39397 10198 13778 -6463 -40821 -49511
r11 19580 17407 -23442 57399 -35751 41861 -60262 -1036 -39860 -50866 -6058 -39831 62470 -26943 -28908 -56501 34790 -23340 -38879 -7337
r12 -56825 -22339 -32633 31447 -26228 48505 22759 -15536 46153 7570 -61401 -12508 22448 3626 -35206 8325 40423 27204 -23565 -9054
r13 -4632 -6363 -3580 24200 9682 -27604 -13595 54148 -11020 63368 -45705 64370 31856 -26642 -7922 -65212 14053 -47500 -24602 -9220
r14 30775 -45944 1587 48448 -41406 23905 -508 -46556 6 47700 -29582 -50498 -60912 -19826 -49316 -5992 26563 -43810 -52512 -45544
r15 -40835 -38278 20140 -24847 -55933 -55418 31711 55957 42603 52502 21360 -3126 65347 -36489 -42345 58936 -53372 45039 -13369 16349
r16 54940 16986 -44965 -60497 62741 -16004 -57846 42927 -34761 -46864 -7549 63803 43812 57435 44652 -23533 5373 52396 -34913 18964
r17 55522 61408 -20209 49069 -43201 -10090 -42822 42135 51759 31341 16107 12021 50741 -42117 -41948 26879 19946 -13668 -10871 36345
r18 43096 45986 32844 -52100 -56754 -37377 50534 12489 -11403 53578 -38057 -43796 -45084 -8678 -63368 -18449 10277 -40960 -18832 41701
r19 -26551 39984 11896 -22372 -39462 30223 59578 2820 -4708 -28195 56499 -30894 17527 -59999 42935 -50417 -37770 -59401 60257 -16943
r20 13891 38625 -15653 18498 25270 -6804 8114 1790 -58183 15281 -55251 51796 -13197 -25085 -8230 -40515 -17525 -37552 46858 36625
r21 8734 -27956 -8498 25724 -2823 26394 -60916 -60357 -32700 22044 1885 -50600 4670 -5111 -45419 61102 14314 -1791 -23235 -10113
r22 -50938 -58709 -31491 16059 -50932 14202 61376 60297 11095 28288 -62732 -8632 -52883 57367 20265 -56591 14917 -18402 -26342 30452
r23 -52906 -9188 26962 -8673 23764 50513 -45754 2914 3766 29820 1870 62304 31847 12220 -10013 12218 6317 29505 -21467 -33395
r24 -39627 1289 38449 65142 59704 -54237 17926 -32915 41746 3696 -17804 -22649 -33115 -53384 -5090 -51740 -31810 -34117 -47990 19842
r25 64722 -30159 -63504 -26799 24636 -57600 46089 -5786 41887 -27481 15245 57550 28129 -38297 30036 -53052 27827 -24324 -10117 26122
r26 51369 -27653 60172 46107 -52381 -36119 6368 35634 5816 -37954 -53251 -19713 42569 -7510 24514 -17477 39970 -48196 -39625 18960
r27 27545 -48697 -47679 -39278 18696 -7586 -24325 7228 -10646 9468 4288 39959 -11701 -64407 19043 23126 -60630 9061 -53471 50031
r28 7434 -10837 -52941 28215 38228 28272 33081 47753 59972 -10065 19671 9969 27962 -36501 9459 46453 8016 21793 12310 -6406
r29 -53735 29565 7254 65135 17642 -4950 15513 50536 40781 -46833 -13388 -40237 -13635 54896 -3569 -65422 -59183 50905 -18658 -54931
r30 45437 53101 20612 -21608 -25022 -8568 64052 -2809 -37852 61054 64086 -58232 -2011 -8192 23857 59295 -4034 -39351 37283 -37004
r31 25382 -23661 64575 -49431 -58377 -22788 35774 -53031 8856 15772 40625 -21062 -25030 58398 -60763 -48647 32776 -13580 -40763 3425
r32 9399 47003 42385 8498 44069 -43470 4762 51544 -17130 23965 4034 7947 -10952 -40546 11799 -7250 17589 10562 53962 23899
r33 34330 -39995 -36342 32621 -8204 -49206 53025 14752 -53590 -29723 33948 -37082 12436 31411 -16616 -9449 37564 -32541 -54393 -63792
r34 -4199 -4234 62741 13010 36332 48314 61325 -19434 -56356 44515 -22065 61061 -8972 -47467 36204 30496 -22730 -19961 23943 -18414
r35 5046 10322 -43757 54408 32029 27621 57810 -16320 -1287 -39575 54194 -47166 -49673 -32558 34320 -47775 -20117 -3463 5436 -5911
r36 6007 -41825 -24973 29640 6627 29076 45356 -25305 -65185 -29208 -24728 30264 6770 -33993 -41472 6874 58523 39977 37300 27935
r37 13353 41818 -18923 -4227 -30700 3692 -60571 -27175 -41636 -26117 34674 36686 -21373 -29695 -32233 7395 -33377 -55005 -46303 20344
r38 57579 -50822 -11924 30488 27371 -51358 12176 -15789 -8194 -5233 -27501 5900 6881 36523 14295 6469 -14148 19932 3471 -46934
r39 20249 -35100 40390 13713 -26351 20829 10395 -42339 63660 53408 -13086 13857 -58264 -10259 -14334 -32863 -35601 -7006 -37982 51861
r40 -799 49504 14285 6942 30324 15350 -26614 58712 -57206 44267 -20243 50790 -61051 38710 -14566 28956 -27135 -31789 18835 1232
r41 -12703 -65042 38560 45456 -43106 -9954 -51500 -45278 2434 38596 -16012 5057 34542 -8642 -4352 -37285 -41741 4975 -15393 -50236
r42 -32347 -41116 -8143 47241 -15846 51610 -10749 -35247 -28833 36192 -17104 -64889 7777 40530 -50649 17033 -62481 6367 51399 53113
r43 -11922 -51567 -9069 26892 5249 -56075 1081 16090 9910 -14762 44166 55439 -23189 -20133 -21839 4612 51576 13253 -61524 -2399
r44 45938 60105 -355 276 38435 -6636 -29549 -43462 64302 32890 -63073 -32674 -52973 55595 -63790 8035 19028 -59564 47166 -7438
r45 10851 -44620 12705 51262 -9746 55591 49115 30164 47104 -20830 51621 -55098 59797 -52353 11581 -9672 -40495 -25966 -24557 51890
r46 57066 -1213 22297 -18800 -15589 27107 49988 53653 -1870 -55691 -56401 30786 20091 57675 -19301 -13946 64995 -26406 19243 51483
r47 -9792 48466 -57654 31507 -19740 -48398 -18318 -23254 -3506 51800 31091 11641 4508 52301 -18124 -30433 54181 35296 -16900 -32348
r48 -11272 -48359 53426 64312 8127 -58372 -20464 33426 26626 29309 -32716 37184 24573 4688 -54443 23631 -20599 -537 -49967 -4286
r49 60730 41199 -16803 19947 -15092 6259 -10162 -45686 14947 -8287 -26001 -51776 28817 -10086 56006 -57137 -4085 -49688 6935 -49829
r50 -36644 38726 -54026 51396 54277 -3624 61651 -44470 27727 40041 -5000 55419 -63180 -43251 7151 -11937 -33853 -22720 8457 -19939
r51 -12569 64713 3202 -12215 38547 -42433 53738 26655 -20677 49157 36043 18941 -37485 -48113 -37106 -32599 -17827 43206 -56279 53774
r52 16007 18494 12442 -61747 40349 49943 -60074 59549 -31425 37681 25963 -40039 -39759 -61609 -22300 -23576 36522 -49250 21817 46687
r53 15414 -45584 21768 -27558 24903 1322 -53515 -39893 50850 -65328 26272 50789 28250 -11033 24411 -49983 65514 -27265 -62039 -18474
r54 -18610 -54458 60985 -16098 60616 -27180 -63915 29955 26978 25397 -4847 -25411 -35935 34272 31487 -54313 -41565 9482 52505 -40468
r55 -9460 23230 54534 59586 -44344 -10881 53742 -11402 8031 26255 51351 34964 -29617 -37600 -60634 17212 39290 -5499 -23746 23019
r56 -50245 8384 22254 -61465 -57822 22390 -16384 1937 -16310 -14766 19950 53494 -9550 38711 48840 -54278 10736 -55360 38824 24287
r57 -22897 -44415 54732 -41483 19704 63796 -42740 -63181 -55952 -21906 -64355 64436 -28827 64159 -10298 42248 -10921 -60197 -55953 -21971
r58 -33377 -2545 16163 -40749 -8134 23921 -12416 43715 34827 18940 -38654 13321 -17153 48254 -59458 -22137 -10500 -58336 -64798 -17298
r59 44976 -30411 -30868 30260 40311 61819 17592 13392 1386 45353 1678 -63770 24930 -65239 -28260 22674 16526 24566 -49564 22976
r60 -18167 25418 13374 2862 34717 30880 -23583 16061 -20134 -28651 62933 32867 62890 4848 -1278 -50176 -62568 -42737 31506 62609
r61 20013 -16176 18703 -52690 -28364 6940 -17393 40143 13564 39847 15637 -41569 29528 15881 -60553 57456 47808 19974 22120 46734
r62 1374 -37558 -41314 13334 64631 -2466 55107 7816 42894 -58575 52196 -19344 -63240 27814 -12681 4609 37173 50170 -23573 61030
r63 54166 -46285 -31637 51084 -41699 -53398 -20603 27144 -61303 -34530 -38679 -48800 63509 -42173 33604 17861 2840 -12460 30834 -49709
r64 40640 -64833 17185 12094 -58444 -54019 52941 12129 26252 -27857 27774 -31266 24040 1287 -32336 34881 -39947 32234 -8875 -2677
r65 -29968 47305 -13995 -9048 61500 -39078 46069 22903 -43142 37776 13432 31440 -37690 -54304 59062 -64844 -20418 -4475 -32479 -59376
r66 -6741 40878 -60812 -17089 -28509 33295 10811 -53401 49609 4442 28555 -15922 -33130 56886 37869 30752 39069 -64167 -39236 -50417
r67 -28785 -34817 -14576 -12953 -2158 -52872 1320 38906 60202 29923 -40302 -58694 11277 11460 62719 26679 -4949 41352 -34129 32959
r68 57926 -58311 37194 -43281 -48924 -40974 -10354 51175 -38644 -65421 -16905 -64341 -60162 -50283 33958 -17949 57932 16175 19980 24746
r69 56940 -39965 58703 30026 -63004 -59592 -30466 10545 -11722 18356 6480 64688 9092 35414 22854 39773 -30966 -39708 -19577 27467
r70 24213 24635 -29889 13831 674 35244 -33985 2446 -31001 63742 39327 37477 -33568 -11560 -61154 37856 -54710 54551 -49421 10967
r71 53619 -6813 8876 56360 52516 -16625 -26563 -34035 820 42821 -20630 -3390 46024 60519 -60652 -62816 -17538 47052 39201 13785
r72 -11768 -1157 -257 -2010 63302 19066 -40287 -5097 -63592 -31520 -62156 39712 -23813 6746 -39410 36 -42183 32341 -49572 22523
r73 210 -4359 25286 55112 -21115 -41348 63779 -31592 20593 -7606 -5670 7308 45680 -59523 -8513 -33535 -64785 5874 52245 -20783
r74 48051 -12707 44011 -46591 21467 15525 -23031 -61000 -44427 -55737 941 56952 31530 20181 -23257 -34146 54342 61642 51357 36616
r75 -56361 -19030 -44331 -21587 -4765 5320 -16843 35442 -16651 -41100 -13907 -24391 51106 11092 -22018 -42309 30644 50771 25791 8568
r76 -65334 -32142 -62736 -49576 -54959 20058 50148 -40841 -59175 -21057 -54537 -29198 845 -22180 1257 51603 57229 39868 48755 29890
r77 -30646 -38715 38242 788 -31342 -30467 44858 -51443 25911 -20523 57798 -47740 8558 2909 -1661 25650 5941 -23240 781 -45586
r78 60279 -20629 -7246 7084 32221 -37090 -15180 -1956 22153 -33587 -57901 16485 10739 62771 49522 -36425 -13632 35722 -50968 -32322
r79 -59541 -26653 28360 3449 58313 7775 59383 639 -56904 51498 -55971 30898 36336 44604 -37328 64737 -8827 -58515 36369 63507
r80 -6510 -23988 -63520 8346 40604 21799 -29069 24673 -499 64737 24695 25432 -11534 -16018 10838 9027 -1459 -993 -1432 50364
r81 7949 13372 -64126 34061 -26309 60922 54710 7667 -42704 -16859 6537 51920 -62072 -38368 32043 16889 -56680 23665 12068 -57800
r82 -53107 -45839 45006 1031 -35063 -41331 -48091 -63452 15806 -65394 -14144 38599 -24371 55201 39828 -4512 52938 44296 5019 56989
r83 63596 -11643 -30231 -58708 -24199 18478 54314 25046 57539 -2289 35828 -23740 -20148 31386 14097 20495 -2062 5933 -17623 9940
r84 43841 -30385 -36434 3833 -20684 -21880 -20487 692 -64038 -7875 -9612 61794 21576 19661 -64549 -29259 39506 -29408 54974 -11844
r85 -4966 -44407 -16356 20844 28517 32388 -47241 24561 -36252 -14891 23513 43144 23589 -4302 25644 -52947 -43003 -41590 -26648 60261
r86 -8557 33364 -44349 -40549 60925 -23838 45817 3821 -21289 55055 -52465 51395 -44981 -17558 55341 -34018 60916 17586 48524 44400
r87 -12934 3699 -32172 -32890 7905 17529 -64023 -61060 -50337 -15096 62772 -15740 -47005 27531 33326 -18350 -65128 56470 -63519 30216
r88 27455 -54907 -14930 41135 44600 -49803 -31061 -54074 47399 -44512 58203 -48776 63752 -6877 5465 -50289 -3935 -39279 -34370 3878
r89 31971 -61111 -64948 12000 39385 -15369 1630 48712 63498 57279 54766 8233 54362 63453 21722 -10627 38498 37976 53499 -29873
r90 -55144 55370 -23947 -32292 53476 -16808 -39229 40606 -62570 -14182 -15188 -29919 7917 -21336 59256 -53037 30114 11985 17542 35821
r91 -1002 -29978 -6629 32914 133 15020 -63413 -52552 -56459 -2552 50746 36349 -54243 -14511 -26707 -27083 10348 -34389 -450 60280
r92 -13034 -35368 -25050 -32693 -62337 22461 51547 26104 -15613 62099 14498 -55083 -32837 -6426 -53417 -36622 -41946 24199 50637 37355
r93 -53251 52335 -37366 17441 -28406 -3493 -41474 -18869 -50818 -38227 31422 -27697 -46253 3936 14761 35375 -50870 56104 -35007 62765
r94 -59014 53417 43961 -2727 5367 12550 -18104 19944 -19169 54954 51275 -60364 -63791 13793 -37902 29577 39403 60505 -36923 -54901
r95 -7811 -37198 56388 -61009 -25612 -39976 -12007 -24307 -50226 -37092 -48155 -12880 46775 -30067 -30320 1723 43343 -61192 -26690 -44964
r96 23910 -61116 -52380 52504 -46439 -59383 -39554 -64859 -29468 24194 -32159 -1795 -15757 -5552 -15857 21759 32261 -47767 -38370 42367
r97 42306 18725 19976 54207 -51095 -49609 14271 -27536 56314 23267 64358 -31997 31193 51112 17839 -52645 -31933 7220 51494 29280
r98 -24481 -8109 59273 -50723 41340 -48432 64474 -35302 45030 58743 -15093 -65356 15942 -17707 65017 28534 51007 3661 27232 36938
r99 -44749 -53380 38191 14112 55043 -25344 33307 -46690 -1076 -47696 15835 -58382 54501 -34293 -46535 54144 -16117 28731 63909 54877
r100 19513 38733 5730 9692 30343 -63901 -18691 -13310 25281 34455 -51447 55131 -64298 31798 -56762 -26257 -39051 10195 -42291 19794
r101 55959 -11119 51152 53121 55068 39014 -64937 627 31188 -12782 -44540 9335 63599 57931 -22027 36338 58545 -57223 -31723 25308
r102 -35995 -21499 -44737 -21874 52474 -48209 57364 23779 17633 -59919 49666 33863 13948 19295 45289 -49362 -55471 61421 -57528 15533
r103 31527 5884 25277 1099 19140 -50326 -37403 -53575 44750 -25025 -65005 -51588 -48681 65014 -45213 -61270 -27809 -53194 -49155 56314
r104 -43699 122 17014 12470 21937 -62770 11997 64717 -55197 -29326 -22550 13915 14265 46042 -10722 -25526 46713 -22881 -32809 -52788
r105 -52471 -48559 7103 -44750 -13048 45290 35007 29098 46377 -7635 -25048 -52555 -5442 40643 -47008 -730 -49470 26082 -21143 -5763
r106 -50944 -1884 -62094 45719 -39175 29336 48216 35158 48941 1953 -29491 -17897 -57667 47123 16211 -26518 -12452 7813 46089 -1144
r107 -32027 -61219 -39572 -59115 28853 -32704 -34225 -56159 -2882 21221 58899 -41142 -8035 -53504 -26204 42297 40071 62886 -44573 -35641
r108 14615 23569 -65228 -29547 -65289 -57907 2423 3209 -65078 42244 38715 -63409 41918 62117 -35167 -17031 -63502 65497 -23793 -33359
r109 38577 -41567 -10080 28395 -28357 -9696 -59202 50720 -53476 -9999 -4818 45993 -30350 44339 27779 -44294 -9464 50619 -15796 9227
r110 -8233 -16734 -43280 -59806 42758 45811 -55465 -46148 22586 5887 65256 -45139 27563 -26604 -54115 39392 36714 56786 -54193 -23203
r111 -21022 9270 -14248 35102 32228 27078 50387 -24525 -29022 -29887 -14741 -10908 23633 5092 -46270 -6379 18582 -21296 -23779 -55029
r112 -3880 -2035 12126 58004 10895 -10743 45612 3120 31259 23505 -34111 -39415 55627 -44977 23566 -59132 -14781 34094 -47613 -20121
r113 10903 61817 -39326 -42840 -2170 52598 -27946 -12970 54168 40302 19276 36350 28946 61863 26786 63014 -20927 63263 -23563 -35689
r114 36880 4404 49273 12134 -15383 27779 -44190 32711 -40225 45560 -22278 -8882 50521 19417 -26688 -33139 -58087 42863 22833 51413
r115 211 19882 -8213 19567 -42209 28054 63457 20795 60790 9819 54685 30364 -28858 -28270 53857 -21726 35444 6122 18636 23846
r116 14485 53392 -64598 -31300 38263 37597 8864 8663 47321 7417 -13415 13288 8763 45829 -53157 -47567 -11779 -57781 24405 1974
r117 -2845 36887 23593 -57493 -33464 -18794 28343 29763 141 40805 55174 -31308 64850 60340 4300 40232 55148 -60439 -23670 -48398
r118 8935 -58849 -39874 -40128 -2102 -62004 51863 -3008 -45660 60330 -42134 19626 -58312 32709 -44580 -6908 34600 2482 -30609 1522
r119 43557 -13696 59435 34159 23692 6801 46619 -32523 37851 -32129 -1683 7680 14029 -31186 -25164 -28659 -47147 -40093 -19031 31447
r120 33585 21182 60345 -59802 12452 799 -38319 -46975 46540 -7845 -10148 -32576 52815 -24537 -14844 59770 -10410 32076 -37535 1487
r121 -761 -49201 -11671 -51131 -63842 35623 -31251 42276 -49878 -32176 35823 44474 46737 40131 -15864 36851 18884 13525 -54711 -28795
r122 19294 58542 -12478 -27994 26861 38212 -52289 59841 -38989 -15667 -18581 40920 -22691 -18539 -43121 -61701 49339 -12671 27092 56416
r123 -21639 56126 23544 49036 4668 14520 -50559 -48024 19197 -26143 1768 -59343 -17138 64869 -44208 42992 3973 -25721 -21991 -57420
r124 -26827 -38954 -44452 -50087 -31804 -60272 -40977 31299 7973 -49904 -48124 12540 48542 -48418 -11732 -59538 -7126 -4846 50222 -35679
r125 40846 -50764 24205 -19188 30766 36465 39364 -4125 52063 -34544 -59373 42995 27822 4630 -31350 -33331 61139 42595 63516 5530
r126 -7195 -40445 -39342 31686 -10420 -33673 -33095 38336 5479 41630 -36413 -41541 28094 54892 -15670 57518 -51352 26758 -34037 -63740
r127 20428 3303 -41545 -61397 -50960 59273 39394 -63368 37747 34769 30215 51887 -43310 -57548 51164 62388 27593 -31645 1318 -44690
r128 -9618 31144 16535 29872 -4976 -37112 34906 59702 -59471 1925 52404 42915 64658 8311 -61656 -4708 19459 2886 -65455 39995
r129 1005 -17271 37729 -45724 -56133 -5982 -54631 -59288 4836 21454 -21011 -36845 49253 63132 -46893 -7467 19910 43384 28782 12636
r130 26513 -16662 51299 -11092 -15006 -2084 50019 50801 -4349 43930 33875 39574 41207 12603 63395 -11749 -60395 -52567 10669 -56264
r131 -59134 -64685 20466 -37625 -5916 58111 -47406 -38976 51491 52009 -65163 -58602 -9876 -40888 -27256 -3386 -38683 39293 -45755 -36789
r132 -38608 21234 13754 20006 5086 -65098 30907 -55037 -24903 51479 41657 47438 46741 -47859 45569 -38729 9619 -59221 29512 43890
r133 -60169 62808 38518 20804 -45101 23579 -11345 -19915 -25604 -17354 -23158 -25766 25287 2046 -46105 -56899 19333 -59571 -63991 -36066
r134 -49538 58995 9011 -39394 54750 4462 -34571 -29389 2738 -23314 50816 24200 -24527 16148 -56728 36021 -50961 -62629 53214 -11819
r135 28327 -44220 -50582 -59022 -18041 -32330 -2558 35868 32242 -33435 61490 61086 -4297 -34761 31757 41342 19996 38689 44604 58365
r136 -40289 55648 2347 -21664 -41639 -34811 19384 38218 27956 -62363 -32589 23877 -34990 -9130 44568 61319 19629 -44821 16113 13132
r137 46511 -24118 -60970 -29904 43271 -826 -40760 -11543 36016 24090 -14049 17780 -32744 -61005 52234 30691 -46288 -53849 22463 61485
r138 -44127 21777 -28780 -63765 -25752 22978 55540 14211 28719 60131 -45461 -1650 6358 -62592 63874 32156 62340 -1771 36630 -59555
r139 33743 36647 -63935 30583 -40564 50340 63773 63483 28933 46735 -13108 13380 22160 -2283 25452 -55503 16078 6285 -27307 -54350
r140 26306 -5040 12395 -55096 51684 28291 -46116 1914 -8735 -23730 51055 -32645 -15431 -37993 29411 26324 -61716 -11097 -61308 -22848
r141 -15193 -40839 -12644 4545 42841 25896 -12475 1335 6246 -26888 41345 57782 20365 9333 -24672 -41944 54344 -10180 -34933 -33072
r142 3851 -13047 -17756 36457 50906 24517 -41482 9378 40738 8360 -62317 34905 -64482 -55417 -10006 -9184 15982 -28457 32321 13253
r143 10838 -52760 -39544 -12820 -48738 26387 -7167 -54917 20318 -50539 40032 -61482 -34333 -25113 -64875 63172 -23974 -43727 -1537 -45475
r144 -49880 -27097 -45692 -57046 -10749 41257 9769 -22648 65005 -13212 -57037 27536 -53570 -58051 47724 15885 -8365 -61805 -42851 11484
r145 -6952 -57092 -38372 38136 2892 39806 -62343 -5543 27123 -33968 17322 -43826 -6288 48825 -28162 -17521 -37624 5070 -35284 -38472
r146 3943 7920 -49687 -50970 -59429 -44234 -16672 -49924 80 48193 -8205 -10404 28791 -49631 -9247 -11318 10442 -33169 -51685 -12521
r147 -57995 -38344 -58200 2685 -60862 -2407 -59034 50544 -50491 61286 13668 35000 16174 21066 -11481 31249 -8987 -51257 64591 11988
r148 -60497 2786 63255 24108 53168 -47284 -34117 51503 17252 -63153 4499 -56209 -4107 61184 -10230 -60597 26499 2635 -33368 2311
r149 4550 -12296 5956 -40517 21643 -9549 19857 -60165 26841 15215 54052 -10168 -45336 10066 38269 56230 -33460 -62848 28696 58874
r150 -39739 -49961 -30966 -7113 -43646 11916 -53951 -51481 -34285 60884 -9485 -38171 -42106 -23535 -19930 -33200 38111 -45766 -61715 -43382
r151 10561 49978 -8155 -19369 4863 -49101 34766 -23819 38862 -26249 49473 -52644 63208 -54381 -20058 57694 52479 -49315 -61943 19217
r152 -43756 34037 33175 -7002 -28508 -53262 2532 42250 -55200 51488 -38751 46786 -59961 -27890 -63414 -17648 52297 -36552 -22218 -26995
r153 -54188 27746 31123 42188 20758 -10529 8860 -56119 -37327 -13069 5211 -10823 23893 29528 -23875 63890 -26119 9047 -58809 41888
r154 -46634 -12201 -49960 -14717 -28778 -30907 52910 24154 34041 -37780 31116 -14420 33338 -55529 -29094 -7132 40313 16993 -42440 -22259
r155 -15928 -7321 23254 50214 -840 32603 1207 23697 -44289 -10269 -16906 -60329 -786 -35893 -49538 39356 25023 31250 -26473 56791
r156 6011 44243 55487 -38878 -29514 -50057 2308 -33239 -6529 -19472 45993 6469 462 -21107 37625 44300 -57988 26253 -21520 29044
r157 -43114 -41623 -59258 -48483 -48439 6813 12652 -25880 -14142 -59767 -19665 -45267 -10978 -52535 -29324 -36376 25643 -17532 -30421 -27323
r158 28282 35550 58887 59855 35405 40198 56929 -17995 -32723 -45733 9765 19285 -42368 36868 -12331 29872 -12569 19561 -29419 23541
r159 -18970 -345 -56499 43589 -35995 -20827 -57387 53071 8552 42859 33313 -12897 -54522 63500 44403 -52410 24369 -27762 -5709 43231
r160 -36459 52366 60346 -40774 -15685 52764 -24304 14872 -5385 62708 37958 24191 16941 64069 52109 64953 -62981 54922 -60035 -12500
r161 18991 -24712 -16154 35940 21117 -33332 -57949 -12360 -50794 30674 27393 -60905 37242 -60359 47833 64438 35659 -7589 -873 -11026
r162 -7986 -55888 10177 36555 -47116 3531 6971 45711 8999 -46679 49603 57054 55183 -27147 -31762 -8536 48162 -13584 -21454 -51197
r163 -47224 -59431 -41444 58272 -19343 61537 59159 5380 17277 -56006 -2975 46956 7646 -58792 -29566 18436 -17894 -7381 22146 -53358
r164 47987 58344 33583 23040 45797 65516 -32140 13271 -33677 -20174 43604 -3001 36315 -35933 -11447 -9686 41725 5061 19418 -27293
r165 41244 -36660 -37490 -23540 -58310 4203 -48334 45690 55432 58344 6676 27003 60378 -19698 -33816 3528 -6205 63062 21983 -28269
r166 -9829 19255 -55585 27705 -2166 -31003 32149 8909 -45531 -7109 -12362 -42310 -20797 14172 10381 62568 35344 40287 -47115 8139
r167 51460 -63288 4990 -38024 37028 -9680 -1389 32938 -4643 -54833 -10196 -10561 62168 13195 35781 48234 -7098 20230 -63307 21871
r168 15983 59624 42916 27032 18605 55225 -28343 20896 40503 -37150 -45653 -41108 -31463 571 -42026 8780 -22193 -16989 -64990 57339
r169 63001 36510 18622 -47006 8333 28238 -54636 16844 -45966 36580 24748 12064 -12037 14947 34808 40421 -9828 51293 -4541 4029
r170 22444 23702 -56642 40042 -62675 -28368 47279 -55009 -29482 49765 37666 -3812 21263 2243 -31342 -14937 -39005 61151 22808 28074
r171 54473 19629 15576 16443 5902 52311 -33727 18758 55528 -2845 -3614 -35707 -6502 43447 -31645 -15979 12989 -2986 59619 -49356
r172 -18429 -495 -41524 1839 -23496 35769 -42122 -16589 34618 23790 -18402 10988 2045 17297 59628 -22618 -37517 -30452 -59847 -14269
r173 46905 -927 -27960 -10795 34307 -32083 27303 35413 46147 -43373 -62518 30707 -20179 25853 -8109 -62088 36176 -64382 20690 -22025
r174 17849 13368 48441 -43073 -35851 57851 -37274 26045 -45880 33918 32587 8339 -15998 -42063 22255 41428 -56193 33156 -41953 -14013
r175 61861 -6460 -38224 27338 -23333 22406 55184 -34947 -493 48761 -45850 6035 63255 13304 1193 63127 -34052 15970 -39229 -27026
r176 61239 -38530 -42090 -47921 -45634 -5342 26045 7638 -29237 -32203 -9966 11564 -30259 51505 -3304 -51491 20475 -31171 38429 36202
r177 5257 -51487 -27565 -54105 -46140 -52743 -2096 -9124 15247 53675 9914 38252 46223 20469 -26730 53574 -56170 55601 -6904 -8420
r178 -11267 -64536 50769 49126 43298 33950 -11222 -30753 43607 -56180 -20506 46857 28071 -27197 -63278 10137 62340 30546 63198 36242
r179 49745 -24803 49537 -1038 -5123 -1406 -9891 -3165 -48578 -15677 -58612 29622 -16240 28452 17850 -57609 8727 1501 30427 7402
r180 59477 52381 62733 -28676 19475 8663 42233 32866 -40882 -5777 -58512 -25708 47038 -51162 24856 -52790 -62154 43109 -29561 35040
r181 30981 58995 -43111 42949 -60986 -17178 31928 30124 31324 -19730 65466 23712 40827 59784 407 6332 20268 -2887 50260 -18852
r182 16951 -60239 -44499 -13417 -45123 11298 -9420 -13543 10260 -42796 1557 14533 31295 36415 -6465 56003 -538 -56130 -4584 9181
r183 18791 -27972 -60564 18413 -16388 -63997 44676 -14166 -48388 -43858 -47683 9396 -31672 49956 1918 -5479 -40589 25579 18182 9266
r184 -38427 -21716 -3084 -44967 4976 20895 13014 -19500 43343 -63721 17662 40225 -37023 10107 53094 -50058 -58447 22571 17456 39148
r185 -8307 56522 -22123 2708 30537 -41553 -57905 6595 -62964 34587 30889 1074 17587 39282 21381 2605 -26848 -30201 -64061 25984
r186 46151 -26345 -58804 9146 -64434 3651 34090 -64510 2670 -51217 -16880 -15057 16387 2660 -40505 50350 -31099 -59075 -2250 56131
r187 -29943 8301 48839 -5723 -21194 -36683 -24577 -27085 51725 -922 -45241 8810 -29472 61708 44644 -59408 -28420 63397 21831 36501
r188 -36322 -59176 41502 45315 -23979 10687 -811 -16461 11710 61516 -59876 27855 -40634 -6787 -57244 4072 9829 -15588 -61000 -15981
r189 -36802 27392 -41398 -24252 -4273 11418 17854 -62234 -44526 3461 -2709 -60637 15262 25768 2692 11990 30213 13921 39124 -30191
r190 42887 -20 -53182 -58712 -45994 42407 1091 -20118 14171 -27245 -54493 -37581 -13383 26283 -16963 -45320 16289 22068 61501 46627
r191 -14978 2720 51118 -1392 50863 59277 -48562 48133 -13215 11894 41859 -12552 -41255 58181 -48144 -13835 -51578 -12603 -4895 -38680
r192 4185 -60979 -55271 -9122 22070 -32736 16489 -33415 38899 31249 55592 40468 51441 -60934 -34674 38303 4750 41753 -15178 36962
r193 -57534 -45532 20962 39307 48883 37272 -20400 -9740 13524 -59546 47936 -53583 28838 40803 -13734 34058 33961 48845 20363 -46923
r194 22415 17206 -10592 -59991 -31579 44359 14724 -33748 6218 26296 -1748 -16004 -36060 19488 7878 4468 -9454 6939 11451 -4577
r195 10522 64285 64905 -13055 -29876 -8634 19516 2351 -25126 -31456 -7994 -7956 -36073 -15987 35399 6500 -33399 40218 54495 -31809
r196 65208 -8184 -6312 2083 26254 -1529 50195 -8713 20982 -3796 43328 -9731 5309 -44836 24279 30269 23517 -60728 22064 -15510
r197 21792 37315 -2008 -44149 -9939 36083 18230 30740 62646 44757 -24070 1799 33362 44380 -47517 -16682 36809 -41891 -53706 -13941
r198 56878 -19023 32312 22782 61170 31162 65277 -16829 -32257 9058 -32192 -356 12805 51399 -16899 28200 -56415 48348 16042 42121
r199 -49577 59927 39700 24315 -37262 -25980 -12328 -61417 29833 -62750 -29124 -27982 -4607 40239 -21980 61296 64829 6009 12851 -38066
r200 43665 12963 -23166 59331 26251 57243 14058 60929 65413 -64207 -8211 -14282 -2980 -7494 60991 44695 58727 32092 -63710 15659
r201 -41907 25208 -25012 -52278 52844 -2042 59326 -23711 27357 3836 23602 41625 -5998 -58555 61855 27751 30213 96 -62890 48740
r202 -47612 49746 9203 35143 -63775 21498 -56389 -37612 -2856 -25989 -46730 6291 55543 -6883 -61234 -58194 14074 39374 24087 -21578
r203 -63162 -2647 30055 8590 -36545 -48984 -53571 -17974 12694 17965 -47900 43715 31749 -43661 49101 46100 27505 3822 -38394 -20910
r204 -48245 -63122 -32352 62402 -65432 25243 -48625 -27437 1497 -39471 -22902 -15244 48341 55250 -3965 -44688 19104 -29536 -20074 49274
r205 -54871 19755 -24108 -3953 2870 27643 84 27057 7282 -39852 59692 15597 3767 -21556 -39909 44574 3779 -31381 61245 -514
r206 -30260 21602 -45340 32543 -11969 -62703 -34003 -42274 -59033 56618 -18880 1012 -20706 9076 46953 40510 16863 -25233 -16396 -30148
r207 -43582 -35504 -22467 56314 -64049 47980 63913 24404 24717 -59971 -34116 -30527 -51637 -57402 -18883 46063 -62363 21849 -14242 -35217
r208 -9913 26612 49530 13303 31128 286 -50619 -35016 -4823 25205 -56902 8066 -57063 -46723 5600 -52779 21438 2641 -1515 -30960
r209 -43094 16943 8756 -47890 -25022 -51860 62194 -65522 -10778 44288 -55223 -6425 -63278 -40968 58882 -53014 -51319 39574 -61526 -61851
r210 -38491 -63709 57510 65340 22090 -59963 -29604 32138 14588 38287 17772 33968 2266 -61512 145 -17851 -29994 -7687 62430 16843
r211 54911 -39410 47161 -10918 12845 19211 23866 -38439 -28346 3330 15488 -51235 -44733 -16110 17081 11583 -35279 -35762 -2366 -27656
r212 -955 -21166 48512 59794 -36269 37470 19526 -15710 -55352 -6620 29549 63012 38811 -9309 -9578 -44395 -64874 -17635 -37828 43365
r213 730 55431 32020 -41798 45210 -223 -22295 -45683 62743 58209 35917 9127 -33562 -42434 41700 55808 12386 -21768 23354 -3153
r214 24834 -57410 8459 51181 -28119 -4925 51333 -28730 28876 11663 58469 -55146 -35255 -23494 -46809 65073 -60773 6925 -39075 -35023
r215 40843 -53140 -51307 -30719 13426 -8676 -6361 -42285 -31667 -34727 4974 48734 28266 18263 -2180 2396 52430 -26894 22041 40945
r216 -44454 -55312 55380 -13106 63359 -44589 -54528 -1511 -12114 19115 -42027 27000 -24344 -21370 2481 -56749 44481 -45190 -60257 -2442
r217 -47321 -55256 -24890 16368 14213 10350 -41252 -31895 -33499 -6145 42829 -42643 -25979 -48130 -40276 -35201 -10541 -27143 33701 23024
r218 23509 -34668 28633 -39128 7672 47585 65041 -1613 6105 22485 -43622 29003 -62726 42758 61514 -57562 -44176 26350 -57610 43706
r219 37882 -35615 -28735 -18785 28340 -46087 -40647 52615 -43941 -27950 62961 27748 22885 62424 21864 -21706 -9867 -47351 -45048 -1378
r220 9892 15931 38535 38442 -8074 5166 35438 3849 38188 -59080 -19600 -52348 3210 40545 -61732 11443 -34515 -4567 31680 -6309
r221 23120 -36687 41611 -44957 -19238 -17052 33647 -19903 52950 -24208 -28631 60333 20374 9920 26085 -45859 47700 22879 -55775 -54207
r222 54513 -4097 -50378 -47885 -50501 43093 12070 29597 32551 5167 18166 -31507 27656 -18269 21258 53854 -31101 30174 38929 -25932
r223 -63813 -28676 -16274 -27935 23147 60365 3539 -64710 57417 61810 -23341 -29183 53042 -2787 26025 11716 40819 -38486 -48080 27200
r224 5641 5243 50064 -15225 5455 36141 33198 -43880 40216 48092 -59988 -61496 -61250 39076 -56886 -58046 38626 -8813 58771 25365
r225 6174 -55168 50467 62605 58028 12494 -5315 7396 -15014 52463 64163 -28625 49822 -6367 58365 -7291 51047 27412 34331 5728
r226 33059 55718 22034 33811 -1984 15155 -44719 3326 22026 19412 -61094 46519 -35865 3034 59068 -37511 51786 61140 -25057 11773
r227 15050 -3847 19915 61254 -2101 -55839 -28882 47935 -54072 28191 -24301 -4150 -65150 34237 28545 16650 -32435 -50694 607 -45392
r228 1316 -62359 16149 47429 64256 52313 -4454 -7774 34523 -7767 -4574 -13976 -18194 -54176 27885 17143 -27923 -31140 -15214 -35790
r229 -40742 -5100 -46655 -57432 -18159 -50236 -23775 -10681 -42310 12559 -18833 -56713 41707 13723 64044 60213 64620 -63762 -25395 -42333
r230 27732 -742 -64397 36143 -42265 -18748 8422 -8705 -9543 -62676 -37753 31790 -32165 31553 -33336 7854 -53867 1148 -57518 -38056
r231 -50379 56764 -11964 -28089 -59121 -57361 41765 -61027 46000 3094 -1630 -6281 -13138 26097 -49898 -39828 -42135 12209 -37475 4724
r232 -26315 30644 53527 -47615 -21587 -35689 31512 -64458 -22191 474 -553 -46223 23304 26294 -13393 61195 -18277 64926 24706 43631
r233 11330 -15340 -2411 53017 36359 -49503 47388 15478 60629 13102 14506 -57434 -963 -21205 -48342 47238 2357 -12725 -15435 -29611
r234 921 11251 -19043 -5588 51196 -34085 48219 -50352 40228 20341 -49125 -10291 60237 -61253 62234 -31311 35719 10763 4256 -36698
r235 47517 -62734 -52584 63628 -48753 6429 13144 36467 6550 -46263 -46195 11318 47844 46363 -58697 43975 12304 -49652 -63757 21464
r236 -37156 53677 56387 -33325 44799 34923 11123 36693 -36889 6805 -30657 -34331 -44389 61453 47430 -20234 11453 -62019 35367 -29339
r237 -55261 -47845 28956 42129 50518 26291 -9991 3284 -62376 39954 -16952 -37858 -56393 -12508 -55017 -32050 -56635 -21751 62084 33265
r238 -40468 34565 45768 34024 -57905 15621 -35137 -3454 -50236 -4872 20884 29407 52869 16599 32599 -44468 -47977 -32485 -26948 51983
r239 -22322 -40528 230 21078 300 29267 52789 10323 -33983 -52636 52349 -43043 -51999 52904 -16692 58057 -42148 461 32470 18142
r240 22087 -60765 54436 -37350 -38616 27710 -55219 64792 41683 -40377 -54871 -16647 4285 -20645 53962 21148 -6445 -58537 -24752 -14441
r241 -1653 -12641 -40161 16800 23792 59628 -55358 41561 -19862 -28146 -16338 10079 13787 -42140 64150 -24622 2335 18625 57817 4452
r242 -31863 -5370 36873 46295 -27197 64392 45067 36739 48643 31425 42862 -16243 24150 36006 -13746 -29074 -7582 40437 55565 -47292
r243 -33687 2903 -41427 55393 -13413 -61290 -35258 65220 -40130 25325 27216 49446 64661 17961 -62310 -16453 33212 28764 21259 36017
r244 63000 -56340 1077 -54007 6153 -1790 7000 2100 -54269 35489 -9924 6086 9752 -43438 -58052 -9030 28773 -19567 46432 21095
r245 -47806 -1035 56086 18699 -38327 -28764 -17596 -11743 52927 54001 14185 -12154 -45572 26274 -16451 57436 -5359 8797 2583 9956
r246 -46634 12321 -18855 58303 -13146 26013 -49128 -15879 -1559 40712 -30496 -54637 -7299 -16482 8130 -37306 -16486 -44816 -471 54658
r247 -55267 -26879 51439 -29806 13977 -23585 51876 -22602 58642 -10148 -48278 56127 -62006 63146 29441 7625 48045 -57398 -30654 -22477
r248 15213 14314 -24970 -19185 -47916 -7113 -47720 -34354 37210 -35352 60411 -47653 47419 60324 39449 11539 -45655 48341 -25083 -5285
r249 3269 11292 -39115 6012 -734 -36333 40802 58836 21654 11413 7160 -17397 -53835 38475 29823 -6367 41022 20595 -23373 39024
r250 -740 57014 -50306 -5952 14928 60571 -19317 55117 13673 -57867 42640 43993 -14234 59045 13663 61208 -7872 12054 -12811 -12672
r251 18049 -49197 -65007 27793 -42739 17027 52927 -38686 -65249 -54726 -46997 799 2786 43969 -8491 5877 6615 53123 62472 39548
r252 13712 57826 -61977 20136 52061 -11492 -54021 34137 56737 -29071 -28415 26210 64339 -415 -27650 57906 -44329 8721 -22610 52505
r253 56515 -45379 39545 44062 -31702 39329 63883 -60842 -17866 -62721 -50025 -43413 -15524 -39140 13381 -49625 28282 -60682 -25610 50944
r254 -4272 -48494 38510 5407 -2303 -64303 -45065 -41981 -54495 21807 5786 47053 10087 -45082 -59849 53316 15478 29097 49147 35756
r255 -21236 -16272 -7798 -19292 64639 4508 47372 -36377 -51421 23415 40911 19370 -17677 6127 10383 5822 -48665 -53280 2803 2318
r256 -10462 47415 -54114 24967 56585 -18280 13251 55467 -32571 -37518 48532 62589 -45849 -38749 51217 40896 -8195 -61944 41176 469
r257 64090 -8496 -21148 -9149 34014 34635 -2009 -59175 19398 -42048 -48678 -2788 30772 -47998 -7897 -13400 -50136 62369 50028 -33492
r258 -36323 -52783 -11595 -58182 -22225 -40270 45390 19141 -48339 -15458 13410 30393 31714 -28563 12296 -22218 -4945 62190 -42788 16116
r259 10450 -8545 41029 15049 45006 11498 15799 -48923 -30061 32592 32302 26300 -54384 45820 -42058 12540 -3505 -36494 6974 65036
r260 -12868 63021 -44109 62779 51824 -62980 -56050 -35050 -55937 28697 20144 -38680 -6250 46343 48019 -23207 4007 -38060 10787 -23148
r261 -25618 5537 19953 -51944 -17662 -51437 -12796 -25888 49714 -1874 -10789 3203 14816 -12793 48725 2806 47685 9633 -64739 15630
r262 59263 21059 -56616 18499 -51833 28124 26825 -63837 49331 30795 -32481 -50169 6858 48974 29803 -9039 44154 23875 57192 44300
r263 55897 -21902 11566 -25011 -30917 -27207 -52844 -33340 -39070 15686 -37185 -31413 54636 38710 -59522 57140 58601 14511 -12503 -33010
r264 -3882 46597 29701 37573 -30429 21504 37603 -62730 297 -20679 17615 -19323 6262 11185 -11495 19673 48878 14731 -11977 63024
r265 -36934 -47405 41341 37441 -46781 -51092 -33959 -46828 -27502 53279 -46762 51893 -13390 -26708 43910 -21764 2161 -4214 -11568 -28051
r266 -18725 16999 60105 -35809 -60528 40131 46971 -47887 -13556 -52146 47696 50178 -39099 54273 -42030 56876 -24465 22348 11635 -55422
r267 -37288 35092 27177 -9002 -57750 29039 395 -45311 -38885 -26301 -56676 -9866 -1338 1784 51159 21595 64626 -2137 -28440 -51060
r268 -59660 -27396 -62942 -32183 4946 -50629 1911 -5364 -25847 46091 -50084 64118 6545 -50314 17247 3642 21854 37509 -59319 -36917
r269 -4989 -50877 32271 16808 20192 -782 17866 37350 -39638 -40394 34274 25025 -60926 7342 -46032 -34808 42691 3719 30727 -15594
r270 51818 24455 59871 58129 -48767 -21070 -10032 -19040 -38064 48594 59309 -25655 -34949 54754 37083 -35313 65204 -61424 50783 8652
r271 41436 40475 62200 -13539 12519 19735 -41574 55345 -63509 12146 56773 -55128 29824 29184 38849 -51286 -48477 51301 -1860 40424
r272 32945 -26 15877 28733 -28359 -18426 63476 -12753 -23313 -26820 64110 -31393 17956 58338 61975 31206 -16505 -52730 22550 -15102
r273 -26111 57535 5036 37277 -13128 37839 -26756 -56291 -3639 -47517 41003 -33068 -37868 8604 -14513 -6280 -61864 23331 7596 -61956
r274 33105 51838 296 1036 38206 64627 43667 -5091 -42558 -16618 -46393 -36104 45238 47124 31561 55536 -59734 14385 40484 -9883
r275 24112 -33713 -11549 8011 -13305 -5449 -63128 29704 -18470 26638 15364 42492 18598 22236 45626 54184 5879 -12782 23854 -24748
r276 1569 -24191 37299 -29532 62080 6878 -7957 -143 -2686 59954 34026 44715 52969 17583 63883 -22134 -58921 -24413 44234 27551
r277 -5868 -51662 34350 5415 -20708 24117 -62493 7491 61500 -53326 33289 -35259 -59886 19974 -1491 60698 -24836 -25102 27575 60995
r278 -8322 -2376 -4940 40962 -46902 2174 22218 -35085 28605 -6660 -41487 26613 -14042 19308 -63682 -9639 -51318 16876 5831 62927
r279 -58867 29475 -52040 -61202 27899 -5440 -55871 36889 -10327 -16184 -27141 56804 30496 22204 40636 40551 -16823 -10836 -36060 48848
r280 54360 26945 17974 -9092 -52383 -1923 42857 -29772 47611 19988 47929 -61203 -42176 -61099 30930 64038 -23105 -63710 17790 -18998
r281 -4832 -5539 -20356 -38617 13413 40611 -16783 30791 -37145 -38940 -40681 8151 -52309 -43445 -11752 -575 21071 -32104 60463 -47801
r282 -14601 -7570 34153 -55777 11643 36113 14830 6001 18051 -62058 2445 33610 52751 25961 33701 324 5246 19727 29125 -40336
r283 -10697 18857 59284 -37942 60692 59468 11631 19912 8028 28537 298 26252 5390 -5479 47497 65534 61662 24495 -19279 1591
r284 -4078 45683 -20873 47241 64351 -7037 -46309 16557 -38408 56289 -58224 45212 52570 21486 -8527 59699 -31430 7340 50118 -61211
r285 39684 34334 -57467 63717 38523 25769 39900 -19492 -43454 62827 35871 13936 58336 -40808 1755 -6964 36654 -64007 -39927 7634
r286 32848 -6098 20568 62185 60941 30047 56302 26949 33785 -45643 37333 -28254 -41007 21730 19946 -60652 -25850 30294 22916 -13298
r287 -12340 64781 -28829 -5283 192 23076 48377 43432 5485 1262 -63263 -26152 -48972 4923 -53882 38282 -32109 -47512 -5135 29395
r288 -2460 -63133 -46193 -7531 13095 19248 -27067 -33644 -43500 37024 19229 -46519 -30624 -37939 -9750 35160 30014 22737 -15220 28700
r289 -25059 -38195 9326 -65151 737 -37537 26062 -54506 -21548 43002 -28707 -55965 -30082 -16774 40060 18212 62084 -43035 -39090 39782
r290 64085 -15768 17306 45657 -51476 23686 -57378 31967 43293 13131 -40285 56648 -27951 48491 44890 38529 -40041 16956 56476 -48821
r291 -63545 28684 -53324 -26492 16963 -46025 -47601 61589 52144 -28344 24634 57384 33762 55070 10429 56520 -60655 -49646 -34512 -50309
r292 42552 9856 52887 -18679 -47774 -64987 58832 -19362 -41405 12563 -56221 28174 -691 -43191 -59985 17786 45529 54858 -63209 12101
r293 -41861 56858 -34458 30977 22789 -13549 44165 -54980 5924 -63689 -44931 5827 -56309 -21433 -50187 18913 57385 -2220 -690 -24762
r294 65245 -36094 -22886 -38408 -23347 33134 -56612 52281 -32174 15370 8007 46883 48263 31969 34932 18837 -12046 39368 40456 16579
r295 -56643 -27648 31560 -19686 -27299 63220 -27427 38246 26887 62085 -43568 -42802 51577 20708 -40635 -19388 63356 25912 1670 18491
r296 -26464 -47017 50337 18777 2903 60715 61883 55540 38633 18519 -14417 -35954 -40885 59811 -3535 -11535 40984 -20387 56603 20707
r297 1131 -16385 -42605 -38096 11457 -50865 -31157 -31625 21400 28416 8552 -18062 25811 56034 -34311 -7871 60146 -16685 7403 -50540
r298 7637 -4811 42548 -35668 12754 32545 43223 59227 -42167 -20951 -58783 52040 8717 62854 -59730 -60176 -40546 20991 -53391 29611
r299 2994 -36111 -38150 59941 61585 -489 49635 47677 -53863 40804 13931 64171 13201 17568 -53497 -6960 -25448 8421 -27906 -54936
r300 11444 -65413 65209 9647 -32805 45643 26457 -8168 42250 -5735 -64616 -58113 17484 -26485 -42453 -42276 -60754 6210 -47966 -11008
r301 62197 -62047 29164 -36894 1557 -60681 -15110 -22449 29896 -38014 -28665 34568 25359 55748 -12849 -38398 1070 1519 18341 63284
r302 -44372 12787 54796 -38522 -12371 23820 -11417 -49237 21847 32588 -34070 48452 -7719 51475 -62024 -64022 20621 -12848 48383 45884
r303 61478 43855 -3438 65088 39996 20495 -39249 14890 49875 23627 46902 -39014 45914 36079 -9626 5871 29058 52468 40826 -18494
r304 114 -12287 -6085 57614 -43577 -65173 -49864 -40957 34535 46685 28654 -6173 -65157 -35357 -13010 -41993 18738 52527 33992 52238
r305 47436 17029 27622 -47216 -7629 22282 -3689 2875 -46074 19757 27043 39549 43868 34327 929 46631 -55946 19573 -45338 -6428
r306 2729 49933 16282 -29748 -5794 -60700 36698 31871 18745 -53675 -11436 27297 -8392 -40997 43132 -9669 14706 -18605 38489 -42598
r307 13497 -8280 -15264 -49084 16830 -47212 -54600 -34022 -52021 -18904 4265 7167 -20652 27425 5362 -27367 12266 19362 36214 -45226
r308 27319 -56418 -36766 -43867 20724 -52445 -19937 -30633 -17752 17592 -54702 63670 -65228 30242 -38731 21088 54155 -14327 37132 21589
r309 -47203 -41383 54992 49858 -6255 -37977 -5000 36052 39025 -50720 427 -29826 61057 -45437 -45380 30383 -11533 -53055 13902 -13971
r310 52326 3645 23670 24749 -21591 -44131 62469 44230 -39406 -8630 -31135 43407 -36548 34839 -63075 26645 63774 9712 -38698 -50061
r311 -56583 -59366 61384 64791 -50561 -34345 32512 -56703 -19619 -60625 -2488 41995 -14335 -44877 -52740 -34690 -21837 -1044 -42592 -32987
r312 -17519 -894 1670 -49813 -12182 1077 43841 -34292 -21310 23140 3837 16329 23671 -9636 -56598 -868 19979 -18037 1854 49086
r313 -22978 23035 -64155 -18925 -57754 23600 -17368 2249 24371 45601 -416 11663 -26135 -36092 44878 4006 25040 -17852 -24605 -42592
r314 49266 -24629 -45400 36241 24440 -9655 30814 25219 -2407 -15073 -19868 -52445 -42195 -28621 26828 57526 -4833 3659 25946 7475
r315 45816 -50132 54518 -8296 417 27362 33232 42011 -49938 5771 -36887 29513 -45660 -45987 29422 -34293 -17171 7854 54369 45644
r316 51345 2667 -56725 48797 -39675 46511 12821 -63058 -15410 15322 18965 15966 62144 13613 64669 64547 -55979 49338 10962 3460
r317 6140 47808 -5300 43599 -38989 52165 -43363 -44387 -22771 3972 -44215 47630 -61958 -4247 -26939 4805 -5790 -60572 -26047 23866
r318 50794 41109 -13768 46856 1123 23504 22049 -17821 -22829 -47159 -38407 -59645 -50783 -32835 -1146 -46099 -13913 13918 -38274 -53607
r319 -18917 45022 -6932 -8778 -22531 -5084 -30621 -60868 405 54802 -20649 -61370 44676 -35030 9047 36006 -2012 -50512 41698 1554
r320 -24213 36898 41525 26883 -27218 25134 -46616 43147 -2041 52937 41965 24847 1567 -44500 -54332 -25686 -18878 -12217 -23150 -42646
r321 62655 22885 -38630 42316 -39708 25474 -24782 -57248 20229 -58453 49140 28709 -60079 -2724 -32730 29321 -34830 26832 -60078 -24388
r322 -10141 53074 -24257 -31110 34777 30732 -59017 -37006 24768 -60469 -54641 6997 -35983 -65016 20326 -22250 -38609 -30382 32319 -64517
r323 -65127 -22582 15096 12428 12978 -19673 11092 29830 29969 -4090 49632 -27323 16665 -18130 62020 57369 -1827 -64777 44445 22161
r324 -52605 -20252 21658 -63806 12620 -47799 12142 -4919 38195 38274 -26030 56888 18180 -54755 -58731 1342 48863 -1053 57520 -63236
r325 -20020 20387 46028 -7866 -11952 59816 -26670 -47864 6556 41584 40144 15542 23585 -37888 -48975 -25750 42373 24380 -42094 -40535
r326 26606 -13141 28753 55125 63755 -56349 22629 -31511 43690 -861 3756 -23787 -30945 -36946 -20336 -60651 -21693 -62911 17599 50986
r327 41448 -61507 61841 51626 -26560 -42247 26830 18466 -42599 55793 55139 9827 16885 -32092 40663 55573 17871 46232 -47479 -2920
r328 -14671 -17724 -40422 -27395 -44752 38334 -42950 34292 -57206 -54296 15314 -5652 -14548 -47344 20246 48183 40705 -27233 -63509 -35194
r329 49979 35958 -48925 -18806 6475 -12438 49188 12998 27214 -21324 58326 35410 -34363 -35543 14229 -11741 -31264 -29711 -34066 43288
r330 42642 -37411 33436 29020 44506 35290 54387 -17269 -45352 8686 -59430 14811 -61284 -25001 23118 -29601 49149 15385 -60509 -8962
r331 9930 32910 50155 53907 -26190 -47620 64501 20120 -28915 -52488 22716 -64194 -2783 -9765 -63134 -58885 9774 47427 14697 -65363
r332 -16360 -6278 -42704 25955 30817 -11532 -6657 -27318 -58309 39752 -65166 -37399 -30891 -4672 32965 33977 2601 -47567 -17551 -7420
r333 10337 7316 -48258 -39327 -57482 -20911 -59408 -45802 17191 26534 -32959 13299 -57636 40918 -55507 40771 -25640 40601 -16150 -3015
r334 16112 -57331 56624 50797 -9490 -35865 -14944 -23375 -5551 28199 -16871 52930 -60293 22430 14734 32092 53533 -9115 -15617 -19087
r335 57536 16672 23915 37025 -19421 51014 -15423 -50200 -19379 -41466 55323 42668 16010 15037 32694 -59831 -42856 9749 -30856 -22847
r336 31827 -34040 -31226 16016 -3052 3214 61011 -42265 2910 -19680 -32247 -51337 32573 -36620 -17867 -62488 1888 42021 -60255 -6030
r337 26459 45408 11126 -35219 -52689 65110 53045 33976 -50109 6356 -11309 -38338 9864 60348 60189 -45264 -40365 8030 -6761 -35718
r338 -18072 -45915 54065 -42579 41245 60653 -30152 -6438 55663 4946 60347 31843 54677 64182 -35938 -51729 41125 -36650 -41008 19244
r339 34782 -55056 -12166 -23809 -47592 -14396 -20678 -36501 -56535 -52376 -8531 -10449 34130 3410 -36471 40316 17496 -50417 825 -28595
r340 24484 62757 33559 -23420 -50184 7980 3400 -41694 40378 -25893 38898 8965 20988 -53336 -45685 -30995 -2255 -62247 21500 12988
r341 -35584 45405 -33162 -28930 -59370 59804 -40430 60139 23186 -15251 -23083 -30002 -64980 42132 39039 -53043 25341 35829 -40439 -40676
r342 -29190 16162 38638 37812 -53894 63709 -27185 31698 52790 28616 17482 -40351 26559 56497 36951 -43494 11305 61270 12617 -38993
r343 -7275 -9719 -13064 58511 -3267 -63798 57048 26808 -12899 62030 3569 17145 -20914 55643 9326 27054 14989 33095 -15761 -30486
r344 -53315 43520 -45513 -63807 -2611 61505 51522 -28922 29314 19766 -40427 -29567 34275 -39694 64591 -30775 51056 -6277 -21338 -48032
r345 55096 -29851 41775 35923 -11814 27998 60069 -46465 -31413 37651 23781 -12370 6840 -58717 27424 42932 -64302 -15991 7779 13011
r346 988 -45017 24043 -2893 14715 -51130 45056 46712 46236 -23356 -59738 40128 40029 62117 5156 -61430 58666 -59546 2586 63902
r347 -17683 50219 -24792 -26791 -49356 -14255 15266 -9608 -47495 8475 50680 -5898 16138 -58209 62386 -7359 -20197 -54202 -37118 39342
r348 27326 56083 59701 -16616 -60814 -17482 -27991 -40928 39908 12307 41790 24944 61084 9745 -2040 -29107 -41461 42152 -18505 -62571
r349 46667 49707 946 36789 -20974 8024 -63365 39090 -15684 -604 -42063 55765 6471 -11299 889 -52652 62812 -35120 -2429 9218
r350 -2143 -24072 46223 33507 -11068 -32684 -29174 8132 13746 -35289 -36046 -1742 23421 -3016 41354 -1575 11838 64086 13746 39771
r351 51629 28865 -10660 -5097 18317 32107 49392 23774 -20772 -51974 -19640 -22013 9740 -59371 3197 36277 31315 -47439 38543 -49104
r352 7761 31101 -27172 25413 -21330 -3983 -22963 -15253 -45543 -14689 17118 47778 -48686 -12361 6649 6945 -36666 3852 -46824 -65130
r353 -14830 -15368 46086 25425 33162 49922 -22402 62118 -47000 42572 19833 7347 -58084 23773 -51318 64613 24503 51167 -470 -22004
r354 57873 40399 -37103 -42560 -1253 -37255 -46951 -33332 20371 22961 43524 -24320 61519 46977 -35434 16153 14945 -57875 21529 33977
r355 -4244 778 -7542 -4640 19181 -3447 -39444 -45995 21193 27341 -9948 58507 48428 61339 7439 25903 15089 26030 30181 60111
r356 -9170 -47559 33491 64048 40867 16114 -30579 -18048 45198 -15996 -30159 -3195 -57232 -53525 -16180 -2012 6713 -36335 53681 -15558
r357 -41237 -57079 18483 49846 9662 29343 13431 -24281 57802 -53446 57517 10861 18481 -3266 47796 47888 166 43686 -31194 -24531
r358 -60987 2656 -55295 -52485 45271 -56230 62418 15939 41186 29681 12300 -32324 -16657 -57303 1140 47549 47967 49611 32626 -26105
r359 -35496 9316 -53433 24350 -1649 44194 -61083 35986 -32468 -17740 -14756 40863 -26783 22742 29405 17925 -46364 -3726 46795 -46826
r360 -30816 -4048 -21819 22982 20631 38425 3201 -48749 30699 -14901 -8329 -51460 39154 -41379 42543 38109 23223 -5376 -23344 -57328
r361 -58928 25927 51107 33298 18792 -32715 18302 56601 51781 26087 49127 61073 55152 -20066 12053 28760 -29287 5295 -28850 -54297
r362 -51433 -46620 52712 -28920 60115 -17434 -1994 21680 63423 -35525 46985 -32576 15463 34140 18306 61229 61314 52060 62913 41056
r363 -63450 8239 -4985 59117 -61161 31953 17139 48480 40032 -43869 60490 41169 -19874 -11735 59196 58079 12453 27042 57339 -34220
r364 -40777 61477 65367 32653 20628 37136 -10259 19791 33002 10895 -59149 56432 -62415 -25357 -44699 41196 26860 -51530 61483 48816
r365 -55192 20701 2308 -21839 -46577 -19896 5730 -48884 -37749 -45350 -35319 -42678 43202 -46679 40022 35654 -42864 14600 24360 -34839
r366 -5244 -37967 36520 24249 -34212 52976 41750 10260 -2523 31138 24511 -25611 -47768 60247 -20690 -31877 -61998 -22495 40275 -30322
r367 -15489 12268 56114 -9046 -28719 4300 -29761 -62114 10049 42029 -63869 12416 -54312 -39025 48726 57024 -38447 50516 -12741 -28726
r368 -808 16068 -41414 -27850 -56926 2062 -20670 -25020 5099 8805 -32993 -43466 -45552 63037 -5590 -22137 -2937 37465 -45707 -46911
r369 5976 -58870 -19433 -39740 21153 -52860 -28261 -49330 62350 -12662 -33614 30982 -52567 43480 -20242 15244 -3789 -55068 -35269 20453
r370 -24297 30512 -10479 49517 -17714 -44238 6071 59173 39950 9399 54753 22133 1862 -18961 -54231 50779 -54283 -20292 -35609 -28817
r371 -14295 32541 -21780 -56993 -64647 -15523 -14080 -33634 -45938 -7559 -36309 -25537 -59183 -52032 -44661 -13643 -58677 -49965 35239 -11922
r372 3803 47000 22528 -19144 -63204 58177 16044 59259 -14637 -33864 62496 -1476 -19914 5545 -22468 -23674 23826 -44647 -63468 7227
r373 -53147 -13540 20950 43168 -40854 28909 -20916 34063 63879 20577 9392 -1989 -56451 38225 50028 -30605 -13618 -58005 59814 35003
r374 -25258 36312 -30513 45468 45367 -25725 17247 -45950 -59949 -11178 -44509 34238 -4694 -42200 -22731 9569 -6793 45494 -43721 1646
r375 -52360 -16174 -26943 64567 -46180 -35340 11544 -51026 -54824 6437 -3512 -9832 -32754 53950 -6474 19133 4731 -60440 6257 -49917
r376 -47746 5359 51208 34829 -10855 22160 9817 33661 -31417 -21676 -49339 64905 -10150 -44588 27879 -24603 -51729 -11279 -44750 -7771
r377 11169 -20896 -40472 -2113 -59506 -65310 26994 -12750 -60353 -34458 -53937 -44523 26145 34485 19313 60570 -34735 -16086 -57881 -5987
r378 -54630 53033 -20279 -17042 55008 -15476 -51325 -59911 45338 -6934 -41078 58230 -9758 45824 -20448 -60721 43069 -15850 -5250 30396
r379 26367 28584 -53579 46425 -60602 44399 48593 -52392 14111 -35589 51644 17039 -49260 3536 42777 -17101 -57194 -57029 47945 -57491
r380 -59904 -22686 14926 -36141 -53262 -33567 54576 41558 61302 -3568 -63364 23466 32555 -17008 35117 20569 50880 780 11766 -34999
r381 -36491 53669 -16410 55660 -11676 -37829 -2581 -31699 -10461 -9912 -41402 23620 25563 58921 25280 -22265 3394 31703 -58791 46839
r382 -11008 -29422 57489 19997 57484 29018 -41416 -32655 14557 -54809 49259 47648 57930 -52418 -19067 -21766 -35084 -11586 60540 -46690
r383 42573 -54115 23089 16500 59871 -38614 -35898 -55266 -34563 -57283 -15636 39546 1739 53802 60180 62818 38602 50942 12152 1115
r384 13460 18253 -64970 -33923 -26644 17029 42610 -18891 -29875 63301 38253 -59647 -12597 -15933 17360 -54854 -63519 4520 41259 -44234
r385 7747 -18754 -57105 25601 -31423 -26343 -38193 21362 19215 -45321 -22627 33037 -17206 -29134 10143 -62316 38672 19060 -62691 -53825
r386 52569 -13553 -64251 -37300 -40625 65113 -61581 -54822 -53880 31402 33500 -23546 39858 3280 -31135 -16646 -62151 -22121 12186 -30232
r387 -36747 -41100 31509 60265 -18099 -49244 -22401 -34809 -46964 -2011 65520 -21524 -4911 29208 42618 -59003 37350 -36209 35447 54377
r388 53344 12732 10074 7186 31286 -44677 -58290 -33053 63786 247 -49942 34367 27134 -31479 7653 62962 -57177 4140 50611 53693
r389 46900 -62135 -60934 -13744 -52263 30029 -40727 37691 18460 27220 -54434 24421 -22886 -25067 13349 -19151 7631 -10176 62674 -24219
r390 19517 -36512 -8992 -22417 4801 -38218 -32528 -37936 -16960 -60447 -43380 41231 23529 47079 19048 -62363 60811 14806 -27481 -34362
r391 -57109 -62675 709 14977 -13150 -47699 -21919 -15859 -8733 7547 29906 -62253 39612 -13166 -60826 50859 25431 -64618 33063 -41741
r392 29133 -47855 64480 55036 31955 -23517 48046 53904 2697 -6204 25119 61727 -64642 -41508 -55947 46143 -15899 -33582 43118 -22438
r393 50937 51306 -56474 8697 -22628 7582 49218 -56314 -24379 -41209 9849 50229 -17085 60754 -5252 -14657 -48174 22570 22463 -54159
r394 35061 -29331 -43713 -13275 -30508 -12847 -26248 -60717 31841 -39787 60000 33681 -51020 21109 -38768 -29918 -53020 -47249 53020 -26171
r395 -6974 -33832 -30266 55573 21197 54804 -1485 22462 19604 4445 -34985 15254 -37366 185 8237 18094 19613 -23021 6102 -36828
r396 -39481 -56945 45126 -43398 -53875 -47447 42355 1389 61382 31547 -360 -46680 -13095 37715 -3023 -31391 33793 36228 47015 -29755
r397 10256 59133 -10653 -61747 36005 -3828 60633 -13056 -62078 20261 -49663 12882 -6475 45269 -8125 21715 48630 -47398 8404 -49348
r398 11563 -52375 -61156 33427 -19296 -14616 28462 21333 -57967 60457 58411 -37225 -47251 -36434 -53338 27538 5184 -63204 -34385 -23457
r399 -134 -2464 -18582 39015 24896 6780 -43803 -11321 -52391 49190 59978 -11389 26748 -41716 -37185 42777 -34310 -56091 7327 -44054
r400 10656 52180 -46084 5999 -65375 -25797 11684 6633 -13239 22357 29013 -20601 -46579 -42620 26685 -22275 29171 44453 29567 34788
r401 11075 57732 60088 -19328 -16775 39595 -7543 -54199 49732 -30344 -11410 31053 54215 5258 -39753 -19951 35785 12990 60725 14733
r402 36298 14410 -15407 -52126 -2216 -57321 -8344 50083 -29688 17029 -50695 -23003 -40403 53917 59278 -53769 19301 -53970 56935 -57794
r403 -9641 -7787 16048 59136 16580 13742 35130 24283 -24967 58545 62168 -41383 7013 -8665 -14365 20946 47273 58177 5884 36794
r404 53821 -49977 60646 -63518 61494 -13344 43869 -23246 37650 -36621 -42442 -43359 49849 3112 -21700 30849 37317 -13645 -31634 -44637
r405 -54889 -29692 -53761 22527 41463 -7584 45847 -49254 -16312 7082 -39616 -62459 -4788 -27041 507 -17825 -30883 -12170 -47723 -59039
r406 48268 40861 -35211 18091 -37417 -52488 49858 -28428 31952 52638 54592 -49286 5301 4477 -9940 -33139 38325 19076 19404 51378
r407 63590 23906 6659 -21936 -48688 -25792 -48897 60703 -44489 -62174 -7590 50724 -4411 35817 41899 28548 21288 42160 6779 -3320
r408 -44987 -16478 21866 -55156 18116 52750 53825 -30508 -62082 54664 41660 -21576 -34015 64211 -7996 -10829 -57951 37562 -45287 22187
r409 -49272 -56998 -11509 52368 -36050 -58218 -28058 -59642 -4127 -12350 21836 57470 -37284 -32684 -42336 16289 -61326 -21865 9256 -44060
r410 58122 24902 30118 -22770 47304 -34043 57096 34327 38689 62288 14141 22793 45832 511 -22407 24658 34374 -32848 -27503 -40976
r411 64054 -42386 57119 -34791 -62394 10341 -25252 5013 -2268 40952 -20997 -40972 -56655 -13411 -9316 -54167 2100 -17855 -31233 14203
r412 58880 -63348 40480 9849 47257 46308 -5062 62484 9242 56122 58957 10520 35774 35300 48274 -3275 -32550 -18461 -16979 6447
r413 -59327 -30287 10643 -46486 -42019 17217 -8295 -35182 61273 28171 -22743 23208 -34163 -49988 -32258 -61419 45803 -26019 42032 11072
r414 -12306 -30112 -12438 1911 -31580 13448 7550 8082 61399 48505 -4714 -48591 55298 26548 -14889 -55181 19614 54834 -24035 -49603
r415 -32181 -31952 39958 49141 -53253 22106 59029 -10252 -56079 121 251 44443 13574 -64222 -60421 -44961 24897 53441 -6828 -55098
r416 40624 -21699 -59642 12667 -16307 -8813 21951 7348 -61200 -57629 65346 -54547 -6939 60098 -42246 31675 -7871 -4615 -52795 -4201
r417 -22720 -38360 -32976 49489 25520 -56866 -30359 -37551 -58667 -526 23004 -59547 -45981 9882 53903 -55924 47500 21281 59944 1484
r418 -28574 -43946 -21606 28191 60307 2820 37266 -19020 52781 7976 -35608 31462 -33525 58504 -35483 31574 -28094 -15376 -54972 -57112
r419 25243 32190 -47272 -20829 -10246 4411 12433 -49384 -1330 -64310 43672 -64601 -24444 -43160 -14147 60518 55373 -56056 -31916 5760
r420 47208 -52577 20113 11629 -5707 -3237 -10941 35958 136 -39127 -17547 -55230 -39493 55546 34543 -38554 29152 -25880 -35810 62980
r421 -34365 -19641 6157 -39520 40125 -48803 -19978 -848 51767 -40401 -24743 7232 62974 19930 45219 45850 -63378 33246 -44513 56137
r422 -18018 5414 -36753 -38132 18382 32383 51133 -56638 -22228 5960 -40070 24257 32270 -27310 -12145 -49041 -28505 -14969 880 -49769
r423 44736 5476 -9572 -64746 -46559 -56749 38974 -25872 52576 35707 -9893 -35702 -40597 -31794 13962 42343 -14238 -64585 -46618 42010
r424 -48547 13529 60309 33833 25680 31573 -48528 -40486 -34073 62743 -2927 37184 50632 46500 46231 5538 33495 5286 -26172 6848
r425 28455 49246 63699 55627 43750 11516 -23390 33830 46875 52166 -52275 -15796 43195 7541 -2918 20011 -48659 29018 -54188 60402
r426 64481 8579 -8984 -1541 -45563 62459 -18597 44641 -8350 -9110 5122 -59211 21826 -56800 -48937 -49913 49048 20180 -54194 -50958
r427 29849 -32734 44612 48756 -50336 -57563 -59755 47289 -18229 9402 43410 -26272 3238 -56273 -32194 -27430 61204 -55129 -58285 -26152
r428 39111 -11362 -42749 -44496 32611 60839 16954 -34176 60073 -60622 8746 -58363 -35209 11979 -27736 -3088 7001 -9781 28092 -21143
r429 -845 47788 26157 2013 7040 29923 -30238 -36614 27239 44814 -17367 36633 1284 -13967 27481 33481 -56774 36056 62203 13392
r430 -20150 18686 33188 -46636 18988 -25721 30541 62485 -24569 789 27720 44851 3998 11259 52331 -27844 28701 9279 -20403 57900
r431 58010 -351 -62399 -61456 27424 -63716 -21614 -60477 -10061 9019 -62557 -1051 30242 43990 54718 59319 16776 41521 -5561 14557
r432 -9926 -10726 -22764 -32757 39796 22119 52228 28703 65521 47555 41667 24404 1260 -39239 33299 47023 -25573 50876 16272 63813
r433 -64012 -57780 -48241 -62491 44456 17062 -64872 -43792 -2357 9181 7152 -60514 40434 59636 -53899 30853 8604 -18429 -38630 11749
r434 -28913 -20725 -4768 15930 47829 -59766 43123 -62056 -39268 12745 -1901 50310 37017 -8310 -54828 -53101 26576 -43535 27704 14964
r435 24202 -49976 -45971 -41515 -16708 7073 -31774 14394 54075 -13549 -64857 23681 -36910 -48369 36038 39397 1032 -34567 -50852 38070
r436 -17247 -14082 -46872 62962 -53434 64237 19750 57876 -25658 46802 49076 41843 52064 41875 -20413 -17526 21688 -44449 54630 25932
r437 30829 23430 18726 51347 -18879 -36891 -15127 64487 20304 44306 31186 -35040 -40891 -25687 13091 40078 22388 56070 -33524 42630
r438 -45952 3498 -20468 -57704 23425 -58001 8126 -2290 32343 57641 -36770 -62898 -29741 3674 5183 -35378 -36283 -8236 30098 -39538
r439 64904 -42637 40814 52402 46186 -54886 -24384 -18903 -32456 -746 -53605 39041 34177 2025 -42546 -29733 -15476 21709 714 14947
r440 55227 -40336 19802 18557 -23492 -7894 -36095 308 -63628 60433 23995 60586 56665 48358 48821 34313 -43119 -53461 -40779 17376
r441 -44845 -61382 38089 -546 48147 -15067 -62902 42037 53079 62217 -25269 -25015 -21359 -31245 3458 57835 62668 18845 38179 -22712
r442 46721 -26979 -46852 -30643 64693 18602 -59465 27616 60598 50784 61220 4619 34936 -4962 25917 33155 20540 63082 -44191 38348
r443 -39388 -50079 17134 -15177 -44033 -56017 -50122 5843 -25067 -12848 -58057 -20158 56060 -3175 -20839 31924 6261 9471 -34930 25393
r444 29905 -33877 -56517 3231 34599 -18643 33457 -20301 31445 -51457 -12797 1786 -65464 -55767 -28525 45297 -16881 27989 36795 22376
r445 -21579 2196 5680 -45686 60064 -58250 41774 -5126 9294 -26841 27689 21070 -46566 -59902 -47357 -1984 51394 -45859 41336 41385
r446 -7825 -10609 -57689 40685 -48216 -28005 -6851 -26173 -7967 -37928 49959 55992 -16001 30826 -38112 -12653 -64370 -55695 -62421 58248
r447 -36925 52253 -13243 17959 25711 -39235 21934 -57122 65025 3752 -31797 7859 -22248 -33835 -49604 -8427 -355 -17390 -20812 -51645
r448 10934 12611 36070 2623 16745 60191 20430 -27630 -3189 -14641 48675 -51284 -63288 33442 -60103 33651 -33758 42704 4864 -19099
r449 -37829 -61363 141 -32237 -56730 -55419 4534 40839 -61829 -10506 38210 18008 38003 -12065 -33426 21050 13962 -20732 -58437 -33312
r450 -38408 -42306 37905 40366 50643 55334 3026 5065 -65034 56594 11110 -35600 30492 -7926 -62563 55065 -62804 -9612 44146 32516
r451 -23950 24934 59427 2844 54055 -60767 58002 31716 -37810 57972 53533 -51662 -64510 -30359 -50286 3234 -43877 -52601 -33625 29372
r452 43942 17112 -49573 26482 51257 24863 -43056 27854 49333 63803 11839 -23298 34142 -9483 -37337 9791 -24591 29857 12239 -17786
r453 -33374 34727 -56926 21221 -64929 19150 -23266 43169 35639 36924 61195 -41543 42235 -18699 -36714 -4655 -43563 12640 33166 43895
r454 -57254 -1758 16273 14598 -65094 -11706 -32005 -43815 -61845 54708 -24141 -51387 -772 57479 42701 -13935 -44903 -2660 -46304 -22175
r455 53413 6105 63186 -57546 -11348 -42471 -26823 14260 -55907 15794 -39767 -38337 14012 -47258 -22146 38262 34526 -57984 34221 -34304
r456 3178 23046 -46649 33705 -24264 -25770 63720 -21272 7020 37235 47081 33798 26453 46213 39754 38415 -3371 49885 19638 -61333
r457 61745 -64817 -58627 43209 43291 -8479 -32426 44811 33295 -8896 -20005 57534 -20534 15759 -1666 25771 -12236 -57035 50605 -44509
r458 47507 38920 59184 58321 -4098 -56430 48645 31971 24669 48974 -63779 51695 -30681 -13731 -48149 55721 -56316 37185 -29782 6516
r459 -12413 -31593 44648 12620 -42115 765 11153 33765 52505 55937 43654 -57191 -9254 -34272 -60191 -11342 47900 -27671 -41097 6096
r460 59848 60017 -19015 -64405 -43049 -52650 55022 10388 -2755 49574 43788 -16855 34759 52658 14300 -4153 24903 -46958 -21742 -24948
r461 -38636 7275 -47004 55237 32838 -55910 -5440 22986 46261 21511 25551 28894 62829 23553 64660 -5983 21262 32573 64722 -10556
r462 -128 -17873 -5630 38798 -512 -23538 46196 -18056 21097 -37423 53949 -423 41752 -46454 -9017 -6629 -14596 -64024 -32051 -23141
r463 -29948 -51070 27805 59138 -26932 -8814 48028 -27248 31885 -55266 33919 -59057 -26909 21422 666 -44888 -14827 -2821 -76 4441
r464 -23317 44031 29420 -21638 -39096 1265 -57929 -41891 -40778 30477 24554 -15359 5662 -45 21713 -34333 44862 39350 7873 35936
r465 29147 -25352 33034 -5495 -16185 35515 25428 -11690 -60581 41762 -53643 -22441 -38013 21730 -47374 50359 27674 -42437 -10388 -54316
r466 43625 -58572 55057 63749 8267 -12489 -44005 33790 -53854 -63911 -54659 -30511 -23632 63382 11509 57575 -14700 -62864 -36818 59659
r467 58483 -15710 44590 60148 -38752 28431 62900 36874 27505 16816 6475 1189 13699 -4669 51734 12858 9390 48673 -8067 60235
r468 52719 -12807 38562 5899 5229 -55372 45740 17661 -43702 12260 42108 35923 50498 20762 17810 -60372 6469 40616 -12567 52847
r469 -4331 -34379 51136 60785 47728 56798 -38125 35505 53350 50699 -50807 52852 -58181 60452 7570 16105 26810 63029 -49304 37461
r470 56760 33964 -49925 -28450 -15149 14931 -63052 12283 63962 -41149 -58891 2060 -42011 -42482 -28883 64740 -48590 -46475 19286 -32657
r471 -8308 -2946 -47704 -15289 64645 53221 54842 62849 48193 36616 16825 16598 -38898 -23485 24429 -28556 -26472 -35297 -59027 65261
r472 27136 41522 17957 -31778 -21121 -25915 9389 -41820 -28008 -32227 -42094 31307 -15455 59455 11454 -33063 -40665 -57467 577 36035
r473 -65530 45283 5770 -12232 -22276 -28129 23209 -56971 -45509 30070 39948 16705 53973 55173 -13348 17336 47880 -21376 32978 -27060
r474 54409 -33538 33729 -55170 -31697 36359 -48520 10472 10597 1323 19244 -41788 55174 33465 53269 54355 17686 16265 -6866 58327
r475 -7752 28868 56327 -38191 4944 -42279 -62894 -46954 3772 36296 54027 -61520 41781 39142 27316 47535 11965 -29835 -234 -49372
r476 -45600 29209 30297 -36558 -49229 -57355 -46462 -59090 -3991 -55988 38932 -10857 32693 -35135 -63503 19541 -33987 -6178 42948 48808
r477 -2527 -49028 -58508 64220 -50929 -18467 21675 11458 37095 20181 -61446 6895 12873 26369 51398 7685 -61721 -32122 -18189 52408
r478 -13288 56856 63839 -52530 7355 30791 55409 -23955 53342 -49864 -12139 3625 -6461 8783 -61288 -21711 32349 -53407 -4860 -40228
r479 -11839 -50847 -55242 50432 7081 50920 -36912 -28729 16248 -39786 28736 -14847 -23492 -30365 -3551 -62674 58807 -36098 54273 -52954
r480 5913 39538 21565 28944 -26375 50621 -52487 -57628 -8648 -10895 -4437 57908 40013 -1822 55020 -54852 -2397 28010 -2182 25342
r481 35223 49590 40697 3144 -33472 -33830 59777 5662 -22449 61566 15429 -25958 -18492 -57926 -32600 59461 5897 48342 -46708 -14196
r482 42403 23981 53910 64914 -55463 -33738 -38464 -19898 63061 6196 -33502 -29522 48535 45954 -30974 -13878 60999 49110 27995 6329
r483 36916 17789 -7492 -51429 38367 -41193 8683 -8820 -14742 14534 672 19637 -13859 1359 42559 31435 -28007 61044 -29407 -5459
r484 14421 -45327 43661 22222 32158 54443 33758 32146 -57819 6566 -38961 -14994 36621 22173 -32969 -27030 -35751 -42319 -59555 11402
r485 -50672 -42860 58958 17661 17681 -35884 -25501 -51487 31091 -57134 7914 -11894 -8168 40553 35235 42278 17699 -2682 24505 64671
r486 -18107 24076 -7153 4523 -20706 4009 122 50636 -9468 -18766 -5469 38343 58860 1999 -2959 -27602 15824 8080 18044 10549
r487 -11014 15383 -6024 48671 8527 32048 46116 -36749 -4521 11963 -41636 41949 26042 10574 -5653 -21955 -19477 -2234 40306 -44542
r488 -8135 49080 52181 27662 -36780 -748 54085 -10190 61752 42955 -19489 26797 6892 4262 38515 -35634 -31764 -50484 -33146 14554
r489 64181 -60596 -439 23648 34352 -55614 -27905 2224 -5893 50611 -45567 -18274 -49688 11929 51817 -8355 -30930 -54412 -43584 -2460
r490 -49680 47572 -9555 32341 8746 23831 30295 -1785 6796 41599 13093 61351 7849 13313 -21685 37789 45757 -57041 63745 -41974
r491 20717 -16515 -28747 15482 13090 1237 -53329 18942 -9317 -30561 -59772 40596 4751 64364 -26660 -19532 44214 17404 56377 -30635
r492 58291 50851 54758 9485 49882 -19312 -39208 -28511 49279 -47111 -39473 52866 -41132 -7979 11014 -11186 61435 -3372 -15017 -48650
r493 6391 56986 -49694 21643 21814 56193 -18302 -2069 56851 -19658 38692 28652 50005 17728 -33751 -39356 18722 -23574 -4968 57452
r494 48092 -61313 -33054 -36249 -19915 -34115 -48207 33978 45361 55354 -7177 -49804 24267 -62864 7592 40450 -35316 -5583 -11882 1730
r495 33644 -9288 -7517 28284 27239 -55280 43690 18028 -46180 -50798 44145 -19734 -25865 -6219 -29069 57186 65247 65212 -32600 58249
r496 -30451 14630 -6082 -64356 20926 32856 2599 43582 17191 14932 5506 -48323 3290 -26804 -53820 23594 -63179 11032 28693 -46558
r497 4364 -47753 55230 63653 -2839 -2019 -14563 50347 -59092 37626 -61742 26213 31696 -11028 23980 57807 -61782 -36527 26949 5815
r498 56830 2841 25249 -14218 -41649 -22792 -103 29139 30762 40328 9319 -8053 -46270 -39877 31733 51577 -42362 52741 -45058 -55670
r499 -15971 -55079 45462 24937 -61058 -27082 -54421 -44693 -22176 -18346 -56125 -44601 25898 -31513 13216 -45981 -42663 41630 -17346 -34175
