mTable1 21
KEY  c0 c1 c2 c3 c4 c5 c6 c7 c8 c9 c10 c11 c12 c13 c14 c15 c16 c17 c18 c19
r0 -634 31545 46094 44185 9348 47902 -32775 33083 -49237 -11531 -50894 12323 -8147 55548 60649 -35921 61999 36218 886 -3094
r1 33470 49310 -4824 45449 -29070 -53577 -36137 1314 2483 -29821 -2491 -38023 -17968 36636 -57436 -43145 -61825 -39579 -13081 11396
r2 9063 57533 -36547 -51493 -13199 6401 53661 -52879 42597 8613 -34173 -35276 -56910 -32278 53115 -9588 -59023 51956 13722 43663
r3 -35402 64013 -33540 17770 -311 33485 -57556 33940 -31526 46691 13406 1060 -47795 -42525 -1828 -19830 63905 -24 62477 24002
r4 52779 2204 39720 39750 24120 39156 4171 37170 -16441 -47554 39617 32972 -14204 8146 -22015 45789 46202 60778 -7035 -15987
r5 34044 -44330 31131 -11504 64233 5004 59002 -39745 6837 39054 29410 -44689 -53683 45982 52434 -50810 -43711 52559 -31154 -18516
r6 -36132 14323 40004 24952 45712 -46930 -36934 -51935 49892 24523 -61328 -22859 -27695 31835 -35726 27714 50410 -49548 -13221 49974
r7 43764 -31932 -27183 51045 23385 1900 -3983 -54055 25101 15901 16629 9695 -21513 -35167 -25537 -38972 29623 32414 -6985 -38676
r8 -28388 23251 51161 -39116 30014 5928 19069 -42991 34442 39809 -47454 15010 15466 -50027 -55581 -39955 24585 -27894 30305 -33838
r9 41392 34637 43736 59 25266 -20763 22523 -32281 -49060 1016 -7417 33107 -16822 13706 -45958 -29532 -52893 50448 -1313 34922
r10 16923 59157 11618 11398 62998 7813 -17465 36720 15757 38888 -29857 -21704 -7198 51799 27189 51801 -22703 -18648 -15069 -40193
r11 60545 -48821 -45185 47059 -247 57472 22525 -28090 -28062 -771 36944 -18760 -28453 -18679 -62726 -8959 32102 -19877 -62637 -43601
r12 54226 -63665 38221 27330 -19210 -6004 15230 54448 26387 57328 57257 -27354 -8070 14608 17858 -54597 62191 64534 52066 -6351
r13 46468 -25456 25152 -36218 14271 -65035 35527 40312 33351 -52334 14191 6027 15712 -55293 43853 24292 -15753 -22161 -20711 11587
r14 26095 62833 -35059 3719 40540 -25515 -6089 -57686 -42848 56475 -47359 -53096 -65231 47983 35325 -47020 3579 6342 -41463 53294
r15 37916 -624 16539 14749 61021 -21261 35324 -19636 19507 14220 -63415 662 43164 30074 18332 -42548 4837 21544 -40531 -38204
r16 -65264 -1107 51915 2252 -16198 26854 62319 -11076 -1964 -55779 -64829 50234 52358 59562 29980 -54923 -20277 -56827 37023 19623
r17 -19054 -57940 -9014 48068 -6228 -59501 20512 -4398 -52281 -18547 25926 62647 51355 -4279 -54307 11367 62625 -4777 45909 -56242
r18 -3099 -18908 55868 42840 -47671 9520 -29617 -35561 -56784 59433 -40181 4902 -61787 -19702 28003 -23052 56534 10637 -15503 -19612
r19 59883 58575 36165 33814 -27124 -6043 -44112 -55192 -21458 -3411 22038 38865 -49330 12297 -39552 35801 -5228 40914 41314 -39914
r20 32475 -35297 -27537 53812 -56417 -36909 50198 -56695 -54792 -52295 23021 -38960 28027 37784 -1780 -32277 -22445 -16245 63298 18496
r21 -21190 -46027 -20891 -29952 -4579 7312 -64419 -61460 14276 40471 -25948 13923 41952 -14305 -38787 49948 -45452 41070 -37602 28887
r22 -9018 -20819 39155 -5870 20919 51066 28164 63498 -49485 13234 -40446 48157 2019 57298 -760 46698 10351 9913 53202 28327
r23 -21681 -57196 -2844 25127 -16141 -3834 33528 -26865 49128 -14152 -11087 -23288 15165 10041 41751 62760 10399 12763 63417 49118
r24 25150 61347 63468 61046 -41841 10207 -17999 -7185 41047 63846 18464 -29992 -43007 -23668 -46925 55155 -28172 10387 53484 -5336
r25 -52929 55138 6109 -16556 -41664 -15146 -52383 41901 33394 -2138 60816 1741 -39609 -56895 13120 19242 -26252 -30951 44179 -54305
r26 33014 26951 -14616 1907 -9252 -49833 -33982 -38223 -8293 -26496 11409 28798 -61164 -56639 37660 -25513 -33223 7322 47625 -1483
r27 -2762 -6123 -24214 -39027 -10037 -49132 43756 64872 -19436 -29162 60174 -9555 22474 -32505 9718 7805 41696 58285 50670 21061
r28 -56611 21988 48459 47215 -21972 39002 -42979 -48293 -13341 -40270 26463 25920 -26160 1106 -41674 -7849 25484 21117 -10210 -15587
r29 15610 60884 -61707 8724 23432 6584 -4581 -5955 -8399 51623 60870 -13004 -24348 -56292 23185 -42932 36242 14903 -5957 -5704
r30 -25929 52891 9463 18288 52701 58266 -33033 42740 -47672 -22235 48749 -55071 18879 -2362 10733 11523 3644 -12449 60261 -57363
r31 -12889 12718 27742 4792 -34491 -64207 53320 -12746 -41590 35801 44701 8693 19174 16634 -20974 3051 -728 6910 -56714 -23120
r32 -60060 64372 16828 18521 9019 62701 61899 -49259 45313 672 -41121 -32447 9171 35057 -22840 38756 49391 -31202 24222 -4273
r33 -11228 30520 20911 -30619 47536 -9026 -60909 39094 -53539 3192 52925 27676 -14610 17552 -58559 -12330 7267 -57065 43705 36914
r34 -11814 32931 -48583 36649 23930 -42426 49851 27665 19564 54039 -34746 17900 -57480 -34938 20705 22799 -35018 8868 -39344 -48295
r35 44024 34766 31979 19722 -51732 -39038 -47114 65284 37007 24001 -15202 4367 59050 -52232 -60062 27790 -32002 13128 -15593 -29298
r36 -19273 41068 12803 37062 19077 -58149 63126 35861 -56880 -6674 48550 50265 -58731 -28756 -6343 44023 48390 -19670 57309 14783
r37 -43115 35903 -61018 -53223 -3526 13195 25284 39161 -35416 60019 35585 -61945 -63258 -38064 -34898 -13695 -49326 9447 -56784 -45152
r38 7213 -5476 23426 64386 46419 60419 59643 -60445 -3230 -10276 -17242 -44847 -33036 45709 -2543 10508 27626 -12597 11586 27824
r39 2764 53506 -5512 41458 -33236 53920 62274 13731 -20523 64228 -11274 -51264 62523 -14750 43388 62484 1874 59869 -61604 7299
r40 -51003 20054 -12886 -18331 59726 25095 37644 6265 -18596 -4539 -18746 52848 15241 27316 -48689 48653 9218 -16474 -1125 39818
r41 -55214 -25982 -60421 45755 15425 43512 -36599 -32029 -22714 -17800 4891 38702 -49717 59865 -3347 29453 -1859 -19486 -17027 -5714
r42 -45317 39226 -57564 -4785 -62704 55192 60247 39479 -20259 -54995 -34066 -36245 61794 47716 10929 -16808 -56432 -64151 25314 43324
r43 -61145 18391 21961 -14312 -30561 4588 -18188 35643 -61426 13489 -58353 17926 -6106 39013 -46090 -64529 11982 15177 -54090 28038
r44 -62936 -51527 -64452 -64376 7517 46717 61369 23996 -56166 -29669 36463 -3406 20209 -19440 -59541 -16992 -600 -61719 12651 -36002
r45 -30150 37597 27035 -46983 -19346 43948 9720 38328 -12550 32975 11459 -53191 32106 -4323 -29312 -30915 -21594 -53583 54533 -47333
r46 9089 34811 -9623 -62900 60962 -37725 14716 -3718 58572 -23233 -5860 54922 48289 3283 36224 2819 31354 32274 -5678 -982
r47 -64636 56805 -17017 13998 -7673 11876 -47368 60744 -15123 -50968 39133 -51201 -1272 -39077 63523 61853 -38265 23523 9436 15665
r48 48815 35528 36227 46568 -54644 -55489 1036 63943 32100 60366 58857 -52081 45351 2380 -37265 37464 -49155 24953 46992 62901
r49 -35189 -21016 46142 -8440 -32739 61761 -12204 9839 36546 62966 -27262 -29882 35606 6715 -49747 25709 25852 -37938 56368 50709
r50 -54752 27290 34845 5654 16095 -60818 20852 53374 -35885 58240 59479 -13052 -14529 -20843 -58645 -4586 -44942 27727 -36678 55724
r51 28771 -21508 -17867 -9806 21834 4546 -39612 15175 -12359 -11744 -20193 52251 40662 -38198 40056 44080 -48604 -5379 41878 8221
r52 -30175 21360 27440 -42472 46284 -48630 1863 43987 -12252 12399 52520 -13330 28447 41136 62653 -18286 -55620 -6007 26884 -29263
r53 -53782 -19822 7671 62253 9202 -20592 22541 15148 -11273 13945 -352 -62674 50850 -59717 -60868 -25551 56166 53950 -24753 -49619
r54 -54314 60695 24850 -10297 27534 52913 63763 62097 7592 1249 57349 -2960 -22329 46294 58376 -7146 20387 -14851 -54254 -33873
r55 51792 -63591 -2992 -34417 -43824 5728 -7151 14815 -12614 30575 4215 54376 38552 -61722 24419 -8686 22767 -49662 -46040 -639
r56 52102 18091 -29233 10614 -56455 -34586 15439 60287 -4859 62804 -31095 -22939 53381 28090 -15580 20449 -6991 29214 25067 -25458
r57 16350 -51652 31783 -57427 -47844 -51868 -40256 48089 -49893 -36495 36222 51960 -11872 -55886 33008 -52298 -41020 -20178 4208 3118
r58 32554 40239 -43282 61852 32933 34054 38436 56195 -8155 2381 -7417 -46187 57165 51689 -55900 41375 -10644 4375 -57357 -25131
r59 -12997 14444 41156 -50957 -36775 60286 41504 61485 -27452 -51969 47619 -34084 -14356 -29057 -65328 37742 56310 7257 7462 -51873
r60 29421 47772 62727 -8199 -59191 55794 57323 -32837 -54332 -22629 46949 40895 -4958 -49686 -36104 57981 26632 -39350 -61726 -9557
r61 -9646 55501 4665 -15562 -20369 12611 49220 18196 46747 -51297 -28319 29468 -58635 45318 -40890 29368 6566 -3944 4519 9960
r62 -63482 -6455 11472 48979 -17643 12234 -53636 65258 -37584 -58928 -23397 -22305 51766 25641 -24084 -35557 -61702 18192 57094 24806
r63 31035 -54744 58245 -7595 -61903 -8514 37527 40119 -45661 60207 -17688 36635 -62759 -50549 40482 -38284 -62419 50535 63250 10862
r64 -49102 30375 -31784 -6868 7868 -6846 61846 10042 13700 -53825 7327 30883 8030 -25401 -5833 49487 -24895 -52009 14756 1846
r65 17021 56471 -44005 -6523 -59145 -16229 56964 62928 22264 28978 29338 -13572 56655 65430 -17290 43935 23312 28305 11193 -18618
r66 -743 29080 -20921 -61243 -3348 3695 10834 -22523 -20937 30491 22668 13328 -24998 55721 55697 62663 -50601 -23728 34206 35265
r67 54807 -18905 26779 -57295 3167 34795 -39825 -45244 -16882 42208 58855 53382 38601 -6014 1578 -49723 -28997 -64494 57185 41335
r68 20586 43924 49352 -21763 46373 60035 48144 60867 -12210 8797 54278 36254 52692 49859 33148 36047 -19267 -58703 16132 -55465
r69 -62735 -56667 -43047 -6171 29024 35037 63272 13221 -63325 -59363 -25015 47770 21063 -48551 60598 13668 -60874 -62451 60637 52630
r70 55125 -26732 1734 23391 6049 15200 20455 -30923 -44256 -18881 62020 7853 34349 -54554 -3464 -35675 -44259 -47596 23727 39757
r71 -22187 34884 24134 43869 9289 -29738 40894 48639 -24465 35058 -36517 31188 -31400 -43651 5100 17644 50930 -20260 -41541 -11837
r72 -62176 -20886 -8104 -52720 40035 -902 -9661 -20448 -12904 33023 11783 65185 13286 41359 -22497 46772 2630 -9212 -32308 30093
r73 44770 63123 19693 -4091 34101 37594 -34760 -39183 17399 65328 29327 -6286 -42482 8846 -30190 -7228 1629 -62904 -32327 63960
r74 -30266 63528 -194 -37017 40269 13782 6258 56313 53194 24721 -16813 -11742 45503 -21273 -37295 -16741 -47280 61309 15664 -7029
r75 -39190 -48362 36220 -42609 -47864 -39330 -65263 -14420 41525 -18248 -55756 6445 -26625 48724 -28016 43887 65395 -20433 -58548 16519
r76 -33072 -11105 6224 -21025 23810 -61772 -31396 58161 -61853 -44433 -48892 30770 56252 41503 -13581 -25835 -59313 6736 26628 -29506
r77 30790 31859 49143 -12610 -27306 -1660 -62196 3908 -54146 401 -16255 62469 57632 -63550 -14343 -63664 16019 -3747 3820 -62945
r78 -64341 -62444 -34299 26151 60773 8550 -46153 -42691 -19317 -13660 -58404 -60949 42182 -27229 32890 -8611 -10576 5110 -39725 -56011
r79 19092 62159 64552 -43830 -63917 -32761 40480 55061 -8795 22553 -44552 61416 21731 -3807 3758 -21099 57914 34148 31045 25633
r80 50223 -48470 49178 -28645 44322 47242 53503 42933 -9543 -60564 30251 35536 22371 45948 -18830 17328 -226 46029 6410 -21103
r81 47954 -8634 -30505 -64620 14209 -6181 64127 -59231 36268 -16175 40752 35805 2160 -49321 17778 -2685 -7631 -53134 33764 -60478
r82 -28026 -51080 -25556 31971 -53463 36925 2634 4513 43857 46235 44500 -64814 19184 21081 -2178 62876 17029 21712 -22054 -8531
r83 20198 -52181 -33055 -56731 53983 26145 -44991 62277 -56954 14427 -54168 -23334 -34353 7038 58542 -20699 -13994 -23514 -4218 10080
r84 18604 50999 -24360 13984 -172 32447 18624 49100 1238 61375 -37121 -37691 10738 -15219 40320 -16974 -49396 27954 53664 63496
r85 53296 -11671 4382 27628 -1595 56283 61363 -9470 -11778 923 -39672 -11688 -24887 -18030 -22904 -18395 12364 36977 -62279 58524
r86 54683 -58235 64339 9974 -11516 61408 -35450 37301 -12202 -58695 31872 15004 12883 -50265 21960 -29126 42477 52918 11262 60624
r87 -16791 18498 -54291 37633 23036 61055 20630 41296 -3839 48232 -53496 -28434 -8581 -11580 -41083 -39989 -47728 -1176 38852 -6655
r88 32453 63206 6122 16111 33456 21650 64520 42579 -38609 33801 55543 -17473 58967 -56505 12402 -30016 -35602 54078 -13566 10666
r89 -35477 -48703 -8058 -61242 -6538 16181 36289 -35696 -33579 28624 -3794 -1790 15538 -5788 2240 -29412 -46932 -13427 -1982 -59198
r90 8366 19678 -33453 -35757 20122 57319 -12018 17211 54662 13640 -31499 -45739 36941 -29759 -13327 23618 -54680 -14689 54459 44944
r91 -57073 -6091 58060 14366 -27591 -11449 23734 33535 48923 -3671 59182 -21887 37434 22231 -52246 3277 63276 -15921 37637 2578
r92 -42790 51706 61041 55047 53803 9858 54609 -34042 27821 21594 64577 -52403 -40783 -56558 23334 56222 35022 -43197 51116 -21433
r93 -61031 17519 -43630 51183 -56293 51090 -61010 13382 -43519 -24048 20190 -37623 -43493 -32693 -6418 6310 -61168 28437 -48280 57648
r94 42520 37362 60237 -15875 -54276 15194 -45875 -61721 -40261 -21940 -65283 -44354 -58154 14412 22592 -56078 -20504 -8312 20419 7608
r95 -47104 -9276 7254 -58922 -30420 15584 -53319 35572 56735 14778 -58313 -65322 16399 37145 16287 64088 -40232 20232 -59412 -12102
r96 30901 9438 -18994 29184 46103 19184 -9931 -22438 -60967 64426 9726 7644 51726 10050 -40152 -63110 -47948 -53746 15324 -21541
r97 -30600 7452 27815 -60888 48807 -64464 46520 56514 11958 -39136 -37753 -37856 17398 -54403 -14419 35318 -21226 61038 6997 -62571
r98 -47274 38781 -37790 -25353 -45670 40377 -29176 37073 -59125 -3695 -30347 41119 59533 48433 27051 -27927 4511 -42155 7379 54809
r99 -55817 -3174 8374 59342 7646 -10061 -56783 -53134 13464 59571 -47807 28219 44578 64151 12733 -24395 -25752 -14879 62026 21887
r100 763 -42531 -10551 10716 -11547 36815 65462 51890 -22136 -56775 36524 30076 -59737 9807 9747 -29134 -55381 -6771 -65207 -43386
r101 16036 52508 -19350 36623 30097 -44787 -24778 -5085 -42265 -38480 -13392 44334 -28073 -7059 61253 -6121 -28398 -38672 -6726 23828
r102 -21976 -24303 64439 -56428 -8339 -56320 -10067 42146 20910 -5297 -13861 -51025 -11190 -44899 -31429 -45930 -35743 36545 59564 -11356
r103 55119 -52200 42779 42332 -32470 734 14628 3679 60063 1587 16096 -49898 198 -19221 42028 -27818 10266 -61066 -27761 55375
r104 -61569 -25317 7087 -33430 3997 46670 18887 -44397 3429 9120 -48925 -57292 25168 -14284 61581 59208 -9698 -33195 -2769 25360
r105 -51998 -60242 -34969 -64577 -12491 -25033 -50166 9223 62030 54526 50711 5897 29182 -1088 62108 -51202 -15973 31286 55289 59774
r106 -5307 -59449 8188 -33969 1083 -14862 51174 -22074 40155 45148 -39291 -63941 -32222 39199 21021 -44851 -13436 57550 -26134 -26387
r107 -32708 42489 46421 -41136 -42528 5954 58026 -20839 3176 47895 -41902 -54338 35511 24542 11571 42574 -29407 3048 60230 -18256
r108 59960 -25705 -41029 -40186 -12089 21220 65182 -42489 16275 -18326 -64163 10727 -28393 -41004 26376 -16752 -9415 -45753 22089 -55844
r109 34158 33553 -32417 -21523 -48732 18755 -52587 63299 29841 13128 43983 -20619 -52429 -49893 24090 -18241 57856 -14471 -44471 -36700
r110 9031 28393 -23332 4686 -28240 40296 -59359 31197 -6864 23978 -28573 -49885 31745 -52320 -36801 20561 -22475 -65440 -53851 14278
r111 -33989 40890 61788 -8886 57555 -12220 37636 48167 33181 -28898 -20590 -34485 -47627 57041 -6449 23579 -12348 -36000 -35702 -40062
r112 -42074 -27463 14189 -60857 -26851 63475 -53809 -18701 49273 -19148 -9214 -29430 -26056 -24583 42244 22035 58645 -52374 -34218 49603
r113 -42471 -44948 -3675 -38387 -17758 -42529 -12385 64998 55007 15728 -65021 29552 -42147 17301 35748 -34455 32248 51665 19592 24963
r114 58776 -51692 -58073 -12683 63903 15927 -6003 796 -37916 -46924 -3857 -63896 -12065 23018 -14520 -49107 -46112 -15271 -439 63585
r115 -11331 -22916 50679 -50591 -49871 -34220 -5020 47613 65147 19347 -38524 18529 -19164 -64184 -47594 30922 -61802 23500 42283 -1745
r116 56566 -58484 25105 -27636 -44444 54638 36650 37344 43074 29778 -26969 -5772 -54334 -52247 55271 -48435 27453 6692 -44150 -10295
r117 19836 -44288 -49072 -60905 64928 -28815 51606 26935 4179 20845 17621 -12194 -9957 5297 18776 -16964 2980 -29736 -30285 17898
r118 57819 41475 26257 60821 -38750 -31890 -17840 -19269 15501 48016 6271 -4417 36509 -32928 31191 -42808 -38041 51471 -51402 49803
r119 53452 42873 -21226 42997 27984 44469 43715 53423 44250 367 -4521 -64238 -39029 48380 -16441 6000 -32083 -5590 -50083 -33771
r120 -2381 -60669 -27392 15599 -2069 -27422 -1609 35365 -43850 62761 10256 -58724 -36540 63192 -38348 55604 -64380 -11817 26163 56730
r121 57060 -44974 -59201 -27642 -8019 31541 52961 37923 -64346 30945 -53883 9310 46601 47150 6430 15968 34980 -47303 -32744 -55608
r122 -63121 -58646 44628 12891 57678 53241 9181 41405 -44711 52248 11270 45109 -19039 -36847 -5008 -44513 34916 4658 -13075 20732
r123 60770 23550 -45510 41802 -53635 -65162 28151 2532 53948 -64033 -51495 -60761 -49253 4336 19216 36901 12966 25085 -40731 62282
r124 -56192 63288 40876 30011 21786 -44713 13272 47927 14571 -13352 9388 -41004 -36524 59484 11602 19159 -64255 42191 -35192 -10516
r125 -63231 23393 64554 -6873 58683 42036 -41090 -44284 29865 47689 -4058 64096 61898 -3922 17631 31410 -32920 58130 -10094 -61928
r126 31400 29775 63223 12984 -10266 51111 -12610 -61520 22534 36495 48817 -55429 3600 -4691 61095 -23248 -13545 -31957 -19802 -21896
r127 10155 15655 31187 18380 -36266 4303 63895 -14124 57327 27186 -13389 -61396 7121 37512 -14110 23106 -65218 18074 28729 -4892
r128 -53339 -1368 38007 -25149 5632 58240 -23809 -64205 -45892 -59218 -50300 35023 -38578 20464 -45601 988 -32825 -20144 -10083 -55081
r129 45683 -27814 27054 53335 46960 -24739 13865 31621 -28049 -26494 -22318 3010 40924 -26802 -9591 21329 -55205 -26773 -6536 -19923
r130 -30987 7799 -34733 -63135 -29222 49722 29486 52477 -48804 -29994 -23193 46518 7092 48408 -47334 28757 -20484 -27460 -6315 -4628
r131 16747 27106 -51501 -45365 14523 62106 -16031 24946 2595 24652 -19575 -56865 64753 -10307 -40535 36742 17676 -55192 -6910 63392
r132 63205 7425 54110 16424 10236 -51212 3565 31948 8383 -14030 35563 -39563 -32773 -54266 60855 42037 4184 15946 -30514 62055
r133 36958 -58635 -35520 37854 -39324 -38132 -34804 1072 15324 30994 -51561 -1286 26944 26211 -38005 -13999 3416 23671 -12164 -47853
r134 17917 15264 -45648 -53759 60707 -51804 -13141 -1578 58346 33148 20518 58249 36802 45018 19500 43653 14194 -24719 56457 -17684
r135 -29545 -51980 -41901 -46919 26303 36008 -20301 -58726 14276 -40425 -27141 -42376 53501 7495 9869 -44018 -58479 19440 22682 -19319
r136 -25231 25002 32894 19719 7521 13268 -8888 33195 21372 -3313 -1286 49368 43153 63375 -59513 50250 13625 62971 -57587 16707
r137 -5261 25479 -57064 -33035 -7022 -16923 -49613 -56193 -11605 -20534 62736 37010 -10346 -51004 62585 -58938 -11390 17368 -55466 -62155
r138 -41190 2318 54872 65061 -36174 14840 -20012 -8070 42974 63880 43686 14466 60648 -46044 4525 -50884 35898 -17496 37530 2445
r139 12345 -8315 -9484 42614 59830 -20000 -1970 -53897 -2693 16350 -7041 55126 -47250 41983 -40860 21170 -6026 40696 -60043 -62661
r140 -39104 43312 40530 36457 19540 -55504 -52390 56956 30465 51580 21551 -28429 51421 17301 -26693 55813 -20425 48875 -42532 28815
r141 -20870 20616 57256 -13064 -63833 21575 63436 38949 -6184 -7523 22109 21685 30179 -48141 -26249 3783 25773 -44316 12760 35163
r142 -59476 12117 -25838 52018 12311 -48 -36522 -53782 -41434 25346 -52348 -42749 -7668 -35809 11510 49268 7430 40440 -7107 35292
r143 -1503 51969 20933 32361 49368 62617 3045 45420 -24093 -1951 22636 -1102 14635 26732 57339 -33552 -9887 16885 -27958 7480
r144 -52868 64261 -47335 -6182 20181 -64244 15760 -39024 -14430 -27859 24451 697 7393 23483 48203 -32490 -38901 64595 54938 3916
r145 25600 -31333 20057 58105 -24033 43562 -4572 6033 -30333 -14023 -27991 -15365 37817 44342 59327 -18845 -21851 -20921 -36358 -34855
r146 -17301 48406 7134 48237 -37539 -60163 19157 14090 -48552 60875 38879 43083 13054 -54744 -23500 -31616 8994 29581 -49387 48815
r147 40325 33055 594 58172 33289 5502 25746 -28387 899 47259 30850 24092 -48421 -26036 48030 8278 -23258 26578 -2350 -65236
r148 -35923 -23513 -49686 -58086 22565 -44623 3548 -2755 -30864 -8644 -51446 17404 8450 -55415 14360 20094 -53509 -33864 16654 -38106
r149 -19845 36201 64087 -25847 -2901 -32927 37228 -41815 -32655 8239 -2542 -4457 23072 -22913 10895 -11231 10229 -45747 40867 44045
r150 -65087 -6277 21663 46464 44274 56284 -41619 -39907 13393 -32082 -29775 55831 -52410 63173 43078 15853 8629 -10144 -56973 -37149
r151 -14165 44583 19541 55041 -18318 -1344 -50018 -16978 -55561 22963 -43224 23006 35704 -55247 -36854 27841 -48058 37740 4858 8469
r152 -50124 -14537 27387 -46005 21916 -30501 -61161 21115 -8771 -7789 -59173 -26665 24729 -5442 59229 -55871 -41725 7268 -50956 -184
r153 -65166 -13371 45692 -32394 -3415 1685 -50114 13478 35047 -60606 -51122 -28402 -38542 1335 15448 2335 15274 40565 40615 22255
r154 -59003 -57394 29795 20762 14216 36293 -47305 21320 36363 11233 -31389 20753 37505 -50441 27248 18771 -59357 65410 -13684 -21099
r155 -33745 -23790 -57028 -16368 36425 14358 28437 -40644 -30138 12469 -26145 -46697 -7907 -50265 62507 -9100 55435 62957 4784 28835
r156 -63784 11304 -6537 -11077 -30008 -4418 3006 -6400 -51105 -61970 1241 17244 26102 21219 46906 -19515 -56386 -54796 -35701 50909
r157 -62637 -15832 50802 -14316 -24150 -63476 21258 -56520 -41316 -29483 16841 29164 48668 -2446 -33209 40940 12955 13377 46004 -23640
r158 65399 18000 -28615 18350 -26195 37525 3631 -6914 -8522 31800 -50170 10569 -65384 18345 -65445 -38582 -40770 10197 -39950 -6805
r159 -36305 -39050 15565 -6220 63082 -56377 -29094 -42603 -34692 46463 34247 17556 41139 -34038 -17786 32350 30164 58533 18802 37552
r160 15697 -33448 52436 -42855 -12744 44224 -13040 53326 -63262 24762 -65203 50647 29886 -4314 -8082 52160 -14366 -32569 55940 -11009
r161 -38964 42933 -56884 51081 12208 51026 -51444 -60547 -50688 38923 -3631 35453 -15040 -63719 8607 13873 -25970 -45308 56342 -55986
r162 -33469 62287 30397 2946 30077 -37288 -28589 11101 58566 62388 13376 7228 2474 19039 13600 -9517 -15509 -17618 -36633 -39059
r163 -16745 -32437 -11126 -37690 -49756 21453 -1155 7300 654 48286 12370 60527 65418 33049 -14708 11549 -38606 62354 16447 29937
r164 14182 10295 -13813 -63002 24162 -30229 50393 -42174 -56341 -31205 21284 -54071 -58779 60957 -5393 34088 26763 -30299 -24971 25737
r165 59391 8972 9967 -14379 -19987 9692 -63625 -23628 18674 33318 48399 -6584 56027 -20901 52982 -53801 -1337 -23226 31533 831
r166 41196 -15099 57825 4135 23545 64595 -64822 168 -51027 -21127 5183 45378 -49473 -60514 -20298 -64720 -9633 -31206 43775 26082
r167 -4985 25088 -17997 -12954 -48998 40173 -51147 59410 -27209 19854 24086 33651 -47053 59538 15402 12881 17508 -36260 44412 -6441
r168 39743 40334 -64395 42523 50724 -53490 -19319 -38724 45908 29906 -8319 -45698 -46160 50875 -22503 -49508 3224 -46514 38140 -55717
r169 50612 46502 46608 -4677 34368 -44691 -23461 -63761 -53570 -23870 22243 -8992 8162 -34637 18102 47778 -3513 -59124 -13354 29382
r170 -54816 10350 -13694 55683 65335 61836 -25277 23708 -63538 22048 149 -38855 14783 -9034 -43780 9185 6068 -18873 -55089 34685
r171 2401 5155 23094 7192 -63805 36466 5859 -39355 48009 51817 15778 -33848 -54524 -28425 64324 -23132 23517 -54931 -45878 -44288
r172 -21656 -57482 -13478 -21868 64808 -8372 -42556 5872 -21358 -31663 13200 46947 45603 47639 35814 24250 -1511 41114 50565 35627
r173 -26042 6023 -62667 21190 -15452 58292 42010 -4012 6532 19833 37730 -34451 1384 -5208 49379 33583 -14504 -6053 -21899 -40772
r174 17288 -34547 -1037 51492 -18400 18514 17670 -33018 29402 -4149 -58066 25642 -19722 6309 -42849 52859 30845 46965 56644 55399
r175 65163 44775 48607 -23840 -63281 -59166 -7187 -60253 -19489 39176 43831 -21451 41467 54194 -26566 -26829 20119 -26386 -22031 -56327
r176 -3422 40646 9628 15725 -39335 2586 64748 56736 18337 -19247 -25186 -41823 -55954 -42112 60429 34066 -28748 65093 -49546 -14281
r177 -31979 13928 39370 36916 -20370 50242 -48615 15156 -29360 -2765 -6181 21290 -45392 46456 35316 5392 -7418 7573 -46834 -19246
r178 -2726 10960 15924 -31068 26927 -43902 -49505 43485 8938 -49345 -13475 -62687 51350 -28063 -6333 -32688 11433 38998 -14376 61576
r179 27735 984 -44233 8095 -52210 -5465 54501 30355 -58082 24401 40311 -26860 -56352 -13895 -18768 17226 -24837 10603 -31663 -23925
r180 61474 -45787 -43769 7987 39146 -35775 -55780 20985 -10070 -9125 -601 -25653 -29865 7563 20736 14077 -42373 -23615 30254 21235
r181 -900 -46321 23233 -64590 -38096 -44915 10276 29062 5563 16320 57059 64425 -17785 -26254 22271 26869 6756 -6030 -28879 -14137
r182 5549 59874 -40416 40648 -37732 23943 -54777 48909 20072 428 14824 28643 64998 20361 59849 59991 -6754 -8750 -12775 21694
r183 60595 44678 55247 30263 41444 -28094 -4021 42315 -65422 38302 61002 -38989 -11921 -32855 19402 -37370 53801 -50188 58285 2694
r184 -43902 -7335 62199 12042 32527 -13130 -37783 -30968 -19015 -43933 -42953 64027 44774 -29695 -43841 -62253 -7869 49016 38588 10025
r185 -55350 35072 966 -39969 -25523 33633 -11779 44712 25562 -53974 865 -52568 -62279 34735 36240 5428 53891 39267 -54183 36449
r186 -13714 -41381 1160 -47411 14015 -58965 59262 -52078 28254 -15389 -21987 207 -43837 29932 -15211 -48872 62823 -45734 -60192 -24312
r187 -31210 14140 -1202 62829 55759 2235 -13044 -27507 409 64998 46807 48032 -5130 57717 39850 -10326 35728 8569 -28591 47325
r188 -19535 53818 42511 63537 50780 -2439 -4653 38281 -20060 -30965 -33416 -25769 46303 38095 -60800 25111 34849 -45746 57216 15139
r189 -305 -50471 2029 50404 58260 41336 20859 -18236 39313 22185 -39267 -7785 20064 47656 26465 -59417 -52396 -47961 14269 -30314
r190 17957 39961 -29999 -13461 46690 6760 -36071 -22472 -23862 6277 111 34784 -56725 -58498 50163 -61591 -29898 1881 -56169 59325
r191 -37171 -28285 -60812 26303 31665 4744 -6674 58682 -63814 30242 13503 -19981 -6455 30092 -16894 -34310 18860 31568 -58082 25117
r192 8013 -56312 17145 -43403 -36871 -35888 -41115 -33631 22320 -13988 -40853 32680 -10425 60765 5343 2232 46780 -7298 -54370 17912
r193 27217 56890 -20432 -47963 -31503 -46574 -29259 29263 45696 30843 -17886 -52103 -11963 35798 -16331 33197 -53439 -21580 -63 21239
r194 32065 11087 -37799 43447 -53895 -20714 13274 -6761 -19270 -42308 4180 -42740 -47274 -43427 -65247 35509 -42126 9472 45253 36351
r195 -57737 38637 57552 62902 -61636 35121 54702 39770 -35103 6064 43670 7362 29661 -11641 43691 -51470 -9836 5372 -23915 61870
r196 -34405 -1172 39810 3655 -2485 -1453 -43675 5144 -58121 58337 14739 -61668 35974 60737 19041 -6734 -38749 -31734 -20348 -62454
r197 8134 -29979 41891 -44940 14559 33578 23522 61675 8167 -41610 -13077 33617 20455 4524 26927 -13681 18664 2537 2096 44319
r198 37852 -31757 -23491 60361 -13556 14337 1917 56265 -24579 4553 21568 -35973 29742 30741 -48065 -38781 -39130 12947 55721 48409
r199 3226 -54907 52332 7673 -36022 -45635 4133 51133 -10496 58862 -334 -26618 24500 36860 35579 50308 57346 17627 -57704 -8260
r200 12355 30773 1259 29461 58586 -4512 -25047 7603 -27205 32971 38619 8293 -50847 -57077 2620 -46919 10898 -23642 -47521 60370
r201 -27308 -27717 -44476 38198 -22255 -63630 -27598 39960 -32391 -5693 18569 -62344 -4005 16746 -47317 -48116 -41147 40893 36354 -5268
r202 25788 -34204 -10502 23685 -43094 48263 -3064 -50677 -40176 -33102 -33067 18240 -29693 -10936 54472 54908 -18639 65444 27952 32425
r203 -58899 -9855 41757 36404 13007 17175 -30882 48298 54545 -9761 58070 30601 61531 55666 55447 -33777 44869 48034 -64567 39659
r204 45576 -25319 -13843 -15244 60383 -30770 30815 -13155 51926 13681 -7935 -54837 -39866 -31087 14087 32101 -63786 -56829 35564 -52509
r205 31338 13989 -18239 -64522 -44466 57221 -24257 -52064 35125 3065 -58788 49022 -54181 40640 -15822 -35196 -53565 -65300 -3557 -15278
r206 32182 50229 15848 16190 29949 -47320 -37759 23510 55264 -42105 12824 -28446 58104 26276 68 -280 -54670 6884 -53443 -2180
r207 -14935 -7651 -52782 -35256 64532 -358 -47986 -30438 570 38807 -28712 -62627 -53340 39571 -54307 70 -46772 49911 52897 7876
r208 -32271 -22801 -208 -9199 27074 -20493 -2339 39301 -59783 35740 19674 2452 55639 43237 -47717 30255 -14119 -16925 -37742 -10959
r209 50940 -39689 62764 64116 -43654 -57017 -22085 35668 -9745 -16348 -45236 -46384 33237 -61147 63721 -17291 28781 -47066 -37858 -23958
r210 -24382 -58666 62625 52905 51868 -31884 64611 -65371 -20859 30588 20449 42528 49191 20717 -22783 35369 -60743 -307 -2837 -43660
r211 32613 36676 -60378 -62422 43893 38907 32341 37523 20750 -33607 -32847 -43816 -2194 25133 -52064 15682 63799 62764 -56719 17709
r212 -39329 -20165 -49274 54985 -1055 1686 -32771 -47954 7992 -38829 15837 -9728 -20952 -49249 13973 -41064 15341 2013 5363 62922
r213 4103 8512 -2326 -57615 -29454 -7439 -45747 4775 43401 -41879 43376 -23878 -3460 -21057 38260 -27406 -47069 41173 2433 -42095
r214 -13157 1161 17501 33425 -32043 -15917 -5102 -2568 -58185 -23618 -47736 42609 7759 27188 29310 -27046 24613 17487 -8789 -28309
r215 16087 -6376 57513 -44053 13151 58101 -16015 27187 -42150 21064 16087 -25004 22132 -52900 -20899 31533 -21486 -7237 -53069 -61819
r216 -28586 -54602 4667 63095 37864 65028 -27385 -48678 -18075 -18824 -1091 -29509 62142 4739 21711 -56636 9170 51483 -39047 -40767
r217 -1088 44515 727 -17837 51916 -41381 289 41835 -37523 -11211 -11665 6657 8797 -20911 -39805 23596 14628 17531 -22964 42728
r218 14145 -38457 29645 20218 36568 33364 64136 52274 -47460 21765 31815 -48582 12463 51634 -48076 -27010 -14532 -62428 -4346 -18378
r219 -15408 -16140 8729 -31706 53490 -2231 -14905 618 -25856 31916 46741 31599 36319 33760 -34631 48223 -43477 -8633 -46550 46138
r220 -31307 -20843 -17797 -20735 40346 -45540 -28778 -61041 27809 -64348 -65473 48522 -54223 62857 -36562 -7141 12301 57062 -50449 -51227
r221 33719 21161 27836 631 -7899 -53115 16432 19416 10861 -42555 -7529 -29513 34958 25942 -27323 55461 -1463 45724 -61355 -22758
r222 37237 -29941 59449 59778 -55825 22362 -15714 22565 -19844 62790 9914 -53374 -27525 19695 -23298 56591 19953 53000 -26924 -12064
r223 -48795 -63006 57031 28788 8705 3600 4686 -21035 41637 33921 21434 51482 -44696 -4144 -55430 23341 -51291 -51654 37186 -39748
r224 -32620 27377 9961 -64969 8299 -3110 -2372 22006 -59921 -25794 -56873 -35444 42245 42814 8454 62748 -63226 12199 42784 -2066
r225 53774 3590 7753 14136 -20922 31099 38759 -24736 -47423 -1771 31028 -3001 -11845 -45664 42508 52387 -22395 25219 -52872 -39352
r226 37402 -61128 63793 27808 38354 19219 16260 -39156 -17042 35109 -48204 2773 35813 -41205 -11948 31124 36559 11644 23163 -55490
r227 40383 21310 17390 12706 53747 62811 26605 15713 2481 32956 330 31285 30743 35662 37836 18264 -14144 23227 30206 -2608
r228 46829 2495 -23912 43362 58894 20708 -63159 20627 -28914 -40007 -360 8841 64084 -42831 27653 26468 -44440 54782 -26207 -50744
r229 36563 43635 -56057 -49890 -6545 -56476 10052 -21494 -31074 -48259 54056 54306 -58800 59301 -61445 -22098 -15408 -4764 -43092 62185
r230 -55416 -3472 -25546 -13821 9357 41072 -7432 30932 57011 -31285 -4424 -35709 44589 -63849 1510 47728 19186 33234 -11763 -25944
r231 -27245 -14214 -59787 43564 12336 -61138 5997 29143 44062 -38664 55590 -57045 -14833 -52559 38804 -16205 51365 -53890 6393 21319
r232 30842 57255 12018 -53700 32003 55831 -7842 1734 57647 -40145 56415 -52116 65206 -65 -1879 -57738 34697 4345 47971 59213
r233 -55362 -51258 26954 60165 -31323 15849 26415 -22305 -50556 -32533 -49493 -19122 6633 57984 -47287 14724 45558 3090 -41971 -33349
r234 -42261 -63308 -14121 -35291 -25389 -29090 60126 -61520 -13606 64914 5718 44860 12779 -19005 -47591 -25751 22037 -41066 -28834 22002
r235 1935 -49155 -24400 35296 23664 -45613 7839 -55629 629 58375 34105 47619 -6143 36801 -11885 52576 4981 24265 36388 -61740
r236 27899 17095 -10595 14850 47555 733 -52272 8220 40078 48323 64209 -60604 54668 39546 -46533 53707 36768 -47552 -37159 -26191
r237 -6303 -57220 61832 3881 51880 -44803 42634 45396 23268 51750 2726 48826 6659 -37421 -56396 -13951 -9269 41241 10665 15346
r238 24758 45046 30518 -21827 45828 19619 54163 35043 10782 -61057 15937 -7184 28207 -18490 19803 29826 -29747 24542 -20733 -47100
r239 2574 53553 -27340 64987 -8727 -52672 -53872 -36833 1770 -59977 -54642 10877 -21802 4852 53207 36973 -61361 8114 -2480 50997
r240 24351 -17638 -656 31796 49703 63826 -21379 -799 3661 64681 -42981 35339 -46783 -39307 -38928 -51093 -12185 56337 -21070 5861
r241 40446 42175 -31267 12315 47205 34463 -41264 61762 -36736 56632 6160 20117 50027 -6728 -42124 -51551 58628 -58986 -45420 39713
r242 -39339 55671 38527 -36497 40641 -14565 18411 60018 -7498 -19881 51284 23922 -8928 3958 -26241 23050 16739 -2076 10221 -33928
r243 23712 23327 -55525 -56989 2461 45097 -31922 63077 48467 -42515 -37548 -27427 -34624 16807 12131 -61813 31935 -37803 -25248 -15756
r244 19090 63186 60707 61020 3653 -44483 -46696 60519 -17672 -25669 45161 -51337 5011 -60559 -32004 25949 -26547 -36585 40256 -52938
r245 4568 -21896 20887 33370 -37499 11571 8299 -36864 17172 33999 64334 -4322 35532 19947 51695 28072 47859 58291 7174 21320
r246 62261 15311 -28123 15604 64275 -45296 -24951 39892 -48235 25114 24683 -46284 -44566 -38619 23801 35927 40949 4051 58543 18862
r247 36705 -20590 -38420 56294 9951 5762 32062 65303 2970 -18512 -33937 -4296 49326 -50380 62776 -47277 -20349 -30063 21219 -10327
r248 18766 -59117 9641 21279 -40743 27623 -32941 -59390 -25735 -46009 37042 15021 -26094 18579 65023 -10485 -14177 -63160 17549 33595
r249 14246 62362 47175 27783 -11110 -53993 -53658 -11902 -7079 -27978 64155 -43618 -25504 -16551 -17302 37319 21319 -25930 45406 -16383
r250 22622 10149 31682 15770 -18200 14712 8548 -19444 40021 25189 -9167 8303 -44907 36025 37153 -64643 -51372 -30976 30114 -2898
r251 47420 13493 -36966 63987 -52055 -56226 -49230 28312 17230 40509 40391 -12542 -9018 62858 -25929 -10637 -8374 26772 -13686 -52713
r252 -28655 -42499 -62449 50049 24800 60098 25879 -13343 52593 -52560 54247 -40775 36201 25932 40228 -58368 -44563 7674 -5887 -26611
r253 61139 4240 15853 45160 -63885 -23717 -62762 25352 -13406 60200 -7412 38720 -39353 -10872 53783 40175 63416 10212 -14213 -58861
r254 -713 37361 46740 40308 -39982 -1180 -6962 54307 -52563 -48299 -8286 -29883 30490 47479 60386 -17639 -50631 -15917 -56562 -4159
r255 -48629 -1693 6613 12966 -14110 -13903 -32336 -40992 -54456 -27691 -61122 -35506 -25792 -20937 -3366 63470 16379 -49751 61796 -48378
r256 33363 -36763 -37632 -32537 37024 44192 -27946 48347 -21056 30984 47357 59342 -59183 -42211 49488 6782 56638 -21903 -15784 -45343
r257 56231 57042 62809 35129 -27430 -45779 64442 -49452 -31435 27263 -3637 34931 -5064 52809 23950 55868 -31755 -52241 14597 52786
r258 21009 43882 -57884 -63679 -54598 -64999 -16074 49956 -51901 -40763 34547 -46497 -54689 59210 -40597 -59813 23553 43887 -30086 35773
r259 -58882 -18469 62325 8755 27570 -45709 35448 49424 9582 -64288 -48686 23826 60147 45253 15640 46885 10180 -59576 32435 -56227
r260 58414 -32783 -15836 -37639 -53842 -35408 4699 -41410 -60725 18228 -35028 -35590 29254 -56336 -18239 15747 -38666 57057 -35865 58116
r261 1217 36615 60196 -26756 -24965 -54803 51498 17206 50615 -28668 12314 -60736 -322 25198 47131 -21405 -34415 -35680 -699 -43659
r262 -48125 -41551 8339 38363 -47540 29749 20178 4508 -2308 -59747 49127 -33778 -62481 45644 -65281 3879 64250 6704 -22296 -51051
r263 18494 55491 -1231 11530 48249 42105 6054 -11240 -21421 -41924 32243 -34977 -48391 7354 -22509 16317 -64516 -59680 -44704 1456
r264 63661 -55008 38878 62437 -2353 -27823 8966 12532 -50546 -22162 -22671 -60004 -47234 65084 -42157 63645 37458 17889 -38921 -64713
r265 32232 27290 1393 9620 16614 56772 59242 26898 1353 -28889 13894 36388 45257 8655 -51906 -139 42864 -60682 -11902 -61369
r266 -19384 52602 -10662 60934 4535 -18532 -40288 8293 -37729 -16149 -1980 -6006 5099 39075 50273 44964 29439 -8709 -37315 43725
r267 -27928 -49813 52676 -23670 16192 16907 33804 63228 29697 21370 -5871 1179 -4654 -15482 2426 -62549 37849 -29822 45921 13892
r268 63908 -7787 -454 57862 40162 -39814 18620 51086 61698 -14687 50789 -16527 4917 13413 -30993 50457 59538 -25631 -58398 1068
r269 14341 -33181 8982 4731 58468 21604 13663 -8730 -23422 874 -14083 32324 -62130 57534 61184 52293 54094 58592 -23276 -15705
r270 -51800 26348 -629 -56261 -29833 16818 -43132 -47587 -42236 5708 -48358 -15417 -56003 9119 21426 62465 39721 47887 -34658 40274
r271 31165 50202 36781 -18005 29388 -15691 -15224 61521 -53028 -32747 56841 51921 -27083 -3564 -60264 -2461 -44230 27573 29460 48107
r272 24980 -34424 -21527 37575 63402 -44724 33145 -51427 -37518 -60495 38449 53363 5816 1625 -17982 45180 -43982 11836 -23491 -47557
r273 40218 -9264 -41527 52316 11496 57216 30189 43648 40361 26165 -234 41779 -38493 -60309 -50302 -36527 13662 59638 -38556 60657
r274 -34449 -10894 -57042 13458 36889 22550 -43019 45787 54385 -17075 -61494 57924 47132 -21169 -58530 -51306 12245 32587 -7397 53877
r275 56355 -44188 19263 -17413 -48509 -916 61914 -5055 -34032 59597 52037 949 -103 701 -57269 27674 -64167 -27719 58139 39857
r276 12253 -788 13291 -30146 17033 10914 -27567 23776 -7202 60995 -27542 -40499 49000 65380 20372 -3085 -31982 -49173 60054 -44200
r277 41662 41028 -28220 -16675 2368 20519 -18916 -30921 -45247 63715 20357 60775 -65294 12140 43520 -41192 9185 5603 32426 36474
r278 56011 -3469 -53204 -64249 15019 -13343 -59357 -3252 60854 -2169 8214 8440 -49695 -11617 50462 62373 -61604 14986 -8049 60751
r279 43987 27771 -59705 -50123 -53899 -63695 -29352 -6682 24593 64060 -47368 33291 40498 -5849 53781 -57620 34336 14806 53593 -37276
r280 -55442 -17176 64787 63985 -16747 -45027 23260 -9199 -43016 19111 55873 -21755 58050 16034 -3520 61823 -21394 63065 14659 25975
r281 -2436 -6858 -56309 26842 -48247 -10700 -34167 2741 -55566 39497 65280 -58440 49132 28070 23978 -18832 41243 44627 -13572 -61535
r282 -64801 -16512 54253 43378 -41337 32544 10145 -37338 51582 7417 55800 -6436 51907 -18139 -42075 43661 29980 49714 32582 14478
r283 63529 -9782 -60665 7596 46201 -18391 -21459 65024 -20226 10924 -10582 -43969 -36081 47576 -18131 25082 -11868 50059 -64187 25631
r284 2474 -59008 40615 2983 -20147 -42440 -44825 55311 65081 -7596 -4079 -51220 -64045 17000 55333 683 -28352 -62559 -32857 -42489
r285 -42514 42321 -30494 37031 -8199 44494 49129 -6997 -16986 -35851 20836 -27330 6790 29761 -54559 9444 12143 35892 -12290 16127
r286 59714 -7487 48686 -4980 -16980 41874 -58616 37901 65400 -41436 -52195 -52805 -7407 -51413 64501 19552 57789 -16273 15362 -10793
r287 -40126 -7183 -58362 -44456 -26814 -597 54308 36568 -25131 11834 946 -14647 36669 -23834 58235 3617 -27202 28083 -11142 20540
r288 -48731 -31311 -3851 -53797 -53525 -49807 -24411 -51921 -47236 -44657 41131 -60979 26868 1952 -40387 -41647 49308 -11161 56482 -34202
r289 -11895 -45932 -24572 -13844 -48702 25167 -39022 59638 -43679 -2612 -62099 -36340 17475 31851 -57608 55536 -31342 -60403 -63750 -55463
r290 -44894 6802 3154 19516 35902 24960 25626 -12350 45043 20066 -57683 30813 -10823 31417 -56307 5709 -4226 5688 50044 -63221
r291 -2266 -18984 17352 -53474 7125 7784 -59605 49001 59006 15474 -2486 647 -36034 -58290 28666 -28328 2403 -7581 49253 53652
r292 22089 -3971 32262 -23032 -38965 52189 917 7081 -62531 41472 -33469 22831 12150 46060 25407 59492 39934 3396 17466 -31115
r293 10347 -29871 23205 61115 -51298 19396 15684 -55645 36103 -29260 46710 45464 -54221 27414 51337 23766 -7669 21484 53413 -56202
r294 18780 32446 63202 -8110 44671 48073 1907 29233 -50866 32567 -36386 48376 -18318 10177 57843 61985 -22247 -36010 38931 -42840
r295 42054 32274 29761 -55272 -59397 -24450 46705 28485 -48440 -60207 -46007 47314 39091 -33905 -47631 -15554 -36409 56437 44196 -22475
r296 50093 -45532 -64804 -19682 49088 19849 62255 38389 -41809 -63973 -29198 12065 -10829 -53279 -11199 44986 24393 -46169 -23961 -57701
r297 15379 -14297 -37599 20917 10567 -4008 52963 -17167 -35874 13397 8805 -917 -42719 50256 -16986 -53848 -14809 65518 -46621 -52171
r298 -49547 -2795 -43940 64332 10523 -11836 -3212 -36927 19873 30819 -65207 15652 24360 -4052 -45692 43279 25186 24065 -61715 15764
r299 23215 -2323 29365 548 35700 47293 -35371 49182 -58278 -60497 -20703 -33579 -52109 24396 -18819 6351 2085 -12280 -34425 36781
r300 25467 -56955 47815 10389 -39353 11117 60761 12698 47851 16675 21010 30849 11261 2618 -55883 -51860 49563 -36143 -53832 -13978
r301 30530 -51165 -32641 -65124 -46122 44765 37051 -5481 33824 -59127 37127 47638 22894 -42544 -53556 7556 9080 -12515 1771 -53888
r302 -17842 -22862 30881 9627 23722 35776 -64321 57031 -31541 1141 15517 -62716 26865 22561 -32864 4184 44546 52627 37812 -29692
r303 24780 -37406 -56265 -56189 60075 -20446 -14830 41628 20235 50374 46108 -62414 -64933 -11282 -21903 46821 -25048 -749 45332 -21070
r304 7074 -40028 -53501 -62610 -42147 -55586 -5382 36748 -41823 -5002 32928 -5146 -46188 33923 46665 -55968 9517 27277 11337 -60734
r305 9772 28172 -30064 -2983 -35101 4312 46529 30749 57806 6121 -20350 -32828 -43620 12670 49823 -42181 46509 40983 3256 -31763
r306 -60258 1544 -16753 -36753 52875 -17854 -45408 -64420 -27812 -61263 -63486 17776 -9982 59182 40646 -23602 -32316 -7379 25264 -37665
r307 -27543 38448 8979 -23125 22104 -38840 -8728 34280 -8230 -5898 -22150 -23636 50945 37165 25723 -42970 12780 -44656 -39286 53839
r308 -46530 27468 25294 27065 -65072 -31634 -30577 56387 2996 -35963 17025 52632 -26726 5942 -57653 5072 3645 6042 38620 -46302
r309 -62632 -30686 -18569 6371 -46716 -823 -16671 -43293 50919 -43943 21772 -44527 31089 17153 59548 -10791 -14640 21312 34321 53487
r310 15644 62724 28523 -62918 -33867 -59318 -10385 11233 25148 6313 9016 -36315 51313 35718 -38989 -1614 -25430 52545 -40454 36598
r311 -47980 2729 -55669 -65351 -55664 23960 -14292 53252 -7322 5747 47747 46433 40948 -24140 42513 -32060 28197 41218 -29165 -17414
r312 7658 -61243 49970 -41599 13785 11406 8309 -41693 61778 -63735 51982 29661 46620 24104 53747 51410 56477 48455 -41857 59699
r313 24303 63277 -44207 32207 -53964 16921 25554 4863 -61373 -13802 -36523 16415 -35183 42924 2815 -54095 -51076 -16193 -15100 -61029
r314 54715 -60974 16105 -43129 53864 -43735 7339 58201 -33964 -31656 -61387 45680 8912 35280 -16407 22695 -34692 3111 63232 55051
r315 -25802 -19 -64108 46483 -47904 55394 41492 -7668 -15706 8808 62707 -46310 38665 -25502 39404 -42278 37316 62101 -50194 9343
r316 -62832 37078 12285 -64004 45896 8245 29687 56879 18651 53236 31183 -49034 25519 -56191 21995 60728 355 -668 -40864 45582
r317 23158 26647 -821 11964 -10415 3194 -44453 -37641 3950 -37027 -6978 -17541 -52654 22940 -30585 -8684 -15629 58484 51998 -60222
r318 39708 45782 -61215 -23059 -47126 21346 -50970 42136 -51778 -6413 36200 -45156 -8228 20281 -25900 35612 25228 -20843 -25093 -56394
r319 49584 -36502 -44078 -3476 -31077 3099 -15873 -62689 -17865 -11699 64897 57015 -20063 6866 25260 3523 -36749 41561 -23431 -21099
r320 -11976 -20261 -30687 4101 -49331 45251 33890 55845 -48374 33331 6148 -48674 -32849 49792 47671 -39804 -65360 56807 -22945 -9823
r321 3448 35736 26004 -57061 -59397 46309 -2526 979 36650 63096 -60562 59727 -60534 60381 -44624 -52494 -38342 -9160 61629 44370
r322 52408 -34578 -45187 -33867 -47614 41134 28087 48059 -20476 -21602 2688 28380 62089 35855 -1517 60989 36743 -1633 5776 -53323
r323 60318 20216 -34237 -19278 -52429 5865 19811 15700 -27481 30317 -47905 60144 39598 -61386 10651 24050 7051 -31608 -18492 -57790
r324 60354 44638 26344 -64352 62589 55993 15701 61206 15287 10851 -53076 37642 31914 -53651 -13177 -23948 3598 8625 -10204 -22789
r325 -59942 6105 -11819 63559 16549 -43926 -23729 2295 -48042 30861 36963 -57432 58142 50914 25413 -41048 -25816 -28411 7038 -24169
r326 32781 26890 23225 23217 -6821 59185 -50857 -55671 -5124 417 1533 63681 14681 1325 13105 48592 -25949 23496 -46688 -33977
r327 59212 -2605 -45357 -56691 3006 38214 5388 29343 26543 -6055 -49562 35375 -44208 27419 2351 -1235 16659 -34730 -18271 -22801
r328 41654 -33992 902 8343 63846 -15493 20324 12627 59380 6805 -64816 -2571 -16293 -41710 -48755 -31117 -33030 -4071 16235 31062
r329 63115 -14128 472 -6533 -34665 18108 -34533 -9126 -50836 44639 42079 -51216 -10664 6529 -60990 -16672 -9973 -46416 -19980 -58740
r330 35294 10810 -53512 41123 30036 -56519 -60705 -50599 24782 17267 59784 -31352 58420 -52111 -44558 18992 6622 -59234 54893 7050
r331 -4267 -7801 19478 13634 62255 35864 10082 -42539 56919 39690 -48569 -18013 11687 39613 -18895 46081 -13969 -19624 -39918 8855
r332 22539 59107 -37934 30194 43625 39936 -29738 -25459 -24618 10816 41601 25344 -28513 -52210 11653 57699 29752 -62202 -21305 -50401
r333 13783 57198 55637 50973 38965 -25499 -27149 52021 14429 47868 -43576 -1917 8197 61862 -27010 34854 -6475 -15992 1939 -2255
r334 -6661 -49993 46702 -15492 25094 -3416 58870 -8053 -4902 4842 -51598 -38740 12593 10783 33399 -58402 26303 18566 46341 -63473
r335 28265 45438 -51593 -32434 39803 -9119 5907 18228 -40214 50084 20204 23036 -27367 -51751 -17500 47495 56060 -11117 35080 49604
r336 -9603 -21953 30606 12444 17345 6785 62754 -19799 45891 -47440 -17752 15789 64916 29280 3251 -55749 -17491 43395 -40032 401
r337 -42330 25987 -15197 24828 21147 -418 -44018 26598 -4127 -42121 62984 -32311 -63300 3294 -63243 38609 -56210 -58623 -42359 35650
r338 -4263 17906 11965 -20471 -35622 43095 3235 30685 21811 -29722 -39022 11175 -54692 52496 -14044 -7860 -35234 -56506 40468 -50203
r339 -5952 20135 -47011 8999 64168 40892 -52904 37622 16187 -60215 19757 -47758 50143 -15887 47318 8440 10961 36444 -52073 25064
r340 -55234 -17354 -62794 12606 45609 2948 16791 52370 37490 -17649 15563 15996 -17152 8470 46311 -63841 37476 -14292 -51296 4080
r341 59951 2218 -18882 3382 -2714 42426 -39562 3936 -41448 -11906 -16380 -34318 20437 7089 -148 14225 -13226 14437 -15335 2047
r342 -4515 -14388 18464 -40906 -55396 34917 -37301 27556 25559 -47051 12964 -56031 56502 -18110 61028 42380 -48108 9404 62887 49916
r343 -20598 41378 40038 61690 -63950 -26346 -30035 -53492 58841 -15130 -65065 53174 -40834 -16183 42217 -65056 -22660 -2886 22268 -42025
r344 44132 -32624 14025 -46399 34361 -57754 64008 23010 -28197 50187 62583 -3046 338 -64218 8453 -50395 36627 6977 -25854 -5833
r345 33417 -26567 -56125 53217 -16793 -19853 57632 29191 64838 19262 25694 64078 24804 18006 64953 -2162 38265 50042 -26478 -25555
r346 14676 48376 -52848 54487 -30767 -57329 -23350 11807 1745 -20536 23884 61648 50049 60035 33326 21974 -20785 53295 -62119 -30047
r347 11458 27024 -37240 -11386 32828 -64433 51071 24206 10703 19387 -15625 49851 -793 58969 -39069 -18831 -38433 20215 44206 30428
r348 21816 58288 27167 51187 -59441 -11397 35249 23530 51716 64579 64441 -44794 -57322 -38843 58788 5851 -40564 40628 58815 60285
r349 -34496 48980 11664 10577 64455 -15215 -26064 14254 60297 52438 -30571 46392 -17972 -10047 55414 33651 -5484 62025 -40198 -50409
r350 12798 -62147 -2853 18849 -2927 -6822 52822 63612 -4215 -50653 26398 48711 -58125 -54021 -5545 43325 56623 -15666 -48088 -25505
r351 5813 38640 -61494 15981 -41839 -26425 49764 25688 -28786 53611 56158 27537 -42596 55341 26695 35124 37234 -20788 63743 58625
r352 59372 39078 -17550 -50510 28863 4794 -9427 -933 -17978 16415 25456 -47281 -31259 -32506 24227 40374 -58916 39801 15777 -14372
r353 -3197 -35383 11326 28742 -48920 46502 -4386 -47592 -17147 19249 63062 -27432 -32187 -50030 -50985 36371 -43873 -2924 52201 -56558
r354 -2829 24609 56525 45176 -17717 -21826 12661 23635 32521 -9661 21368 -37294 -49672 -58388 18725 22927 -34599 61597 50086 -10576
r355 63105 -37821 -24344 13450 -14728 -56141 30212 -18863 6785 -54268 4199 47178 47660 50849 48158 16926 24016 513 43088 46789
r356 -2345 35849 -30967 52219 -62437 -2091 -416 7043 -56281 -17792 1124 -17567 -36507 41186 -15389 17463 9213 58737 -15546 -35211
r357 18057 17909 19163 37254 -51675 57423 53205 -46864 -37432 47566 -50664 38771 -26806 8546 -15074 -17114 64475 -29 -51795 -33835
r358 64612 2313 -51150 47151 61351 -2247 -11486 17474 -59527 60212 40803 30010 14748 23662 37403 6944 12444 51765 35108 28742
r359 -35120 -32899 35024 14382 -23534 -18264 -65296 -1812 10188 55969 -34436 -40268 -44340 -37418 43377 -23720 62352 16475 838 22400
r360 10030 55774 31539 3572 36685 -47476 -62942 -2345 1818 -7470 26788 -16177 29414 -3825 -34600 48683 47063 54162 45794 29515
r361 -38696 -50236 -30217 -15088 -29030 -62289 -55573 -2028 33301 -1490 53835 -26833 -2586 -51558 -16758 33919 -29408 -23086 -42330 19817
r362 -50996 -42178 39471 -9803 -34517 45589 -25188 -23169 -12088 -61220 55189 32743 -9552 45916 -39644 33837 -54521 -52405 -10831 12403
r363 30719 4779 25200 21935 63891 -25384 63176 -60236 36806 39412 -10980 25960 51957 -51973 50304 368 -56037 -11190 -37635 -4197
r364 -42599 26121 62490 48924 -51843 -34637 58634 53419 43573 8245 64218 36049 -24903 32225 37615 60372 11399 40460 18210 53295
r365 61853 44972 44564 26897 40984 -42406 51114 -24166 -26791 -24171 55829 -27055 -60024 -48796 -35242 39678 -2004 -39732 22359 16653
r366 29912 49412 -39997 30699 -31200 4955 -62935 60274 -28021 -42320 -33218 -58783 -27123 44152 25302 45193 -9530 55439 -42308 -960
r367 64668 -25498 -20698 -64538 8202 29509 -25281 48820 29308 63128 64466 12953 29066 -9882 -38675 25164 -61207 -36759 -32064 -52112
r368 33726 35029 -57568 -20476 40362 52203 -42603 -48806 -52383 34057 -19303 29575 -33052 45004 -6291 62755 -40643 8913 30213 38811
r369 -2777 -37499 21923 41766 48619 -13282 -19073 -14965 -4109 -40452 -33653 49785 12020 -16993 -49196 -61587 -4387 28745 -33349 -31661
r370 -29666 27289 -6647 62144 49435 -58842 -51183 21838 -39856 24865 51677 -17957 -50024 -7677 -24442 43865 54036 31531 54278 53433
r371 -58544 41614 55481 -17196 6762 21354 -22314 -48546 54622 52272 -24539 55042 -11199 13055 -40203 25613 51821 2365 -14710 22351
r372 -62600 44217 -16015 14724 4207 -57971 -29135 -37112 -54924 -34809 -4352 12218 -56118 8384 -49269 356 -4873 -60936 -28776 -40376
r373 51247 50868 -1350 -7569 -23829 -13381 -11810 -54558 -60168 2789 48250 -64787 22321 64765 28892 21751 7543 -13371 -62668 -64148
r374 -4109 -40801 896 10333 6854 -62961 8831 -34641 47750 13821 -18832 -8321 -62520 33765 -45157 -11843 -17514 38234 -61249 -16030
r375 -46557 -55282 40674 26821 33932 -20280 -34133 56200 -819 46293 22808 46099 9446 35726 -5726 -32498 -10510 22139 14449 45924
r376 711 -49416 -29276 16974 44562 -56461 29700 -45389 -41132 -51168 -45557 -27613 60664 4375 -30099 -43258 -21774 26689 29187 29152
r377 -29566 12787 326 -45513 34277 -43498 -62641 30994 14738 -11433 32359 -12844 -52962 -15640 -4320 -5745 29348 -57415 24021 47246
r378 64586 6700 -23059 -12078 -57872 -24738 -33939 53154 55259 27415 44093 -8186 58998 -27103 7202 -26620 10799 -41176 25915 -1074
r379 13882 22509 52786 -64706 -52885 -58388 -5578 16295 -3604 58870 52823 17774 53377 -28993 20433 50781 58290 51681 -38322 2920
r380 -31589 -49737 -2420 -45295 21039 -56105 178 -60584 36364 -46441 -20925 17447 8648 22476 26840 -22082 -351 15263 -3523 -1528
r381 -63337 61253 -11880 60984 -22057 19424 -4154 -18081 -4326 21484 2876 -5662 20646 29213 62209 4229 -24327 18555 1183 35030
r382 13602 56946 2529 56610 2434 -32717 -52314 -61385 16960 4731 28605 -9618 9671 18919 -1877 26939 39651 32309 12629 29313
r383 -46160 19414 15800 17003 12933 -957 5729 56790 28246 20977 -44976 -65292 44778 -16631 59600 -13758 -22173 -50915 -33869 54772
r384 54562 -9530 34092 10240 -24164 25865 -31501 -24230 18694 -17310 25130 -29887 25649 -24152 63188 33420 23858 51497 7303 -22605
r385 16452 -46393 20331 -1690 -30729 -13628 -40072 36484 55345 -52080 -30885 28829 32351 31715 -4209 -60786 59797 27891 45053 -31238
r386 12576 38098 42444 -6197 -31949 37314 60621 -26968 -27664 -38358 11247 -44236 52789 -14352 8243 11869 -12819 -55815 14997 36639
r387 61427 19147 34218 8078 -33820 -11148 12983 34974 -615 -37126 20257 -35395 -39432 -32609 -22771 -44699 13793 33421 -37076 -41985
r388 -5811 -46802 36140 914 20953 11710 -39190 -12166 -51925 -52980 33076 -3566 16079 -37418 -6760 8410 -36188 21849 -60812 2410
r389 33785 -31245 57645 12291 49981 -51813 56046 -36558 -21644 -34733 39775 21594 -20600 26150 -63273 -33528 16686 -9836 -16203 -56701
r390 19346 47681 2279 13097 -45268 48270 10926 -58338 -17782 10312 -33584 58106 -58690 25679 -2516 -7077 38556 -13990 -43316 30129
r391 34121 7844 -57310 -16339 -42857 14506 -53232 -27057 64855 26104 -39337 -48193 22774 -5344 19467 12 14067 54622 -9336 41857
r392 40050 -13950 -36635 29618 -44267 -58235 -62985 37205 -28938 14411 17979 -25193 58310 60995 62410 -51453 49722 -19671 -46353 -3548
r393 15678 35661 37619 -35581 -21570 21379 29604 -62742 48194 -19656 11590 15744 29768 54925 -16519 -39086 -46533 26534 46454 -40504
r394 11229 34570 -39857 56926 -31396 53154 1239 7427 10319 -7199 -51253 -25148 27274 -19760 37065 -10748 29016 -41348 16835 -32517
r395 -37638 45791 6625 43323 -29061 49264 -19472 22329 -23716 59979 -44384 25040 23279 -41782 -1829 49467 18855 -29177 -30935 60238
r396 -6686 -7065 19706 -38455 52446 58700 19190 13805 59452 -39552 -28153 12305 -2178 -7031 -2009 -11358 1322 45957 54477 -28175
r397 -61725 -18193 -26949 15775 50890 -55541 -43825 22554 33687 18500 894 48234 -37539 -45156 26438 -1196 26728 49573 -24180 54102
r398 -14580 -21453 7213 59718 50295 15925 41666 -50899 -55669 -31531 -13707 -3027 -33910 37177 -1371 -32724 5259 61400 -39617 28719
r399 39553 37842 -46536 -58043 61781 13627 16846 -55732 -24383 -47014 -39664 -9768 -44319 22052 12270 -48279 29442 -52595 -57159 -13457
r400 -33046 -45517 -49112 20811 -34848 40637 -4264 -55352 -59659 13111 28348 -45998 16746 55845 49348 43852 -23076 -46428 -36569 -33886
r401 -62493 -30911 32354 -49486 20570 30242 -16593 -21888 -18038 -36667 23597 -61869 30149 -54159 -62453 61150 -7648 -51529 -33255 36209
r402 -39046 24908 13794 40607 -60881 18066 54987 -15809 27908 -49164 -55749 1646 55892 39591 -28616 16578 56924 -8350 32614 5565
r403 -56461 31774 31807 24529 65059 -32386 -58789 45839 21807 -12505 -42340 11455 -15313 -9326 31054 25057 10626 -59359 23703 6319
r404 -17849 48543 -12559 -9925 -29040 51892 -44768 33879 22766 -41045 -54035 -51750 4557 32803 -26791 54799 15823 1283 13535 -32704
r405 4107 -1751 36119 -12731 7411 -37517 -44563 -48277 43020 -63167 -65462 15549 35683 27772 27540 -53590 65379 3469 29424 -63089
r406 43740 46474 -34642 -548 -7589 22259 52001 -54531 -44114 20674 -47830 39833 56146 48586 16595 3606 -8322 8967 -6699 -41926
r407 52270 -2385 -47550 -14498 7820 9849 -13789 -57770 3685 55068 -35525 6595 -63010 37096 4677 -47938 -22634 -28025 -59145 -26542
r408 33604 36836 -16305 35539 52949 61897 54596 40982 27408 38263 -55395 -21382 -41313 -60653 15569 -43379 20509 34163 -58391 -58015
r409 -21422 -31323 -12160 -64306 -51126 61949 16688 18569 -11468 6978 -10154 -3489 -61019 -25963 64412 -2477 31161 -57187 62094 -1575
r410 -49252 43929 18564 -6052 -47744 57834 19137 3262 -19490 13380 23528 -20805 -45588 46146 6803 -26202 27488 39379 -35444 51659
r411 63742 -31725 -30364 39064 -54119 -39530 -54822 40952 -60560 -25024 -17150 -14892 15845 -25316 65324 -43158 -22231 1148 55937 39020
r412 21200 56301 -20593 -42054 -35794 -506 3925 -54861 -63765 30374 -53295 34449 53494 52205 -46171 36084 59487 -55399 2240 41658
r413 -6514 23563 -31408 64582 13815 -45568 58504 48952 38974 -28236 12718 -28777 -10578 -53958 19330 28956 4466 51282 -62192 -53110
r414 7713 -52643 19304 -9713 -35261 -20104 49332 -58774 -6368 61010 -61359 49323 -9155 6620 10584 -48140 43890 1329 -57634 13773
r415 60120 -2405 -39626 -34044 65428 -12162 -32399 -35808 19751 -53686 25240 40611 -42633 16737 39347 31760 62407 -35111 50301 -34871
r416 -50523 61891 -21799 54913 -29441 58766 13248 -40382 -9913 5926 -46606 39105 -14836 38173 -52402 -48668 -59252 16382 63336 -47260
r417 -18229 38643 -31773 47911 54717 31164 60845 1546 14170 -50167 48818 -60232 -16545 20693 -17387 -34472 -580 -26873 -35441 -13349
r418 -58265 -35568 35810 50187 -29128 39223 -24014 2487 -37471 37370 -11708 -26797 47208 58331 14031 -48708 21456 23995 59688 -23931
r419 30715 33013 -6672 -27460 52183 -63406 -16416 39123 63251 20231 -49208 -28237 -48443 27374 -33605 49431 29863 -64539 -63412 -18568
r420 -41864 40543 -12695 -59067 50289 -16347 -53727 17564 6576 23825 -21344 8471 -16438 -31614 -29695 -42370 -6969 13259 48976 49028
r421 29364 -53887 7201 11634 61450 -60398 32481 -54537 -54950 51824 -11314 58528 -13916 48833 -23574 -61259 -54140 -4660 54697 31369
r422 -12451 23595 -64457 40856 36908 -27595 11267 -62545 61991 -23441 -52085 -48635 33839 -26247 -42699 22827 11411 -19667 41807 18102
r423 5344 -56248 23979 -24994 29390 -46422 8474 -45484 26564 61301 -18244 39307 62396 -22101 -61169 53763 60281 2976 -53360 44310
r424 -38580 -6409 -19382 22150 -34592 5505 25721 49483 -36362 4870 -7368 -9947 -47117 45633 12535 58960 2350 25491 -64706 34836
r425 -6688 44339 53989 37027 -41490 16429 49949 8326 12687 -22489 -63422 46516 -43496 53944 46175 -15622 45530 -29302 15192 46978
r426 -43923 62026 17293 -47332 -14370 64811 41539 -6508 -12255 630 5605 17344 -50968 -37376 64222 11058 8400 -9800 -59146 -24301
r427 -52645 -16763 15795 -20252 -33486 -16124 40435 20465 25018 35467 -26339 61114 -39604 33775 -9471 -59218 54873 195 -33554 -49689
r428 -9779 -8554 -48917 43373 -4176 38989 -58655 26497 8080 -15674 1036 52877 43777 -52773 -46908 -46833 -43642 14994 -12847 25931
r429 -26004 19967 -4015 -46383 52700 655 49221 53586 7801 21606 56747 -55365 -56426 -43268 -13986 9130 -49041 -15722 -20716 51355
r430 -21114 -21734 366 -36680 20663 -18412 22134 7935 12201 -48078 32127 -24050 24945 -53009 -2752 13718 24979 19250 18681 57576
r431 15984 -52474 34861 -38716 -22982 53577 -46902 33238 -5567 -7956 -3640 -39528 -61603 -50348 -32094 -14761 -57025 -13635 9918 -51217
r432 28402 8407 57905 11154 32226 13787 35741 -23137 15995 16365 4100 5168 -10663 38373 9610 -31309 -51315 36247 38225 -10433
r433 -60160 -25568 26380 29548 -55644 13882 26473 -43959 58689 43806 -25548 45161 56401 -48202 -26618 3299 54037 -26065 -21381 50518
r434 -43301 -47002 -40213 39983 -65184 -42986 -5732 24260 -17727 -45374 64464 -30277 51186 12367 -2038 -14468 -45339 47163 33868 39645
r435 -24032 18688 -38648 -39460 4034 13964 51051 -11803 42318 29308 46712 12823 15596 12269 -58891 54595 -2950 6340 -41530 23483
r436 -27833 -42933 43590 -49448 35139 7801 6621 62126 480 -27763 47924 -38127 -2768 22463 60505 62935 53382 -51534 -48777 -24506
r437 46516 -13760 -12706 -29603 -18668 19990 59895 52202 28569 -22003 20019 35306 9298 -9242 -56275 29252 -15971 18109 53277 -10638
r438 -20446 -19568 59975 14479 45758 59611 -32977 -14406 -16393 55852 27507 27815 -56191 -6497 5584 1122 45520 15775 -32416 27996
r439 18517 2606 -50468 9204 -61343 -45996 45808 26491 7951 48609 28956 -32720 -27931 65468 12492 -43952 -2448 293 -9161 34467
r440 -38962 -33460 21756 10046 26281 24047 -35858 -61095 16870 1181 37678 33533 -47030 17765 62624 -58959 30358 -58979 23230 58001
r441 60278 30357 53090 59384 59148 34450 -55419 22547 41872 17889 -34342 -56307 13758 10694 20545 -5228 15912 55257 37772 11343
r442 -22191 -23524 -36294 -57709 21238 20987 -33495 -7432 62285 -29641 -53314 -63506 59403 -23034 -19977 -35421 -43377 -40100 -32200 -9423
r443 25100 59780 54944 5651 7383 38543 -9392 -63064 1008 45713 -581 60611 -26137 35832 24946 -8955 -59268 50330 33429 34833
r444 -8434 43510 -17026 -56246 -54037 62777 -64913 -12523 -33515 -46238 47154 -34271 24795 3169 30366 -48952 39975 -26895 -58840 32411
r445 -1825 -34003 -59795 18515 -43947 58161 -9297 -13271 64993 -9463 14271 -13140 -37821 -59653 -51344 -45446 -64024 -61911 -31951 -51759
r446 8435 40207 4453 26535 58808 -32772 -6274 64445 -57382 -35052 -62873 60595 3030 8195 -30658 -9832 -59778 44334 63089 51170
r447 51867 -23146 -21253 22702 37780 -6638 15732 -22902 30354 22623 -57028 -45149 -64481 64180 32826 -32930 43089 31327 -25790 56615
r448 -11817 64252 33245 23597 -33614 27674 -26294 19606 -40668 -45092 -60790 18572 -27287 27134 -48186 -18522 -58063 937 -16223 -431
r449 34522 64494 17590 -47179 59999 -28080 -43893 -35024 -41445 -59750 -33382 20749 -28318 37612 -52097 -64127 -56220 -38877 -62987 3843
r450 15721 -55613 20469 -65513 32427 -44110 59620 -16925 -20031 -49682 29736 31218 52074 -49511 43324 38283 31768 -52867 -38292 -41610
r451 57220 43019 63529 -23300 21611 16841 17120 -10420 -29006 31847 23029 -27113 -41852 -34924 -22510 -31540 5956 34495 53690 -27689
r452 60108 -64995 -45133 -31488 16424 -31827 -62423 37246 47219 32896 -22324 -34571 63139 -33728 -35217 27591 6755 36474 23347 44373
r453 -54811 19774 -65354 1606 -25903 47313 -47558 42248 65532 26247 35894 -23435 32661 4695 2174 -5438 -36910 21124 54894 -58441
r454 58799 -9220 -54056 -2054 58700 29863 -36302 -7032 -47723 39944 57822 53787 4179 -36818 -53520 1310 31585 42190 -50685 -32432
r455 -32339 -51285 -57097 -18458 30305 43828 -17020 61318 -26204 -49670 37766 22405 -37282 61494 12108 -29442 42393 1861 56125 -25522
r456 50496 51459 -61825 40463 -63539 -5404 17456 53260 10387 -55211 -928 61453 -40346 -4968 53444 47285 -53639 -34839 -47246 39623
r457 8190 49172 25494 36859 -65257 -27628 -59101 -45899 49044 15494 -47508 47008 47337 -47667 -20777 -6760 11323 56399 -16154 9502
r458 -19841 63252 -15836 -36051 -28061 36560 -20350 7660 13131 31203 60772 -13799 -43784 6575 47791 6901 -15397 16638 37124 -57232
r459 -8665 -18100 15075 1913 -38877 -54517 -5567 28783 36110 30998 -62575 61493 -65077 6979 -29883 -15463 -40639 1478 43656 -23060
r460 -60376 -31780 2477 56542 1186 -58386 51748 -44889 62028 -3339 50029 40668 -63301 46134 -1044 6229 -31632 -19928 16142 32303
r461 -13955 -59745 15868 -25314 -31530 58638 19546 3590 12394 62026 28296 -39495 55967 -37686 -9488 59972 18121 7404 -14286 -15194
r462 40429 57676 -19856 -54117 46559 -3031 -65179 -53182 -46778 43675 17702 -8431 -58040 -49446 -38436 29073 24737 -6963 12725 39385
r463 20278 15629 -37062 -36079 39571 31523 -23794 60988 -49614 -81 -38945 10894 -46500 21437 -27515 29165 32054 -30558 38106 -11655
r464 5686 24097 17202 12423 2264 -29992 32826 -50530 33131 -41180 -26888 23269 63922 23247 -45343 44496 41228 -30302 -42213 48549
r465 21052 19744 27932 -26007 -8121 443 -4719 18102 -55443 30421 -45495 -24358 -27311 -49344 -8234 -4756 24294 -43809 8170 44822
r466 62778 50626 -49031 6277 60580 7084 -59658 7199 -840 6052 -7843 48858 19834 -38945 28226 -32309 26127 -56106 59710 11085
r467 -40542 -35178 39940 -64775 51231 -61736 -24063 36639 -3375 57787 58830 14811 -59368 -2520 -53772 45568 -39230 -6634 5594 6841
r468 -59638 -37895 -26940 -7104 -53727 -50545 -27165 15485 20610 -19735 -23977 17631 -25091 23375 34893 -54314 -41762 48341 55475 18323
r469 9822 -5492 51872 52341 -49018 5496 54666 -14729 43869 12668 36983 -52457 -31813 20273 60824 -29781 -15207 43334 -45907 13101
r470 -20121 34156 -12011 40728 -49383 58230 19205 47586 3734 -17184 -51190 50318 40421 63166 4647 -31073 3279 -14719 3105 38186
r471 -46096 23429 49071 -50078 12890 61149 47972 -61518 -62865 42755 47027 -4607 -57353 30503 -58942 -32544 -57861 60036 58384 14991
r472 -11870 46416 26389 -7644 -38306 40805 -14654 52430 -16750 39503 -18780 -4708 -21238 -55138 -50117 19481 33813 17998 21058 52993
r473 -64345 -60559 15028 12835 3193 -32262 16972 3513 40925 -61635 60275 26997 36270 10826 -15569 -8160 -41863 56104 21181 -3928
r474 -38350 52169 12023 6271 54213 -18941 21120 33760 -62881 52322 -61537 13944 -7151 -60394 28305 -38477 56776 -55066 -23156 -43586
r475 42263 39916 1574 36067 -9537 34953 26233 -11956 -63166 48589 -35139 -25182 29841 60996 -7055 -55637 31648 -29809 42643 -36339
r476 13669 17588 -33239 18557 -30609 -44320 6303 4623 -25307 4822 16262 15561 -63249 -8167 -2525 30622 46012 8364 -49324 10316
r477 21489 2487 9560 14678 57740 -65093 -63394 30933 16848 -37890 40784 37726 -44003 36204 -63934 -40033 42070 47677 27069 65207
r478 -9406 -56004 4998 6807 48626 15402 35035 18539 -62845 30325 -61675 -828 43600 21493 -59607 -30380 28109 30729 -6484 41973
r479 -46146 -9883 7415 38564 -30714 50015 -58549 44870 4746 -45986 -49748 7629 -12862 -9663 59994 10587 52424 -5210 50833 49166
r480 -18526 34760 -40039 4866 32305 -51225 -23418 12626 -60235 4874 -55433 43130 39118 40420 14432 -6151 -57368 4147 -59144 -39068
r481 19820 -64707 -5307 60475 39995 32696 -2986 -34883 -37834 -32055 -63489 -51241 -44984 16673 48532 54640 -51734 43386 52640 24955
r482 -15360 -58809 49471 41699 10701 29540 40156 -3835 -36095 63147 13956 57967 14885 -33544 34249 -64344 16958 -9789 1270 27650
r483 59635 -22421 34955 -24115 -16005 -46607 12716 54433 31160 23124 -33173 -32314 -30891 -36681 -21570 -23075 -1405 -2003 12490 65340
r484 -36440 5094 -21247 63552 53389 7144 -34142 -33590 31282 -1182 -4274 53997 -48653 27299 60451 -5420 6656 60143 -61452 -45858
r485 -60682 -18647 33620 -32308 -34175 -57856 -36211 -9591 -19828 -53915 13098 9192 -51798 -273 -43548 -55668 42685 -20895 -58135 -13027
r486 3036 60384 41144 -17222 -50247 30562 41707 -40140 2430 32218 18045 -19109 -49435 55309 28343 15081 35590 53610 12571 -40883
r487 -22671 -52954 -24878 22099 38846 49567 -10044 -40778 -44440 60870 -26024 19030 -8268 -4477 -31730 -11732 35077 -25928 -26685 -45500
r488 -17806 -14630 22803 -14990 51337 -55472 -58770 -23432 -17472 -24713 53390 11419 64123 -40015 -52451 -52555 13342 -1539 30978 2537
r489 -23455 -1698 51925 -42791 46016 -2918 -19490 56246 26007 23986 -62916 -33277 -35317 -62416 -42962 -20088 46615 -3417 31057 2576
r490 60798 -17281 -43971 26879 -21898 -62169 -56050 -51763 24110 -19860 558 11674 -45784 -32731 62861 39920 4126 21171 -37058 -24025
r491 12446 -50928 35160 -63081 -36478 -49213 -40696 -11910 -52908 -64513 -11396 -24391 14807 -27753 -39034 -28761 -55760 -11303 -10826 14852
r492 46955 39899 30933 11894 50320 -29555 -2277 -36011 -54382 55866 12766 -23606 -18368 -27987 -7411 -16914 -51525 -53844 -48998 48721
r493 -44539 -30051 62359 -27353 -60298 3509 52315 -56615 6369 -3694 -31796 -9123 -17687 -49935 30648 -38561 -14537 -24744 26357 16113
r494 -18247 2442 41917 51041 41503 57188 -24943 54881 -26176 8112 31392 34710 -50523 29071 21183 15174 9736 46427 38727 -45668
r495 -3794 -15932 62938 14794 -31991 -63751 -44427 -15606 50657 24461 24316 -4855 62308 -20803 -43523 42642 23329 8117 -64172 36182
r496 64820 -12020 18447 32473 14212 -53006 -3780 29782 4647 8917 61693 -33075 50725 56922 -50936 -23119 -57629 -64124 -42005 -5204
r497 -22108 64985 -5018 -12203 -30637 41950 48104 38582 21388 13611 -34172 30278 33144 -27705 -34953 6090 29643 -61904 13049 -29799
r498 -10477 -6624 56915 -56661 820 43946 59765 41963 -13196 32070 36263 -44356 -19807 13859 45807 11631 -20252 14316 -27867 46389
r499 11853 23857 -24025 63372 32562 -19426 -40320 -37894 -29404 -62733 -5036 32909 12400 -10019 60534 -1830 5839 -10978 -16580 12655
