mTable22 21
KEY  c0 c1 c2 c3 c4 c5 c6 c7 c8 c9 c10 c11 c12 c13 c14 c15 c16 c17 c18 c19
r0 55657 -30946 -48301 47109 50928 -1459 -26521 51035 2943 -22989 8038 -26302 19356 18923 37698 -20963 59459 2620 -23196 -33044
r1 34358 -28435 62755 -2060 -53664 21940 -13166 -26331 -898 -9573 50872 28623 17299 -65118 -14581 -24439 -61643 49269 -22709 -50074
r2 45277 -47153 58720 3225 -17324 44418 -48317 33009 -49831 64079 11106 -15481 12387 -60463 40121 -38783 2970 -64866 -17456 53686
r3 -38790 42402 33976 47739 -61171 -18769 -14974 19532 47815 49673 45864 7360 39066 -20966 24494 -62356 -30795 -47753 34296 56976
r4 -7268 16882 -42344 23736 8079 -33359 48322 -15160 -63056 6784 51459 313 19195 62856 -26203 -62905 55037 29952 -14605 -35413
r5 9994 40343 14502 54694 45186 -53635 28353 9436 10818 -23837 -61643 21951 32486 48316 55697 -54382 18798 -48274 -16923 -34101
r6 51447 -55000 -19400 -47496 -52434 15665 -4842 22100 -16723 -7541 -12569 -53182 14773 -4263 61413 -26385 -36033 -54010 4201 2787
r7 -48642 44268 62075 42575 22934 34234 -17885 36513 -49102 -37195 52516 -46686 61911 -24275 56948 47439 -28329 35083 -30769 -2431
r8 31551 -37471 349 46881 65333 29355 -44665 -3573 52346 -20202 34402 -19340 -61457 39986 -18053 -1694 42130 36054 -51838 -12870
r9 34902 -62069 -56401 33619 -28824 31240 -59079 -2759 -8800 -18766 -6384 50577 -23585 -34312 -58635 48642 -43553 43571 64809 41096
r10 58826 14679 -6125 19934 -24031 -24701 14869 11197 -20987 -24850 -56235 -9628 44645 -48537 57306 2238 22813 -25364 61284 27787
r11 12294 -36309 60391 43111 12231 -27257 -34582 -51630 49323 -4642 -54898 32590 50214 46005 -53841 26652 -30810 -39384 -346 -24118
r12 6033 10432 17402 17302 43175 -24428 -23413 -29259 7875 -63299 -51599 30690 -13281 -37076 -39428 46338 -15031 60466 31908 13210
r13 8161 20014 -44208 62763 -41936 43923 -51036 27584 45687 -21740 -51870 -24109 13519 58660 15945 -31017 6396 -17295 17942 -22816
r14 58578 -15662 38398 28694 -47603 -48481 59576 -3925 -58913 22064 -53486 11595 -57446 63793 10368 56070 -43245 -45796 29773 44823
r15 50947 34031 36145 50604 -5234 -7954 49559 21969 5444 19620 -51036 -10331 -5073 14931 -42359 24533 -51473 48904 7199 -41730
r16 -28770 -56347 -29359 35572 13039 32521 -48178 5491 50064 -1982 63459 16741 25366 -23888 -40678 55390 26250 20335 -11270 -56899
r17 -51226 -10904 -44662 -52369 -34917 49724 -59233 -56180 -38821 -61263 25914 -56507 17824 6442 -35467 29514 36363 47159 53098 54235
r18 -18871 62402 -12583 24593 -46850 -24713 31617 57107 -47015 49103 -44582 57380 -17962 17343 -48424 -55501 -7649 40370 -32814 -58002
r19 25594 -42615 51964 51700 -41025 -51599 43771 21370 -55829 24778 48494 53025 54324 42507 7462 -49719 35456 -28709 -55634 11008
r20 39736 7975 -12832 57686 -44083 48865 -64516 24245 40839 -36749 -35618 -1592 12722 52287 -34164 12235 64233 21866 -38023 -15067
r21 55545 57485 -44046 -40095 -23521 -3676 -51571 62694 26818 -13435 18067 -43650 -11888 -31640 -39810 21251 -58674 -40108 62967 -2468
r22 35284 -26299 2608 -4413 26772 -22609 -25326 -55707 -32540 35374 37264 -52986 -44708 22728 19578 -39425 38604 694 -47101 1830
r23 32720 -15701 -16333 -36364 -45937 -1290 -20449 -47417 -40451 -9137 50642 60141 -60842 34829 -44901 -59843 34095 -49597 16529 51145
r24 -54242 3949 -27879 7121 16644 -41556 63252 21621 -41752 -33866 23113 -53234 18087 -17799 -19618 -40089 -55479 1162 -26220 4781
r25 35860 -9846 -46939 7553 -46300 -30716 18409 -29661 -36511 -16439 2702 26663 -3350 -31107 25252 -20507 -62662 -21894 -840 51849
r26 16950 32334 2565 37662 -54701 -40067 -13486 -725 6703 48210 46259 -14045 46790 5453 -42181 31162 -65438 42135 62320 42470
r27 -23325 43915 -61337 6753 32439 32640 2610 13401 -51781 8854 24834 10579 42894 -62416 -42523 40772 53708 -14439 -55408 23528
r28 17907 10240 52142 25011 58143 1726 53346 65136 -17384 -579 36150 -10990 29572 -3708 -22334 43348 53572 51033 -11811 27015
r29 -12395 -33988 13555 -16286 32194 4267 -7639 -9248 -57112 550 48986 1870 -10299 34254 -34760 -46513 20599 53374 -60696 176
r30 -2351 12123 60927 30839 50240 -10544 25110 58359 31264 -20767 22440 41277 15863 -58856 -36415 -41276 -50782 19205 -29658 -57533
r31 51495 -58630 -39255 -61744 1218 64899 -6830 -17619 -24283 20360 35152 -60080 -7573 -12791 -2043 64855 15251 24454 -51555 17930
r32 60075 27130 57695 37356 -20169 21507 17072 -48881 31709 4600 -56317 -20165 -22046 -2948 34246 -62545 55131 -56683 -54832 8929
r33 20509 -63221 28859 8373 40572 -31706 55334 -5040 25266 -21079 30327 16114 -60195 -43569 -6410 20826 12656 36469 -24150 17291
r34 45359 456 -56400 24684 19721 30684 -14988 -58758 28780 28066 3694 -31708 -32846 -29381 45528 10029 -8753 3974 28744 36825
r35 58320 -1933 168 48503 64593 -26548 -8588 -20949 -60665 -31423 49019 51341 19586 -59202 -39576 24236 40645 8187 -25995 27978
r36 -36781 -62596 18354 -23313 18150 29505 2720 -21559 36776 31661 50578 -31720 17516 13251 58915 -28476 -46577 62014 40154 -47071
r37 43456 -2479 -28088 60133 38281 50013 22397 34982 18943 31595 -32880 53461 -14268 -8387 51151 -8018 22466 47048 -45197 12027
r38 -11755 -59880 840 1217 -42715 13188 -52200 -13549 35723 16017 -4315 -46067 56682 -63293 -30571 23144 39388 34493 27662 -58504
r39 -3130 -59954 -10022 -39882 -26119 30770 59102 4308 -62500 -61530 -26042 -27482 13280 61748 -41327 29548 -59696 48308 21033 -45646
r40 13087 -61599 -24051 -62884 -30246 15433 12342 -17185 -8618 52150 -18989 29670 -32068 49384 15780 26875 11021 -18299 -53644 25804
r41 18820 46218 -4346 -43074 652 -43817 48711 -45737 -37495 44807 48932 -14120 15335 -18684 -1918 2620 -54383 28155 -63479 21934
r42 -16464 31123 28337 -45195 -46480 25570 16448 -59293 35516 -21552 -55486 -22624 -6409 12179 34593 -54705 -64825 -24828 34348 55210
r43 -12624 -14739 -33383 -3594 36836 -64523 33721 45970 23076 17808 63309 -46354 62403 61457 19388 -15415 -23509 45889 52966 18503
r44 57231 18259 -7712 28966 60571 -16407 33894 46829 -33287 22078 24132 50327 5248 2033 -46676 -50044 -41819 -324 54015 -34570
r45 -44129 1359 -16503 -53069 -53381 58894 -22114 -8217 11796 8873 -25445 -60680 24985 57884 -63518 -53308 -6947 7358 52794 54955
r46 27661 54282 -18616 43558 61567 -14684 -2648 44914 36874 -10200 43863 -54726 -28702 9947 55112 2294 36936 -25836 -63510 4360
r47 45789 6016 18714 36282 6053 -28149 19290 -48446 12135 64067 -31865 -26156 -49671 -48729 49548 -28439 -26134 2898 -30314 -24074
r48 56045 -4434 25016 55511 52601 -1543 -209 39125 34304 -15419 7013 64412 6535 57932 42353 60582 -1984 58954 -14863 -32670
r49 42028 2757 -55971 -19942 47481 11112 3307 9515 38660 28892 -46923 -65408 13731 -12222 -21582 -6653 14958 11845 41912 60066
r50 53750 261 -20933 54002 -18899 42124 -38051 -61940 23800 14358 -40883 -10661 24507 27468 -6401 18719 -45467 -47654 44905 49073
r51 2071 2534 6254 -49368 -63299 -40285 20196 7033 33764 -41060 41301 -40260 6553 -38912 61587 -28345 3030 -20167 -55713 38005
r52 -7046 22664 33992 36821 33866 -26130 -28969 -13952 -57809 51648 -32855 12209 18276 -36384 -47194 -22141 26563 35894 -57342 19339
r53 -27390 -25530 -50684 -42819 -10015 15006 -56233 -10359 -6431 -5969 -17997 62298 -38946 39713 43831 -14091 -54946 -40419 57340 -31187
r54 -64521 10457 -1521 -46729 -54404 61846 -51881 -16758 52564 -15395 12553 58245 47216 42405 28982 6852 -56216 34180 -24898 -7201
r55 63043 28110 -22696 -43099 49306 28249 -47357 -30007 35915 -11264 10627 -19829 55561 -24571 -59647 26721 -53814 -51030 -60852 -29418
r56 -46962 1262 -26556 -22185 18705 56227 -20228 -57087 43243 41944 58390 37412 23876 4735 -62820 -23479 58983 15318 -17782 -36936
r57 -22180 53383 17917 -19052 -28715 3200 -16281 27560 -60266 -42388 61501 44126 55890 41221 -17786 -1151 -1307 -53140 -45089 47452
r58 -27545 11595 7699 32066 37160 41557 -46922 -22480 -62962 -59746 -26575 -19299 59836 -4324 -32286 -50964 -7155 56580 -52675 -55906
r59 11327 32063 24965 -28265 -25241 41824 -54801 47387 47537 -57056 18654 29675 46394 -26093 -48399 63195 64607 -25785 -63406 24952
r60 30032 19583 25654 -65257 39849 28500 4479 46027 -15011 25143 51126 39666 2123 -4470 13187 61278 -46461 30829 21729 -22890
r61 -15602 40054 15266 -33822 -19460 -60853 56081 18752 3460 63093 9825 351 -41586 -22485 -50113 -59523 17400 5701 39866 -24129
r62 65033 52017 -63462 34606 -32744 59037 2504 -47079 -45356 57321 61685 57040 -27084 51360 15958 13835 -24570 -10894 -37581 -55804
r63 47040 53979 1814 43627 9527 -28344 48513 39753 -31876 -38496 43602 2975 56298 48929 54743 -29238 19572 -39574 17137 -53699
r64 -19867 -39484 -53623 -5206 -44252 -64315 3735 61673 -35026 11702 7401 -22619 14344 23286 -26830 54952 27584 27340 -33316 7299
r65 -45324 29786 -5256 -461 -36245 -15891 -37995 36052 -54731 1813 -17795 36524 -11350 -46546 40525 36737 -62345 -27157 -49201 -12746
r66 47421 -3260 -57424 -64921 9780 -25860 -13567 -54627 40383 -11263 46849 -4979 58302 -15628 30493 -10962 -26289 30719 -46473 65234
r67 48012 59155 26797 -32873 54382 58658 -50886 -52777 -8358 -5858 23410 53499 -13461 -24607 -17340 7089 -18020 63192 -4039 29428
r68 13770 57803 11889 -40986 -31172 61842 62404 -45001 58981 -51168 -43673 -40878 62951 34225 3602 19971 -3330 -34023 -6955 -57496
r69 47890 57727 -60360 -18128 -43728 32285 27024 44317 24230 14557 -55970 -51169 46529 -4418 -41088 -35234 -39940 -28430 61110 -54102
r70 418 10848 -3182 33780 -48895 56306 48860 -52302 277 -14391 41250 1961 49893 -34646 30040 -22479 14532 -15261 45451 -37567
r71 -62521 -50691 65035 -64290 -6629 -51156 -30047 57604 30098 23428 15657 1598 -49041 -1355 -19073 27674 -13789 -1418 -47672 26964
r72 -35237 58747 -10562 -58728 20840 8158 -12738 -61052 23268 -25255 15935 53612 -41918 27439 48161 -29540 -14858 26855 25758 32083
r73 8438 -45551 3968 -60133 7690 24971 34522 -9186 -33438 -65452 -51815 -21488 27021 33436 42688 -11806 -53560 -45085 46966 42348
r74 -55297 -51700 -42286 51152 55453 -41970 -58731 617 25687 28360 -39159 -12905 -62648 52633 39261 -20349 -56107 53786 15710 1152
r75 -15257 -52592 -27967 -22329 -16333 54560 59952 -33361 16054 -37654 23745 -65246 -6186 -18486 -6668 52006 3875 -33034 -25232 16515
r76 27862 46800 -2855 3314 44543 -53098 52131 -17846 37195 -27845 33442 249 47687 -6583 8227 -39757 -45854 -63121 10725 18333
r77 45075 -9225 33920 -64974 -57616 44229 -29074 42871 -62186 22886 -13041 -31176 -28279 57790 -37838 40999 30572 -32412 31236 -7422
r78 -27000 -25778 -34711 -60372 56228 -37363 -47446 27211 20889 51448 37286 -26553 -56827 5180 48536 -15920 -33035 -1591 -36530 -57479
r79 16083 52730 -54394 -23634 -34798 47157 -43372 18987 -61762 44622 -32909 -18505 41772 -43104 28152 54347 7999 -39818 40780 56085
r80 -57693 39797 9208 -30820 -5791 -5406 -44599 1842 8974 -38765 -50144 31168 54089 56564 -37977 -51282 41352 -62328 -22688 15064
r81 -12535 60795 9122 -1456 -58153 62853 50321 39256 11415 -41393 64067 -2751 55534 -10916 -19233 -15427 14888 -59268 45586 -39277
r82 -6934 4164 -8518 54695 -54252 4048 22504 1575 -24562 -61313 22832 -50912 35356 -11407 -16552 60945 12793 -5844 -14306 24073
r83 -62170 -47441 -12277 54527 -37109 42422 -49402 -14864 52931 -9778 -63850 28832 26307 21195 30346 -17465 -15810 29982 64845 16942
r84 -2638 -21419 32097 7502 36165 52727 -12374 -13140 19153 2605 35419 35628 36105 59621 56981 14025 918 50032 13517 -38558
r85 48784 23128 26779 36180 -9827 36731 -39709 37647 57264 -1049 15233 10812 54023 -53105 6145 34648 -1521 -27403 -56337 5189
r86 58373 57767 -31684 5877 -41526 19941 35101 33439 -4764 -52948 54709 22841 20518 30206 -23446 37970 -63429 17594 -10039 -2965
r87 24295 46623 -36742 -3363 -42628 -35047 26082 -30100 -60914 42504 -6189 61946 15039 50815 -62322 46428 -55181 23307 57652 16877
r88 -27172 52428 24947 14262 8894 5799 61179 -10332 44084 33543 -14554 30046 41242 -10438 -6629 24465 46441 -45811 -11878 -52672
r89 31127 -19688 5943 -48858 -6010 46397 23392 18480 16760 49752 6188 36848 -27003 28651 51135 7403 50519 -59701 28380 -60202
r90 33594 -35428 16175 -45835 736 -35836 5103 48371 24909 -58849 61086 48903 12817 10220 57451 -17258 9262 -34426 8183 -57731
r91 49447 -39291 -4284 -62836 32153 -50600 -63685 -51863 12528 33274 -1903 -2043 -29724 20702 17524 2802 60512 -24603 -37004 7439
r92 -61705 -54989 -13193 -65401 11658 53645 51291 -45649 14346 28170 598 2290 -51203 -50626 54505 -18304 -8458 -1843 -64818 -31788
r93 40179 -6749 34322 1444 -36386 35072 -31039 -63784 -59210 618 -5327 -52502 -52251 -23777 33565 -27889 -10661 37884 59559 -16341
r94 -10845 43885 53915 -39674 56752 -40426 7548 -30621 -34544 17732 -3052 18809 -47497 -10160 -45307 35382 23148 -1332 -48418 34522
r95 -53448 4695 60144 -7881 59797 -27035 -20249 -19239 16213 5361 53040 37578 -14721 3587 48684 -21610 -65210 12263 10657 -27509
r96 -61843 -27653 -24653 -54962 29510 8252 -1244 -40191 -45144 63448 62614 -19607 48089 -62676 -51287 -17792 49035 25310 64701 -33889
r97 49533 -5775 29891 -2498 -17446 -49603 17074 -48732 -40531 -5264 888 59884 -61400 -48204 54494 -8555 -38357 -33078 -52232 39245
r98 35143 -15301 -51599 46020 18931 60753 -48281 -1508 -53814 20759 29036 -21896 35656 38889 16521 -5355 -22447 -53657 -12533 -42221
r99 44690 6286 8102 -39839 -11647 54759 -25715 25400 -21770 5750 50855 55151 -35073 -6005 -56231 -15573 4919 32189 -27623 -7963
r100 9105 18757 10291 61619 -48524 -40401 23714 20010 45342 6469 -8305 -26096 -46100 4256 52093 -54549 -45591 51813 -22022 18577
r101 -48143 -43324 -29404 -42802 52272 -6595 35183 38394 -18497 -16553 16715 64306 -2889 7591 8681 53709 -20058 -48974 29597 46154
r102 27019 -39218 49216 21095 -12895 -23567 28011 -64978 65439 -22149 -58321 11504 44533 15494 -11445 -35379 24149 18302 -52272 -42243
r103 3832 44696 -33091 41795 -37189 -58151 -53195 -64997 -21679 8761 -4478 -4304 53209 17420 -38620 -9891 12268 3202 21577 26741
r104 65301 -60073 19159 -15161 -4189 -41558 28790 62072 24986 51160 8687 55425 23534 -4907 -17844 22149 41311 10116 -9467 -17984
r105 48107 34362 61123 65519 38447 38510 -2231 29845 41099 14481 -35140 -36645 60252 -62109 55973 42901 -3096 18280 46552 -57069
r106 -58123 -36370 -32234 -12881 50721 23795 -15248 64246 44639 31586 -13881 -28072 39007 17637 -5059 12946 -65496 -34578 -27335 -49509
r107 40697 -25534 -23364 16050 -43433 37295 -41901 -38743 46801 -51763 53492 7806 63387 50766 62088 49196 -7522 10144 -18891 -40808
r108 -1644 42545 -21252 15423 -33356 21822 -52818 18900 -39060 -48180 -4459 23949 52575 18084 -37820 -60886 -6418 -10948 -33723 25011
r109 -60342 -58328 34663 62642 -59079 -55036 12252 48244 52104 -39055 14483 25509 60048 -8944 -42330 -30523 61503 33716 3214 -6894
r110 54181 -40007 -55059 35678 43033 -50195 -55046 -51136 2544 -21409 -1865 -33812 -6717 -61155 -19041 8089 60846 -40066 -4559 -18687
r111 -8891 26422 15803 8001 -32750 36956 -34332 -63848 22892 -10621 59472 59996 -16764 -13539 -34746 37247 -56030 64665 -64802 -23552
r112 7499 -65148 54095 25052 15351 -9616 -8779 -42229 18979 -30336 -11218 13767 -23127 15181 -11422 -13394 18037 -49681 -36590 61550
r113 63456 18147 -6536 48488 43344 -11059 30216 8694 10859 61097 34091 32835 -25524 1622 18624 48654 -30707 29704 -1843 18207
r114 19665 58708 30885 58046 -54469 53954 16296 22588 -23381 -42343 46126 18123 44007 33987 -64722 -45424 64057 3992 -19107 -20517
r115 -18345 56145 -52544 -29218 -21682 51349 -63081 22946 -51026 61174 -48516 -56988 -53986 -6536 18598 52815 63781 -10947 -47783 -47120
r116 42949 -41208 20189 -54053 47521 17561 -49076 1179 43839 -31405 -47128 -32339 -61642 -12275 -17144 51031 16495 -61776 -52225 15410
r117 -44985 42483 -20026 49925 19244 12717 52932 48673 14263 -136 15955 -39659 41469 13537 -52594 -14569 -64398 8545 29342 18116
r118 54066 12471 45717 38953 -885 9699 43673 -45671 -31276 44620 -55582 -23162 -40596 -30675 24998 650 59133 -8985 46440 -4891
r119 41247 45490 4325 -57378 -61424 -3360 -30988 18073 -53901 -5990 -7320 59102 18094 33116 -8562 -12127 -40981 46372 55142 54627
r120 15557 -25111 9951 25770 -45556 -24155 -24656 -12934 47821 2892 -29654 -23826 -2725 -17838 18591 11768 36512 55707 -8846 26019
r121 4309 -8417 45441 50123 37044 -58273 -9417 -30922 -5266 -28171 -56545 16550 38577 16145 34369 41654 14543 -39463 3001 41035
r122 -2646 28857 -42382 36481 -19947 42860 -35895 -58660 2423 38859 -56830 -46161 -7769 -20500 -17010 10857 29350 -62317 -14813 -45350
r123 25491 41375 50716 -31999 10191 -50427 -57729 -27048 2174 43591 -32894 48706 63282 13137 6212 35413 50174 4353 47216 -7518
r124 -27001 -51840 -19488 50362 41623 2835 60023 33004 13889 13704 64612 -48181 -52785 23030 -1318 -49459 62775 5712 -48201 33689
r125 -60286 -28279 -14657 2009 6019 17326 -1722 -16843 63390 32661 -41771 -22739 10216 36691 25011 27240 16521 -6837 -65329 -13333
r126 54666 2464 -10039 -49883 -7193 40157 44178 15115 64961 -18121 -8908 1434 -22044 480 -38690 30470 -32252 46138 43175 1590
r127 -7732 58482 52663 -11431 32304 58494 -52987 30033 10003 -84 55900 -16751 -54068 53371 62004 -54153 -645 41184 28411 50086
r128 -7435 -5143 46058 -745 -32672 -27547 5864 32420 52611 44574 -62327 10360 -49362 -35785 57611 -51879 -5049 -29162 45106 54033
r129 13739 -8153 29307 -5321 9716 40866 -41591 -42579 47165 -26315 39788 17535 -2328 -6849 45069 -19802 -9679 41086 -46389 -16717
r130 -7369 -15105 -27454 -55160 -30024 52773 -15554 -7758 -17911 29616 -50315 -64671 -20691 -37062 -51801 46338 -26373 45273 -4416 -31215
r131 55085 43630 -59654 127 4951 -14592 -21752 -41100 25486 33409 6528 2615 53198 -24817 21813 35031 25711 38002 -51357 -11688
r132 -8006 -20638 -12940 -23885 -25990 4760 -38560 57519 -23121 38050 53593 15969 -51417 332 63275 14889 -44330 11547 48321 -63633
r133 -29480 22183 55707 -52218 59735 -43432 15546 -59321 14241 45151 41420 -1125 -8560 -30118 -16405 -8918 2131 -47050 -52083 -32044
r134 33160 64849 9271 57495 -18402 6428 -51407 -9341 4479 31267 -56567 -45829 -54796 24337 -64935 18565 50093 25264 1195 -46784
r135 -47163 2401 55922 -2712 -7966 8851 -36326 -29613 10901 58751 -20345 18292 18214 61222 -61804 -16283 -8887 4449 42865 7129
r136 43105 15024 -64720 57629 13959 45674 44773 60292 -62782 36683 54738 51851 -5459 49414 -1406 -50169 5972 35331 -20609 41666
r137 19354 2770 57055 17297 23408 -12117 -9498 55209 20568 -46013 64712 24261 45164 -55833 -39889 19415 28996 59614 28151 -42825
r138 52087 42546 29303 27094 22148 -42057 -38861 10145 -41625 -16367 -53198 59786 -50149 -20506 -13869 -25446 7359 -35225 -6128 -19495
r139 -12341 -24081 -54561 26647 -43379 -17567 8502 53862 17190 -31463 -29657 -6275 42517 26077 -21148 -8586 -27092 61624 21085 35383
r140 37004 -36434 -43443 -12858 -46514 57451 22234 36384 45220 16380 64191 23011 -46271 -18405 30163 13067 11456 46512 5917 -63298
r141 -10070 -35242 -42858 -41443 -54372 63026 28600 24246 51877 -31295 -30640 19468 47 -343 42764 -62880 -65157 -38033 41709 -42437
r142 -28551 57634 7688 -57286 51196 3633 -18995 10906 9648 46829 13663 -64156 48965 61611 -42212 23504 -44865 -7281 -16632 58754
r143 46222 12302 -21529 23871 -39887 8829 -42387 34525 13486 38755 19806 -6014 -22231 2545 -23829 29864 -12658 -5718 12801 23296
r144 21619 -12927 -46299 28614 -2502 9424 38729 -53843 33472 -2758 -12681 -26972 52102 19396 -707 19529 20410 60995 -5534 -3714
r145 1399 51931 -20997 -43542 8554 14900 50671 -29995 -10398 -46456 -20631 61601 6609 9516 -65241 -6850 27925 27882 52474 -11598
r146 -4573 -19376 34397 -48530 28719 33561 -63312 -27632 14642 -11803 33256 -30011 43882 46007 38775 28549 61418 -41276 -18394 11516
r147 29547 -56461 -59133 14392 65067 6039 -55697 -33633 -30574 65473 -4828 3636 -41299 27977 -18453 -23478 28741 -39213 -31742 57650
r148 7706 -23417 -47156 -40514 -22366 -4306 -45289 64780 45059 -29513 54989 -63246 20544 37643 -35856 -22712 -24302 -48576 63911 -23
r149 50182 -18534 -55570 -22727 43451 59821 28853 -26887 53325 -5799 54112 14158 -63270 -48980 -15213 -28539 -54140 -36229 -58887 46000
r150 -7619 -48964 23032 -45568 -60165 -54243 6113 23377 -16681 1779 24664 39341 25236 28722 -28331 25137 44787 8652 8667 -35111
r151 55698 -31645 26241 1203 18548 2851 -12761 14058 42706 20036 37718 -57421 33471 63295 22152 61691 -7534 18109 44401 21207
r152 37928 -33044 -35504 -39156 -50927 -56467 -3986 -32235 49724 20023 -16964 -57327 48512 -6634 -39668 -29148 62013 7415 -7500 -3439
r153 20918 14348 -56193 31886 42779 -37712 -29670 -53798 -45662 24749 -44217 18677 -18154 -21668 -36703 61248 23757 -55137 22855 48232
r154 15874 -23353 22857 -5232 -20703 43386 35350 9188 -11493 -14181 -60415 20200 25909 -40252 -48594 -56490 29315 -53054 15486 32480
r155 12876 -20566 -36044 11632 65025 -2948 44291 -3317 -13286 53439 13540 55790 -1968 -13830 -13939 2764 -33614 -53504 18444 -54478
r156 -44249 -44590 50603 37511 9018 -19851 9159 11422 -12936 -39185 53837 -34777 17847 24562 -39387 -842 -11475 3048 -58190 7720
r157 -44026 -61647 36336 26216 -35563 -31058 -2294 43453 -3638 -55944 -43866 40533 -17768 48269 -12780 10167 48009 55992 25 -34396
r158 -61117 53484 -62254 -7707 62162 -31369 -9342 61778 12118 62675 -52757 64360 -33738 -24708 -45093 3245 63593 -16384 -14043 -42071
r159 36960 -48173 -61065 16073 -43149 10485 13240 -5064 47226 18008 -52284 -50435 12256 58542 50604 -47836 25956 -34033 -44617 -43239
r160 45084 19001 40172 14414 63644 9205 -38183 20039 -3872 35982 -19853 -42421 50498 11690 -32727 19797 -63571 26905 33254 -40484
r161 -61684 28911 -14769 -51151 -59325 -58609 -24025 -2669 -30002 50841 17326 -53246 23915 -32188 46265 -51579 -56152 61235 7408 -4949
r162 -60222 27450 16339 39061 -52711 43081 -11858 -36947 32404 51501 6169 39954 -59655 21886 -31258 52358 23990 -60049 59249 -51627
r163 52547 839 -58913 -55429 15464 -41574 -59753 -6892 -63873 58889 -42909 -18663 -29588 -9459 -24852 40077 -11520 40316 49378 64894
r164 -2361 52973 -50157 -20881 53111 20384 -40808 -22343 36834 51747 -21348 -20831 49943 -25288 -58805 -41976 -63177 7748 52526 64257
r165 51549 14101 8538 -54743 42922 31352 46871 63143 -63278 -13976 -11938 14249 40714 47229 51565 -50420 64242 -28586 64484 42435
r166 -29967 33146 -16982 -62447 47565 -49720 -54505 24459 23868 -17519 -17067 55411 25676 21395 -17828 21385 2743 -56656 10661 -60842
r167 35106 39908 -694 -64308 -17347 7787 -64545 -34243 -54915 -45647 -17470 11657 -9563 -23496 -28887 54252 16171 24523 -51334 -42780
r168 37611 52689 -49633 29897 18674 11652 23237 -3983 -30025 58838 -6662 -6450 49757 58047 29453 8716 -6726 49591 57729 -3232
r169 62076 29005 2311 63633 60605 -41304 -58539 54061 43029 58073 16364 550 61652 5281 49153 -56347 -41180 -35548 48709 32549
r170 -33546 -61609 -62467 -45961 13714 -34199 -24073 -12455 33036 55417 47227 6035 11606 -38560 15221 -27361 -41763 -60497 -19076 -38331
r171 -61762 -45461 -46263 55472 10586 -46201 -20046 -34029 39140 -2300 -40626 -62363 35157 58837 -37186 -39933 -56705 34886 -56416 -42887
r172 46874 -12183 -42582 -48373 -19946 -25538 -29061 5096 14378 -19386 19537 63031 61674 34007 -31884 65112 -16152 31146 34871 -58819
r173 -12705 2466 -42698 4455 -30614 18587 4362 30471 55948 -23572 -8747 -9374 24530 -12012 5044 -34262 -9254 7721 -47513 -44682
r174 -48034 -25426 -59969 -45404 -26987 -43650 -22090 -23998 -35592 3453 20293 24097 57602 58251 37252 26629 -10521 -53689 -38296 21198
r175 -14088 41388 34504 50813 12377 -8696 56204 11828 -30663 -35361 -63521 2787 -12595 51247 59160 -415 39890 26211 -2180 -19504
r176 -2547 41373 7763 -12726 -37537 -32096 55020 51061 -49102 2956 54485 -10174 -7497 -1086 39252 -16433 19124 -50426 61698 2535
r177 47783 -17228 -28909 34201 -60792 64838 1088 35449 -59047 54076 20217 37048 -27548 -41728 -63440 63973 52030 6496 -19682 -60861
r178 9830 63850 -52790 -21451 48776 31116 -13533 -11101 -14172 7734 11585 17234 37791 -7433 -29754 -62744 -51584 -39695 -19262 3324
r179 46116 176 -9434 -44475 -10228 21089 17180 -53199 -5384 -10813 -46789 -6342 60792 51166 -48798 -50190 31441 -59218 18302 -59823
r180 42425 10964 29450 -42531 -36139 10581 -39981 -34277 -20654 -4748 -37302 61941 30585 -32950 -10028 -12113 -44438 -26594 -11486 32459
r181 -29679 44205 -37699 -43855 -33871 -7172 -53730 -6374 34574 26466 37793 -12427 -22104 61721 -30661 -33970 54485 54635 53963 -17381
r182 6985 56489 39302 -51161 -4515 -11369 49127 58029 -60269 51542 46633 -21135 32247 -14512 11561 13780 11794 44782 -65145 4299
r183 55836 -60752 5318 -33834 27756 -8649 -5348 -36914 48133 39106 -8233 -39993 -1865 19096 27175 -27349 63851 24204 -9392 30866
r184 49403 -65435 -47527 -59681 59000 31008 50352 -54984 45263 15776 14175 44794 27619 -57461 -47242 -63506 -4096 63598 -19904 49866
r185 24504 -27310 -32853 8091 52188 -60377 -21141 470 -38690 -48036 53123 -50316 -32526 46611 35272 26506 -13947 29918 -6660 62979
r186 -8572 -41292 38948 41434 51141 -37166 58408 46856 15357 23982 54885 -15671 -34827 -30307 -56733 -53328 -64938 -8527 4693 -34595
r187 -17657 -4008 18887 37576 13329 -43902 -32291 58313 -4719 -49100 -51450 36225 -27035 -27701 24875 -29817 -57385 63191 13853 -44999
r188 -16451 3378 -22403 1986 19648 -61040 6070 -29104 6782 21322 -17972 -48910 -8924 30843 14903 -54603 -14226 -50119 -39104 15768
r189 47705 2371 48755 22977 -28385 -48224 6923 -17050 -7272 -10504 43996 42331 2232 -43226 -51048 -53041 53494 -42968 -36758 -39041
r190 -19705 -7269 -15100 58227 60762 49041 -25850 -53363 -60518 42877 47853 27688 60562 38356 -14414 -47656 27327 -5969 12143 -31054
r191 -37107 15095 9497 -972 -4573 61305 -39852 7855 36099 -64513 43569 9208 29636 -20846 -13474 -10422 -64118 -26641 37688 -3950
r192 -25973 -57125 44351 48623 -7361 -61089 -35926 48342 -21302 -4440 -35794 -20942 -145 -57156 -49734 41763 46745 39897 35767 -19574
r193 42222 -56354 -62974 -20915 44727 -6722 -29327 23334 62585 -33200 12363 45402 14525 -49050 -51551 -11248 -32544 65132 -55629 10439
r194 57447 25590 -64726 22340 52381 -40041 -65299 5565 -55915 53188 -45314 40934 20016 41594 17785 -14176 -37969 -36308 1904 -56561
r195 -29029 31799 33640 3299 20353 -42049 -44999 21829 5154 -21787 7140 4562 -46481 40364 -5114 -62272 60103 9278 -3484 44953
r196 6804 -3542 -50554 1807 -31576 35860 -10290 -51016 -27412 52269 9847 19346 31241 -23768 35936 -34978 -35998 -34769 58089 -26093
r197 61237 -50862 1210 29819 -6582 59441 3372 44765 62447 59190 58097 -37536 -62435 44398 20949 17109 19348 -12902 -57921 31732
r198 -39825 23871 -10754 -27958 -45429 20450 12922 25450 -13614 49893 -48984 -8759 19988 10371 6292 4913 -60300 -24071 -29516 -63759
r199 14731 -52258 64137 -59666 32014 -23711 -12476 25535 -53945 8407 -9924 -51290 -20187 3777 -12291 -26998 10402 -63636 3706 14220
r200 44496 57985 -34250 24214 -27273 7385 9200 -17232 30753 37983 62767 -42453 -31720 -65181 -53209 -54656 49854 22051 -30725 -7373
r201 16643 -40956 48345 -50942 12562 62720 -46384 -17384 14634 64886 25129 8252 35193 -42836 32940 -18555 -3203 -14323 -21633 -48220
r202 31611 61508 19888 -18773 -60490 -20477 43642 8804 54506 -34164 11804 32583 44931 -25700 21323 7022 35218 -31649 15143 31976
r203 -27316 -55301 -56299 39962 -64043 -257 35311 21428 11980 50533 63988 -41428 2420 37672 41659 57713 59317 -14423 46400 -13431
r204 25537 -54444 -34319 47786 18522 -51473 -37121 -22834 -1392 -34674 8187 6510 -38414 -15898 -51957 27162 -9211 45799 -16535 54205
r205 53839 -8980 -56171 11441 -4132 6823 -3039 10437 62674 43477 47575 -9201 61089 19711 -30728 39020 65512 -31533 -62296 -8979
r206 21225 51574 49923 -37555 65352 -26478 27234 -56006 45427 47709 -32826 2979 -62298 5848 65301 -12333 37079 -52843 42138 -394
r207 6895 27099 11867 -64293 -52185 48298 -15831 27997 -41014 32776 -34662 -41503 32717 -51100 -9907 -4202 32253 -26713 14390 3356
r208 -58853 -52859 -38361 34034 28700 -47445 36903 -50302 -49490 -36836 -35881 -64671 39491 20825 -17323 44980 18971 5735 -43039 61250
r209 -18080 -24048 19258 -48473 47333 -30755 59106 17691 39577 -4565 -64206 -58250 -31497 39725 -54238 24574 1507 -43950 -34767 31791
r210 48512 -5735 7763 48116 53982 11575 -61144 -32822 -16652 -24883 -19942 44499 -8981 26338 18561 -26546 41880 26313 -32921 -33470
r211 -61852 14000 58114 -19091 3410 28546 33904 -15795 -32787 -28140 -52206 -672 58434 50298 33052 35582 -42025 -2148 33788 -11567
r212 19587 6262 26577 6403 54773 42711 -49169 -34605 26178 43936 41096 -38253 -9234 -54434 -28685 -23931 -32328 -18302 57984 -21620
r213 24703 -18872 12682 43689 51865 42246 -11703 303 17744 -18834 -42062 -8893 -63786 -31766 720 -22219 48241 22385 189 -25238
r214 -49973 49447 6493 -42241 -22788 50383 59681 1961 -53956 17985 42371 13686 -50175 -24194 47589 27647 50749 -4219 20219 47228
r215 -38863 -10152 44074 58808 -4294 21371 50038 9315 -11844 1218 10029 28184 -59114 24031 24235 -26159 -16617 -2091 -31888 -1008
r216 35402 -48079 -25250 -5343 -15675 50171 -37933 -51061 -36449 34818 35862 -28108 -61643 46183 -19931 -36672 -38977 -61147 23875 -61183
r217 51037 -35586 52709 53758 -38221 6867 9528 7199 -6560 44317 -50886 -33386 -18751 -18979 -47185 46744 42746 -29736 26924 54344
r218 20942 34356 64794 -40842 -30540 -1914 56174 -57584 54986 -884 60675 19874 -21602 23034 -53206 2410 37693 -11567 -11649 2797
r219 -13603 63379 23520 -22027 -14602 26070 11992 -12022 -4914 -200 49707 -59788 31910 -50289 -11272 38593 -2586 -25037 -5938 63182
r220 -51986 -48381 -1674 -25990 -55554 28583 47679 24667 -35835 -37659 -11961 -21434 34019 -30873 -50296 -33446 -65192 -1678 35042 29509
r221 52798 11886 7631 -32143 -53927 -43149 -42128 4115 27562 53002 60515 -26559 -59055 -25156 -29973 -65534 -683 -10458 -29520 59420
r222 57900 -23741 63894 -14749 3057 51053 11157 -37465 29907 -54915 11293 39048 47666 65318 60199 4136 64896 -39736 18980 -18344
r223 -58548 -57304 4850 -2842 40548 -53908 46695 1495 -53383 -25899 -41518 -11094 -48902 25432 -14688 -39175 45232 9316 32174 -16856
r224 -60762 64856 -42258 -12823 51454 9560 58176 11814 -33645 37967 -6505 -22704 58775 -53690 35574 -55931 49263 -9032 -20669 9607
r225 -39255 -21350 16877 4504 -18493 40781 61465 -169 -49641 21605 56121 54939 -32741 -38467 9320 40235 -37196 -44404 -44744 -42340
r226 54596 22452 53028 -13470 54406 27706 25241 21070 30405 -6673 52683 7739 54290 27859 -22385 25846 62900 38075 8894 -7990
r227 3239 -180 33917 -52927 -48391 13774 -48752 -27181 -37515 -53862 5328 -12865 -20172 36132 45252 42366 9656 -19519 -1924 -9858
r228 -33514 38050 -12116 48766 42895 -33531 -45841 6853 37466 -23013 -30207 46328 6602 62488 9315 -64841 -27162 -36463 -27272 50309
r229 -31504 -22249 -33732 -23691 -23552 -34345 -42614 23432 -29348 -57357 -48260 -42028 -20583 22412 -62253 -27624 -41375 16467 12948 10187
r230 43966 38931 21574 62087 29339 51553 15822 -17451 54164 51259 -15301 43271 4368 -61052 40280 -23541 8194 -44544 -63783 -46269
r231 -53767 -47058 56286 12064 -41159 53496 -31777 35735 39837 41170 44786 -56204 -20177 1125 -39817 -53569 27304 -19561 1191 54628
r232 -44575 5624 17756 56225 -54616 59199 -38768 -34182 64584 63105 -14428 64060 39677 -7377 -14112 -24618 27041 26826 7299 4212
r233 13735 -38170 11107 -27381 -6934 -37505 -33744 -55596 40286 -51871 -22499 16020 58500 -34885 34158 8383 22536 51735 -24599 -37085
r234 3922 -35062 -23528 -19499 29268 -46587 -34052 -43093 25663 -32379 55892 -25649 38303 -25580 -41047 -12514 7192 -56311 17134 -61069
r235 24861 -46141 -30998 20262 -56806 -20797 30297 -16041 -8050 -52358 -2358 -51161 -22173 52134 -8117 11455 -50713 -40985 30547 -3881
r236 -5399 -15713 7567 -57493 31897 57559 -41135 33969 62701 56870 -37043 -22484 28337 26054 51973 -23314 -49567 62426 56677 -22468
r237 8885 14633 -23549 39410 13662 13262 8578 45829 -1044 39929 5267 20573 -18519 25687 36026 61614 -50083 26477 60439 9456
r238 -39924 -54127 28545 -35573 46708 -40242 -53350 -27306 48303 -4522 -30519 -63362 33349 51785 -48970 -54168 40176 -21871 29595 -8110
r239 -19796 -10747 -13949 48616 47755 21438 47572 -64167 -10389 -36991 34614 -2020 -57663 27374 57679 10221 -35669 62955 -22027 -48121
r240 -11627 -47980 14476 -26184 -33687 -23946 -5255 39354 -48530 53108 43390 -13017 -1420 63338 63542 30293 -9381 27869 -53157 21488
r241 36973 -58402 -11505 -54127 -55667 16745 -28787 30957 -20823 -53947 -29464 462 -30279 -11823 -22353 -2773 1857 -4666 -49145 -5279
r242 23315 -54238 -9215 58761 24845 -1346 10626 8420 55361 62143 -26728 53366 42682 -26761 44546 -45052 29445 -41909 47969 30506
r243 9008 46358 14711 -59948 56427 -54174 47947 9405 9354 5184 27068 -47579 35067 12416 43642 54824 -55127 15338 61735 39320
r244 49415 -53619 -15277 -37268 -13609 7769 64452 31449 28516 -23084 -38712 16333 -16503 -16891 10682 -58412 31056 -22147 46510 51543
r245 27159 26730 -15637 23450 2828 5582 -39817 15073 42107 20572 -13645 -10171 -20607 -37610 -49103 -26224 -58486 49586 -20692 16040
r246 -4066 13749 51722 -11038 37993 41708 -5546 -19861 -48006 47899 8153 45888 17661 -59871 -59080 47815 -60032 21963 31158 23858
r247 19973 -19619 30437 -7864 -5157 35567 -29387 -61265 -51011 15034 4323 -1817 -32751 -5164 18896 -55699 -8201 63516 28457 -64988
r248 -53255 37292 36980 -63749 41901 -43805 -64206 25866 31571 -41486 -53545 -47970 47057 -46557 -54219 11514 41091 -39344 -41372 42284
r249 -55648 61370 -17258 -23607 -2113 -13127 53773 -33203 37333 -63619 -46192 27683 25851 -38358 -660 35857 -25462 35377 43901 -28009
r250 -27773 43197 -50020 20953 30150 -47852 -45353 431 45509 42926 40979 -55124 -49231 36925 32456 -12296 26056 -60260 3056 38656
r251 56669 56345 63483 10051 -11176 -20443 -18230 8638 -8872 12054 23286 -39471 43478 -34120 15149 24870 19743 -43448 44798 -8584
r252 16573 -18742 34557 -5898 50247 14758 55291 12853 62750 29690 -55951 -12851 -33083 35929 51755 -20674 -22341 -16125 52052 37979
r253 -26564 8162 25173 53695 -61829 -53867 31400 39690 -65372 -48794 -47386 -51454 54993 50314 32266 -44083 -6941 -33236 8312 -39087
r254 29324 -40922 27188 -790 -43252 51468 -31989 41338 43301 61465 -31466 -41063 -39677 36054 28036 44194 26424 23931 53866 -20385
r255 -58117 24850 48456 -32715 49966 -65065 -2694 -64849 53558 62540 9191 52141 2348 -52925 -492 53734 -18086 50621 65055 -63340
r256 33046 3002 19442 28595 -21667 -4426 -41974 39300 -16212 7265 -24795 -20013 -15220 10727 -16289 -44625 -2409 -60468 -54901 -29608
r257 29403 26490 -15293 38789 -18921 7494 52797 -36743 56052 34184 23794 43061 -14073 -56522 60611 30380 -56850 -2209 29262 6513
r258 43395 -29999 40005 -18652 -31150 42636 -56028 -8841 41551 -37829 -61860 22251 -23855 -12421 -9127 62088 -59634 -53843 13028 -55161
r259 -18599 -18143 23128 -2927 42688 -64066 19150 14887 9352 -53927 2538 -52483 -44636 51123 -41162 54284 21131 -5394 23043 -26686
r260 -40795 -28314 41776 -17586 -64784 55985 -8758 13907 34975 55265 -8900 -3423 -20375 -24660 51379 -34299 14936 47405 -31643 34334
r261 -54316 40523 -21929 -20432 -15551 -26483 11908 31527 25054 33015 36343 42503 21618 19775 41283 18100 -29442 -54304 46671 -15140
r262 2115 -23033 -54059 -18783 21792 -52517 25201 60892 876 32419 -18335 -44482 -1017 24858 -49363 48355 36444 38219 -47716 8950
r263 45649 65021 53737 -38332 -35180 -37285 -3447 18409 -22889 -20825 -7894 12289 62833 43548 59083 30775 63405 21680 -15148 26627
r264 14626 -50707 35221 -57034 -13333 -27441 57313 -1280 41944 -25433 -20523 56942 37044 30795 -62504 60762 -39134 41456 -4732 40105
r265 -39940 62854 49340 27095 -46174 55822 11324 -28183 -12903 29457 64544 -42064 -29409 40197 -9530 63526 -24271 -59140 14639 20490
r266 -30805 17035 -12095 6925 -59957 -30266 -11266 -53694 -33292 -2255 -23485 -2908 -11890 48467 -57219 27055 13177 28387 -12074 20581
r267 42988 -54270 -41929 -36055 53427 -63530 24180 25221 46803 21010 -50438 6857 57036 11665 -16551 17955 2230 18464 -53643 -13884
r268 -21835 45694 -55659 -7121 6735 -51914 20216 9442 -5358 29998 -6767 -4102 42592 50200 122 -36831 -27063 43522 -7082 54475
r269 25456 49397 20883 26473 -25847 58338 -50912 51250 16780 -40479 -3932 14285 21259 -60847 -16994 2155 60010 -34878 -27176 15367
r270 33182 -56014 47108 31104 14388 26139 18898 -55290 42915 -50232 -32009 -24034 6529 1776 23827 28596 23124 31943 58421 17401
r271 45705 3150 9557 38061 20079 22805 9789 49341 -54968 -2245 -45499 -38380 57764 10509 28984 -31733 -19494 6774 -20927 33905
r272 -18047 62955 -13260 -64371 -29646 -27333 28133 -55077 -48545 25928 27394 -14932 -23004 12324 26337 26918 18750 -16615 4587 10090
r273 23127 27310 -4887 -18824 -59879 61732 -10714 -12967 -11737 -46276 -24054 60752 -11700 -52991 -57206 -20402 -2332 -21830 -51475 -19702
r274 -13965 -62996 29756 -47232 62693 -57297 -57647 -47653 19827 -7040 -45975 -22665 -60134 35257 -41489 -29833 -25726 28772 8137 -64992
r275 -11035 -26387 -1849 -19527 20233 14308 -45547 14954 -47646 -14156 65463 -23157 19369 807 3429 -56616 21599 37982 52081 -17684
r276 -1434 -65358 -52772 -47739 -38486 41075 36641 -22849 -30853 19984 42860 40923 53297 -63659 23306 -6955 -20259 -61404 -44724 -51924
r277 -62069 -36369 -8977 -58259 28325 15254 48601 -10044 34580 16897 26198 4427 -9894 -17828 -46537 31737 -7186 -28493 45448 -58026
r278 -44284 59002 -13049 6129 -49208 46716 -1146 44125 -13982 41644 -59037 -34130 52766 -37420 -31581 -49107 -9447 28392 -41992 15887
r279 58469 39477 41924 -33183 -29718 -7367 35264 -20590 2815 9269 -49860 -36390 -61606 -63329 46382 42082 -57135 23293 -6619 -24331
r280 13820 31099 19849 39719 7070 -47527 -45719 -4803 -21634 13394 1395 15674 46775 47864 -9191 -61113 -60564 -55364 -60035 -11106
r281 3618 24358 55424 -30708 -13403 65146 -50228 -2846 54251 13847 27849 11152 59611 -24408 15423 -4162 10322 -9849 21173 -12634
r282 -57452 15266 -12489 -6967 20256 49096 42973 62515 -1529 -49391 -22679 -37550 -29379 -40624 -16705 -14726 -17926 -60395 62918 9305
r283 18601 -40490 36512 26601 -42702 -44776 -33272 -59740 -16341 21979 -32452 -38922 -24734 17745 -9146 -39986 -36536 21488 -12769 20091
r284 9285 21731 -15001 21176 41328 29832 55044 -63690 -1915 35713 55238 -23808 -4179 -40728 -30350 -62372 50823 23394 42978 8787
r285 -7470 -38832 -48053 26037 -56344 -28902 30861 -64428 56950 -40607 -31659 -64663 -37938 50292 51006 38125 63236 48350 -39011 28587
r286 64826 8789 -34907 21449 25867 -22806 20169 -18680 51498 -16954 -45634 -53804 34876 -22330 -41003 -39870 20340 -7317 -7157 42214
r287 -44620 59981 -32400 18602 -7157 19348 -15581 51519 7366 24797 -26985 -21768 -23260 -29893 49457 -5798 25941 62870 -28448 5238
r288 57906 38243 -17978 30841 42258 -18167 32592 51783 54190 18798 49488 39176 16762 -35654 -30691 -64333 2004 -39494 25116 -65223
r289 -59333 36270 -30215 -56951 6005 -40860 -21020 -39599 52450 -42991 -17332 64018 -40363 62563 -58462 49127 45742 -21577 7207 28862
r290 58580 -19217 31813 -32390 37908 -37603 -35022 15805 -62954 30747 -27687 -63389 18313 -55597 61788 41172 58778 29709 -46550 -17008
r291 5456 23946 -53745 48850 61383 39476 64994 -44749 -12922 -44161 28344 -29706 64082 60314 55455 -36835 -13359 -26254 -48387 11727
r292 -53842 -38927 65220 37989 53823 21213 3636 -19686 62899 5615 -16916 27785 -31303 -29087 -13382 -13921 43039 40970 7397 -46309
r293 -14442 -13049 1132 63332 22551 63835 -21184 -35651 -34643 -22040 51999 53807 -817 63367 -31300 -39976 10691 43993 -1470 29569
r294 37538 22236 -9339 21805 -4538 -62337 43992 32556 21213 -20465 32002 -51449 -33136 -15652 20058 -53161 -51026 63440 -4485 30927
r295 -46313 8905 -11901 32883 51354 33251 1441 -20325 -8426 50855 -40933 25218 10866 47938 -19819 54856 7829 17414 -9757 -29005
r296 57793 722 53782 -10458 2694 46662 -31822 19017 15470 -53244 7368 56124 60335 -28912 15919 23963 -34285 22237 -52489 24131
r297 14252 22677 -63817 -21508 -29747 -51949 4274 -31142 49999 47479 -30023 19019 42125 16889 46612 6400 -54327 49222 -37938 61571
r298 -38282 -21218 8500 -18140 64971 5641 -1732 50967 -61036 -42714 -35792 27104 59279 -39353 9008 -47918 336 54585 5676 -44737
r299 19287 -37003 -40208 9268 -22116 21765 -41565 -48101 20639 -25173 55373 40688 18352 -19982 -65103 12255 58369 48922 -34912 -50315
r300 1536 24043 20530 -29636 -40196 -23001 -39845 48800 -28960 -54915 52410 27620 -63434 -38358 -42490 31719 -64567 -36544 16939 57382
r301 19036 -47800 19443 -47170 40339 -29255 37504 -42353 -64357 24221 53171 42369 4042 9388 35095 -2356 10388 23049 9518 -63934
r302 39483 63526 -52167 57002 59990 53883 3186 43642 40688 -55490 14535 4523 -11265 36778 7965 -19448 -522 5407 -58840 -15179
r303 -7467 -33050 -16976 -19714 47381 -16326 1348 47163 56164 -15823 19935 45752 -35137 4470 1638 -43025 -61602 33223 64897 23171
r304 -61569 -51552 -44957 28423 29517 -58466 17121 -44518 1324 -53212 4092 37159 -39149 52719 -58904 -17329 34997 875 19546 -53229
r305 -23013 40202 45357 31744 32082 -46361 58858 -58179 47087 11361 24619 -11107 -44395 51680 -7687 55140 -15372 -35854 27916 38870
r306 -37514 -45778 38108 57597 -62334 -35187 39761 26440 1808 9647 -36915 56360 -41963 54052 3746 43851 -274 35484 18418 -17145
r307 -41655 26035 52625 14371 -38284 61252 16251 -18629 -23154 63131 20578 10454 -58968 -41026 56887 -1765 16195 -56695 -39041 62750
r308 -1808 -24783 -25435 -28169 58399 58148 -7249 -32268 -29119 25825 -37850 40727 41830 -41633 54032 -1802 53125 -47645 55446 59507
r309 -41986 -50994 -46746 -34646 63675 -22622 -28494 53024 9626 29972 -48628 -2663 -62895 -2211 31535 -55151 -41703 -60823 -40557 -959
r310 -64806 34424 -10908 -41581 -14772 -44203 -9838 -49523 26743 31986 -7997 6266 -36207 57467 19290 -14529 33398 -48781 -63541 -56944
r311 -11191 30838 -28613 -28709 -13471 61284 2085 47888 -40098 11444 -6985 -30831 26149 49491 24367 -19831 -12980 -65290 36714 34063
r312 -26129 -42716 -58877 6598 52899 54738 38774 -19392 -39657 -14682 -3963 4732 -45825 -25287 30695 3150 44976 -46928 -13774 -38960
r313 -65368 26166 -56734 49278 42172 -35879 -37571 49581 -61602 -16120 32090 -53318 60528 3819 9878 10028 -38287 58709 40987 -48327
r314 61000 34302 -17854 -35121 47064 7791 -5096 12050 -3185 -1601 53854 -39401 38690 -28982 -39213 27527 42159 -55874 -23492 -38990
r315 -5347 -19839 -62513 64516 -58217 12848 -43490 -23516 63353 -60413 -38637 60232 -6795 32112 -56743 57053 -52881 7393 56497 -36305
r316 -29489 8065 48090 -61619 27790 41252 34966 -17119 -18304 -48662 -29379 -40070 -49892 -60577 7924 11350 -33447 -44716 -40772 -44258
r317 -33377 -47484 -16962 -24483 -46310 43514 31119 62110 -28616 59386 37084 11440 55721 37977 56032 -19001 45388 48569 -35152 23759
r318 10016 60894 25707 34268 19176 3291 62658 -417 52948 -42822 -51065 -47887 32264 -56287 -56769 45298 -1529 -12648 -424 17403
r319 841 -61574 -4435 21984 52517 -31926 -3019 15432 -24874 -48781 54228 -31691 -47440 -47986 52208 23191 -16653 -63124 -14914 3635
r320 47256 -23825 31348 -7246 -55858 49997 -46194 37260 33070 57751 -57208 -4391 -5280 49992 62219 -9593 -35762 3825 32736 2894
r321 -32655 62807 -64392 35405 35539 -54133 4197 -3015 54389 11392 44448 -56511 -20496 9356 -53072 64010 -3183 -58027 -41321 143
r322 38032 55553 35273 -62623 62198 61669 -61539 5756 -65093 -51155 -54643 -7842 24855 -22330 33527 12874 -13982 -24230 -35900 43194
r323 3573 -20360 16668 -59184 9959 6470 -22726 45277 -6405 288 17516 -40234 55449 6049 51774 53019 -59377 51517 12179 10142
r324 -62884 59340 56554 -34101 64598 27237 -20112 -29636 28317 21955 35955 -51565 40959 -33141 -19526 31887 50310 17261 55621 438
r325 37789 15437 -54266 4503 -51524 -5868 19545 -11295 26080 -25499 -60775 -45365 -27955 -48297 -33369 58953 -40268 -3788 -62134 -63119
r326 -64074 24257 -11252 -53311 -51042 -34223 26009 54974 -58360 -61621 32522 54640 -40164 -34755 -28816 37188 16394 -37377 60917 27848
r327 60269 -12160 -40431 4342 -9805 -58183 5125 -62068 22222 40172 4470 1372 -62884 32994 -10172 40738 499 9082 36789 -17084
r328 -43663 -686 12898 53093 33073 -25031 37152 60711 8044 29291 -13377 797 56917 -25332 -60312 12985 -49706 -11036 52344 -44835
r329 -36284 -27761 23203 -63728 37581 -17205 58534 54589 -24785 59512 22989 47016 49372 -5092 47066 8221 27665 14327 -34639 -52494
r330 -13295 9714 -44296 -20308 -13110 -33016 45504 1689 1628 -54833 -45249 19343 -39677 49200 -54551 -21831 31071 9644 -9369 12035
r331 28018 47806 -33282 53971 -16453 -37942 -25346 23226 -35995 31939 35077 -6705 -4676 19521 -28880 -65444 -63600 -61079 -50805 -36995
r332 48628 3019 14926 39670 17549 -30800 -62196 -44000 44674 -31629 -62874 -34431 -63492 -5969 9859 -60025 6203 -37400 -6450 -3894
r333 18651 -9031 32491 -59262 -6862 -38614 614 5200 6585 8675 -35793 19918 41420 22355 -60407 -1584 -45854 26108 31485 42683
r334 23674 943 -34561 -22730 -25130 33046 50043 40224 -10738 -26239 -12101 40718 -832 -28798 -27574 7314 16466 54191 2097 22790
r335 41186 14412 49846 -9074 6492 38330 -42129 11245 -25971 47468 -10473 54945 -47655 32951 -61338 27787 -51235 -64046 20717 -37084
r336 20812 19826 18879 60309 -63378 41209 14954 -12616 -51118 15040 -21238 -19092 -25365 -39549 -19387 -29434 61995 13461 -16610 21822
r337 37395 43424 8132 36453 -26217 -21794 -24806 -401 -33717 -54314 -20921 11443 38906 -46354 55749 -19859 45049 60130 -17994 61746
r338 33829 54219 -62285 -38595 -33454 46208 20232 -37168 -49817 62647 14787 40444 -56185 -31591 58892 -17923 -56194 -45010 37398 -14357
r339 492 -59827 25246 21979 -43079 -36735 31299 61401 -16994 -35480 52704 -33318 -65174 -22579 -41524 -11374 34033 40380 -56139 -36456
r340 16064 3552 4694 4309 32279 -60927 20814 62511 -12607 25313 26726 28185 39008 -49189 45451 22133 -43318 20573 -30077 31456
r341 -19188 -56228 -5907 26798 -2252 -54610 -64507 -41634 16700 48324 38480 -50799 -46913 15886 16176 49518 50349 -24770 59884 -42581
r342 -55400 -27623 30108 61064 -23731 61310 -50596 -30994 -59473 -48781 34312 -17539 39743 52306 -64516 2347 32360 -31061 -49413 -44490
r343 37249 16213 -9471 -63528 51807 3318 -16398 -54346 13735 47567 62136 -41435 -53033 -739 -37985 55129 11997 57338 30289 -3996
r344 44804 -45834 34202 -34498 -18741 10100 -57173 32691 -48839 19733 -63799 26106 -32804 -7243 -61058 -59949 -52251 38955 -36107 -35176
r345 31475 -1902 -51967 12521 -59497 20192 -27492 4486 -38811 -60608 22652 46533 49223 -26606 44295 61471 -30266 60748 -20386 449
r346 -7036 34590 40037 -34098 -47670 52067 57970 -15628 10648 -25775 -59811 21688 -14790 17487 -62532 -59852 -19769 -17405 6707 -38900
r347 -19458 48531 -40920 48999 10350 -49954 60961 -23534 35876 40561 -61820 65369 -54514 -2272 -20379 23153 9867 -3367 -7430 -20395
r348 63681 -17874 -43517 27932 -58384 8894 27933 -9225 16551 -933 -41813 -4323 62997 -940 -33480 -18984 11845 -43535 -8308 -34557
r349 57661 -19058 -57546 -1843 2133 64869 -43810 37265 -29188 -27732 -12866 2384 -37344 50351 2537 7000 -26820 14457 33738 -39354
r350 -30819 22872 -35080 19384 -24172 -25 -55564 55241 -12383 -39640 -62292 -16015 53494 62115 2623 -18390 -19561 -25783 -64621 41207
r351 55194 -2679 -38572 -53649 -42705 -44815 57117 -65305 -15548 24642 39636 30103 14240 -14008 -36674 49481 46198 -49189 30639 38764
r352 -58990 -6318 36045 62409 -57966 44089 51123 -50242 -48228 -21944 25429 52858 -12029 -4901 63084 -4528 -24917 -34951 -17530 6605
r353 30217 62329 -44138 39302 37547 63539 61481 28353 -54540 765 -26763 21442 -61222 20867 -51095 60733 -48844 48197 34618 -55632
r354 29469 -25513 51621 63493 29144 -42203 -25958 -37319 2958 -25160 32948 -48660 53111 -37065 7701 31221 52277 -11236 8333 -46403
r355 35768 52057 41546 19904 58218 -51846 10497 -57991 -31807 5169 44905 39844 -4540 37924 -1593 -13548 -25703 57428 19149 76
r356 54298 -37734 -60307 -6675 -38413 34482 -11032 -35219 26831 60829 51089 -56969 -57542 -16163 49588 -11753 51117 58221 65468 -38464
r357 14696 8621 54534 12107 42168 -48312 -51565 61987 23527 -44668 -47044 19023 -53889 48269 51995 44436 -6963 -44255 42539 -51970
r358 -31077 29695 -35190 19964 28863 21552 -7563 33532 57835 51176 -16010 -43137 -47140 58269 59300 -233 -33826 -27770 35845 -10032
r359 -38774 15603 -59720 62422 -39407 -46174 -25736 26998 9855 -23272 6831 62932 10472 -21740 50059 -7282 -6289 -50589 -61845 14048
r360 -7170 21601 12938 51305 13513 5602 25460 63427 17058 -12409 50499 -49277 15054 -24814 51811 60640 5740 -521 604 7055
r361 57253 -54801 -65121 -53523 -37215 -26090 -18879 25326 -19758 35524 1088 9463 50394 45502 266 -19757 -8633 -10019 16439 10681
r362 -9652 43909 9862 64250 61106 54176 -26866 63948 39651 -51939 -40758 37859 49145 28020 7152 11274 28969 2900 -22867 -51223
r363 -20106 -56735 31649 5556 -23328 -59252 36561 -23143 -43667 -17137 -52154 -21316 -31738 9756 54152 15555 -52233 -56459 40964 45765
r364 -35285 -39011 -62274 -28905 33779 -36450 -58288 47141 58016 53307 51528 36840 -10419 27287 30246 49450 10301 57149 59645 -7498
r365 64336 -50218 -35369 -37825 -61734 20673 -13128 42476 -13963 38661 26833 39734 14631 -10633 -48674 28255 29756 -48827 -38016 -23187
r366 -17560 -7330 62334 18593 51582 33646 -17274 36665 17771 5436 -63831 -38970 63283 -36671 -41435 58295 -2503 -40962 -4902 -58379
r367 -36336 -43417 -38102 -1861 57528 -2415 46160 -65026 37414 -9630 -35506 45254 48458 -8929 -21735 -26153 -44036 34557 3801 -56990
r368 54707 -41542 22515 54657 14354 -40514 56776 -24053 -12784 41054 43035 45659 11815 -59945 63421 51548 -24929 -29730 -59578 58138
r369 -61716 15041 -554 23702 9440 58054 -56253 14814 -45990 60744 9097 -54888 -39153 63104 -20038 -14196 -29944 -60608 -4575 -2629
r370 -6971 -5399 19170 -7849 -53254 -37102 -423 -1343 -60811 42058 43696 -37565 27588 -59239 -22415 -5595 -19273 56046 2198 -57270
r371 -52090 17828 -13426 -10880 -19745 43049 -26905 12888 -26982 32738 58495 -19776 -30618 7975 63238 -17756 -15049 9988 -61681 -65166
r372 18004 -53117 -31607 -47531 43804 -22686 -32113 46668 -10504 33361 -6998 -2994 59308 -31293 57773 -60818 45654 -60911 -8251 -29641
r373 -53539 35864 64341 -44940 -27378 45200 -116 -41211 -123 49876 -44440 40989 44562 64066 19661 -15063 -50148 -35818 -2224 27307
r374 20256 60541 40608 -60629 50154 -25847 -11577 -15437 -28436 40055 -55446 7922 -29538 -589 -14204 34217 -26272 16431 -33880 1726
r375 62567 11675 7738 -27813 8831 -36746 -18043 49201 -60378 -44843 59028 51637 57424 -5176 -46614 -2157 -36169 52735 1596 -38053
r376 9175 -36507 3074 50638 2592 -2321 -53987 -24328 -27867 -52995 -1655 42340 -43418 -29529 47868 43485 -15981 40434 -16135 37097
r377 6264 -53871 -50053 38706 29599 -46315 -35359 56156 11634 -4117 -30292 24522 55133 12996 -34961 52827 -33966 -41221 -35075 -63365
r378 -266 7245 -33922 -23152 36498 -679 20183 31218 42301 29818 -31932 11473 -63400 -21629 -64388 -4633 18848 51167 -9073 -44029
r379 -25224 -6250 38686 -22995 -52537 23153 43562 -50278 37266 3428 49952 -17133 -54554 64957 -35418 2128 -47636 35351 24791 22565
r380 -58624 49166 -48809 48515 26507 -17636 -32871 -33565 53788 33992 40458 -63736 -58252 -24456 -26419 -21855 36585 -11483 -24753 -6333
r381 50728 -18147 -63858 36674 -59392 -16609 -25363 -60252 56494 -42123 35871 12358 -57910 57042 -1417 21443 8302 52331 -39947 4049
r382 2164 50783 42338 -13756 20745 -16219 32347 3808 3896 -14671 3105 -41596 9413 7956 -18720 58798 23886 45098 27144 -17080
r383 16468 46571 7083 -29293 -47315 3645 23708 -20719 58043 23862 32363 -55611 -842 4060 -8376 -2212 -32963 -47440 -17066 52323
r384 37583 -39934 46249 -22568 -27612 -57449 23216 28223 53552 -11104 -37538 47930 -31453 -37956 25133 51655 -32926 44539 54633 4562
r385 15626 16755 -52023 26680 4937 -3743 8708 -21194 -30175 -11992 46759 44826 -3876 59791 61414 37252 -4548 22278 49255 35501
r386 -58082 -27109 -16905 35544 9593 -35312 34059 46017 31402 -42264 22791 -63340 -30907 65157 -7770 -55556 32665 -45856 21905 38969
r387 -2026 -37259 -23628 15298 -17655 -44537 37507 -59671 43083 7706 -31641 29127 -27733 59724 -16302 -65421 -23886 16188 44694 -51277
r388 -31970 37624 -35411 -11807 28732 43202 -20233 15249 23314 -41664 -25539 -3575 -2586 38710 45226 -29808 -27967 10190 -59403 -29671
r389 -48069 -52973 -60119 33891 -57620 -45215 46814 -39798 -52256 -59879 -6160 44432 63990 23867 -10383 55719 3947 -38078 30738 -50038
r390 -61756 -7902 28125 52231 -28593 43634 43476 46652 -33616 -61750 -25366 -64605 61667 49735 36169 -31752 -17201 -44720 -52630 -10292
r391 30410 -56227 155 -5381 -27234 32494 -2634 1644 -62545 -65340 2274 12969 -12580 53903 40065 64939 -19988 -38726 -30786 29406
r392 -47028 64456 21522 -42652 -28877 8200 -17443 -60556 41068 -44556 63776 -6032 51250 -41881 -36298 -62848 29166 10917 -28907 10021
r393 -27635 61374 43048 -7612 -50447 60881 -13974 -19957 -10636 -22772 -28421 58351 -57820 49 -48375 20658 -39400 -55752 55411 16389
r394 56630 1015 57227 19040 61465 -38803 -9064 144 -35629 -22323 -32989 -17924 -21116 34118 -64740 -33383 61567 -22553 -33815 -64437
r395 -35030 -50028 13158 15703 46561 23786 -54821 46938 -64234 -3598 7722 -4648 35310 -5952 -46974 37555 -30328 60216 38541 49675
r396 16890 44638 22264 57028 -10795 -40701 -10209 5340 37594 19952 -61968 46032 -32556 -52518 59178 56981 51798 30113 -37354 -41022
r397 -32143 -51313 22809 -56834 30988 -63829 52439 12906 -57508 54710 50935 -27772 63647 -40783 -13158 -13306 -14913 50374 -58141 -14309
r398 16623 -30332 -29168 5600 -122 28058 -44926 30346 -19475 -1234 15847 -60208 -51516 12996 38434 1944 -23522 -17945 -13732 11133
r399 -20726 -29326 17840 27980 26540 -2522 -36122 28345 3265 -49857 19164 -9744 -27890 -47490 39968 36902 36565 -3871 -51684 45045
r400 -34032 -61107 4371 -18000 24154 44033 43325 51660 -51741 -23365 1939 39281 31701 61013 17293 62060 8900 -64431 -59676 -30849
r401 -63309 -16516 57895 51048 -3540 -17263 40933 64565 54205 -11412 64851 -25790 -12843 -41370 -42757 5893 36313 -7407 -7827 6881
r402 56559 -34308 -5778 46473 -53758 4897 9791 15280 -20594 -28301 23543 -24382 9214 57762 52668 23938 33572 40128 -4541 -35170
r403 -21853 -55943 -2900 -8422 -12818 23051 22272 43108 17430 -36444 14308 -22843 -29192 45917 -60866 -45842 23471 -20717 23951 34858
r404 45547 -20143 6917 -45110 41470 -330 -52645 35070 60204 -28500 -47490 26753 31681 -12899 19136 31626 20150 15984 -38342 49482
r405 9980 -51551 -49142 12299 -56022 -46456 -22264 -28411 -30376 35328 32035 -25934 48994 -30928 -49160 3847 10484 38340 -28657 -49364
r406 24299 46021 5122 20460 -43124 59497 36178 -56971 -33659 -60613 -39667 3689 -35241 26756 -22205 -13073 -24715 -47127 44711 54844
r407 -10241 64287 -47802 -50217 -50217 -21853 -55925 -14567 45791 35483 10141 -41667 -54906 1061 -57934 -42019 -49931 -45780 -65261 6397
r408 24586 33112 -64586 -3560 -27727 -11715 -4584 7601 -21952 -41880 -29430 -26949 29231 -33813 53267 -36143 24317 50298 -32848 -63336
r409 33118 46622 -53922 10705 49038 36202 57363 2481 47347 -15125 -4551 -49618 61272 61755 49103 -48279 868 -12589 12298 56187
r410 -17596 23692 -11654 44933 -27408 19492 26919 -28365 57054 47981 -9253 -26887 -40267 -18217 -7432 -8822 13652 9124 -38231 -18400
r411 4809 -22597 36216 17506 -60475 -12531 51696 -6184 3798 -16930 -21332 -1528 -7111 -30637 11109 -57040 -64200 60258 47173 61858
r412 -19518 -40172 4632 35893 -10658 58859 -46381 -27640 -2470 34042 25844 46231 45773 -50560 -30867 -62651 27790 31648 42713 39928
r413 -60054 17625 1926 -27913 -48740 16612 42541 18045 -37595 39362 32108 41742 -55838 -22421 17496 -5528 -26590 17370 -18871 -8566
r414 -31125 39972 61786 43285 32688 -55213 20185 -20783 40528 36593 -33425 51118 -28096 59825 -37790 55580 25297 57038 11608 -41399
r415 1753 62360 14808 8496 14739 35617 -9169 -28812 -3836 5912 40114 19922 -21278 -13567 -32515 63261 -46422 -6984 10313 -34464
r416 -19449 32633 59768 42757 -45610 36719 -33127 -31888 -8318 14721 11263 -20858 -12335 24463 65470 -21900 -9597 58110 3012 -44096
r417 22103 61463 31912 60736 -52121 -18737 53872 33837 14824 63798 7170 29778 -26761 60250 -28481 -2098 62638 39830 26104 11217
r418 -61286 41861 -15034 -7559 -4438 -51724 15973 -18321 -2317 -58151 41780 -46292 -25153 9573 -24360 -22720 -65346 63745 -55129 379
r419 47010 -3341 648 21227 -60619 53939 6012 11365 -41873 40858 58565 -22150 -4975 19780 6504 -23919 -20422 24552 -39007 38687
r420 45465 33112 -49300 -494 6153 25966 42749 36680 -21708 46492 -61198 60729 -20876 28627 24104 -63890 12083 -53684 32753 -59711
r421 23729 18197 9406 38820 61555 27992 48882 48066 54845 20802 -11901 -33662 5795 -8399 -59158 63115 33214 -14543 -58278 28122
r422 52771 -8061 -33842 23288 -49562 2835 -2886 51422 52003 28272 17371 -40620 -9732 908 63339 34500 -48928 53211 13535 -50253
r423 -48188 35687 -45114 -43073 22202 -10565 33432 29873 -17741 59936 45063 -16096 26823 -5113 24333 53800 -5207 29896 41383 30880
r424 -34499 -7293 55049 -40847 19585 23107 -24142 5951 38258 -49987 -20702 -39199 -53650 33522 -11267 57932 20358 27838 21376 -24928
r425 16679 33921 53911 18696 -49138 -24445 -51117 -44963 36039 38874 -56724 -10833 -2520 49395 -18629 422 -31144 8635 29705 -17842
r426 22878 28012 43092 42907 -21875 33226 -45355 56176 52548 -39314 49605 -33514 4509 22989 16144 -45631 -53135 -4464 -10448 27688
r427 -46776 22773 -48006 -34417 19016 -22667 43137 -45153 52739 -60361 -22877 -41830 -25886 -36237 -14764 -6177 63372 17125 -61852 -11132
r428 16012 -51272 -32599 13940 13905 15457 80 12840 64015 -5394 49615 19575 -62531 -11276 52329 -22303 62031 -24229 -30890 -47283
r429 -58800 -28799 56482 15693 22933 16277 -59525 14040 -62019 -13418 37721 3666 20832 5618 -56699 -16964 -20218 -48964 25332 16117
r430 50451 -7857 62699 145 -19870 21035 -2794 20790 -39062 -29945 51599 -10502 1976 -58392 52899 56371 59511 -51711 38199 29435
r431 23255 -17150 31453 21298 22007 -29914 -41364 -5870 -52950 -43013 31915 387 -56750 52698 2799 -43658 29409 63971 -29106 -19097
r432 -53004 -37748 -13886 -27643 -1498 -23176 35185 -63375 -28363 -23797 31316 -28412 19531 -41833 61046 -21338 4400 -39707 -35431 54281
r433 65039 -49109 -43745 -22622 -40134 -36811 -28872 -11465 61263 56229 -43260 -40455 9512 -10021 -62926 28720 -1428 6815 39491 -58181
r434 -37928 -63587 64516 26150 -16071 1134 25105 32780 11002 -29168 8090 6980 -4755 17488 57545 17617 13950 15336 -44167 22411
r435 13463 -60286 40927 43318 63267 24335 47701 42077 46003 -42364 15807 39696 2861 -58492 42923 -45203 63050 -56100 38632 -36614
r436 24858 -64562 -46400 31090 -63775 -23811 36626 52121 54781 -26878 10745 -50845 -4222 -47287 54545 -46251 -35897 30628 -51284 28347
r437 -60001 64505 10532 -47803 20813 -63901 65309 2034 -57914 -33461 -7358 -14310 -14896 34783 -33287 3847 23587 65199 27484 23734
r438 -49384 2252 52738 1881 10457 -29269 -8356 -21709 19553 40545 40525 -15992 21353 -30278 -35958 -17244 16522 16854 22811 43962
r439 24399 6476 58969 -42795 36674 7093 -34247 -40014 18633 10609 -8921 -14591 2095 -20874 33661 -17734 -30496 -45800 -755 42028
r440 -40841 -56612 -64913 -58724 -39206 40777 -50861 -56573 -12313 1470 49075 -24662 -51075 20075 -25396 6934 -7660 29574 60073 -47931
r441 13666 63368 57766 19977 -64572 -47969 -47405 -3856 53349 44338 53227 50143 -36215 -65106 -3717 53752 -5723 -4854 -32050 60586
r442 58722 29597 45534 33647 19386 11217 18698 -64150 -34926 39487 20411 13627 -22326 -39849 4513 -12783 61212 63832 -33957 60787
r443 -31391 -46948 -10810 3150 -51785 15280 12106 -65129 44502 -2160 -50035 -51358 10076 -35946 48259 4306 21274 55538 -9107 -28401
r444 2413 -34701 -54326 -31480 23273 -52138 48493 -34017 -42376 53800 -63158 26848 35806 37106 19630 64084 -4618 -17765 17547 -34253
r445 18827 -4108 -32504 -50994 -7323 -36803 47897 -38254 41374 -34890 -58976 40691 54885 -5226 -61091 -64941 62084 -22 -19109 41609
r446 -45149 15322 -46922 28644 29647 -24342 -34772 50467 -48977 -27584 -10107 59553 17360 51735 -19957 24017 -44895 -44833 -40616 -24792
r447 42635 33320 -49094 61207 5036 -38356 34151 544 -12782 57919 -54694 5360 29921 26557 -47647 21830 -64386 4838 29451 -40779
r448 -36497 51625 45976 16706 -12530 -26077 44059 34681 -20927 -6040 37111 -15148 -22492 -21209 7542 52571 -41716 -59293 12591 -56578
r449 -50032 -50582 -44991 29184 -58861 57299 -54396 -32680 1267 13817 -64890 -33721 -50944 41145 -64243 39804 -61720 -32926 -30835 9604
r450 5522 33538 15999 35979 -63574 17643 -38257 41486 38748 -32147 39865 -30726 6723 -52010 13425 40326 22749 11828 41175 -43712
r451 49861 43521 58278 -2348 1874 -63768 36559 -14944 34983 35443 56851 24887 -38905 -45203 -4954 -2137 -60327 45779 17923 -25365
r452 -51940 -62779 -49203 -64531 17814 -55268 -53583 -39455 -5824 17777 21911 -7694 11441 -20051 -48735 -6264 31533 -16710 -30984 -44143
r453 63618 1736 -36014 25214 -63225 25144 32381 49241 64271 -33697 -49659 17358 -65158 14505 8631 5599 13443 -34628 5340 10838
r454 15475 24610 6068 -47198 57279 -27426 9064 -62419 24116 -10359 44889 43459 51346 47743 13687 -12890 15762 55788 -47643 -35991
r455 41681 7299 13715 46208 -54999 15235 -52433 15014 37511 18820 54310 -56432 -55908 29723 47677 12075 52283 18009 -18864 -47525
r456 54138 -807 33323 15933 -35089 46334 45568 -36026 -1426 38404 -3644 13737 -30176 49991 29832 -57939 -61376 -64285 7621 30149
r457 -41758 -60322 -2698 -13117 61381 -48780 27229 46443 36499 -16668 -43079 15553 -62065 7108 -28155 27013 51451 -37049 39338 38587
r458 34717 -5805 -20442 20189 60956 11915 58838 62020 44885 -4339 43794 -60576 -34152 23080 34010 50807 -22993 61144 28522 -23889
r459 7238 62425 3234 37695 54953 -36589 -52944 34975 -18953 58455 45218 -23217 7169 42549 35187 -22160 -24163 35039 -62246 -57619
r460 -23090 12523 5228 -51990 -16706 -24829 25064 480 -46189 18069 -65484 -63254 22102 -6791 -37392 24876 -7138 49284 -22703 -57518
r461 36092 35763 -53838 39153 41360 16413 -40964 -17959 -63275 34153 63817 -48215 -39784 37411 -3302 11583 -23125 2642 -63278 -22548
r462 54895 -25278 -60510 60420 -39075 -59153 63718 -56514 45320 25747 -20956 -5688 -26293 -6715 -7440 61062 15762 -6737 38878 41301
r463 -913 46017 -235 20196 9561 -14847 -5745 -20403 21944 52173 -44338 40598 24764 -58926 22412 -35728 -12232 -31520 52667 -7945
r464 -4318 51985 11911 -60367 54839 337 -48493 16035 22792 -12537 39431 10945 11009 12813 32156 55763 23021 -16011 35439 44781
r465 -5853 -15776 -53717 -3725 19672 41707 -22328 5044 61708 25216 -55447 53558 32357 1977 -57944 17726 -43508 27533 -2010 55534
r466 55791 43575 55371 -57580 41177 21356 44370 9646 50232 35271 18547 -53895 60695 7832 -21168 -39273 -64279 40452 37716 39972
r467 -43241 -33750 56976 64442 -23112 61912 52484 2572 -39849 -10871 45837 13884 -15843 -31270 -56824 -58815 -53043 -9450 -4813 50964
r468 -47896 41030 27599 -34646 -47775 -6704 -4766 -15412 40606 -32336 46190 -32956 23054 -10704 -56100 4231 21031 13536 -40894 4143
r469 57819 59778 8010 45841 -55745 23353 -22729 -12754 62009 35701 52295 -49315 -24048 23619 -9933 64731 30151 -18744 15801 -53769
r470 14555 43900 7224 29234 15907 -60061 -22930 -27495 43696 30843 35897 37569 -24161 -12149 24736 -53937 -5585 55659 -33275 -40576
r471 -57297 -2449 41853 11790 64392 41746 -10681 37402 -20974 -12334 34209 -13693 40268 59686 -21517 5464 -60942 -46764 -6970 -62438
r472 2827 44778 -20487 -20412 -35213 -17813 12659 -38766 24816 -37628 9722 -1147 33658 37927 51100 23596 2285 -18972 -22894 49464
r473 -3955 50536 -48215 -40137 -52345 49 -33391 -31363 -26460 -49886 32474 -16920 -49590 -58023 33043 44053 27303 -4032 6752 -39963
r474 -11459 -23 46932 31652 -17134 41223 52182 38067 -5381 -39849 30392 -40875 39237 49150 -57421 -49475 -56867 -65433 45176 -36809
r475 33698 54484 53059 -37355 16338 818 63191 43449 -18672 -50074 9270 -2595 -41961 8988 -57747 -16715 -2826 20809 -16797 16443
r476 30283 60269 -48833 -4457 49724 -63644 12302 -21165 41043 -2986 15017 45554 -15161 -14011 -9942 59312 -4938 -63608 23209 -29794
r477 -35534 17223 -15893 52063 -41419 34419 23798 -39942 -19160 55436 -23055 416 -33792 -45089 -17893 -26083 -65485 -56145 44722 -24432
r478 -36826 51819 41859 -61285 48448 65414 47673 -59933 58663 -18095 60568 -33815 17108 -39722 -48542 -34621 36351 22517 25715 -36796
r479 -6545 40066 -11815 -36747 -13958 20466 41322 52203 -27394 -59261 -8708 16138 60423 -61100 50513 -10117 -41552 24542 9952 -52762
r480 -63088 -34796 -50687 -25744 17908 -60963 -600 25913 61497 43693 -48610 -49295 -30632 -3394 41967 5235 40763 8147 -42842 -43395
r481 33171 18279 -48486 -58595 -22760 61302 6102 -25908 -48120 -64935 -44022 -58036 -17266 44014 37183 -48151 64441 -21678 43200 47231
r482 -29878 12986 -36096 18101 8813 -51742 55383 -56154 43072 16519 23983 35764 33044 9815 -24926 -19354 61860 15622 -50638 30381
r483 15152 33434 45997 -15079 10056 -46237 7593 60300 -11763 -24142 -21645 -7238 -55655 19319 14323 9228 -13547 -14994 -1797 -30734
r484 30005 -47345 21749 -37498 29206 19270 24884 -40464 -61691 -59935 -49090 -48569 -38299 -10965 -26231 36227 -65166 -32590 56772 -8338
r485 16682 944 -20096 -38862 16418 -25434 29554 -23294 -40739 15442 45365 -11231 14152 37719 -3852 -28226 -3454 49539 59255 -10536
r486 13209 36250 58365 -5150 43945 -21939 5432 4978 -54070 -40066 -46025 46941 7495 -16495 58593 9609 -49937 -58035 -1049 24724
r487 1146 -8377 -60873 16499 -32353 27655 -28346 65038 37627 -24171 50022 60132 26151 54062 45393 -8907 18722 43430 60522 -13807
r488 42007 34649 -7502 18789 -39332 44829 49965 33431 -3343 -29765 -44397 15413 -55964 -17000 58483 -46563 21289 -61802 45375 -35758
r489 -51346 -55161 -43174 43448 -53552 47723 -38878 -62567 22794 48197 8520 -47049 52269 12376 33182 -27278 38485 -19936 9953 27474
r490 4426 36144 -36286 59216 -9270 -35251 -6842 -42695 27974 -32931 -45505 -38169 -61172 42898 57024 45586 63776 -1458 48663 -10801
r491 -64487 12127 -59221 -15238 -47783 13029 35118 -52420 36004 -38851 13895 -29957 -17680 -49014 2827 -49766 40716 -8994 -44445 -42975
r492 31307 -7250 60560 51351 48405 11390 4299 19417 -49035 -62039 -13768 -29925 -45513 8797 -33689 -6231 38935 47508 28843 -48547
r493 -38188 42907 51593 16927 -27834 5436 -20744 23880 -16876 -63451 -41092 12104 5222 6452 11687 -35882 -28707 -46561 -16157 -9573
r494 51110 -29801 29528 7173 -39125 49740 29136 -40753 -5792 40279 16286 54266 -22378 72 32849 29517 6707 -51319 21507 -2158
r495 -61465 9281 -40655 45894 -53369 -20595 -5491 5785 12567 29992 53186 -23621 57086 -17358 36821 2840 -26755 28114 -27243 -33612
r496 -64154 1502 -17902 45871 -49639 50570 -4476 -23377 21270 -17389 -26450 -35908 31668 -56923 3078 56124 6171 53930 -19292 -19245
r497 -21782 -57532 -2472 -30066 -38785 -36259 33697 30244 -15139 56572 -33272 -5488 20649 -34525 22872 -52628 -37543 30331 -62361 44921
r498 6878 -1670 -56109 55601 -65025 40615 -34844 -11202 -45836 1529 -35398 -40649 47653 34198 -22498 -37197 -54016 -41886 -64568 45092
r499 7869 -32944 25252 13794 20427 16870 -23784 -12022 -12052 -64551 -11405 53075 -41772 41868 -62763 -45086 47590 -496 63059 -59947
