mTable3 21
KEY  c0 c1 c2 c3 c4 c5 c6 c7 c8 c9 c10 c11 c12 c13 c14 c15 c16 c17 c18 c19
r0 40950 -8655 47373 12441 -27308 -24749 -6955 15202 4406 41706 -30702 -27183 -66 -30840 -24233 -10726 -35473 -59317 44408 -25006
r1 52474 46566 18934 5854 19429 64172 -24103 7518 -15119 -21048 40717 26276 -13501 39698 -44592 -40449 62686 -11979 25551 47933
r2 -37818 -41035 23514 -27952 60675 14986 -23822 35863 4107 -22336 -23 -14356 26486 45307 -5513 -21378 -60000 -18768 49633 -13948
r3 23981 16243 162 12901 29253 -8053 10932 48372 -42199 49658 32431 -8472 50317 17349 57092 9612 41705 -36942 -53237 -36029
r4 45833 -61620 567 -56760 -55822 -10739 -2349 383 -1798 -37130 -5916 -16330 40358 -49578 53127 -50643 49815 -25782 35930 24967
r5 65138 -49266 -54412 27693 24403 19510 -58183 21582 45830 -9346 -42673 -1934 547 -51882 52749 -21291 -46375 -33749 19295 -149
r6 -63495 42979 -34988 -23897 22150 -18190 6557 -58969 -1689 9520 -16821 -11652 40155 48739 -47567 -38762 -23446 56488 40236 18439
r7 52542 -37026 -9365 -43951 -54292 -3486 -27706 -379 6444 -49049 -56615 26173 -46603 -40181 -2893 45974 -51625 -17015 -10134 -4594
r8 -64964 -50048 13734 -62866 29315 -54232 14543 49181 -37842 47709 -2106 -32386 -43382 57998 31644 -34427 64353 33937 -35446 55918
r9 -29611 -39529 -43968 -62621 -65342 -30709 46859 44345 -18881 52242 -48623 -45321 -19295 876 15326 -29113 57050 33997 602 -43995
r10 50457 -58792 12450 23401 57812 -51720 -10462 -9730 -42483 14753 42820 32545 2641 -56836 -1609 63010 33452 36473 60532 29281
r11 52900 -39052 17195 -62265 55771 -16776 13461 -32997 61101 -44980 -44851 27237 26671 -2880 25367 -3220 -4381 -25035 38079 -39664
r12 31250 -4813 -53837 -38044 -45825 8201 -213 11552 35224 -1916 4301 8082 -1658 -15266 19766 -40353 -47113 -57652 -19632 23157
r13 5087 -59269 527 7441 44881 19021 30292 28720 -27100 61681 63637 -5751 35287 -56137 -49043 63928 33097 20195 -32123 63144
r14 -29080 -4352 60470 35571 63015 -17655 -32178 -43238 21966 -29053 21801 33224 33237 -53466 -36850 21765 -987 8224 27080 32320
r15 31567 22409 12396 -46427 -55111 25433 18197 53762 4168 17824 61475 58442 130 36656 11752 -17927 -5666 41493 56602 59258
r16 65136 32735 -26750 31284 811 42429 -37772 -5428 9787 -3041 4921 11556 24644 29891 44842 9679 26277 37539 57549 50127
r17 -59412 -55250 48459 -61217 -33119 -19808 38962 36489 63766 -33746 -10940 -47026 -254 -39840 -6458 22275 -35150 -60430 -56832 57537
r18 -14934 28805 -30631 -51482 -53398 -43374 30823 -51307 56355 62009 -9859 -5517 -58625 -31596 -33981 -28453 -58452 61551 -20159 4925
r19 -61863 55410 16319 -49632 -28379 41298 55527 -55419 46301 25287 20825 6148 -46613 7750 3967 504 -38343 -38699 -20777 -65146
r20 -38684 1470 58487 -39912 -6766 57528 2886 32366 -53756 60324 42787 19641 14841 5226 59966 -46265 49523 -480 51241 62554
r21 17280 36608 3217 -57435 -63518 25085 63412 50426 12156 41447 56564 -51246 -20 46802 -3892 -56228 -30787 -25608 1554 41574
r22 26619 37501 54924 6852 -57142 -25999 43257 -31209 -7089 -8249 -56020 -5483 -47751 64743 64132 63601 -10137 312 -18146 -37362
r23 19386 -41837 -52524 -43102 -39703 -6522 57981 16144 46102 -7929 42707 32550 -56975 -63579 42831 -61562 6545 44823 -12035 -16387
r24 -35791 -12024 -37359 59006 24122 -23421 -30462 41250 -48454 -5011 -49956 5280 45557 15527 48136 55266 -19393 -61490 -37667 -46474
r25 -55382 63254 -8564 -8925 -6011 40349 -34831 -28893 -40512 61333 41772 30081 43824 -57235 20897 36631 -19290 7733 9266 -43008
r26 -64828 -21505 -3648 64976 24729 6036 -27561 16038 64884 -46271 -1018 -24550 -40811 -34789 -7043 27058 -13744 -41357 -46180 23138
r27 -36224 -50431 4911 -31829 25037 -21415 -49732 46826 60092 39415 -55735 -17200 9403 -53064 -11411 -16677 23615 53847 -62978 -45907
r28 34532 3318 -52303 -20733 346 36861 4001 -13773 -14306 -33310 -34721 52767 -37506 -19514 39628 -30448 22955 -9635 9824 -36064
r29 -15355 41287 -52455 31382 -9901 -26002 -60601 -31160 -49929 18727 -18117 5015 -6232 18430 25529 -20942 -4839 5515 63817 10353
r30 -38605 63306 -34692 -8816 -55148 -40688 -57625 33476 -5735 -17798 24919 -25759 -42581 -31369 32763 31204 9043 -3226 27635 -2021
r31 -31850 48208 10219 55429 -26960 5634 -3931 22364 -18174 -39453 24693 -64936 61716 41910 -29385 23250 -53038 60837 -57604 -23818
r32 62071 52153 51715 44947 -27565 -57782 -2255 -38400 49085 9293 8819 1860 46947 -10984 -14328 43753 -1309 -60659 -50683 37602
r33 -64232 -3901 -59844 -47899 -11545 60206 49142 -51465 59773 -24240 -65478 -29276 14098 33791 16832 17906 -42857 -44388 -34957 27477
r34 -13228 -39049 -14680 28141 -52515 20830 -15754 -11360 -48283 54420 52995 20676 16010 4965 38130 -64084 -31829 -29746 62267 17547
r35 20412 57905 -58950 11873 19873 -10831 -4439 40362 -64309 35166 -29925 -49871 51923 13233 -46755 -44100 3850 -34014 -32628 -46001
r36 14197 3063 2237 37677 -503 28556 -64771 456 22244 -26016 -8842 -29244 44003 64690 12715 9672 4715 -22485 -54458 -14668
r37 -43270 62274 -25289 40967 17666 9993 41208 -11254 -36266 -19619 -7093 60700 52737 -12669 -31038 38582 47963 -36109 -27352 -51734
r38 -3051 -58111 45093 -41480 64623 28403 -19553 -13029 -46591 -28689 -11957 -6826 49887 -31429 -24362 42994 28276 -53761 -8279 971
r39 10037 23857 -50814 56543 -2206 -25219 -51418 49151 -22988 7003 43557 -20031 -4733 -63165 14532 -34583 -63783 63029 2260 46822
r40 -14335 52854 21924 29925 -24995 -21113 -9611 7020 -27306 11444 -13979 59700 -26896 -42857 -64664 38631 47071 -46335 2803 36594
r41 -28646 53909 -59966 50378 -40759 60857 -8883 52449 16222 28257 32555 9458 -61201 42848 -10364 -1973 53351 -59274 -49196 30675
r42 5382 15451 -63328 42576 -25276 21640 -55277 18986 30413 -55522 -64445 1813 -36918 55753 23458 29389 -29150 -25072 22148 38131
r43 51931 -59125 61353 40196 7050 -12350 33928 -15604 -43739 38025 15910 57224 30094 -28886 15847 737 19582 -20810 17984 36136
r44 -18504 -3945 37101 -53558 32325 11840 29848 33426 -19401 -5914 7223 -50732 -2893 15396 -6908 20152 -1367 2057 -15247 31100
r45 44497 13339 17225 53468 47823 -51515 -2265 -13601 8791 -9722 34594 -24083 21964 10882 -41198 -62363 -15324 -51282 -56022 -58631
r46 12820 -11600 -10879 23300 -7496 -35956 24745 49570 -13405 23954 -4691 19283 29418 -45538 28564 -31456 5567 -57764 -19033 -30642
r47 56346 -49313 19102 -58095 10517 23992 -41247 16040 -28057 -56240 493 -38365 41173 11629 750 -18472 -27138 -41294 10255 29179
r48 35360 -43817 32077 5482 -16497 -39728 -30590 21191 -61135 9432 -35919 -37692 15216 44681 -39833 41037 53872 11955 -45078 -37280
r49 9031 65096 2596 19751 -9676 63268 25502 8175 49552 -8003 60963 27830 -16174 -51989 50997 -46858 58959 46441 7607 27651
r50 -5333 -25938 559 43559 57189 61179 -53193 -55143 -65016 -25094 -25881 -24898 2436 2998 49295 -19610 41708 58739 -16971 32275
r51 39344 -34306 40978 -18308 -7426 1499 -64029 -33133 24764 59870 -10390 -6166 -57909 38047 63978 22322 -49873 19911 -50168 26958
r52 44714 17194 -9918 -31625 5829 -11370 -5349 -8027 -14005 -55298 -63892 28197 -38447 -13679 -48233 19928 -43804 48223 -21489 4078
r53 -11194 -13644 28849 59951 46969 -11926 -7488 50815 38058 -58019 55160 51564 -52081 24098 20216 -32456 -44138 -54019 -50347 -26015
r54 -58425 -11078 53090 43619 -38783 -15045 -2466 -45917 -44069 -31188 55410 -32811 -35894 28945 44745 -37168 -40016 -26180 -20411 29741
r55 -47880 -49214 -15540 -39597 -39814 27584 -37934 -41117 15269 -11352 32972 -35019 -11954 -2869 -54927 -32385 -37782 23014 40000 -15422
r56 -4976 20690 2439 -18031 -11268 27797 56791 3691 45632 -25041 65493 -14697 48227 51816 -53394 -63055 23332 -29025 1514 -2038
r57 19727 12441 -16899 21070 5891 7261 -16893 -29480 -26108 10994 31989 40918 13488 43172 -40197 -58327 -28422 -12822 8942 63113
r58 48362 22073 -12260 -29326 -52003 -23612 6830 31963 -21527 -18389 18613 -16700 -19425 17130 -38338 -47197 9384 -46657 -50949 -35334
r59 -38120 -29720 -18647 -1672 -44445 -30030 -35104 626 26584 -48824 51301 -60877 -65348 -10182 28294 -5535 2144 -8779 -24330 54888
r60 4892 -23422 -43099 45779 42876 22909 -19707 41346 54567 -48953 -32320 -41284 33654 5451 -37333 -62991 -27451 -32664 -48306 -31327
r61 -14712 -22075 41785 47877 54893 -64750 57768 61011 -15336 -26289 40790 -2135 13840 -20929 12099 7267 12531 -29683 -64449 -6910
r62 37222 13915 -7434 -41934 -52473 -18914 63295 -51377 -9636 17302 64439 52444 -11366 -60233 24505 45966 51393 -52175 6953 -37754
r63 -61997 11377 -28037 -14295 -57026 -15130 -33071 61420 -56503 60996 -63463 45318 -14610 65030 -47421 -46544 1651 -22868 4738 9330
r64 27548 60381 -1053 -31540 -20322 -58024 -17250 38876 14372 6612 -56965 -28796 -34490 33910 -56333 11630 -1397 13525 -51141 61348
r65 -63242 -36885 -46357 57000 62556 -59960 -10493 -26661 -5433 10353 6969 35718 20029 -42637 61367 334 18956 34053 -17034 -55179
r66 16869 4269 -41409 -4477 -9034 268 32029 57466 51225 22094 9595 -9169 60124 4827 -9076 39034 17142 -22803 -37636 746
r67 23981 -65278 -9889 21190 -43675 20107 41197 34433 -41948 -60676 16813 -33376 48411 -6941 -41567 11802 -28326 -47473 -59056 23372
r68 34017 -20516 25778 43022 -6504 47667 4999 -20990 59279 2985 -11401 12342 -6732 45541 -16189 -37299 -13441 15791 63057 -50225
r69 -61800 -57536 58551 23593 -37711 19810 -30481 -45854 -45212 62914 56117 -59668 -64490 -22558 -29638 -57627 -43727 51597 -6226 -1953
r70 -21396 -52993 39088 -56355 -3665 45930 -25822 -60280 31362 564 63243 53375 -7729 27184 15125 10994 7551 44823 -8398 -36263
r71 -62784 -64558 32210 -15405 5136 -37508 -5995 -11067 40255 -41870 -14946 -12027 43173 34399 3292 -57683 10698 -36353 42565 61696
r72 -22114 11355 -40536 53385 -56642 -12109 49906 58823 -37079 -42650 -5705 39720 -15441 -36598 -21228 23981 -39452 -43612 -61614 -44534
r73 -43627 24027 28853 41373 30601 -49826 11306 -31285 -28392 3671 -7989 -19424 -2253 -44188 -4613 15065 37407 -35765 -14636 -54475
r74 14763 28421 -35977 29425 52051 -35328 7397 -51270 57868 26681 62017 47848 52493 14587 -12632 13678 -41212 -60721 -13347 61862
r75 9189 -57073 -55317 -6803 53900 52126 20643 -26461 460 27738 46331 -24657 -45038 -49281 17590 12903 51553 -14261 -50755 -55359
r76 38566 -16660 18263 -60375 24298 25304 -7104 -16679 -29871 51236 49410 -40395 30215 31694 54959 30641 -63908 -44642 -57630 56277
r77 -7014 2582 50334 58875 18593 51397 -53474 -196 11160 47303 -42740 54982 21990 -54609 -14037 -20770 53828 5069 -12203 -53787
r78 -55860 -62511 19575 61213 -4813 17705 17879 40991 -57705 46653 -21128 -34840 56772 25971 35035 -50131 10825 1080 -28673 -44716
r79 -6554 32892 -31240 59717 7409 -60272 -12167 -48789 49911 -63938 -24802 333 63617 -28131 25773 58130 -57833 -31789 -27915 43993
r80 44435 46300 32318 31827 -7408 -50368 19180 -34393 14292 -41739 -51739 10373 -19740 -27298 62559 44414 -29409 52804 -7117 27789
r81 37314 -2275 33633 -11198 63391 -28028 -12070 48234 -45248 13396 36538 26221 -10023 843 24110 -19018 51573 27481 24002 23574
r82 63388 6233 -1470 -10409 49954 -54008 39544 -63141 -47187 -46966 -35106 18738 -43884 9207 -51837 9321 56757 -50647 63302 2629
r83 57206 -39043 -5460 -19559 9235 -2035 26334 3494 32728 -15121 -444 42117 9136 30503 43038 33422 -13290 16495 -23939 5243
r84 -59928 -28774 793 33380 39109 -21281 52883 64470 48403 19590 -27868 -48819 12510 -26369 2850 43733 -59631 8824 -26958 11870
r85 64010 514 -5620 57213 -37755 -29324 45003 55041 -40381 -31614 -63515 37016 -34787 -26628 41167 -46334 -3778 -58846 29909 -22285
r86 -52072 -6919 61215 26964 53247 -53656 604 -38890 -56448 -9157 -32110 -20623 7005 12743 21780 19558 56501 24229 -51833 -50152
r87 20322 35910 -7289 10342 7407 -57515 -28930 58898 -46774 -55023 -40114 -31246 -36066 -46109 57757 58073 -63953 -10490 12074 -42937
r88 -45878 52016 63279 -57571 -6577 9006 1138 -35272 18898 -46916 -16322 -37436 65343 22361 -59026 14082 -19820 -20644 -21149 3874
r89 -37028 -4145 -14400 -5155 55905 11002 4995 56472 53531 36250 63290 59184 -54990 4952 -7768 48691 -1085 26149 -49280 34521
r90 -22394 11346 -22734 -115 -24750 11550 15961 -41651 -43534 -52761 44464 -62703 -22470 -58955 23208 -38425 -34136 -58086 -11380 60559
r91 -2030 64955 -40995 -49172 -10114 -53774 32428 46764 52743 4128 -44361 13939 8891 -27616 -56112 34284 16675 11211 -22899 36057
r92 58947 -57833 -55540 -54342 24930 -48992 10983 -46334 -26130 -42617 -21922 51834 43373 36956 -30904 4449 16804 -4135 -27771 -23910
r93 -59373 5929 -53766 -27718 37875 1065 15799 -45962 38045 -30061 -32290 58897 21013 62376 -38604 34341 29418 59023 -42313 53442
r94 -51287 -22505 -18178 -48023 -38399 15636 3789 43046 1709 340 63281 -10445 38226 45644 28720 65149 -4869 -14927 -53389 59511
r95 -37423 38764 -57136 27138 46476 -15404 7127 -16244 30967 20637 49075 -19874 12836 15749 21308 -6479 -49812 48309 3446 33633
r96 -62501 12022 37423 50686 42096 -24916 -48451 1057 -519 2373 -26749 -32616 -9135 22376 -51194 -27495 808 16009 -63485 46460
r97 -13608 51906 60546 -10620 -3923 -12357 -49270 36352 -39583 1741 -5431 -31096 8617 -30260 -3552 8219 44528 2854 6190 -36355
r98 -32644 51378 -12735 16948 10718 -12869 3571 59074 -2601 -53862 -10888 -47243 -34756 -19285 -1211 13484 -29063 -57199 -21370 53036
r99 940 -60003 5610 -27704 -44419 -11786 48768 49169 20601 -8836 -29447 22913 -42754 -27354 24468 16255 20766 -47935 -52057 19645
r100 20514 -34371 -40101 -49354 47134 -10150 -60478 -16685 40468 -15582 -46584 -41564 -62412 -23083 8930 5556 -35264 -63245 -5740 -38474
r101 62903 -1941 -24798 -9216 34305 -47089 -65371 -55284 -35016 -3257 -31827 -38672 32156 41916 47816 9012 37664 16730 -39062 -9016
r102 51919 61063 39326 51460 -62679 11662 40380 -46825 10066 -30017 16438 59910 -45264 -29804 24910 -58680 23197 -32102 -12187 -3698
r103 -25835 35550 -9535 58017 -8119 45231 30712 -4838 4750 -24235 -54217 -47044 34885 23306 -59439 43602 -39077 -29139 48472 24091
r104 -17922 -4821 25552 -53315 55624 -977 -54739 45692 -13344 -52629 -40519 -41707 62793 -14305 -49122 -48790 -57048 -10785 -3020 58600
r105 19110 -21528 -14552 56634 61734 -34341 27920 57633 -4393 14170 -53006 56901 38559 -18019 -19315 -23500 -19501 -35972 32076 -35181
r106 -19357 -55445 -51719 -58046 17110 65202 3748 -60328 65083 -55083 -4875 -60324 -19777 62392 -57741 -43007 -11522 -3686 -22572 -15521
r107 -31053 -57204 -42306 40892 4697 57229 -64468 -777 -25417 37852 39827 -13271 -46985 -25011 -7577 -33394 -13025 16925 27711 -40594
r108 -24996 -65501 13383 21492 -20865 -57216 6107 48662 5267 -40003 1331 -57306 21427 51167 64364 -39347 -31247 15434 -65018 45172
r109 24408 -2584 -24946 59843 -42699 41957 14380 18346 1293 27391 54310 27435 -37935 50997 -63901 -44493 -54252 28716 57419 -58982
r110 47251 -48742 18718 -57040 -4388 17737 -5918 34642 47826 -42204 -56768 -24307 49697 55478 -35467 -18299 53112 -41175 -34952 24394
r111 20842 -28840 21151 -16933 -62306 -55261 64939 28056 56429 10312 47994 -54859 -18636 30430 -42165 -28590 -61003 53591 -55323 -37778
r112 40112 -37924 -39983 42126 65406 10569 53198 23828 39824 17417 18902 48884 62271 32739 -24103 64832 -46532 -11889 -36833 -57087
r113 22256 28268 15357 56222 58037 58036 14598 42297 -47083 -19940 -37760 31057 50624 18171 -5998 -55361 42638 51897 -3344 -19764
r114 -32259 -1965 -60111 -2560 -50891 16615 -23195 -56436 -23365 27253 -30811 26403 -62347 -56522 22281 -64859 -64947 -44296 -26516 32073
r115 8781 22919 7381 -45464 -13373 -33582 -23463 -45805 -34873 47199 -58858 -41583 48417 50088 -29326 -29098 898 64326 64309 -48639
r116 -34037 19892 -15984 -25546 52164 48192 37201 16220 -61752 50745 62998 -38548 -39750 64247 -1717 -3777 34600 12 39239 25178
r117 -40632 -41428 53732 -32252 -46646 -54289 -207 -1593 12086 41889 -42063 -4862 41932 21930 8405 -9507 -48746 9659 -55486 31183
r118 -34737 -14892 -15813 -54259 -59417 65467 52323 53216 -48620 -27510 -48153 50542 -7737 51440 50974 -57663 -24156 45605 -28403 42863
r119 7237 27427 -45471 -60166 25575 44387 -13607 41163 15881 17732 17725 14276 -58843 56569 -26118 11731 -4610 64203 -57022 -54867
r120 -36802 -50680 21062 -23364 -63921 -40275 63582 -29377 63102 6565 -10090 34877 -52877 22934 12745 38343 54025 -39941 3798 -11520
r121 -20288 -21185 43632 -6023 -43089 55842 59874 -9496 60032 -5584 24718 46778 16213 -54403 47150 -35788 -45589 -13530 3357 -27835
r122 25085 1582 65205 12070 20031 27167 -43650 -39025 -52637 -19395 -45842 12029 52447 63902 6928 -10804 9559 60840 -23120 -64019
r123 55990 58552 -29460 -40730 31134 -41946 6450 64361 -55440 62960 -7519 -16814 16422 18009 -36089 -47978 -38049 25079 -2773 57802
r124 37443 -29419 14643 7942 4490 29670 -34876 -42338 1606 -278 -31449 7073 -44954 21403 23378 -37468 -52956 4934 10185 -43288
r125 8418 15656 53408 23314 55003 7179 26917 -12045 64309 -35911 13715 -40027 -111 -17090 42938 -39391 -50430 -24213 -27873 5977
r126 -48214 13149 -44541 -37536 -17137 44971 -7955 -61499 64507 61552 59983 -38666 -22156 -21012 30133 60217 -53198 3810 17360 -50762
r127 -15300 58956 -41150 -35717 42494 -38582 23309 -22340 -35749 9885 -37804 -17789 53046 -58921 -50963 10033 -39750 -45118 -40076 21613
r128 -41003 -21146 -63263 31776 57871 42594 -8849 1780 -8452 -23293 -52036 -63142 50388 3653 30301 33867 4062 37362 62036 -16126
r129 46241 -8672 14801 45604 21811 33012 -60093 36237 -5771 -34642 -8303 65210 24903 22127 28446 40364 56917 -62806 -42025 -29298
r130 -7138 57416 -64756 -20110 -34616 -26906 13835 7311 -2517 45443 -35447 -28100 4245 -2425 -58315 10932 -32100 -41499 49149 33263
r131 -43793 -18974 64753 -53340 -346 15429 -34827 44998 34749 -11966 56245 -22202 37546 -44582 62842 -40333 33666 -48674 -5823 27307
r132 38825 -12510 -57849 64690 -26981 14256 43970 30986 36145 -40243 -46344 -61343 27402 -21074 -65081 -333 36934 -39456 1895 1458
r133 15817 -7804 -52192 -38883 -49247 42352 22237 54911 -4869 -21739 -34147 41214 -10273 19676 48937 56731 -50447 12606 -20591 63053
r134 39739 31474 -47406 -44607 -34259 43076 -27716 -62866 52185 31728 59779 -32316 -63849 5793 -36663 62277 -11957 29475 -60269 562
r135 31393 36243 20305 -12137 32381 -53842 -34169 -48788 -61408 -458 12527 54280 37507 57353 36963 46792 7318 58031 8451 -59601
r136 44439 48395 43525 -61757 25491 -43696 60321 24490 54551 54197 56606 42202 36289 60008 22635 -19614 -26409 12393 41396 -30295
r137 6504 62967 28353 28075 42845 -34184 -57527 11821 33660 9947 61971 63255 -34922 -55453 46962 8174 -6473 24528 35181 63563
r138 -17255 -9349 -11607 -15652 -55763 -41395 21745 -51685 45495 32251 52066 18463 33855 -40683 46923 55778 47564 -36261 50730 -47057
r139 63291 34760 -18646 43793 -12280 17991 49813 5116 43019 -61825 -38457 35763 56980 33774 -44116 -50630 58943 -12616 63127 -45277
r140 -8954 -63042 9220 -23233 -59705 38654 60803 29750 -60768 -50254 53506 -27985 -13332 -44196 45397 59794 -45402 19568 -54851 -5316
r141 -49343 -50582 -60054 -32538 -765 47030 -2678 -29407 43528 -64939 -50407 54369 -29283 41309 54181 20632 -54990 -10077 -19474 -7775
r142 59313 -22559 12278 48366 -48204 53781 30377 11398 -45699 27945 -36442 42880 20681 -8790 58520 53751 -21387 12757 -14508 -46614
r143 -15789 -17201 -12863 -25467 -3716 -35095 -3657 6398 -47196 -26714 58563 37400 -24885 22078 9401 45637 44663 45415 32208 7359
r144 -38267 -20248 -11083 40617 -1895 -27628 50243 -40832 -50876 39439 14774 -29278 59415 -19134 42573 -15167 -50110 723 29670 -52947
r145 -33922 63806 50736 -62438 27589 59891 -48901 11608 43040 37915 9358 -414 64291 -28694 55434 49683 1926 31897 -42493 -1407
r146 -47857 -50191 -26269 -37391 -24135 -17402 42553 60692 61448 41421 16118 56281 3319 14941 61362 -3619 -15596 60635 50557 -7855
r147 -6615 -39311 -35926 59410 48218 62136 2852 319 -3408 -24114 60928 53779 -17503 -55184 -51522 32251 -19881 22411 -42527 -19108
r148 -20823 18159 10484 7152 9050 17122 42214 -38171 -65001 50848 -33881 33838 39627 -4599 44334 50307 -16865 57679 30017 -45322
r149 -33490 27234 28658 27879 26391 -2277 14074 -51120 16940 -40402 48161 18814 8056 2106 47925 -40808 -25613 9415 62375 -54018
r150 -40802 9729 -28932 -22235 -26957 -46116 33232 -53878 28276 -5137 18459 -12121 -7899 -9961 -32370 -27981 36676 -48122 -54541 40105
r151 33092 2874 55222 44108 392 -49009 38613 46106 4855 7960 1642 -41998 -25130 31879 15758 -50298 -10052 -50551 -53543 -9528
r152 -62570 -33048 41223 -20509 -51937 37439 -19205 31596 527 -61090 -36954 2677 27621 42558 41890 -30184 -46567 -33099 100 -12922
r153 41747 -32115 19901 22487 -51394 -13966 47399 -39100 -55300 -37581 39507 -24443 56520 -10090 -59573 39152 21123 28214 -62252 2659
r154 -27292 -62450 -55008 -33579 24907 -41310 -1444 -36198 -11078 17907 57916 24525 6189 25099 -53555 16227 -17696 36215 9855 -20173
r155 20102 -2281 -54139 36658 32084 27087 27795 -50788 -9425 -2576 35363 -65019 -17660 8038 39635 -7030 11519 41379 18624 3744
r156 20774 -29490 -54712 22618 41888 -1793 23625 -46760 43536 9815 46731 -57194 -17536 54083 -49437 -37564 50786 2974 -61490 58780
r157 -19366 19657 -65310 59062 -38562 -11259 35387 2060 6559 -37428 -6353 52203 -20491 56635 22353 50801 -44487 10224 16413 14417
r158 -30447 36916 32275 2395 -52611 -11808 64735 17112 49857 -17410 46283 -15839 65104 40947 14534 -65109 28494 33107 31553 8641
r159 -15195 -58646 28082 -41536 -33635 -37559 -39387 -2579 -20545 -10403 -22311 35236 -39132 33774 -29330 -62960 -34748 48782 -62325 -1224
r160 139 -57105 -35876 3916 -39187 -53475 29764 21618 -56287 31300 50744 -22003 9714 45819 52229 55611 47827 6552 -4060 60469
r161 45448 -3903 55969 26448 25249 -40589 56595 -43352 43300 49413 -3605 -14526 55902 49685 -29832 -2545 -7997 -47366 -60739 -59338
r162 320 -50947 15818 -8218 19339 -16538 -62383 48418 5377 22970 -22211 62820 10877 5205 27173 3168 -20490 -8478 -44021 -38455
r163 63022 13694 -41437 38324 41476 -14367 62120 -59102 -64411 8879 55954 -16991 -37520 9956 -6384 58532 -32098 -28716 -5631 -12388
r164 -47442 49202 42190 18475 8461 -20203 61120 44962 14124 37030 -1210 42755 55035 -31008 -9855 23387 -17044 -34879 -21673 36324
r165 -33908 24924 20588 -54745 -44531 -55083 8359 -3072 54361 -51812 -63907 24157 52654 -53131 34060 41529 62912 55785 19672 -56266
r166 10971 -37752 -49073 48753 3552 -57628 -27179 16082 17874 9252 857 25062 -45406 -51782 41400 13538 -21385 -20456 -29676 38528
r167 -62155 22692 -56404 -23015 -55199 -48803 -46406 37453 48971 -16281 34584 24199 64065 47622 -49400 15727 3511 -10024 5167 -32994
r168 -27106 46015 34188 58390 58728 9647 -39479 -16686 24738 57692 53589 -35346 -62530 -59707 24265 -15079 -20500 44966 49115 -21044
r169 5070 -18090 42371 -40327 5819 283 22926 -26363 39606 6215 -36379 2081 45710 15050 -7195 13379 -14005 3940 -7527 63972
r170 27011 -34639 -13953 -30420 -30950 -48816 -54199 38027 -47403 -20150 24627 -1448 -40743 52901 38552 2264 -44518 -8059 -50150 -63675
r171 25666 -38780 40253 -38446 26454 27686 -45088 -55554 -36849 -35244 31288 -53885 -23766 -43276 -49366 -32549 36040 -24491 61169 -94
r172 57473 -48446 -40848 33159 49250 17833 53019 -30315 24201 2243 6173 53466 -9385 -31360 15871 65439 -622 -23820 -24457 -2548
r173 45313 -45236 40673 -55905 -14416 -12306 34013 -7071 -29396 -23022 -44878 -22246 10903 24949 21700 53029 34847 63997 -30583 44907
r174 12593 -59502 -780 8172 43889 49536 -42277 -27206 -52883 16878 5391 4174 31179 29560 60251 22480 -4310 -64960 14323 5977
r175 -21866 20697 -29138 -47532 -52754 60088 -23528 4455 -63885 -27071 7432 -35518 63260 -38442 -4310 -63911 897 -31932 -27691 47795
r176 -38236 19074 -55569 47482 -36980 54335 -32260 -15651 -15120 -14536 15830 56764 15153 -41838 13667 -65030 -41695 4151 51915 -45172
r177 -62443 10098 48629 -61203 -42144 16706 10007 38864 2890 26288 -63091 43015 15198 34301 -44270 -41835 -5430 -38703 -28745 17586
r178 53745 -63766 64054 3955 -44190 -58289 50370 -54339 18400 49122 -34508 -15106 43169 -64163 -62510 -35370 24149 38720 -43378 14474
r179 40873 -42668 -32444 44508 -1829 -16750 19811 19850 61308 -33807 -18188 -898 45528 31188 -6999 41747 34902 34196 16381 -51102
r180 -53464 52341 -64545 -18141 -8303 19348 48576 63584 27667 36268 27424 -61694 -21970 49986 53911 54198 63743 13251 -56731 18817
r181 65186 12925 3586 -56303 33404 25920 16070 -12760 -15422 11251 -36345 61007 -12467 40743 -40399 -10686 -4272 45485 2094 -21708
r182 18096 55536 41042 -7334 -10126 -52859 57421 -16013 27340 4322 -19516 9372 -24347 18387 24217 -13903 -41280 54369 23385 -19067
r183 44669 -63075 39865 -40416 65365 -60349 -20943 5108 -6625 -22218 -43613 -13615 33325 55277 -29233 -39407 -27965 49543 -36022 35810
r184 52283 39937 2139 41005 18124 48242 16864 48236 -31547 64527 9390 56509 51248 38672 -41972 -35267 -47931 5350 -31121 -12822
r185 -14632 42605 -13843 -4084 46990 46693 -23863 61886 -26233 56532 -23530 -23243 -3623 39314 -7671 -37524 -35368 -49817 24154 51144
r186 -14490 -16066 36813 65197 -8189 -28286 -45710 1956 -47328 9259 -41931 43381 293 -56901 43387 -43289 -38843 -55121 29642 -2383
r187 -33024 57945 -15266 62778 -47183 -42487 -35414 34770 -35796 37878 2169 12384 -3504 56929 61249 25829 40306 17370 -40750 43796
r188 -229 -34541 -5711 -20268 47265 43376 56379 -36989 19570 41174 31398 45225 10239 41336 14025 -27250 26165 -43309 -3012 -42754
r189 -61399 -20647 -16779 16576 30475 -40129 -6449 40399 -34062 -4092 -15876 51025 -15424 6335 40240 62763 -22825 14910 53674 44053
r190 32477 42048 49227 -4775 50623 51457 43206 -4959 -52456 -43323 -62113 5214 52416 -32403 3331 -41363 7422 51739 -64186 -51945
r191 -47949 48979 -54474 -9547 -28049 -19513 20451 21504 -33334 -41670 54269 56781 13128 -29741 61484 18577 1213 -23225 -20551 -57585
r192 3532 17911 25270 53333 -24512 31392 -22881 48932 -18860 -49790 -34419 -43515 -27474 9287 -2849 46452 7147 -30401 -12539 -16418
r193 41181 5785 -27611 13435 -20329 14496 61762 -17404 44887 -42651 56686 14522 -31522 -59013 -1088 -40832 -44650 35983 62634 -28732
r194 -53330 24238 27625 -57421 -39627 53900 -22032 -3361 3739 -34675 -21946 55590 63303 54278 50976 17214 34698 -53866 32239 30612
r195 52167 -688 60513 -30037 62943 24612 -15955 -33923 21038 25626 33528 16956 -65138 20780 39865 14694 -34471 40829 -61150 8405
r196 48049 54441 -54032 -15394 -52876 -5699 -46319 7930 -21814 -24982 19956 18312 3658 -50555 15365 -49362 58469 34399 -19004 20473
r197 35413 -13647 -52728 8456 24768 47493 -32574 -11990 -47710 50520 -61744 -21255 -38736 -63163 -49797 19084 -23379 2420 47806 47294
r198 55611 58716 -25504 28366 63819 -9209 -58684 49672 10362 -20353 -13701 62174 -61128 49836 -35154 -47186 -12924 36699 -15969 48798
r199 27090 -50972 -26611 27128 -55899 -799 -21492 -32742 -23709 39530 -32352 57290 -63778 36103 -45098 50942 6356 -43054 2392 -9803
r200 -34952 55371 -8375 -26377 -55331 59372 -6356 -21503 -7663 -45755 59204 -314 60867 31904 16769 -39161 -2987 -21879 56495 11992
r201 -25041 27529 36489 28750 50340 63213 -32839 45879 45555 -54685 -62319 -26217 -15609 37915 -17627 51373 -44218 -1299 53075 54032
r202 -8519 16313 2073 -43749 -46942 33637 51800 -57384 -15835 -2177 -55016 12839 39580 -44007 35631 -49785 50925 -57370 -41219 30809
r203 16254 19216 13279 -15084 19009 56022 -38409 -17092 -27315 -4769 -45518 36714 40878 -18844 -24039 -53017 -29567 -60898 -40918 -60641
r204 -51149 -32615 19969 -29542 -30229 8624 49827 -10437 -11384 41767 28478 60389 35734 -16068 -45544 25394 366 -10136 -28395 47714
r205 -6348 -49927 -60872 39611 -10122 -63056 23032 7352 43144 -29082 57761 55748 -33880 5022 -55991 59271 -19583 -28052 -20689 -46583
r206 -49467 15272 63333 -34613 -18931 -63400 24179 -3977 48672 -35932 21868 -33923 56439 13307 -7837 34149 -49481 -54930 -29073 32109
r207 -57131 51388 49311 -44904 -12978 57488 -63401 37032 43998 -50910 -52579 -15960 -54773 29000 30325 -26553 -18406 4258 38963 55103
r208 -26852 46998 35328 55546 -65167 40170 14648 -44595 -24124 -14972 -3382 12792 38041 -30541 -34446 -40287 -653 20348 -65452 -9258
r209 38835 -57990 22985 29552 -64089 43779 -22324 31461 12192 57719 59924 -15090 -7426 -61887 49205 -32503 17763 5535 -58669 17898
r210 30773 15695 474 4445 63334 -12281 12933 -17274 -23407 42228 44996 -13527 -47265 33915 43647 -50004 44183 8959 40936 6249
r211 -22819 -10533 13016 -32707 3318 -54022 -43331 -45414 43073 34767 -43672 -23349 6573 49688 -446 27514 -53751 6184 26623 62795
r212 -9297 -14449 -3968 -59631 13154 -34823 26182 -44495 10519 -33822 -61066 54925 35738 35078 -56364 42564 -56664 -64605 -61267 64914
r213 -9411 -30481 -6346 26955 -27905 43686 -44597 11443 -6985 -58846 61808 21598 47274 -56664 25005 -58487 51627 -62661 -29238 -40058
r214 -40654 52172 58053 55423 -29094 -30006 -55821 -58032 9374 -14825 -53645 15468 51815 -38460 -52937 34544 65011 64323 -38451 -4007
r215 6400 -42071 -58836 46206 -51632 20860 26631 -61749 26912 -35874 -33856 29429 -48489 63479 14310 -55787 13349 -12646 -46251 -47980
r216 19622 9136 -929 24929 -14391 -45750 -49672 50968 -58960 -13868 -2069 20142 30728 48081 -41502 5146 -46195 -40919 -11319 -5923
r217 14658 9508 61489 -65165 48165 -60499 64739 46523 -33611 54476 59945 47634 -61435 -45516 64267 -5670 21704 13326 -5511 -36947
r218 -36332 6161 -40482 5876 -35152 -60768 674 34446 31295 -59763 -31135 6619 39048 5600 -37792 -3476 -49530 20439 -41438 -45690
r219 52115 39776 -44144 6204 4703 -15709 57557 26884 18549 63712 -36379 47959 -48027 48082 -23651 57199 -59420 54875 -44024 844
r220 47580 36030 65140 57548 13215 42170 38913 -32566 7878 -51163 -3873 17734 -31173 28948 -7699 -26187 58289 -39256 -19734 13650
r221 -34028 10767 -57667 26186 -23022 33838 -14488 -62343 -12072 64690 -14351 34151 43263 -39010 39398 6558 -12613 8310 -24440 41501
r222 37995 34177 -24562 24967 -28639 40629 -34816 11864 -21533 46485 13862 -7885 -5898 -3005 38001 23292 40700 -29933 61740 37342
r223 4911 22101 56111 10115 32344 -54628 44551 26577 46233 38991 -14330 -57570 29896 34148 -45423 -61841 16220 48881 -33616 58925
r224 8205 -8944 -17250 8793 -37803 47579 32860 -41328 -37420 -12585 -40062 -56561 -45537 -19439 15798 -1834 45283 45678 -64456 2354
r225 -44071 12147 -64727 36476 48198 -60583 -64491 -24749 -65206 16487 -33140 -56343 -51691 44523 46949 31417 27206 -60318 -29452 28941
r226 16582 -14660 -42667 -8392 -25424 14016 54297 -49407 -48702 41448 33089 13914 -50061 62994 53415 25549 60596 -30508 9820 -7501
r227 47290 -16930 -12736 -16043 64088 17530 -52455 -56691 -13634 -16700 -18899 -45989 -16338 33464 11936 -27394 -18773 14662 -46870 38660
r228 4647 -23595 -64518 -1689 40676 -5967 8990 32425 20343 -47200 -56130 -46204 -32026 -37298 -63924 -13305 21731 -30837 -4966 26260
r229 1241 64365 -53230 -3865 -31462 25229 -27843 30156 -44461 -7569 -7521 -4261 -59589 -47094 56631 49992 13298 -57331 9774 -37235
r230 65406 -2073 -57547 56324 11831 -65013 48422 25066 -53741 -62450 -8052 53477 -31176 -31272 -57991 -38560 43417 -57055 -38238 20979
r231 13966 -37565 -60944 14964 -23810 37884 50345 30544 -40932 9352 40375 -64981 -22682 4817 -60170 -7918 -12127 -63849 -49713 -23542
r232 50603 19472 31379 60404 -18417 36513 -61950 -46683 20842 24588 53267 -17498 52898 -42110 -49706 5339 -34532 -16252 -42100 -55585
r233 3572 23302 -13505 -15146 58698 -25699 -2424 -44885 24148 -59251 -13516 51203 -53827 59164 48514 40504 5310 -20626 32410 11039
r234 -47595 -61257 61614 9754 -32348 -43888 35376 -30087 7283 58747 -11711 31628 -50759 -42938 38304 -4045 47727 59089 34724 -25426
r235 -28105 25841 36030 48240 -19530 -29738 24117 -34174 -38191 -46444 48809 -3091 21346 -52949 -40571 -20072 58004 -5116 -8463 54976
r236 7984 -1753 48002 -45977 60375 59892 38969 -39237 18502 -52154 23427 52880 -14489 -39600 61647 45453 -32920 -52809 -63967 -62934
r237 33683 -28914 -18017 33173 -45393 -22392 -5256 -11060 -29305 -14077 -42584 -33878 63359 23562 49057 58949 7413 -61516 -48180 39887
r238 25916 7487 11399 -61227 -27417 -2641 19189 -9197 -29236 52119 -62673 22995 59020 -31182 19659 -12108 11703 32634 61611 -1958
r239 -15101 42005 -52709 15650 22876 -46974 -25824 61374 -46510 -12563 -13207 -13169 -13254 61144 -37653 -56632 24545 -48028 18885 8588
r240 6995 2876 -1835 -22184 18032 -53869 15338 -31808 -3970 -48676 -61819 -24803 93 22742 -41948 -46035 37964 -39896 -14118 11967
r241 10804 19253 57459 29635 31524 -54616 -40465 34582 -21757 24578 -35848 46753 -52349 -9597 -13023 -60352 31636 -32531 57105 23610
r242 14482 64832 36885 -39892 29346 60344 -50107 -34077 -26715 -57793 -34603 -22245 -45637 14853 -964 -5595 10487 25438 -48536 43869
r243 -37940 -5893 -23348 8326 -49470 47363 -22142 -46686 -35105 -35968 -57656 40828 22058 53678 4411 2762 -55237 39129 -17020 -15619
r244 -21176 -7676 6831 -32422 -8367 -55380 62385 -36786 -17813 41758 52502 -4361 56288 -62095 52665 -47223 37281 -10947 -16591 -9213
r245 -32414 40386 -33287 47872 26285 -65055 28077 10794 46523 31437 -7169 -19549 18322 -61655 43628 22493 10805 7257 21255 9279
r246 43475 34874 -49033 33283 9390 13194 -3078 -22864 19273 -43948 55715 -28842 -61307 -60192 -16477 -24508 27837 23771 55179 19646
r247 -61648 -52941 -25329 51279 39027 -41082 15060 -58800 -39431 16720 53376 -46319 -48709 34395 -17512 15418 -36460 -28279 -48687 7443
r248 11244 -44312 10744 -21128 -55161 63145 -54498 -21439 -8848 18175 -14099 64692 -43212 -22215 49524 -58791 33880 37951 -728 56765
r249 7313 -28991 62786 54724 32895 -9229 12436 23855 -49186 3766 -57018 15952 20455 26854 -48094 28683 -24530 -55973 -54756 54962
r250 -61883 -18926 -42937 61733 -37915 -42268 7273 -59096 13274 -44703 -7528 58225 -4733 -55650 -46147 53999 -34329 -32699 -9664 -4183
r251 -47335 -25857 59482 -35237 41183 -23000 -10787 -40317 57616 -9715 -17456 39691 -37006 29937 16809 -16258 44060 -65177 -2734 37474
r252 -40891 -10762 12212 -32997 -35765 61211 40998 35224 -41078 12763 7902 -26529 -42229 23181 -2766 27708 7527 -63693 18709 -32682
r253 -64878 -36441 39935 -52084 -59542 8042 6188 39865 -15359 50282 -43337 -63561 19841 -61371 57629 -12679 -47876 -7645 26810 45608
r254 -54846 32558 56868 -60509 53307 -14285 -21760 62911 41772 63509 -22519 -56668 57109 -24926 13594 28913 -39930 65398 -55706 -62410
r255 9515 -53389 -58694 47969 -28421 -35407 -13706 55516 22810 -15256 51874 40876 -22767 844 -6111 -26966 -3074 -6050 59269 43580
r256 -30066 25642 39460 -5780 60562 4050 -7641 -48592 40815 8176 47891 32572 -19372 22680 46074 -49763 64879 -50540 57345 -32701
r257 -52110 52881 55156 49595 16184 -26897 42594 -56226 -60883 46000 -26996 -37706 -60249 -52655 -19696 47540 47763 -33339 12100 63817
r258 -13109 -59874 -56652 -45624 -28426 -52424 35738 45774 59604 -12858 -22821 52714 -23435 -43912 -61064 28636 50836 31674 -13866 -19428
r259 25037 42091 -32393 -30859 -58750 22105 23578 -21905 -32206 -42785 27234 45814 -43834 -36425 -34301 5968 -2875 -63034 16466 24778
r260 -15425 51285 51474 59078 61667 -13173 14866 -15785 -30836 -39761 -23388 48484 13485 -14325 -40914 -40170 -14730 -51714 59866 16142
r261 30841 8278 4446 8842 1876 -62475 13068 4353 64895 -5637 34659 54810 -35201 38727 -54764 58002 -19071 -41896 -17314 58898
r262 -43097 -6780 -21858 6947 -3177 -16134 9878 27698 -38893 -37348 -24484 -16041 -40846 -62059 49291 -10655 -14065 -64330 -9861 30082
r263 3569 58588 -19838 -43993 17472 -39132 23140 -11149 -21284 -18129 -36637 -23523 -3901 -23833 40011 -12359 -64281 -41849 -57168 52771
r264 51185 -46290 37828 34879 6722 -37187 9411 -42735 -55634 233 -53796 -30533 51860 16518 52369 -4882 28939 59774 40762 -38255
r265 23958 -57484 -61288 -5803 -62271 37003 36334 29091 -1114 37368 40693 23110 -47528 -59669 54502 -42712 42160 -56117 -45381 -41576
r266 -20909 -54685 -45470 -14123 -23586 38272 33611 27356 12356 -12927 37124 41841 -56369 62760 17084 -23279 54094 56409 13961 -50968
r267 -28675 -62127 -33992 13982 9179 55640 40060 -61514 56066 -51140 -9121 57081 -61426 9008 40332 -33338 -55747 32480 -19143 35620
r268 -36218 -24354 53004 -64400 -24016 2542 -6847 12152 -15394 -26068 22613 -17598 3925 10782 38314 28898 -47035 64215 -49994 25788
r269 41762 -38279 24963 2485 38259 34549 33660 19657 8432 -34935 27742 -8113 -57909 -42404 19109 31470 -20087 25077 63528 -15480
r270 50181 42086 32941 33797 -27671 23635 -38411 -29161 -38681 -10414 54541 25253 -62072 41672 64727 20610 17094 -47377 -4461 23611
r271 55425 -46998 -54616 8606 16286 59571 -43842 23812 -48932 -19151 -47674 -15 57568 -46095 61724 23776 39857 31463 -30449 11280
r272 50640 57749 6131 -40089 19461 53806 -41158 55560 27124 -50477 12241 -55235 59088 14570 50576 -43249 57153 2210 26188 -54508
r273 54315 -22973 -52977 39713 31928 -14687 -20600 9339 -11056 62836 54840 -36441 63898 -34055 32987 63094 -24024 31576 57348 -58180
r274 -40752 36 -2887 -34921 37824 -32615 18891 8381 -42825 53637 22125 16300 9938 -38474 -59289 56644 -26722 -32750 3501 -49068
r275 -58038 53681 63582 12441 -11514 -34446 11841 -15048 -39175 52681 59663 -56794 57587 -17350 -21712 -11286 7763 26396 -8273 -33355
r276 -45321 27021 -31583 -17639 -9039 -55143 59257 27345 -5463 25239 19069 -44085 -41086 7669 -34076 -45249 56169 23667 47433 -9996
r277 46725 -18636 29427 -6382 -6409 -26371 54347 49979 53326 -47140 59349 11111 -55341 -48975 57352 55483 -38425 26936 -5150 30915
r278 38468 -16684 62995 12707 -37236 -46365 20018 44960 -6881 -39757 56132 29071 -37548 -8213 -55037 -64693 23389 3228 -44660 42904
r279 -331 50849 -43567 -10609 -4989 41204 894 -37704 1002 -50545 -4456 5792 -5261 36190 36456 -54537 37703 51822 -58176 30284
r280 -1310 7114 13009 47345 -60824 53085 42673 17529 -22965 42077 -27783 -55391 -17821 25009 41532 64659 62023 54374 -56429 -50198
r281 37836 -57072 23797 -42659 22430 30398 26945 -51535 -1061 49877 41224 13600 -8886 16123 -43446 13797 14764 5764 42257 2428
r282 -57890 -9793 26279 -38709 1616 -59972 10787 -12665 40557 15294 -13777 38910 7480 42653 -61118 28303 -33704 37722 41822 45044
r283 58010 -4045 -42220 -49804 -45573 56576 33147 37359 -37846 -8930 -52090 8858 28530 30925 -59106 -2473 35676 -61804 5439 37106
r284 -45721 -4813 50301 -7641 -39949 -10045 48441 -23944 15663 -9657 -41255 51758 61621 27075 -12104 25357 59149 -56595 -28234 -61017
r285 48229 -59100 13027 -7213 -19042 -18694 47298 -40008 -40323 -13499 62943 -18403 -40942 27730 23304 27139 42205 -26716 -13623 48580
r286 -10476 -50904 53011 19713 -43880 54722 -10673 -48116 21977 10035 -46452 11893 -60209 48045 -19144 53555 48368 36514 -53490 44474
r287 -9304 44494 -29967 -15835 11911 -7361 23448 -42451 27990 52585 30088 -53971 -57146 -27265 -44726 19383 2524 -38772 33732 8026
r288 35627 46547 -48899 59355 55352 -29297 -20076 -5396 10235 -51634 40996 24099 19353 53584 17531 2483 11324 -33157 -59287 58106
r289 41726 5011 -3551 41420 -38791 52433 -11209 -40990 34122 2666 18271 -40431 63389 9495 -40488 -15715 23476 -47668 -25851 -59964
r290 -27611 52728 -33832 36489 32847 -54143 -60146 -54592 64843 58705 43174 54131 60819 3158 -38240 1403 51144 41498 14214 57561
r291 65531 34271 21790 18208 4522 -54574 58510 11238 -16252 -49271 -5494 -23085 53418 -64035 30446 44046 -28325 -47927 -23145 43408
r292 -56299 -62226 -10812 54419 57740 25388 -55222 27012 -54033 -43491 1395 7120 -22262 -51439 -8209 -690 51734 -22174 -48624 -27041
r293 -55876 -7059 -43963 47563 -56301 40299 -48816 -992 24945 30219 22326 50799 -7312 12743 17806 -40705 39068 15211 42166 44978
r294 64809 28234 16818 19104 15207 65017 -64773 -44037 -22182 44504 16653 -40966 53677 -30346 -32390 -63488 22602 -52 -15631 41723
r295 11650 47691 -17665 -43804 13904 -20077 -2591 -63821 44921 41421 58126 56032 57184 33634 -43963 -4219 -64761 63328 5861 -11016
r296 48932 22350 -44339 20109 -8083 57075 64956 -25501 -24470 -40368 -61777 -30699 -17411 62718 45619 26208 -16025 -38012 27799 37189
r297 -26055 -10007 11919 29686 -23529 9410 -48829 -43548 -58707 15827 40026 -31585 -24961 -23958 -19614 -54350 -41468 -23538 9365 -50451
r298 20500 -37142 10705 -55708 -30275 15984 38662 -20825 -48089 31884 -15215 34940 59864 -8362 -59421 31408 -55988 -37666 33722 19757
r299 -51924 50970 22827 8456 -28947 -42879 40210 19547 55529 12501 -12279 -2717 4854 14934 6235 42989 30416 -52026 -4537 -56004
r300 -12130 -33871 -39369 30315 -7253 53470 49530 56387 41945 -5563 -17343 -25104 64939 -63912 23492 -55009 64859 -46366 60585 44919
r301 24243 62977 -18192 -38455 58325 -64248 -14098 -12861 -37280 30693 61875 30925 44457 -28588 -24765 14241 -52870 51141 -40513 -16662
r302 -26969 -6741 32692 -51352 -20621 2471 32147 22515 6056 -49508 -32626 -11066 62251 29845 -12025 -525 56596 -9366 23851 -63056
r303 -63080 54400 -9494 -26341 53511 4764 -45564 20247 -48108 48248 58196 54886 -41702 44619 43961 16080 -25901 59247 -15834 65164
r304 -55556 31850 -64509 -48694 20617 24545 -10923 48026 -30094 -61346 22103 40035 11487 -14395 35195 -43914 59845 -34188 58095 28788
r305 2125 8569 13801 -10602 -20062 44108 31888 -12002 33960 9234 25851 -22990 -62441 47653 -3060 -7558 5461 60636 -36304 51326
r306 37764 -7341 -40858 50924 28701 12627 1713 -6947 32819 -9064 -19900 -13562 60540 41407 -35119 6155 -33038 40036 -33175 63236
r307 61525 64252 -16988 37362 48459 -4276 -47800 -17930 -813 -43862 48790 -43964 11948 58393 24044 -45973 -12765 -55528 43232 56039
r308 -12635 -10434 21450 21748 20928 -25780 14244 -19856 56755 -64354 -41026 -63093 -34865 43110 14964 56648 -11375 -30835 -16429 26412
r309 51446 26957 -24900 -54515 -21440 11138 47244 -735 48306 -39179 -5053 50826 61137 -19058 -5975 29149 -834 44867 -40328 6472
r310 30236 56232 -2608 24217 -46073 -51938 -62570 -25956 55257 -61107 10763 19837 53858 23379 -24229 -33539 5603 28655 -4019 12176
r311 13554 -52007 -48345 10022 42583 -58796 7146 -25644 -27847 39733 -44722 -29078 -35336 40937 59313 -58465 50327 61123 -39549 -34494
r312 3900 58599 -10059 -24542 5218 -24878 -18090 38400 23583 -32210 -53229 12504 24408 34659 12922 10772 23467 22221 64216 -37410
r313 58121 -17796 -35735 5041 64048 28743 -46865 58514 -65108 -55844 -6837 -15421 51991 -42540 29344 59236 -57443 47421 -21140 -11232
r314 -50540 62453 -12321 -33656 36530 -63715 14613 30944 -60880 -32336 58701 35366 19232 32052 38298 53708 60519 -9642 -7625 -23925
r315 43008 9587 19502 4940 58132 -13020 -220 -46115 -46828 2729 -35419 10662 -10707 -62289 -2433 32785 32489 -23507 -44321 24293
r316 38040 -41674 -56100 -25110 31749 57108 -58025 65009 48335 -36150 14764 23966 -57589 -55612 43100 -14999 37966 -22388 -17714 16470
r317 -52651 -44778 -16151 -37401 -47723 -55351 41692 -56283 40841 -30856 683 -57410 -13881 21043 50341 -63357 -52710 64353 -47237 64973
r318 -54942 16740 30512 60264 48912 -15300 -43937 -42705 34559 -43711 17643 38280 -26601 37577 -56431 54988 -46097 12320 -35370 -16948
r319 8107 34650 -19101 25631 10910 19615 35156 -55237 -33703 51302 57918 -15329 -39291 -32094 30400 39017 54065 20222 -21869 4924
r320 -46321 53818 -15909 -21300 56219 28930 -6359 -9656 -17999 -21113 -18042 7469 -9247 -48818 20366 -18565 -15478 -4579 64335 -22475
r321 -60649 58826 7154 -47459 -55066 -60158 24013 14149 56192 -38254 -11991 10741 -6248 -41647 -6197 5647 33216 -6689 2908 -37412
r322 48438 51037 14863 -57529 4385 -12624 54850 -44444 -32046 -41026 -55394 -35525 -2566 -17945 -49833 14293 -40899 22818 -58614 24162
r323 63785 -41430 2598 -23474 27860 19981 49320 6886 62175 11660 64649 27429 -46287 7629 48652 63280 -20377 -32259 31106 14846
r324 64646 -3236 51869 16264 -21051 -63662 -13045 -9932 -16343 -41873 -5530 -47317 -45035 -55189 28347 -8927 64948 1701 -8789 -60339
r325 29937 -9197 28750 -7956 -61773 62011 -64437 -8912 58787 12197 -54311 -53981 -38981 8257 -20445 -11334 46104 -52524 -38719 42814
r326 23269 43499 27285 37206 -61543 -32082 -35333 3754 -25521 -9568 26916 48421 14103 43093 3181 28483 14886 -21493 3787 -36192
r327 -9793 3986 23532 45091 -6047 -25393 10425 -40162 36838 55809 -43163 -29479 -30034 28203 -41510 -1515 43870 -64443 -53534 -47855
r328 21487 9418 -65026 57867 -43087 -58241 -42254 48371 -26118 36701 -24865 34830 63153 45023 -31308 42675 57592 21405 -26930 -59015
r329 7603 22501 -47866 46888 -36586 54454 19192 -57652 -19479 44219 15406 -10278 16535 7877 -34308 -21373 -61157 45779 -20509 -6642
r330 -43858 58033 10287 7241 -12870 24744 37172 62379 54226 65056 -8494 7095 -45149 -32045 -51933 -2513 -24713 -46328 34264 62986
r331 -64764 50040 18028 -27234 13357 55948 61975 55779 -38092 47114 60963 5112 -56024 22435 8312 29185 -22554 -42108 -25707 -44138
r332 -45695 -43901 8785 28911 7882 -32885 -62148 -41402 34166 4684 37100 -56004 -33099 44860 -10828 -59634 -4272 33818 19930 -20494
r333 -55578 60562 25730 -7933 53166 -55719 42094 15087 -25054 -3022 781 56816 29350 -8091 14553 1066 23658 -63933 -43941 60743
r334 42420 -53800 28483 -22933 12208 11380 30865 63062 34597 -39605 65356 -49716 45324 -55804 -1629 -30296 -9728 21204 2287 41520
r335 -45479 3746 63089 -1146 60765 28350 34899 15745 -34564 60245 55874 -30637 48963 8644 -13784 4380 23902 21213 -38365 29294
r336 -17574 47961 22276 63188 -35809 -28859 21661 -49655 20052 -44247 -15263 -48736 -26822 -8435 15203 29726 -47890 35369 26727 58364
r337 -24621 -12537 64696 60277 -539 58249 -7718 -62798 -28617 17775 -61812 276 -1075 -39499 14016 3339 -26446 -21954 -47953 -32193
r338 -61922 -8227 -18688 5496 28875 37163 -28086 30379 47592 -9820 -502 -19577 -27527 -50930 59853 -634 -28475 48655 -47357 63837
r339 -65386 -6415 25748 -52810 -40608 -43977 -61446 54834 -63234 -30143 9802 -52621 -11660 -1643 -27335 -1683 15290 -30161 23802 34856
r340 56018 -19672 -42771 -30436 -31161 38482 -24926 52752 -60879 -2006 39027 -62476 -49490 -52920 52803 -65080 21212 8350 52615 55167
r341 -9595 -19473 -20650 56974 -20041 65090 39202 -48745 40413 5153 30949 -27112 -53268 56232 25113 39104 -39892 4787 19065 59411
r342 3913 64095 55057 11920 -28684 -17900 -15449 -49699 -1678 -13948 -52958 -38627 -3661 -61300 15202 42946 -5625 27806 -40786 -59657
r343 -21137 -49870 -34930 38613 26157 60690 15862 -21233 -50739 -23884 -43236 15107 -61262 -21135 -52441 50804 -60294 -3214 -8047 4960
r344 25538 16817 28708 58769 9228 42673 -2561 35463 -30421 -28245 -4958 -8271 -7215 -10992 27273 17366 -13950 35838 27996 20698
r345 -10491 -46209 28338 -33560 27799 -2332 5642 -45912 12588 36949 64360 -22428 -37463 53986 -24872 -19616 32518 -22260 64026 -61349
r346 10358 -11045 -309 -43922 -12287 -10879 35330 -34129 8407 29827 42788 -53944 -22728 -7865 -65299 -10522 44276 15788 64404 56596
r347 -15891 19374 42567 29753 -21581 37343 9276 8954 34922 -33900 -35333 245 -23909 -4833 29716 57263 -54967 -57222 -46505 16701
r348 -30802 46286 -62935 14940 -34158 53106 21685 8670 33831 -996 -44293 -34516 16569 -35036 53462 -47557 176 -61452 40680 51967
r349 -12462 -42396 -27937 6107 -20608 24919 21606 54656 63762 -30277 16985 34482 1953 43741 38870 -43307 -33513 -44188 52840 -4564
r350 -58775 -493 39879 -62317 -17565 53074 15175 10984 54208 -25164 -48707 -18895 61351 -21441 64873 -15459 23875 8379 43175 -14480
r351 31874 -35865 5356 55623 56069 -31244 -9290 -30582 -15225 2941 -51871 -14962 36550 -29278 -28611 -18141 -39315 4024 -32502 -37492
r352 -61630 32924 -56519 6705 55209 -56910 -11020 -58842 22662 -23396 -26667 -59428 -40656 20163 -28892 45938 62218 -37940 25621 10283
r353 -54868 46448 28839 8494 -21779 63498 -23980 -61613 2814 -58791 -58385 42393 50979 38851 -13211 13122 -36054 -32001 20321 -11364
r354 -52060 18056 -6685 -5053 15176 33563 -48926 30124 -17476 -43598 -9165 -968 -5504 20163 -29024 44874 -52366 -57733 60926 55255
r355 -48041 -9050 3679 38047 3576 16505 46846 -56051 -27324 21984 37794 57988 44139 -36176 -29539 49385 -30916 -49636 56504 6179
r356 11228 -59501 -64288 -27079 24419 35799 -12209 -16314 -55331 -25154 -32361 54213 32874 -61433 59690 15483 52787 48631 -31910 34661
r357 -61109 -59234 -17157 45852 20797 25057 -10618 -9244 -20775 47290 38079 -8318 35917 46982 -56804 -4382 -58621 43851 50612 -21463
r358 2751 -604 4335 -59184 29704 -26220 30274 27491 49138 12796 -43034 -58581 -58948 -4321 64586 6256 13979 -7773 12150 31058
r359 36274 -45413 -31490 45785 -15985 -21286 36609 15267 -29419 33737 -44218 64582 58654 -57190 -24024 -13242 38137 43248 41695 -49617
r360 20641 -17573 13588 56411 5548 -32183 -2500 19990 -26242 31336 -30178 -34047 -21140 10851 -48219 15015 -47241 50509 -16454 -60849
r361 3257 29012 48950 5343 -65294 40357 -50775 23163 11112 58045 32327 -49310 16717 -63849 19814 57302 6612 -59689 2901 -41887
r362 26943 -40750 -22752 -29739 48087 17800 19321 58640 27051 -32001 -32641 42704 -35058 53357 -57843 -14289 -11212 -55549 30033 -17127
r363 -59179 -45800 -18601 42428 6539 -62029 50176 33225 -45751 42284 -29292 3779 41316 24008 -65066 2917 -61238 60760 59206 29663
r364 24484 55094 891 37334 -8071 -25840 33850 35690 -7620 18887 -22938 -19726 40114 24624 9240 55577 3949 -46803 -48120 33029
r365 39265 -35423 -16753 -47297 -29896 3029 1093 -12988 2603 39588 29008 12598 63661 -6478 3423 28121 -51910 -20768 3094 16122
r366 -54579 -14326 24194 27399 -29626 -36053 -24671 61187 6497 -4711 31757 -63298 -52850 -62670 -26951 40708 40070 -30833 -47987 35719
r367 7099 43705 15674 17899 -40745 -19372 3522 58812 17695 -24455 -7476 -22302 -20935 46207 16761 45460 38198 -28550 -26001 -22704
r368 49690 28173 37497 -28168 21468 -14719 32137 -18990 23787 51082 17753 29738 21004 53424 58875 13756 -52774 8017 -13035 -46017
r369 -2495 -16862 -32932 21907 27089 2798 26817 -54092 43959 16396 6031 47816 64951 -52258 -15100 55090 18062 -50080 35901 50882
r370 458 12119 26518 -31745 46060 -27920 44919 28020 -40941 -17526 -47645 -23899 -10001 -50097 -28124 45461 -47150 -26676 44892 51244
r371 -40614 19451 62068 40783 54841 55892 25236 -48450 -31878 -8245 -54275 -39820 50126 -532 -12339 -53316 -32383 -17053 -40928 -42712
r372 35390 44194 -153 -1269 29150 16431 -33629 38929 -47526 10269 -61189 -15799 -24542 39370 -63958 -43764 11374 30806 -27561 26339
r373 54469 -32495 -27998 -13893 59291 -47338 -39001 -22912 -17979 16847 19824 16865 10597 3507 891 -31418 -53267 -6558 29935 60861
r374 -52598 2772 18367 -18770 -32269 24816 61269 -58817 32028 33052 -63311 13708 -10054 6881 35243 32703 33511 56494 5088 11511
r375 14528 -51932 11724 -64787 34499 46435 7722 22246 -46014 56161 -50112 -27305 -12146 8161 -46147 -6884 20496 -65521 -398 -24315
r376 59821 -38229 48138 54878 -29358 -48917 28027 43016 63417 -42268 -11351 3648 -51515 56492 -15543 24599 -58888 -3464 -58270 -58984
r377 -28021 -8129 15766 5318 -47684 3778 41254 35917 23389 58718 -17150 64901 -23658 52960 23453 -50975 -21892 9458 -40298 -20742
r378 -13658 796 24230 -20638 -6165 48911 65112 29704 6562 -24030 39230 31736 28041 -49652 16187 56761 63089 -56151 -43012 -57492
r379 48898 31313 -53538 18378 -22327 14753 -44278 41220 54765 44533 7926 33106 12229 -32520 -52915 -42415 32417 -60528 -9204 -35204
r380 -26392 -43859 -12054 -47317 12635 14754 54451 15910 11689 -53554 -55005 -57505 -33047 15596 47052 46930 61596 -46492 -26163 -65173
r381 -63939 -32843 14471 22458 13848 -19276 -15725 39864 61846 -15899 60075 40815 33389 25187 -46261 -43812 -58691 -50207 32076 1218
r382 -35770 56572 16832 -29071 16701 -52704 28019 -57960 -22636 63395 31565 -9987 35370 -13760 22115 36138 -21978 -32009 -55635 3892
r383 -17977 43602 61711 -43254 -12376 -31258 1086 38716 -4191 51765 17464 -13608 -55684 -54025 38523 16000 -59695 63711 -14330 -7489
r384 994 2645 -9969 -53374 41763 57401 47280 42926 -20571 32810 1598 -12102 -57917 -9836 -22416 23879 19586 20148 6335 52307
r385 51443 55796 -22138 49066 12152 17841 24601 64515 23887 -64081 -20453 48652 -35983 625 -12848 4284 5351 -50584 -34698 -52386
r386 -34785 -31005 -63343 -56581 -48581 -38716 -64622 -58389 52002 -63381 43180 21118 54035 -9491 -10877 -13330 -38506 -12605 50818 -38533
r387 -58561 -26113 45997 -65514 60364 -38884 -29200 -43011 -62876 46266 6789 37740 34310 -52457 -58232 36247 35321 -46424 55463 -17628
r388 25867 -48031 -37271 31408 1492 -17731 -13842 54284 37854 56371 -16380 -33795 -12311 -53860 -21051 745 -64363 32859 49689 -4328
r389 24256 -17982 -46762 49602 -47832 -53066 10960 -20336 -10939 5022 -32693 -36910 -5483 -52393 36637 -29353 14485 6598 -8268 -32550
r390 61117 -28548 -19587 -59745 -15805 -35210 49824 -8768 24030 -40120 -29599 46905 43763 -56173 -65004 -22120 -46962 14393 53747 57000
r391 19369 30239 47648 39133 -33932 -40437 35698 1649 -1231 323 -37230 10967 -29791 22083 -62144 60501 -34664 8350 -60604 33587
r392 -63247 29065 807 63152 -13149 -2183 53964 14834 51076 4323 38750 -57004 -20079 39767 12271 -15889 -58544 27328 17150 -57270
r393 -56921 50384 36187 -31659 -25203 3714 -35403 -32633 5774 -63942 -64437 32361 29134 -4042 -7632 -36269 -18464 50673 23860 9482
r394 58699 -23280 37085 -63397 -36711 3971 56398 9144 -9483 15097 7211 62234 62903 -38092 21466 56790 37732 59704 1285 -26287
r395 -24003 -9699 -22357 57204 -36514 -13989 56263 42250 37114 9687 18000 2730 1324 -5570 47128 46082 -14324 -25625 38747 -28070
r396 -39049 44210 -63997 -5998 -43231 -10963 63116 62092 -53077 17936 37896 -15259 36002 54656 45720 61953 -64164 -21307 -28333 -20639
r397 39494 14783 -30304 -44780 -45510 56146 -11811 1752 22243 62917 -5413 -7826 -46285 55119 -57524 -9018 27941 -24608 22821 -86
r398 -36079 33355 4626 12694 49896 39104 21834 57601 -24979 -53700 -43222 30182 509 46966 57486 31977 -35527 -40357 -26502 46197
r399 -38559 -9780 58915 -8473 1507 43339 -41148 30981 -9973 -27696 -35766 -55760 20385 -13846 22943 -63608 23002 36348 -32113 57532
r400 24943 28241 9975 -16172 -15395 25777 31342 44198 -3124 -18267 31798 -26151 64041 55843 13459 59436 -58616 -28024 -57096 -23389
r401 55976 -45174 -20969 -22168 17269 -19451 62372 34463 -15647 52998 60596 -55078 -11468 54855 -10798 45380 -17924 63543 8026 29406
r402 59378 31189 19590 -19685 -6734 25288 48781 10489 26643 59745 29753 12498 -32581 -22232 54577 -49277 54499 15490 9845 40315
r403 -41844 6586 44314 55922 -1229 -35349 45849 -5871 55968 9162 -1834 -37109 57581 -55460 -60330 54945 -55416 58562 29382 64015
r404 50353 41737 -15778 28667 -26000 -43499 36840 42373 -44910 -59763 -203 37668 30950 -43394 -22138 56150 -7631 -60544 -593 21464
r405 13652 -29570 -16085 31436 -11787 -50381 23434 46657 17449 36015 -37627 31992 45530 10209 -16491 -2523 -58266 13322 -45036 9977
r406 28527 36795 64661 -50447 29438 58312 -61820 53999 -56337 38299 7946 -27902 52668 12203 -9386 -10525 19537 50814 -59219 862
r407 -4950 -2009 -13177 -48854 4467 63184 43283 7796 49128 11464 45146 -45822 590 32397 -34099 24512 60856 -48613 34389 -30642
r408 -13694 21445 -23467 -16327 44187 49980 -5812 -46077 38471 -59495 -19312 -31893 37036 13426 2599 -15289 -42315 -25788 -19253 -54939
r409 -7731 -53906 31253 -37326 58587 -8239 -51407 -4767 57855 62655 59152 -21607 54248 64275 -31661 -6236 -52704 -12450 -16175 26159
r410 -28037 -60455 -23132 1304 -5815 46997 -24370 -55449 46496 -27229 29609 -7651 -35450 56820 -5438 17436 -1429 29584 11636 19770
r411 -34959 -5549 -7515 45010 -29937 14240 11149 -28194 -48631 -45191 21558 -18103 17388 -4828 -36787 -19262 9254 27666 55363 1367
r412 37437 28836 -14564 -29926 -25775 -41824 21552 59872 57946 5566 21959 -598 -57326 42832 -12184 62908 -7047 -32128 -25704 -50308
r413 4431 33014 18455 53191 37129 27701 14770 -28205 65129 -61960 36333 23599 57721 35871 -10590 40213 -26290 -54446 -53867 -4156
r414 -13407 25593 21576 -33119 49361 -32601 28478 -40640 -26341 -45538 -30311 -32109 2511 -20826 -55992 -14620 -58155 5041 31871 6035
r415 -1967 37242 51707 -3769 -35222 60940 26804 48096 20839 -1314 52972 33990 58987 8201 -864 -55922 10193 44889 -56958 -31550
r416 -52791 -36968 -87 -21023 45517 32154 37024 44092 44487 35163 -34916 -34726 60783 -4691 21424 1509 18829 9254 -22202 50785
r417 49512 -13587 61551 59592 33571 20231 -20014 -56895 -56207 50017 -38319 5865 -7464 -13916 26805 50499 -54915 -42424 41057 -31576
r418 -52024 23696 57259 43672 35512 -55245 27252 -33594 31177 -15235 17322 62566 -5303 40313 -45516 -39309 46655 -24261 29877 -50512
r419 60932 -4955 -17022 -11393 28823 -12417 -1070 -48882 7553 35621 19297 35174 2373 333 -41214 -29823 -6141 -25170 25904 56730
r420 -3710 38665 -1886 -53469 -23578 42594 -64464 50388 11117 49959 -46432 -48028 60158 -106 -52213 53926 37566 34278 -16822 7517
r421 -57056 -23973 -57133 -45410 -52484 51696 -60651 -16006 8266 861 -14414 -47848 38955 46515 -42935 40416 -38624 -36477 -8920 -19396
r422 -3626 -11342 35756 -26871 23060 43576 -26398 17265 -50290 -39814 -46739 -28890 -62738 40882 -19639 47242 47648 -33379 31728 -50790
r423 25911 36947 -43081 7943 -51865 -36461 48673 -31427 45398 34620 -24011 -26349 11941 -59340 -33752 31199 38038 -887 -2895 24627
r424 -54791 16337 -7198 55736 -9891 -61517 23556 -53687 5331 -19069 22774 54747 -48301 39231 8650 39835 21281 -35388 -15357 5315
r425 29213 -44929 25405 -23308 -45053 -6678 -16864 -47392 39026 52791 -26884 52457 -62141 48308 9537 48443 -30050 49241 49752 -13770
r426 -43964 -57814 36155 42286 -35658 2493 47013 -31365 40028 37553 27386 47152 33765 43645 56759 50431 41548 56974 30503 -30839
r427 -60904 -2749 7643 11732 20943 17234 59355 -52332 -42244 -35098 -44846 56551 -24980 62241 6725 25535 -5743 -25151 55560 11515
r428 41 -32762 48671 48409 -3996 -51073 -5596 -31905 -54240 -59194 -33416 12789 35818 43356 -32603 -19540 17483 -42002 46756 3271
r429 -60304 8718 -48607 -19642 -17290 24457 9582 -51360 57829 -8357 54466 -56066 -27029 -28828 62527 -44381 -34175 29519 5730 41387
r430 -28275 -41802 41435 28229 -58227 10373 19067 33098 -31891 -24433 -30575 -17085 31198 -35864 -57383 -18381 -10489 -16107 -3378 -3673
r431 -53167 -3075 -47955 -24007 -54052 35205 10402 -55739 26005 -32516 -19427 -17644 17308 6428 -18690 39521 -12078 21386 -61646 930
r432 36952 -17877 -54884 19856 57868 61304 36372 53242 -61838 10158 25149 54335 11078 64894 -26913 -56833 -51525 55927 -51044 -52325
r433 13502 -45964 64703 45220 -9290 -45832 -32979 -18923 -35499 -14323 -9781 -49856 13673 -6189 -49875 56773 25581 26085 -5276 32905
r434 17776 39124 14784 13829 55251 46396 -58740 44196 -24115 56738 55846 -20261 60555 37558 -17531 50575 -36829 -6157 62101 1977
r435 30713 25909 -2371 49511 -41131 5584 15630 51225 -25950 -57786 -2522 37665 -23908 -9038 -7967 24722 -57282 4886 -20464 27263
r436 57857 6476 6974 -37432 19540 1598 -867 -10771 18814 36017 -13828 56288 -53111 13537 10517 22289 23044 -10439 -18287 -24513
r437 -63007 45625 -52643 40782 45014 9156 63788 17703 -47481 29655 -18029 54839 -28979 50626 7460 -25652 27363 -45719 -42531 -42964
r438 -56878 1177 -53115 -44414 -11415 6202 -9992 -41275 932 30919 2964 -13390 34214 -58975 8054 16691 56205 32153 46363 64680
r439 -40356 -13819 20165 -26272 23895 16687 -37827 -47096 -54889 -28891 14162 17854 21993 -53405 53372 62254 42247 26360 -61039 60340
r440 18256 -40436 48411 48326 49268 -60621 -37852 36471 -20716 -54118 -23397 -19238 44546 -56567 51320 -39373 -33748 -45060 41739 -18493
r441 -45343 -42765 4838 11258 17479 43286 30254 -33447 17570 29106 38070 1854 22807 -54200 -44606 4958 3118 45415 62039 44338
r442 -63697 -47172 37162 -22082 -59537 35651 36124 -24197 -10384 11007 -53548 10443 62703 934 2723 60213 20800 -45840 21181 10557
r443 -15119 -20295 38818 -58577 -6946 -33719 6858 16121 -24527 44603 -5567 45783 -58754 -26412 5404 -32931 -6879 38718 14498 64043
r444 -14652 8342 28563 -62769 30191 4473 50020 -27040 42003 -21652 -10605 22618 -17981 -53880 21898 38112 31997 -40672 -45789 42452
r445 20091 -11936 -40133 -16618 -23576 24263 40217 32564 -62573 -58954 -59928 16702 4273 22554 -52231 -23085 -14344 -31144 -53069 758
r446 -31535 -34618 -36840 36304 35677 -14063 -57840 -53605 3308 -52208 35499 -21235 -58446 -38482 45511 -28654 -25918 17444 -33771 -47676
r447 -1722 -52784 8840 45355 -56236 41944 -1274 -53769 -26009 12871 -51787 24859 54110 -28722 -34242 37696 -6877 10681 -23394 -46147
r448 8463 -46752 31614 -41970 52396 -63040 39370 -45422 17729 -36611 -57711 -39749 130 -59963 -27718 -64183 -36285 -57078 -17121 -48426
r449 22538 -34049 49737 -53468 39357 -16870 -27744 20680 17289 -41696 26299 -34698 -58388 51568 28682 -27767 -17203 -55998 -41638 -18716
r450 64571 -20493 23402 28328 31218 -29476 -14223 60721 4917 17179 22971 9587 15155 29689 -53968 60153 -34816 39275 -8383 7859
r451 34989 -24669 1729 17076 -26362 57528 -38207 3034 -24969 13316 3062 -2585 23020 23410 30529 -26636 24144 -19338 -7616 -61232
r452 17200 1838 -25845 -16806 -51404 31447 24407 -52067 48438 -7271 964 52692 11895 -57082 23395 50112 54324 -39406 10299 -32365
r453 11829 55995 650 -40688 -32826 -7272 -32052 20016 -55704 -47589 -18507 -43261 -54925 -51863 8780 -41347 -50628 8959 17184 -4956
r454 -15447 -16676 6146 21450 -21632 60705 -60638 -30328 38761 -32939 -11539 -23090 25548 -20280 -58324 -26206 -58258 55487 -21349 -9057
r455 54071 12730 61445 14050 31087 47034 8648 -52083 -62812 22723 -53995 -65192 24227 -1514 1494 24402 32622 -63297 21016 -389
r456 -14989 -51486 -27561 10983 -48316 -3275 -20802 50764 56626 20195 -45476 -5063 62518 58586 -57408 -35763 -3783 -40108 -64113 12746
r457 -5116 -3584 -15672 -65235 -43524 -50550 60760 -47570 4185 -23316 59817 -30193 40890 51237 51281 -19260 -28277 60591 5192 -61189
r458 45195 -44891 59511 -13522 -51471 41309 40339 -19144 -3765 -46299 -8606 3333 -28786 -27714 54697 -38823 17861 -49640 -52123 40621
r459 -64287 -44402 21006 37526 27755 -20741 37400 -53211 52943 -49989 35011 -49313 35924 29403 -27475 -38669 2132 -2197 247 2492
r460 -26197 -37667 -47940 64607 -65401 -51191 -37332 14764 37110 -41205 -12162 -36870 63650 -53780 47265 -18818 36923 -6063 21413 20646
r461 -48835 -4991 32771 6969 -29092 -59517 62528 65116 -49521 41693 -9899 50353 -45793 -51191 -1953 -40371 -5248 -38667 -41413 42976
r462 54592 -39213 57397 -64128 60654 27090 -54742 -27797 31853 -27820 -47133 10121 31979 -7566 64021 -42317 37937 -36333 11409 9267
r463 35811 -45939 40931 -46643 -31022 20270 36217 42551 19251 -24621 1844 -60398 -45965 16492 19029 -31583 61579 -27903 18240 63752
r464 -888 -57518 16611 57100 55268 -62255 46333 -62026 43992 40287 21356 -63063 29786 53467 23847 -46309 -29961 -26403 25089 -25311
r465 62750 -23755 -23959 60980 -15415 10512 -39629 -13981 -8250 19012 2228 -10377 -24189 20976 -410 10845 -25892 35517 -43170 30860
r466 -57286 31703 -55616 -57197 -22940 10433 21705 38735 -59088 -38880 34815 33959 23079 11921 -9590 19986 -23893 -5042 64011 -6789
r467 -38858 -33117 -34357 15131 29025 -23976 16224 -23329 -35290 56552 27382 -33738 -9048 -29882 -55215 26414 5875 -61004 4501 28198
r468 57702 -27250 57264 -38880 -32580 -5576 60200 -8574 20215 -55346 37990 -6785 -21216 4593 38117 10156 -18806 -38050 -53721 -146
r469 62384 -17449 -12771 17867 5713 47167 -36326 -54642 46121 -1100 29964 6656 57914 -15358 3120 -60450 -55551 38855 12236 -3511
r470 -5495 63011 -1704 50969 -61681 -15932 -8322 37573 4718 426 18150 45018 63814 35529 38460 -3216 33301 4256 34922 17203
r471 -33250 23191 -9709 26181 28754 40646 -50357 -3065 21013 -45644 58187 56851 54425 -3246 -51099 -30035 -25971 -26169 56519 -42008
r472 -36339 -1610 -41109 7547 61399 -40838 -8643 -6982 5200 -58277 -62820 -16411 19182 -38132 41819 -17827 5339 -27072 -57958 52281
r473 -14837 53015 56023 -19001 48486 50080 -46538 -14921 -52675 -36591 33424 36694 -3763 45606 -13026 55690 11489 -19189 46258 14244
r474 9764 -35719 60046 -3082 14577 36817 -15933 30211 13312 -55215 25978 62339 -48316 16188 29374 33462 54837 34189 18002 -30601
r475 59910 8221 50596 -64865 3225 36620 3704 -25500 -27768 -49625 27025 -54658 59427 -1092 -39231 -58648 -58766 55580 49943 -58448
r476 -60652 41340 -58687 8658 -3525 -26001 -14967 -62874 -28890 63962 -36278 33524 52593 -29176 34925 15603 -58913 -34878 57284 -13450
r477 -25611 -59640 35204 22664 -33855 29797 27890 -50162 62809 44129 31002 -801 39963 -55514 12375 4083 9172 -51869 -62211 -35154
r478 -4767 52409 -20935 -38535 -18752 4607 56186 51727 58466 -35132 11147 -53551 -35185 -12397 64777 18140 56994 -29998 -9788 -23068
r479 -21540 -41993 -14536 -41917 34437 65276 -38912 -37196 19519 -50441 6586 -48454 20428 8892 61665 -54796 62620 -62620 -39501 -38703
r480 -55576 -49151 48731 -51166 -15708 -56357 -53623 48933 65488 35880 4563 56474 61258 -40603 27855 -57522 42647 37244 54233 22193
r481 -513 -4609 -49569 55957 -44840 -39852 28583 63446 36508 63003 32812 -16467 38467 53159 -13321 5708 33241 -58429 18939 59759
r482 -62900 57497 36668 33037 -113 -38881 -47064 12208 -13787 -7197 46375 -9993 19364 17038 -23736 -5273 -27149 -39727 358 -15290
r483 -17975 -22099 30899 -15628 -40868 25060 36424 46338 56486 33453 -1877 -56577 -37361 -41979 60714 19139 -39433 -17768 59075 -24455
r484 46943 -26746 -30008 -14488 -2633 53177 54997 47982 -13394 54634 42964 -1506 -53860 31252 50565 -65053 56293 -17718 18406 13675
r485 4233 32127 -53536 -61063 -38322 13221 -12417 9534 -24658 -16849 -64056 30015 63277 51183 -2661 -53553 7082 2309 41046 39638
r486 -22375 -8910 11438 -44571 43212 -52874 -62350 -14224 14550 17290 -59776 8753 -28570 -6105 -10086 21978 -13239 49152 -54864 -23212
r487 62454 -39176 -53182 43013 58663 -28693 31794 1414 40535 53130 -57681 -3475 53672 42026 -10347 -42201 -41570 -37365 -31203 -61609
r488 36874 64719 -55251 -20566 -32055 -17441 -496 -63228 -7024 55226 -43081 9635 31109 21020 42157 -45210 16863 -63164 2276 19739
r489 -6949 56302 64061 -50666 4769 -18976 17044 -8673 58618 42584 -61858 -53264 5423 62739 -54192 50366 49302 -17680 -48888 -3327
r490 -28597 -35697 27513 -21049 -34395 14513 9558 33745 48254 -35632 -58286 26071 29425 576 5199 47262 -51629 -49136 -10605 60582
r491 -43633 -25336 35097 33708 -56953 -23825 -150 -48436 -33569 -24393 -39369 27510 -8249 -12770 41709 -64427 -36263 -41163 61367 -28787
r492 -11337 -43439 42337 8075 37529 58114 -5343 -55379 38293 -50390 -21238 18163 59249 -6413 -33233 -19850 -29836 23274 -46042 53332
r493 10243 -32343 48540 -35292 45166 39055 5640 29080 8998 -8399 -13604 48464 58350 -45390 4965 2750 48211 13568 -10567 -32936
r494 25981 -52731 56102 18825 37042 60153 24081 -56077 18648 29745 53353 -15405 -40094 63696 -36329 58714 -37905 -55004 -41935 -40483
r495 16 63618 -20492 14639 -23794 -51606 50915 -18473 29893 -47891 -47038 62495 -38186 -4120 22292 31435 -50960 59115 15231 38685
r496 -45461 50699 27495 41232 -40218 7039 544 -36114 23658 51255 -9051 -58979 56229 -58763 -29586 60325 53166 -56311 -35120 -64567
r497 59930 64040 -11632 36895 21739 -8232 14106 39686 36838 45674 20631 50451 -34139 20103 25246 -55221 40445 -41106 -49432 21528
r498 64875 -54220 -35178 -38451 -21156 62759 -9181 63093 -12715 -36462 -34482 22210 -26861 -54417 18393 3257 22958 62430 16664 -61668
r499 27526 8164 -51737 18504 -16497 -43687 63361 -32842 -14927 58769 -49723 9336 43592 27972 16146 -30445 28990 31080 -30532 -12085
