mTable0 21
KEY  c0 c1 c2 c3 c4 c5 c6 c7 c8 c9 c10 c11 c12 c13 c14 c15 c16 c17 c18 c19
r0 18481 51285 -34550 39470 -61561 -50405 62037 -13702 63457 51869 57776 32001 -45297 36724 16148 3253 52214 -34594 -14734 55548
r1 -44157 31304 -18059 -42744 -64508 21589 -9897 57893 -21323 58194 -31318 -35867 -37386 64918 34399 -41423 -35338 -21655 56597 507
r2 -6125 -23922 39196 -33647 -60837 35954 -15924 14105 -35386 -46309 58304 9093 -1184 40509 -24712 -30630 -19603 64757 24271 45393
r3 12619 -46941 -49874 56346 -53762 -17260 39847 -2449 -38265 -35405 12916 28518 -62649 -19140 -26481 -65409 -33789 -43082 -12297 -26277
r4 53523 7957 15816 57933 64555 19411 40862 21276 -26058 -51835 -65250 -8481 -2954 -42823 2469 24130 -14159 -61185 3632 -53256
r5 -14437 24307 -41310 61924 34799 13675 -52847 8835 28742 34453 11245 -21068 -63672 -46393 53056 -52741 22891 -44094 -17627 54088
r6 13266 -23 -43033 25558 2330 -29642 50391 23582 23074 18599 1528 -63700 -13725 14665 35825 -49082 35160 61402 13508 30459
r7 55431 12374 7170 37342 -898 12198 -4878 50066 -27534 35640 -64468 -26228 13928 96 -27360 4191 19768 40621 -41096 34961
r8 -42885 -10639 -40568 -64452 48124 35006 24097 -36696 -7879 21531 -36788 -35791 -12651 38452 36130 48155 30005 -47474 54641 15117
r9 -16496 -39451 -18026 62425 5859 -62211 10472 -34615 -33461 -62948 31315 64606 -43139 12428 -47874 31890 -22074 -53697 51836 -41593
r10 -25908 27413 373 -43740 -5777 -12768 -28391 -31340 61283 -61700 -56463 26690 -36957 -43433 1645 -227 -46877 -49410 32235 -53956
r11 -34084 -47967 -7552 -34507 -35331 -32796 -48809 -1736 21084 -4542 18395 538 -14119 -32055 -48945 -3317 -26938 -3563 30945 41760
r12 -57325 -54802 -3498 5065 -1194 -30323 18487 41754 -56680 -37519 -16094 63121 21675 15639 28185 -31660 17611 -38661 60496 52774
r13 41642 -58446 32099 -10706 -31288 -34002 -29077 -35039 -2275 55870 -20832 -58451 9810 -34064 1739 -4675 12575 -30071 -10831 -39545
r14 11703 13994 41055 -4364 -25281 18012 -52176 49465 -34044 56389 -36310 2053 -9389 -22272 2290 -52574 -28998 -52577 -8039 -16184
r15 14333 13618 61768 -59110 61236 -11156 -2489 65332 57943 39738 16422 39932 -34762 -45521 -43944 -64815 -53707 59663 -8495 -41192
r16 6752 61421 -61772 -47063 17225 -12034 6529 28364 -61032 22904 -1638 31365 -863 -17843 -32375 62037 52579 62460 5427 35317
r17 -38593 37872 54621 -13167 40529 50457 -37948 -24085 -20408 49253 -29597 20145 30678 21513 -42801 27739 55013 -6521 -32774 -52056
r18 57526 -45695 779 38437 49092 -25479 -41304 -20547 -11897 -44156 42355 11359 35378 -37607 -7555 62300 -63630 -30089 -31947 23617
r19 30634 -25914 -35185 -28435 60325 -28338 55105 -49728 -44023 -49145 -61691 2645 -36935 -12663 -4830 50497 -3537 42529 -17903 59637
r20 -41768 64904 64515 57800 59677 44775 -54509 -49564 -60920 33952 16008 -48138 33321 -50535 60897 54108 41434 42885 -56044 65071
r21 -29837 -53014 -33084 7192 28230 58941 59772 -21153 -13410 12299 35775 -45058 2582 -40881 -7012 9145 13058 38476 30204 -39180
r22 61862 42893 20668 35023 47672 51424 -45521 19452 -24224 -48782 -55965 -36089 -52130 13376 36521 -46668 -1085 -27156 24708 -49260
r23 -48123 8934 -23467 587 6836 -20069 -9396 -10908 -65089 -27884 -34449 22888 63322 -5644 -47841 -41465 -62588 58567 39535 33639
r24 20469 33582 -16531 -7690 -22199 -18994 -4296 -37026 23601 -19066 -26102 -12825 -4595 44704 22030 -48203 -43521 -49177 57758 21171
r25 7729 -60565 -17785 -27190 -59669 -17193 -18545 52319 14523 -34057 -64870 -29951 5728 43346 -40240 60446 13486 -15864 61520 -65401
r26 -58823 25146 -8398 37676 56085 -38008 38429 -21314 37472 -50185 20571 -35905 40244 571 -62419 -51718 44607 29911 -6470 52066
r27 -51047 -24326 5301 1255 -6073 44670 16921 -4082 48240 45124 -31629 14649 -18350 44406 14252 -27494 20737 -28743 58515 -43767
r28 -30799 42064 53139 36399 -22761 -53520 26104 -7833 -32049 -48756 59567 55452 50161 55288 4835 31687 46 -16025 20218 -42052
r29 9003 54123 -48785 42785 17263 -30018 29281 -64028 -36562 14128 -13816 61435 44254 4463 18244 52295 -29574 -8206 -64464 27552
r30 -6090 3906 -64829 -18069 14457 -19158 -15761 -14059 2247 -42190 -37598 13897 -63780 592 35745 -17671 27650 3949 -22858 42508
r31 -17490 -10471 -15212 -38327 -40169 60159 -13131 -59735 50845 -8374 -36385 -49577 38473 45690 22499 49867 56516 34364 -607 -28386
r32 -29837 -54061 4656 -63116 -33571 65511 -52683 23972 6789 38153 24726 59672 31621 60951 46156 58131 6242 60499 25905 51207
r33 -4239 -8264 3755 61747 -54614 44102 41883 -17616 -57425 -52250 -26677 28668 18359 -64109 33323 7226 -47106 35312 12494 56659
r34 -31689 12292 31333 -18026 6591 38099 24368 21734 3552 -31809 13641 -40777 -51718 -62773 -42769 -52171 -46368 -43826 48815 -26627
r35 33666 34162 -30301 -10060 39792 -51977 58938 39832 39414 -42788 -32565 -54560 15496 -55250 62698 40058 42595 -31121 50562 24906
r36 43614 4315 11626 -21436 -42472 8330 -60366 -36774 -62514 -11282 10518 24439 -35833 -62932 -56072 64676 -35190 -21080 59668 -1919
r37 -53873 -36160 2822 -22768 -39958 8847 -12675 13180 -19538 -41259 21048 -57874 51211 19400 -47422 -57379 -35579 20349 -23606 -26521
r38 -18569 46126 6859 -40735 -22543 -6482 -45362 45120 30119 11092 5437 12803 40625 10605 61613 -17452 -5699 -2698 -63802 -40125
r39 32044 15823 -22233 -34522 -58082 37601 58172 -33935 -2200 -41219 43846 -42818 39103 54111 63933 -14257 -58574 50305 -9240 -52019
r40 22842 64398 -15411 -825 -43216 41760 17058 22556 20137 60578 18148 -56552 23268 53606 54711 2418 -53933 -59219 16855 -7161
r41 50389 -40454 -14418 61490 43788 39424 51316 1409 13370 -29744 53411 -43907 5080 -60752 13643 9283 59745 -13671 -23389 -3636
r42 41190 6510 42423 45312 27575 -49451 -34615 -30451 -21778 -62113 59150 -11028 -6867 54499 -16017 -29282 30693 6338 29911 -36337
r43 31826 59785 -13879 -13516 4562 -32351 -52634 29043 3308 -32146 58751 51234 15803 17806 3515 9472 32675 -62710 1793 10708
r44 -31040 34705 -65326 -32850 -38828 28903 7600 24561 -29186 53283 22904 56809 -43910 39170 64284 -25991 61682 -57758 33018 28523
r45 65310 2438 -5185 37505 -20788 60984 31920 44757 -45223 28217 -64475 4220 26268 -50207 -40853 34608 2194 -35997 -37816 -48600
r46 35002 46311 63286 -28185 19393 -31824 8501 33011 13625 -8928 59470 -47512 -12293 -1929 -65417 2985 33244 -26403 -19086 -40697
r47 -17437 -51527 -45710 -5823 -11462 49197 24994 -43391 807 -48005 -31269 23883 -59668 -45673 12573 33764 -19024 -47553 -26068 57779
r48 -27345 -64389 -64903 -6510 -62535 30966 -9551 25586 22060 -9728 38697 23121 39335 -16479 -58977 -16986 33540 1764 17759 34574
r49 3841 63207 42734 36981 -34180 -24471 -53073 -16457 -49644 9780 -12434 5517 46154 35728 40010 -35271 -21913 -15840 27984 -25594
r50 28375 -30047 -54725 -63572 33361 25697 30526 6299 58383 53534 40858 -43180 -49585 5928 -44020 -5691 33380 9263 -55176 -15264
r51 45514 14475 45716 -2875 -25459 -49717 -52171 -54527 27421 15390 28510 -7899 -38542 32471 53816 -53086 27307 -10463 55674 31637
r52 63615 -45246 -38545 32804 -54862 -5219 -28501 46424 61352 53876 64331 -17926 34366 -20277 -5707 42550 22023 21297 33031 18958
r53 -45607 -49961 14419 51074 -17701 -36429 21298 -14430 -6198 14670 25585 -33889 -1409 34380 42472 -28770 -12527 35550 6873 -58750
r54 -48494 -33757 62135 -6286 49065 23493 -10201 54053 46000 -41234 -55479 34790 -6606 22136 57689 -46539 -52886 46112 -9665 54163
r55 41736 -57237 1460 62435 57505 64425 -26223 -45558 -48246 43838 36848 -34138 -47681 7981 -5628 56696 -12831 -10928 21287 42773
r56 -15605 -5048 63334 32401 -15666 -32139 6774 -32842 -40514 -61026 -58815 -19140 -27555 -20797 27192 -47963 -27483 27676 22874 17830
r57 -24409 60547 -41301 -230 -325 46655 -26281 -58228 -48829 50787 -18102 -53490 -29556 41246 55430 -4939 12023 -38478 34340 -25081
r58 -36255 44893 -23485 34849 -49818 -14581 -43157 -33088 -33880 37936 18977 47349 11880 -49624 -17175 47487 -34411 -28632 16875 60650
r59 -24491 -31440 29189 40488 -2266 39799 43516 -2005 -12564 -7607 29880 41017 64902 57314 51942 -19749 7406 4545 56193 -49031
r60 14821 26036 8297 -60351 15203 -30261 10723 30901 -9715 -30199 40990 -38624 21204 48762 -58728 13760 24337 28500 -42129 60608
r61 41048 -5026 49394 28912 18513 39099 -3154 -14940 38475 -59047 38930 -1833 60223 25978 -1245 -18691 32067 -58814 -5480 42318
r62 48177 28499 30316 11771 12127 54544 -22467 -56624 -48078 6050 32380 9104 32415 -45298 6749 10433 -58098 -51218 -8486 60556
r63 -47053 -21462 -24051 26372 32985 -20633 -64263 -26169 -37413 1419 -59030 -30286 62303 22532 -7149 24910 5261 -40460 -50750 6726
r64 42427 21018 49846 42949 7050 -36915 -24784 18382 -41013 41523 -61105 -2432 49949 57913 38900 34793 -5857 78 -5157 -65244
r65 -10722 40887 -33654 -46538 -3515 595 -62231 54147 -35254 -115 -42063 -63629 55433 -64766 34504 46601 56177 -20796 20947 2233
r66 -51971 -48051 -31037 -13236 8770 4383 51875 22329 45209 10193 -60070 -613 -6563 17579 -23562 -62387 -64430 -2531 -55947 20564
r67 2653 -2597 54435 -5426 -59537 -47584 17908 -17996 47358 -33848 -20658 -64802 15443 25012 -15021 -14847 -44732 53650 -57069 39530
r68 -25915 6193 -36211 27721 -359 -41016 -29472 -27944 -56933 30265 -60038 58965 10110 -1945 17503 56736 7147 40741 -57910 21525
r69 -36863 52231 18784 -29050 -9160 -57322 -48356 -42053 51832 -43363 -17142 -27194 57787 50233 -19981 12661 56413 -15844 -49951 -50045
r70 38411 65498 -4404 -19106 24674 -46161 -52599 -51387 26826 2362 -65517 -26367 4869 23416 -8763 -49630 53290 28219 14901 51607
r71 -28916 -24327 -50415 57046 -13321 30222 13734 -20265 -13975 16821 -41035 -36992 -8056 48350 32330 -22329 53005 -42936 48090 29446
r72 -38797 42154 -64540 38150 -35476 52511 11709 29842 43582 -64461 -32694 -56129 57430 5142 -26273 36076 40089 5731 10496 -7295
r73 42381 -49240 -61902 24344 651 -47880 -2965 -50727 40893 16486 -23537 -24595 -27615 -38863 -36815 -13348 29091 -64579 -51008 -40144
r74 4030 58288 39741 412 7114 -6293 39438 31518 -38491 -3459 -17804 25098 18594 -5533 -7034 -17325 -27866 57749 25165 -62372
r75 -54657 39558 -1486 -7056 736 -47369 62853 -14295 -43213 -20057 -6553 57097 -31523 33782 -41206 -2197 -15488 35854 -58938 4871
r76 -61069 23137 -3348 -29576 36421 54885 58645 961 33086 -34796 41945 -53504 -44651 -36423 56590 12573 35298 52971 -12436 55365
r77 -45090 -11349 -585 33159 -43187 -14696 51116 44554 -39619 19839 58413 -14834 22736 8408 -35902 37533 54079 36620 62117 9525
r78 38522 -1238 3906 35787 30583 -48777 36273 30798 22010 -54147 -6561 -26581 48546 62174 50949 7647 -3429 -18073 -37314 30024
r79 61881 -1516 63222 54132 -50365 -46389 2627 -48765 34181 5601 49073 10787 34829 -27316 -54350 48081 -262 -60504 15199 -30987
r80 5749 -26332 25715 -20706 42260 38784 28585 -52523 -29639 882 46350 40532 -286 -53852 64529 15237 -36919 -20022 -64741 11106
r81 64833 -13766 47219 39791 -52266 -56848 -39335 32904 -63375 -18513 -36246 -32439 -64875 35765 50862 -29752 62367 -26574 -57518 -13712
r82 37993 -1342 -4592 -27803 -7026 -58588 -54898 -11570 50067 -51792 61362 10850 -30109 -48093 -14716 -51104 -45260 58774 31983 -60427
r83 53865 39315 -45919 -30694 -57428 -10159 -27899 22637 2001 16297 49235 40450 -61029 8830 50296 22969 62283 43123 29439 -17777
r84 -36849 25786 34149 -57309 -3806 -29922 -6394 32003 39181 53074 56731 -63737 -6427 62998 -29629 -64512 18066 -51463 -912 15749
r85 -5214 -34300 -59228 56957 -56002 -58121 -1358 32898 6546 48696 -544 -3737 25869 -59875 -3302 5016 60913 -47195 25017 779
r86 -52314 -64124 15419 -23709 -7220 -59820 -41027 -45076 -56103 8946 22338 -32888 34584 -40373 25888 41273 -24328 51504 24226 -4154
r87 -34414 24198 -41029 38465 46184 29397 45759 503 -60562 -59370 17367 -12790 42692 -27599 28514 439 7234 -12958 -33137 -64228
r88 51154 42499 -34352 37539 34231 42595 20078 35491 54530 22427 -9633 -23254 -9339 -43186 -46056 -47915 -4178 -17906 -13237 -61044
r89 -40284 -16122 23132 6420 34060 -25169 -6691 39109 -3577 47651 -42977 62475 -64506 -12233 48944 14862 -60802 52437 -31464 -35676
r90 64339 15091 36946 4748 32195 42877 -56090 -25855 5012 62183 34793 62227 53838 -50288 -52411 -43766 2460 -38553 -59273 -5946
r91 -15851 -41862 -11419 -50619 -1390 -51771 10110 15774 33832 -15447 -58878 -62373 -50056 -39118 8267 -13751 -3235 18297 -20924 -43540
r92 -41714 -21129 51185 -64255 -51961 18008 31666 60544 48498 4205 -11944 -14195 9471 64055 -24135 4262 -45655 10155 35699 -40732
r93 64272 -53571 -41406 -3502 -12863 -21698 -10356 -62999 -6775 33134 -15823 6268 23513 -54378 62557 58140 -55741 59690 32087 -20013
r94 -45698 12913 -24361 -50682 -19901 -20871 -19607 6857 37210 42647 31043 59675 15643 35721 5066 20491 40615 -9921 53249 12152
r95 -4188 25684 -2285 -26322 23580 -62524 44083 52117 -1709 -62636 65284 50759 34361 33684 44623 58837 26860 -29877 -40576 27452
r96 -11615 58866 35623 -1338 -55025 57030 -58561 -29888 -60157 -4908 -5103 -25082 9650 -17620 -12256 -49312 -46447 -28158 -8139 -55645
r97 -16392 -20013 -43222 59553 42181 -34457 1508 54225 -33113 13413 24356 -6589 -14287 -33943 47304 -52495 63743 -19765 34000 -8236
r98 -4037 -9210 -32611 52507 -60039 -9362 -57795 55769 38495 48552 34010 -59671 60267 -27780 41951 39520 -22708 -39869 9520 -52380
r99 -56811 -54301 28861 -19762 30281 31678 -40711 -22547 19823 20027 31778 45396 -39412 28348 -17948 35505 -24020 65446 9052 31563
r100 -43730 -60698 -36973 2014 -57051 27532 -43108 -37864 -27247 63742 4667 10535 -7446 -6088 13143 -2129 31929 -65460 -6574 16338
r101 63340 30857 -54045 -29347 43668 -2620 -34619 -64223 6513 -35870 10219 -65452 -2119 26016 -23500 -30972 15141 -40717 -41845 -42992
r102 -59313 17578 46584 14172 -24817 -2926 -59898 -14844 -36816 22195 -59695 -41997 -11846 20440 -29787 11328 790 -58699 7175 -31947
r103 12839 -7307 7566 2729 -4727 35147 -37652 7655 41365 -28368 -9739 -53046 58109 41707 29840 -27124 5650 21003 4441 -40670
r104 59099 60054 -2586 65033 57152 -54464 62444 -43435 23004 36911 -19147 -6313 -51474 19557 55099 -15302 30915 438 801 -57390
r105 44089 -15390 54095 7909 259 17538 6887 -30194 -5828 51522 34550 49125 -46838 -52853 57420 32136 33793 65163 -16904 3969
r106 19571 -22188 -24520 -30204 -58013 15366 -5401 38811 13955 49699 37866 45760 -30444 57279 39250 -2590 -16408 -35292 -55747 -31148
r107 -47500 -25062 -21357 45868 -40146 -7061 -62204 45643 -39369 64464 -14508 -39689 -35705 -60656 -39800 -21670 -56114 -9307 -51278 -37817
r108 37983 33565 34747 -25142 -39722 -21919 10652 46544 33184 -22728 59149 -41390 -59258 -56931 40869 12678 47874 -22388 63262 -41551
r109 -38818 -10592 53480 -34979 48644 -20317 56172 1863 13444 48877 8968 18644 -11232 -60479 -45045 -16606 -21925 -30590 45368 20987
r110 -34956 -12935 43616 12658 54652 -24222 21167 -21614 -6211 -32296 18559 -44673 -24316 -14929 11765 -10870 4174 -5447 -22147 33266
r111 20701 18295 29383 -21842 42520 15239 -33325 -1428 -1937 47522 27167 -40788 -61756 -26026 -12738 -11587 -16460 3066 -25410 -33167
r112 2975 36293 14927 -5471 -38444 19430 24626 22573 52546 -47006 62138 23443 41889 -64099 46128 9021 15065 54135 17651 -10482
r113 -32761 9504 59638 -5819 62363 61381 -24277 15705 12611 32448 -29944 25015 52679 -6625 -12739 -52311 28519 -38120 -18625 -11101
r114 -1543 37267 60177 -1177 2497 -19379 19502 -23929 -49899 -27095 27826 -3588 -48678 3924 34827 3737 -40941 -52805 -372 55612
r115 -26614 -26931 44920 5445 -32541 -2939 -41418 -19799 -41906 17463 49089 -21741 1246 62311 -51030 11367 42768 -23485 -50993 -59763
r116 62281 -61288 -22222 28095 -58853 -57213 24305 -14861 18912 -11512 -61749 51226 42464 19730 -2217 -49845 -43730 4737 5474 37818
r117 -28528 42845 16344 -60317 7467 26089 33125 -6051 6922 -53985 35753 4487 -45963 -30885 -38903 26774 9855 -11753 -11028 11281
r118 -59999 -30237 52237 -24750 25754 15605 5438 -4574 28589 52838 276 -33800 -40135 8858 -61509 -3509 -54045 -32532 12529 52397
r119 8612 -52623 58289 43685 -10365 33437 52526 -19634 -27217 -44802 40133 -44275 4944 -31819 33459 -55866 9628 60843 -23351 6912
r120 43740 63280 41731 -14221 -58462 -9930 39657 -25883 31513 -50196 -32627 -32358 55768 -58765 16551 -40458 -34850 -52054 -52245 10390
r121 -10270 -3455 -46372 -17622 54274 -23001 -38559 -61872 -26100 -6101 19644 3293 36074 35747 57840 -60758 33263 47426 52748 -48195
r122 -29739 25716 -4821 -29263 -3620 -31228 -1481 40038 844 58537 44715 18897 -35077 -41602 50405 -55787 -13600 36936 38569 -12240
r123 54030 7736 -7474 29569 31062 -11145 17322 3802 36433 4013 -47304 -39395 58729 44503 -33355 -35629 -48332 -22553 14937 -4522
r124 -61493 50290 -8314 51095 6714 -18011 -64418 -4746 65520 -4347 -63860 -46462 -22238 52411 64183 -35960 -33262 -4378 15600 -36487
r125 39312 -19978 61276 -46907 40951 48077 -3810 37996 -41327 -61536 -60365 -20788 4081 24450 -38025 42175 14799 -41275 -51837 36022
r126 -31276 -25405 -7546 -31519 -19528 50683 -33698 -56564 11283 13456 15962 55932 62991 -38752 -30476 -23278 -21218 -3090 -21779 65145
r127 47230 41403 34574 -30439 -23238 43359 16684 -25592 -61527 -40173 34780 -56788 32894 20794 -16704 1221 35164 -63845 45271 -38782
r128 34183 27474 36428 26967 63018 42243 42521 -6690 44630 29089 4342 -14848 58872 58677 57389 -25995 28538 -65241 29066 -15731
r129 -13377 -9262 -33327 -50962 51742 -48917 -6185 25911 47742 45129 -3997 4880 2637 54590 40079 19986 -3534 -2137 31448 55552
r130 -54685 -13740 16897 13810 63666 -19260 50548 12300 42424 59825 64338 47686 -24654 45882 59251 33789 -50849 -62691 -63907 -4856
r131 23628 62764 9632 -43892 18582 -28423 35275 -12864 -35942 -54738 -19668 -20781 -40948 -6609 -45074 -44815 -63150 -38146 41542 12305
r132 49236 11161 1481 -36026 59869 -60381 -26220 -14436 58311 55469 -18538 -41083 23782 -20446 -10990 -10940 31477 -13360 -52816 -31726
r133 -1471 -11718 58193 -31692 59314 -14353 -64806 12417 -26408 62759 4148 43665 26804 7113 -43404 -59536 -40750 4147 -21450 12686
r134 47735 65123 1659 -64720 -27550 -30455 30403 32518 55684 -35910 -18352 49937 -43230 23554 31219 -35779 -55821 -22016 6169 4068
r135 9073 -49295 54001 20139 37305 61018 -15703 50014 45996 33923 -40794 -47636 44560 -41445 -41667 -42748 34684 34579 -25637 -4076
r136 29555 -27855 -10710 -14507 -34442 13367 4266 46353 -7627 -15983 32196 6410 -47078 -17058 62239 -53494 -59597 -28128 57655 65407
r137 49018 54773 6929 60137 -2133 -40989 47399 63477 -5727 -32001 14499 24075 -13682 25203 -57367 4029 31158 48051 7937 -10744
r138 58877 -23105 18445 47900 58681 -40113 65470 -4086 55566 42556 -56824 1082 53439 -51254 -54748 6264 22149 -37068 -59416 -34540
r139 -59175 -57450 -29183 -24439 -43815 4681 32342 60838 41544 -54468 57299 8963 -55448 -8593 42638 24213 9494 12500 12223 -1390
r140 -4389 -60104 13553 -2069 -8185 -62941 -32193 -62720 29928 23921 -50240 -4642 54517 -49047 7430 56388 42425 -42806 63524 43057
r141 2725 6297 -59347 -27839 3435 8144 -22647 -3813 -64565 33755 2943 -65063 62971 -43664 49447 3527 -22595 53089 22867 4919
r142 64198 -46738 -14672 -37410 -28649 44088 9588 -42724 4057 33611 -30891 -25460 44781 -3648 6242 59021 61931 60003 -53721 5623
r143 -46285 -10560 41937 58500 -15470 12050 58576 -5646 -40515 -37005 44224 -45173 5273 -5948 37816 24219 -4823 14515 -1635 -16151
r144 -41998 -15919 42436 37385 56158 -61533 -33342 -62636 52424 45924 40986 -21464 23083 33104 20344 -37407 11080 -26464 -8299 5709
r145 41834 3665 -1960 -20183 -40637 38139 32474 49418 34900 -22500 -51092 -35474 55849 -46744 29768 -16114 31622 -56458 13650 -38499
r146 -29880 -19898 -56796 -37067 -42716 -6498 -55013 1466 57326 -23118 -14654 -59060 -30118 -48598 6080 38257 43212 -8845 -1917 -51621
r147 -32783 28826 25976 28553 -47372 18052 48290 38395 -54948 -59867 42926 3123 -44257 -62838 -3568 -11607 -37130 -13710 -2085 28275
r148 -31084 65535 19405 -42400 10928 43549 1962 1764 -16945 3430 -22641 44713 -60802 32182 55014 -63688 -62172 900 -50002 -33948
r149 -3934 -32693 37552 45091 -52123 -56328 64508 -34666 -35205 -17543 -28500 -39888 9649 20048 64061 -64462 -5320 31691 5003 10569
r150 -58963 31681 -50424 -55505 -56837 46919 19653 -36819 34489 -10522 26271 -43357 29627 4155 45697 43886 44412 -17792 53785 -5133
r151 26368 51641 -47512 -18458 40222 -7052 50644 28320 21236 -60123 40002 -23826 -11009 18586 13492 -8949 -260 -35444 -29757 12963
r152 41619 26094 57873 -6055 29879 -56941 -37342 40368 -64533 22627 -17837 -33297 11187 33935 -25340 -3898 -36626 -37632 43065 -40832
r153 25193 31091 -10423 -46014 -38916 -14954 -35256 -41062 -61319 -57161 40933 6464 18970 6383 22679 64200 -62056 24131 -5361 58594
r154 -1287 22191 16985 -39272 -46249 -33063 -44154 -17144 27533 -49244 -13878 56609 -47308 -10836 -26640 29884 -34226 -10717 39457 -19184
r155 58477 -36762 36071 52376 34995 -28247 -52022 -58764 -32906 -32046 53262 28186 55629 -14960 43218 -57730 21965 37774 -461 -54859
r156 -7057 5 34470 53106 8821 15406 22638 -3054 39420 2645 3229 -17116 64070 -52671 64229 41952 26458 -5358 12244 -19660
r157 -60909 11287 -33467 -59453 -35276 -2837 15368 2375 58166 -48485 7475 -52002 61223 -57263 2394 -52893 -48475 -62068 4414 -5288
r158 -57770 -24630 16563 -64098 -20971 -25875 -41397 10908 28358 -32242 -10367 -64662 39566 27067 -59535 -38744 -65435 -37941 39152 62627
r159 -35939 -28072 -48802 -15971 -65003 40146 -30133 -45969 17240 39260 39611 57868 1508 54599 -7703 33603 -33560 65392 -4612 13768
r160 -21108 -16712 -88 22289 -53618 -2304 44078 -60487 48575 -53500 14911 21384 7126 -39969 41908 41444 -28113 35944 -59139 -65383
r161 -51916 -23360 53581 27841 -46006 6918 -19794 -16758 -21092 41492 -16369 -40354 49382 -17971 -57548 46457 29008 -58058 12473 58201
r162 57899 6422 36236 13153 -53707 42814 12923 19794 -33250 -21385 -20180 9944 55211 7347 14464 33790 -44303 -33861 -38156 50568
r163 41212 -709 -16330 -50826 -45398 45678 30233 -36298 59496 64973 -9583 36904 -37982 -1462 -48391 -48750 12770 -35886 35991 44877
r164 8607 -1722 -31222 -64158 11650 -25147 57475 46349 -15755 -8396 -18085 95 37856 -47553 -54969 42949 20196 54657 -60629 -48245
r165 46551 5138 36310 32796 43404 57779 48711 52923 -3537 -28115 16881 -33442 -62394 1300 -21442 -40124 -37402 -22950 -26083 55585
r166 -58406 -6111 59873 -58584 15006 14147 -46073 6793 -39195 17998 -34499 725 39352 33497 -47559 -15792 7969 -34077 -64273 -49287
r167 14397 17150 55881 -31973 -39655 13141 26439 -20017 -9055 -15820 46590 -5674 36600 12289 -46946 21509 -29697 -13357 -7819 -33821
r168 41417 2159 -37935 -44583 -48767 23861 1720 -8312 54048 45877 -18095 6298 -26323 -18438 -37678 13923 -39630 -20473 -5169 -40540
r169 -17737 -41091 -3547 57554 -17554 51374 -3838 -30988 5995 21665 -57235 -10873 48649 -36774 -65231 -23016 30321 27882 -17118 -19547
r170 -1129 58206 -7551 -49973 762 -39355 3518 37347 50028 7329 31020 -44964 38873 28468 -16857 -64494 -30032 1932 -1585 -3026
r171 25783 63173 -47373 34273 41980 44000 -25909 -11450 40207 37157 -18741 -7409 -40091 -54719 32256 49418 -25178 -18288 55436 55060
r172 9523 -63374 -19990 16969 41813 16711 -23986 -2795 -49686 -47435 -30957 -23127 -23393 61023 124 -35128 -48038 -2457 56470 33097
r173 -32627 -35624 -25832 52351 57360 58699 36947 -4065 -48955 -60977 -4096 -59344 2824 34435 -62972 44710 10180 -49045 -37128 2151
r174 29512 -6800 -50830 -4 -33649 54066 11414 3225 -62646 38970 56925 -27866 -3321 -37273 -13011 15488 63633 -26733 30246 17109
r175 38541 -18326 -26280 -45330 13373 60452 14545 2841 4964 -36182 -6419 -50710 -37702 -35956 52914 23942 6163 65426 64609 -42145
r176 8578 22046 -38609 24595 -57880 17010 5465 -22819 -60502 -61328 -32746 -55700 -33763 -7817 35010 -35025 45918 -24462 -48448 -62099
r177 -30912 -28197 3830 50511 -12355 -30043 35261 -24046 -43407 -26901 42340 51491 -24874 -12427 45802 59002 48966 -48764 -35813 52844
r178 -48538 -33993 -15463 36176 41579 -29031 32785 2968 23477 -40275 12156 -33446 20674 42399 57497 -63583 55365 -59160 26172 -29576
r179 -3578 -23567 -54731 -60312 3267 -18714 13586 6363 -10059 53885 4860 62875 -35856 -11621 60480 -42253 28193 -1061 41705 19463
r180 -1491 54421 -10667 -62046 -56917 23621 36544 16058 25257 -62520 21161 18633 34331 31133 -50112 35785 22303 -34787 -47432 -51672
r181 421 676 -62376 -55804 19836 35862 63810 63583 49635 -43043 6396 -13807 -61508 -33309 -24456 -32609 -55094 -51959 51481 -54424
r182 23202 -2338 52511 -44485 26508 35399 63833 -6636 29523 54237 -40417 -3557 19241 -48650 -30017 -13487 -46566 -56798 14810 -16240
r183 -4054 -21965 33724 4582 -540 -60905 41756 -52833 -25031 -1524 8439 -48012 59511 26571 -32050 -38512 43141 -22911 14567 -24514
r184 38812 -40145 -51735 41358 21395 -15518 -63689 56624 -3887 -32487 12591 -31536 -2474 -11673 -12890 61329 32039 54554 41501 -25240
r185 4090 47793 62708 62923 54828 19183 37906 28778 -38017 28377 9208 8502 9108 23212 49450 -17626 65470 -19448 -25803 -26201
r186 -62433 -53575 -60806 23188 -27959 -32068 32658 8477 36922 -4551 -43868 12762 18973 -59874 -55438 63797 47208 28247 -55990 25350
r187 11562 -21286 19482 -1652 4085 -26814 -13203 -11623 -51250 -48716 18535 -37457 7380 12170 52234 56144 44508 -24432 12913 43933
r188 42005 33386 973 40155 26798 -50410 37614 -27933 52743 -10014 2865 34914 -50055 29815 -2744 40660 18424 958 -19992 49744
r189 43996 60469 40196 13722 -6582 -41023 -31414 29810 -11961 32557 -11290 -22397 42517 22116 -16127 -61794 -23952 7292 -6127 -27338
r190 -6650 16350 54256 38023 -41815 -35902 -14171 24991 -44559 -53665 14701 10637 -24999 7566 -51089 -49243 46655 -52098 -39433 -2367
r191 65467 29582 40063 7424 -36625 56631 -18163 -51007 59757 -16718 -61802 21857 31243 -63337 26257 -6509 -43500 33184 34691 -53734
r192 -36593 65187 698 -13530 11592 -50182 54613 37227 -1476 45427 -48336 11045 -55433 18065 14345 60348 -18104 32221 30275 63340
r193 53421 -58186 8157 -10953 44703 -56703 3871 -63268 34113 -26849 23872 53489 51176 -16446 12774 20072 44643 -38594 -14263 -53462
r194 -52497 60045 46937 50530 33905 -29030 -16721 -16839 63015 61229 27763 -53386 33781 54247 -19017 26332 32849 -42675 26549 -13093
r195 6548 40500 -33079 55650 52934 53396 55559 -15759 8648 59115 -28749 38683 10682 -34127 59842 -24711 36457 -41376 -55680 -6450
r196 -10240 -38729 -49327 63897 10090 28049 -8773 12139 -39214 -11561 50965 -40341 38497 32310 -49475 -59167 47800 -30741 53200 -29203
r197 -43578 484 4604 21921 -51837 -40438 -39112 -53167 -30910 46551 -23817 54881 -57035 25332 17403 46067 24917 34062 44062 -10761
r198 -47335 -16151 -20237 14519 51321 -64581 29668 -11936 -54654 55025 12323 -46661 22715 5919 -31961 35466 -5800 32123 -60660 5343
r199 63870 22755 -14954 63713 62853 13669 1447 12925 18908 41191 60116 -20054 -34400 52039 4853 -47450 33584 47702 15544 27341
r200 41583 -17866 19248 -35911 -2337 -17030 -21039 27813 46491 2613 35031 -64330 2335 -37117 -39525 -13922 1985 -44819 -57921 -17348
r201 9671 -543 -43004 50203 -40517 -62254 -24743 29108 43404 -18147 46254 32576 42189 7918 -45718 -17321 37282 -39032 142 57701
r202 -23066 62565 1033 8450 26951 -29682 30624 31954 -63884 54538 -60957 52012 3496 -24038 4005 1614 59882 -10893 -50640 64993
r203 63962 -61511 -35488 -21829 13315 -19653 -34432 56342 -43805 55153 -42798 -38361 48396 -56158 -9907 -7171 55335 -25099 -10137 27382
r204 51995 24957 -56269 61811 51617 62000 -913 4420 23611 -57835 -3097 -1705 -36054 -52822 -54050 -63042 13753 -18950 13859 49197
r205 37647 -41342 60482 34834 37306 14873 49183 -62636 47256 25522 -53233 54814 -39017 64193 11574 -9885 61722 21843 -56189 773
r206 -48124 -11869 6405 19252 -57925 54526 -13619 47770 34505 12098 -9835 18632 54981 -11572 -30844 15746 -56183 -16161 44376 -47247
r207 -64183 2229 16140 -40964 25443 64427 -37137 33548 -9367 -35208 -58479 29728 -15296 5839 -45334 7205 62197 23403 -17955 -22058
r208 -26580 5314 1945 -61674 33827 30885 -1049 49687 -59428 -39756 15005 18396 30974 60126 -52913 20746 54808 41385 -32457 -48060
r209 -6477 -64305 -3990 34834 41249 -9314 -16284 -53437 -26133 42468 21783 -24140 62249 20860 -10213 44052 58314 25639 19716 -55180
r210 -49291 55528 4730 -12255 -36374 36124 -23184 -43500 -49270 52805 36508 -55394 11675 -13437 24782 59307 -32677 37143 10560 12041
r211 -42539 56683 -44304 52243 64796 -31993 2408 43588 -22925 5264 11379 -23500 -30237 -27324 -59044 45379 37661 -39972 49311 -38247
r212 39131 -40108 -38115 -34087 33738 11988 -58188 26663 -48246 -9618 -160 -28906 7174 22557 -50498 -64291 -17707 -51092 -43445 -54354
r213 -3699 -61542 64317 65134 -35496 -35198 -11797 -17177 -23820 54825 48944 52984 -3787 -36355 -56005 33317 41170 29437 14338 49766
r214 11517 -18834 -58766 -32270 -41432 -27550 32949 -46400 30233 43454 -25991 12458 -21023 -48230 -33470 -50732 53976 -51341 11532 3969
r215 22159 7041 -50547 -28332 57893 -39032 -2138 47758 27012 44558 59936 54906 -21235 -49465 24568 25946 59440 -47200 -8683 -14442
r216 -56348 12285 44099 -27790 4702 -62366 38004 51995 16764 -30688 15488 56504 18429 1855 -18469 1503 27293 -65017 -15152 18088
r217 26761 40027 -64256 6626 36589 54171 17169 59756 -53144 -56593 -21159 -43948 -33723 -14688 -60043 31602 57493 65239 23816 -30207
r218 60396 2030 -7499 -60530 -13227 36202 -43036 -8450 7284 10103 -15431 26927 -28049 -4943 62956 49638 -63873 -42107 -1923 24581
r219 19944 -64967 -1981 -54632 -65138 -40842 55352 9490 -38340 13693 30295 14524 -29477 -17146 -33729 -58311 -10714 7014 58254 11092
r220 -55811 26921 -34547 63771 -5381 -31386 -34152 4814 -23020 -51867 54460 38644 -39189 -58391 -46148 -61904 -24397 -54120 33262 45665
r221 -59332 4153 41683 -45144 14961 -21930 25529 55884 61149 -55193 32847 5490 43833 -2765 16491 51079 -6636 14683 -40725 -6929
r222 -29689 27023 -8928 30522 -12487 10192 -21458 39913 -46352 42902 -15388 -5430 -9300 32799 -61232 -55550 13779 5465 -25207 25513
r223 54244 -7366 18597 24999 -48485 -18800 20906 60358 -7568 -48541 -15511 25673 3153 -9049 12905 43973 -23549 43629 -49429 -55015
r224 4877 35597 -16934 -63519 -39415 39945 -16753 -32253 59753 -39247 -60420 -35986 15907 -48881 4058 58626 -15870 15930 39057 -1364
r225 64352 3814 -41818 -52358 64982 -63208 32141 -18865 -36637 43611 -19659 -19974 -44986 9145 57149 54329 -14369 36268 -8397 34360
r226 -20454 56316 -50518 -51260 -8624 -15069 -53636 -12583 28893 -682 26001 -25154 35264 -26290 33458 -30754 64663 13747 59684 59639
r227 55844 14548 -4630 32769 11989 39357 32485 -62505 -57690 -48906 21107 18163 -12898 26124 21435 2220 20341 37900 49493 9969
r228 55159 6167 12660 46812 -34035 -33093 6499 47282 55420 -40295 58168 25577 62532 5355 64198 5018 -36362 -3767 38518 -50899
r229 -13663 22049 47034 -60202 48777 -39712 42723 -18707 24819 -53517 12096 -735 -14608 -63135 -44849 -38699 56539 -63198 -11298 39870
r230 -20254 -38293 33164 44001 22336 -33481 44793 -34232 -35268 -24068 -11885 14281 39321 63811 38794 -60013 -43927 -12408 45955 4326
r231 -43042 -17548 -64319 27640 -42562 -12146 11213 -16444 27164 1172 11122 22843 9628 -27540 -40592 28220 28561 -58426 -41650 46067
r232 -34803 -46118 -41777 -341 57093 40660 63371 -48218 20653 -51080 -43529 -59083 -51804 19131 62216 -28506 41772 -36866 48823 23315
r233 -60401 -62404 -51625 39420 20280 -53053 63840 21920 61890 -53220 -29414 -58866 -23682 46490 6800 -47096 11073 50431 16544 31469
r234 3222 -34681 21197 -9917 18461 -14907 -12883 -32142 35712 4406 58917 41716 55096 -31575 -39192 -56217 -12902 46876 4203 -28159
r235 6461 -55269 37956 43113 -26769 22887 56608 -12967 -658 20681 26910 -21519 57176 14783 21219 46319 16198 -55921 64720 54923
r236 -47149 -63791 54474 -4877 16027 -60138 20765 -13852 -13259 8726 -63311 18099 -39049 53653 -44712 -14893 34934 47954 37588 -46422
r237 46771 57955 34652 8831 39831 -20259 61660 -17096 -14543 55267 44658 -13322 25438 -24969 -25979 -18765 -38590 -9263 -26696 4066
r238 54299 36548 -56425 -26170 -41971 -61580 -51800 -19589 -26488 -16495 -7296 -33899 50339 -11469 -49456 -25594 -6591 -47293 58141 -6258
r239 -2637 29530 17137 40113 48539 7393 -45897 -39054 -61953 -49582 -38992 36829 10113 -41462 24955 11505 8755 -3822 64588 -18835
r240 24916 -15790 48951 -47146 -3233 60442 -2894 51233 -61765 10244 -31807 9199 32586 -58629 35285 -33859 -38874 23535 -22028 6145
r241 39361 -39657 9587 -53326 -41951 -12258 -36333 22417 -51086 1201 -62557 -36732 -5630 -41040 -57620 65143 49919 16545 -6851 43225
r242 -48020 54343 -33687 38175 58743 11638 -22162 -28231 63184 2440 -31725 -2859 60241 -27354 56892 30978 -52191 -61985 4679 31546
r243 54685 20410 36937 -55494 23641 -42443 40386 45678 10736 -58160 -35597 61390 10318 63071 15244 -29970 32742 -51783 -140 -57787
r244 53521 48221 -6707 -25255 -48847 -28631 -14650 -15645 36688 65246 -6615 11823 -16228 39407 31625 5465 9032 -11439 18524 -9276
r245 25185 -16208 -11347 -7406 -10109 54489 42173 -27471 2478 -14842 -12530 -11317 55192 -32707 1174 17160 50019 -281 -2341 -61543
r246 -8035 -48192 -64597 64855 23373 41561 27603 -62362 58127 9169 -50364 -6063 -22563 -13196 13945 -41481 -23633 49031 50535 -22704
r247 51855 5653 47209 29474 -13035 51074 23025 -13867 360 -38209 58338 21329 -27376 -48833 -46067 -6392 17234 -36319 -51902 26876
r248 -52561 -30609 6223 -55999 -41683 12522 -62870 17902 15342 45471 -21474 16197 48473 35518 6156 25904 46930 42673 61883 40668
r249 39954 -4367 -20822 47287 -11403 38170 -49202 -43382 -57065 -19424 -53968 42393 -20119 -31094 41421 28570 35077 10099 11680 13368
r250 16630 8361 33879 -6479 -19028 24460 -57547 63278 -48104 -58297 57059 -12752 -7801 38538 15060 29865 -29605 -48206 -13644 45407
r251 -50672 -32624 24896 -19155 -7499 -34960 42674 3177 -32478 21974 33505 51338 -62182 -50748 37489 40258 64729 -7002 28994 8503
r252 -56440 38388 -17656 34551 57998 27394 16536 22623 32253 7982 -64228 26189 -58840 47687 24814 58172 17819 -30792 -44997 -4155
r253 49334 15684 -4668 52913 -51414 -62701 -28510 59979 -22852 -61222 -47495 14296 39501 -27917 14463 32249 52821 53696 -38144 50154
r254 1761 -27920 55065 55208 4675 -6837 12158 7894 -43380 -15992 -21933 -63430 -18177 -17495 1234 -8181 33802 -10325 33527 -7268
r255 -62345 -58127 -45611 -53908 -17396 -21022 9456 -41377 58923 27243 -27572 815 29991 8882 49829 -35048 -47269 57651 -42439 50275
r256 -5953 -35166 13789 40439 -6659 -29256 16566 17482 -14172 -32998 -54134 -51498 64936 63270 46030 -22699 -37733 -45043 -44366 61917
r257 33647 -46259 -36473 -52459 44623 48228 46955 -57513 -28899 23786 -2345 -51595 -27303 -60360 -23973 32717 -39950 -39503 -3586 -13788
r258 7552 -18830 -46761 -47789 6060 -64749 35660 -38347 57430 47297 -30034 42995 6268 6358 44720 33595 -6113 -54008 31520 44639
r259 -49778 -14720 32715 10643 3422 13982 15100 -30856 -11434 6364 20016 54208 -21369 64595 14948 -24801 -6398 -13031 12150 30192
r260 -29170 57151 -3532 55657 37707 5871 35298 -45839 24474 15215 -49981 27297 -45343 37930 49834 -32266 30519 -39857 -23162 56991
r261 -17866 36113 -49810 17102 46810 42542 14885 -64532 4968 -17352 -37268 -6184 -10134 4211 26041 3114 29549 31422 26592 39514
r262 -46276 -59931 59309 -13079 -39512 -34224 -37223 -57167 -17422 13732 30260 -46929 -24693 -61771 46626 -40892 -4793 22573 -39872 46017
r263 -56990 22521 -20220 -49030 -4541 58043 -24263 -54986 -36853 -12689 -24108 14256 -42933 33555 -17531 20902 -38721 5174 36615 4244
r264 -33350 -18925 -49224 -63663 -21507 16845 14459 5522 48306 -14831 -42309 -52157 8897 -55883 -42018 44487 -32682 33356 13656 -44147
r265 -26479 -17998 337 29001 31162 -27227 45600 -51807 -13460 8375 30906 16110 -61690 38617 65447 -41108 -65250 20835 21584 24733
r266 45859 6416 -2079 -57851 57168 -59700 8767 13757 16262 -39864 -50808 -11950 52514 -36837 28192 22285 -35839 12663 -25309 -26325
r267 -61752 27191 -34197 -16702 20942 -27286 -16164 -59452 -18199 47243 1627 -50284 37648 -23189 -30992 55084 30195 -45400 -16582 7603
r268 48336 30811 26777 -42343 -17159 -43043 -32123 36686 -37606 41185 -35363 42532 -46113 34499 -38204 -57660 -56940 -64419 -51870 -4121
r269 -13811 4505 29092 -33533 -39242 -7114 57202 43951 -31594 4124 44383 46185 -25114 47204 32887 2567 12351 -43192 -13769 -64698
r270 -35005 -59272 -22637 -4592 -15750 -59234 14172 -38862 -34114 -47349 -35842 -36343 4928 43786 16710 58592 -63688 57381 753 36836
r271 50937 -40935 35516 27392 -40120 -5755 51927 60031 -32985 7686 -42428 48635 -49648 15452 45774 53780 -36170 -3866 -20144 39650
r272 -4477 -56474 -61851 -17055 56640 -26564 16233 19690 30586 62483 -45055 -58168 -47544 43647 39942 -55339 -34777 -8425 34446 -4061
r273 49038 -37207 787 -64202 -53202 5633 -54220 16595 49797 -45403 -34749 -8935 -31437 18092 56215 59088 -51640 39277 23127 25485
r274 30723 34680 -31105 -4475 54627 -52008 -57741 22846 27840 43081 29977 -27509 57728 3163 -9890 2232 29685 48522 50628 24275
r275 -49418 49834 46271 64496 -24806 -40249 22419 -59235 -4134 28771 37341 13104 -32092 -5869 -54933 35533 -57482 40871 -19895 -41384
r276 12523 7778 30475 4398 55559 -64118 -61919 -13292 -18074 26522 -44906 -8662 38538 -63338 32231 30563 35512 47018 17981 49765
r277 -36429 -38746 37883 -21924 49006 63682 -51298 45485 -2326 -27721 -24623 -5512 24295 -46142 -62328 3530 41854 -6460 13447 62415
r278 45730 16837 33357 -41792 19544 -33489 30969 11455 -28875 49976 -46013 -15705 30910 -14329 -33694 -28366 53271 6987 -34128 34657
r279 -58863 22433 -19932 -52223 -42035 -59022 -63810 46179 54042 47224 47278 -64234 -59306 6961 -64582 59019 -11187 30305 39626 17208
r280 -61378 -56036 48258 55517 -41798 -7411 -23978 -19229 52023 38156 -39158 35771 34679 -29352 55661 39805 64862 37856 -43537 38731
r281 -24450 44482 20448 30382 -57492 51010 -22912 -53245 45351 55703 -42248 20865 -55598 28897 35853 7617 -29740 -9926 -7776 48646
r282 -1018 -27513 41225 -57650 -21813 -61990 16476 -21985 12571 -1925 44152 -22463 -45218 -49126 -7139 25100 46546 -36181 54308 21491
r283 32797 53462 -7297 22569 51582 -38740 -47236 9867 -56088 21422 -27540 -31204 -25396 -11340 52735 -16989 -21496 43652 57775 60292
r284 21064 33807 -27185 -12670 39212 -33832 -40511 -33776 24125 -63009 5082 27995 58585 15634 47523 -11930 21729 33427 42953 -30295
r285 -36435 -27680 8180 40703 -58265 -43165 17039 -62949 49772 -47826 -64259 -34517 -32116 35788 16523 -39441 35713 12115 -62958 -33751
r286 -12362 13378 -27169 9185 -12922 -60240 60287 46131 -12694 -24841 -40308 -41024 -57074 -6746 -5777 -16773 -52126 -43502 1664 -14981
r287 -41427 16730 44672 3791 29945 732 61227 4365 65465 26526 59248 -34434 -57567 -38546 61496 55212 -55143 -39836 21395 37374
r288 40619 -60078 22314 -28806 -19710 -48818 49293 10570 -61869 -12730 29791 3574 9330 -13200 -34222 -7919 -55070 11456 -1123 -51837
r289 -62172 28980 -61313 -45808 -63267 -21180 15858 53111 -59312 24137 -64711 2071 61580 62197 -17994 49122 48350 -20772 -24851 -5699
r290 -57462 29215 -65478 -23426 -36659 -12740 11522 54089 -4360 24778 -20223 -16234 56366 46904 54629 -28290 3496 52360 64841 -19126
r291 -61410 29120 -53573 -7732 -19898 47967 -21646 14803 62753 58231 -49352 2354 -60046 -2543 4178 44597 -60122 29248 -9561 31759
r292 52863 -28495 15706 -29332 -20285 54447 -16642 -44798 31136 -18391 12366 -16170 46795 -15832 -47167 33438 -22160 40939 -31323 -59348
r293 42338 815 -29326 47133 24483 -64965 -17139 -6568 -11664 12431 -10010 38656 -16824 13279 3486 43779 -48541 49602 -58198 -26328
r294 -40534 23073 62685 18537 35679 12166 32051 3095 -48624 -27086 63624 -18880 -16414 19235 -8608 34995 -58315 28360 -10446 -39623
r295 38916 47968 -46190 7999 -38278 40491 44244 14723 40540 -33410 16626 7891 26222 21640 32773 40277 20238 -42493 38054 30238
r296 3902 -46153 -6896 7225 -48748 -59152 16958 3140 -40483 -16031 -48545 -33518 34456 27349 4701 4095 -33873 59598 59299 6733
r297 34544 -47975 57672 -5873 -3119 52214 -23748 -10961 23365 20394 54459 -5503 64524 -32560 15106 -4390 42429 -55486 47733 -31663
r298 -31649 51118 -44428 -60183 -40361 439 -22560 -61404 26956 -22046 10718 28560 26779 14892 -29833 -58631 -43569 20287 61864 -17128
r299 -62774 61525 63853 48626 -33846 -51259 32135 -29316 -48888 25307 -58422 -15914 -34312 -48769 -1013 -61681 -4859 -58737 50735 -43128
r300 59310 -45556 22111 55745 48260 -52452 58485 12670 -5881 46696 -52871 -46522 -8235 -55436 8210 -27160 26541 -61055 57791 -48797
r301 -5673 7812 -60050 -6578 26085 -32759 17402 51519 -15565 63614 30471 -817 -41276 -9372 29528 7869 62222 15682 3495 -37390
r302 62243 -10567 -64028 33012 28017 55791 54526 46675 12071 -30851 -55481 -5854 -23486 -48170 -46911 -14520 7829 9006 -12085 22842
r303 903 40672 36972 -15283 -10959 -9842 -39745 -4234 41431 845 26651 -58375 28896 -27735 -27949 -44765 -25607 -25248 7441 37021
r304 -14422 45688 -17144 -15851 6337 -19878 -62213 -10090 36322 -743 56213 263 18573 24193 58898 -2867 -10587 -22443 50357 17874
r305 12094 19072 -10026 -61270 -9955 -54535 -55059 27254 -9683 62565 28553 -55383 -47742 54077 -47791 16026 -17235 -22289 -2044 23719
r306 -8624 59909 -37608 -30647 -51258 2627 61141 43225 -31359 39153 6938 47161 20769 21768 -4816 12818 -31148 -60701 -60413 54725
r307 -35775 -26157 -58769 6597 52685 19706 40800 -10627 59309 3503 22287 34281 -45110 52736 -60422 -28362 24263 31686 11712 -29434
r308 53755 -50477 31729 29050 21490 -42581 30040 -28028 -36189 -18193 -13575 -8858 -57786 -9425 -55211 -27196 -1900 -56295 -51922 -45452
r309 6547 15818 12303 -4395 -14977 -22003 28697 41834 99 -63876 33385 52034 -47862 -17224 60553 19700 -21293 22982 36758 -30017
r310 -49863 42892 50936 -37717 -38657 -26792 18196 15821 -51095 -55224 19684 -53781 -51490 -7951 49732 -37527 -9375 -45659 35770 38654
r311 -40496 -23812 -57346 -1485 8270 18683 997 18884 9197 29935 -59982 55391 14858 18319 63962 63219 -14702 43994 -58399 6516
r312 51659 -60561 53443 -4505 -6235 17 57946 -43611 -56829 -10614 -48907 50539 -56500 -1229 -39230 45892 -36495 -60239 -34069 21913
r313 -7738 -59659 33911 31057 55399 -57559 -23226 38383 -42917 -37097 -21877 -1582 45054 -6865 -29443 14815 -6667 -53448 31755 5467
r314 59061 -65350 29193 -16732 -26594 49471 20444 -52408 -26672 -57513 25275 -45956 51883 -23852 -8597 -53410 -27233 31867 -3626 1622
r315 -58611 -23146 -36172 -20034 21924 -15120 -29439 15944 -54665 -33850 4175 54893 -9510 -31307 7962 -17572 7019 -64540 -60062 -47690
r316 -26352 55893 48412 -17822 -52393 1065 -12072 38111 -17916 48717 -14869 -34106 -61017 41925 -51354 -58028 35700 -8760 4987 -41428
r317 48364 40850 -29757 39937 62802 39885 64246 -41652 24647 -2685 51087 26846 25925 13820 30838 -8591 16904 -5282 29347 24654
r318 -26815 12858 24504 -41832 6311 -16525 -18207 50887 64499 -9442 43199 -30420 -4566 26577 3736 -9864 -62114 -43342 39185 -39881
r319 61976 35935 -13905 65526 -54994 12731 53753 -26083 -15778 -34275 -35081 -8396 55707 43964 -21148 1763 54036 -13108 -53513 41261
r320 13057 -21379 22754 -51932 63439 -62046 51456 -3863 53806 49964 -1571 6696 -22073 -26622 33656 26864 21419 1433 19211 -33973
r321 1821 -21499 47456 -7128 -64774 -1987 25604 43376 41434 24290 51968 49208 55971 17396 63298 -59553 2103 -317 -58223 37861
r322 17830 21198 65423 -14852 -53275 13451 -54649 55533 -59604 14805 -4269 45206 46545 -21180 46137 24306 56388 39661 -32792 -32519
r323 -48870 61731 -32539 3440 21051 58339 62423 -28581 -59535 41460 5890 38536 -50216 -52854 -19532 61788 -38402 -17077 -37878 52496
r324 -29733 -21652 54627 -12136 41223 56584 -16908 58772 -50517 -57642 52895 -43547 54434 46489 30656 -23548 -14508 59928 -8806 7795
r325 -45613 -50910 -33869 21857 8993 -63452 -34200 -14208 24911 -51134 -6522 -1228 42302 56298 -45516 26268 44297 44423 37441 11557
r326 -8864 17885 -20387 -42963 40638 50272 -60486 34778 2601 -13689 -20723 21824 -14149 -38152 -36403 43561 -50073 -9819 9011 45266
r327 21238 -50146 -12358 -53319 -3878 -53380 -29808 -19764 -44548 16581 -51175 -13944 54212 -18183 -37624 30040 8793 -61806 35517 -20335
r328 -19841 -46136 -45871 -10170 38475 27290 10137 52680 14750 1278 -1598 46163 45832 -51155 -24402 2853 -55473 10238 -64299 -42363
r329 25059 50926 -40267 -35521 -5903 1312 -25350 -28569 -21290 -45912 -49702 63335 -11072 32207 52918 56196 -36623 -318 -906 52280
r330 -61717 -12005 38190 38440 -49380 16511 -39980 -52697 34608 -59553 -42352 -51989 26872 6056 7386 -48859 10277 -63470 4176 29998
r331 1744 55183 61540 7785 2088 4375 -52739 35674 33214 34570 52613 -27040 54928 6467 24753 9075 -47881 -64675 -24452 -60354
r332 26688 -56328 -26597 -5303 -48297 -58972 -53028 6968 19266 65136 752 42746 -51861 -63411 5386 -4820 46577 -39281 16560 -55049
r333 35435 -32243 -57879 2167 38978 26037 61748 -16771 55161 -35358 -32400 15597 -43078 26688 2858 -62488 -47755 -53351 -1216 60524
r334 32935 54667 34320 48476 60237 38936 56064 47612 -27425 57820 63834 -38313 53547 21013 32133 7489 -46908 7365 33887 51332
r335 -40570 37696 16636 -51976 -52798 -16648 -37347 -42227 -23743 -25328 -45820 -59463 -48676 63920 6492 -60009 -12181 7400 -30067 -45783
r336 29138 -19567 60522 -51786 44964 37345 51779 24020 54089 37300 39602 20337 27626 -52952 52827 -43119 -14650 11083 -10309 -426
r337 -44666 36224 -65342 45647 34131 -52758 21536 12027 53667 -41086 -3196 -15557 -48357 43999 32742 -64712 -44803 -30118 -39284 -2437
r338 -15672 -26465 42152 48542 36160 42041 -56840 11694 14586 -53522 -22422 -12019 -22901 39014 9452 45162 -64875 -23000 24031 -32323
r339 56688 55969 21018 -5002 6370 52697 -47581 -12317 -15465 -3304 -13590 28733 -17674 9873 2355 13584 -27862 8045 53081 44953
r340 48512 12367 60869 34321 -64056 9459 -25622 -28821 58006 42097 -54553 54940 18675 61473 53846 -5596 -33086 38886 31375 -12067
r341 1458 -29943 -4685 64543 55679 -55681 52915 -45507 12116 -32759 -58482 -42821 28018 9472 -65458 -15530 -10431 13303 5018 -6455
r342 -55212 -21046 48601 -16468 -54182 -52210 40475 -8930 -13524 -32174 7342 11685 -27363 -54154 15521 58811 953 20654 54288 19493
r343 -4395 22823 -54302 33699 -6589 -7529 -20431 -7566 -63485 -24844 -50772 -45036 20712 -48836 -52743 -32260 -474 40934 23839 65050
r344 3735 53048 57258 -40094 -57253 -39557 -35892 54020 -22298 -17016 -59193 -62939 -47485 -51866 -40030 60191 -6601 19749 -52163 -32560
r345 -566 -1382 58259 -48112 2112 6569 43829 48911 -17461 43118 -43653 57790 64332 30872 39670 -44724 -46431 -17331 21165 42377
r346 -30062 -59313 -22892 53099 15351 26695 -45306 -40214 -7143 -53857 -60074 -29494 6290 -14928 -13266 32283 -56051 -57365 45252 -29278
r347 -11398 7173 34983 -31834 55083 -38372 49329 30687 60500 -36826 -9025 -30224 -39408 4989 -30872 -42296 -31858 -28146 -54920 -1511
r348 17836 1227 90 57401 31343 9894 27268 11293 -42349 -45366 -39107 -54202 39596 -52 -4655 -12920 -3480 29635 65472 44468
r349 441 14770 13328 499 -26324 -54605 57194 -36698 -35749 -11120 -11319 -59596 -28629 -3296 3772 21219 -55165 46384 -22101 22973
r350 -57574 -14328 -8606 -56658 -45560 4477 55765 10440 47557 62104 -17627 -53234 46316 18538 -51407 59690 2279 40995 -26603 50147
r351 -21846 -62662 443 50792 -45222 6304 11648 8958 -62992 58143 -22395 -26423 -8973 36175 42217 -16640 1599 7906 12161 20386
r352 5604 34133 -58310 16267 41313 -24537 -53731 -5801 -52286 53891 -8079 -59658 4774 49292 63597 -60060 56383 62984 -24378 -16484
r353 34799 31400 28203 -26252 -22767 -18316 118 29145 -42615 -53537 -65159 54524 42992 59656 -58925 -37998 5502 28101 9253 -58910
r354 62969 37285 -8759 -6785 -64094 -18956 -53816 48863 -41952 7503 48524 -29209 -23055 -17278 19651 -37834 -41647 64723 18834 3376
r355 -54315 -37804 52554 64493 47392 2293 -26372 3412 -45523 64405 -16694 7154 45592 -50950 -49309 -28614 -64321 50103 25013 -44531
r356 -24032 -53625 51250 39895 32872 -19215 12271 56125 -24786 55216 -15567 4531 34157 -37393 58008 23185 15764 43945 -2650 -58317
r357 51515 -40176 52017 15439 64361 -14280 4863 13852 -16410 18145 24679 -38540 -17055 -58705 13874 -54664 -29926 -6438 13302 -14730
r358 56502 -36391 16324 1931 -30651 13529 12472 64462 15017 -51640 -57530 -28368 32708 44133 -60694 -56997 40297 27578 45139 -65431
r359 5940 -51685 -671 47455 26301 46097 24451 21595 -64515 52510 -53701 -53775 48891 46716 -22637 3086 41402 -5055 53179 -27734
r360 4617 31102 56250 -4069 52583 11628 63274 14428 -18620 38735 24455 -21685 8263 -25118 4488 -5642 -26873 -27978 -34699 -52774
r361 -64788 -8483 6990 44448 65393 41643 36742 27901 -23265 -26508 33843 -50234 -3411 44926 34035 47889 -25087 60247 -13336 61569
r362 -25091 -16639 53256 17638 25626 43264 -54095 27184 -20779 -39411 16897 -44567 24388 -35796 26468 -35053 -1558 -33131 -21829 -43686
r363 -16252 -23247 -60976 41954 -35675 -60420 13603 26901 -935 -16729 10253 -3337 40233 65525 54128 -25982 57339 -22911 44928 -52992
r364 -54006 61846 -60518 -25547 -14600 -11184 -10059 -49183 8203 -51014 -18305 -30537 35651 -38651 44486 -32117 33592 -22040 -28904 41879
r365 -35096 5671 36223 10128 48450 7730 65503 39066 -10771 48442 -19347 26086 -54907 43352 63399 -5427 -15601 28077 43323 10831
r366 59011 -16044 60884 51656 25555 -57772 48777 63751 16465 1934 -35600 -48225 5920 -27790 9985 -41669 -55953 -59120 -45720 -64489
r367 32639 -33744 28419 -28029 3420 15016 -59487 -59168 -38771 29547 -1479 -36880 -1159 29960 -43150 22817 -24521 -18969 44998 -62617
r368 -48502 -40513 -62729 -56969 43303 59399 6256 20045 -39689 -28195 38411 -51191 38919 -28858 60237 5378 -49428 11383 -60133 41723
r369 11641 -22171 4778 -15011 -820 55887 32305 49967 38996 58609 -11948 -10272 -46983 -27799 24258 41523 1934 -39262 -30669 33315
r370 47318 10984 -35494 -233 15649 18799 -49638 -39291 47851 1112 -24014 -45809 47075 -58976 -64105 -27227 11187 20048 -1693 27718
r371 21989 34449 49165 324 47819 -9776 -31459 -24017 -49132 -63964 45639 -23757 9463 -51389 -8632 29744 57247 47025 -43878 -24002
r372 64019 -53514 -26153 46136 57 26503 -56374 -54917 -35098 3247 -59365 -44892 22308 62832 7242 -62262 64084 -43263 -32904 20939
r373 15916 61245 57798 -22079 -20599 50357 33652 -3623 -51332 42050 35126 -47010 -6103 37365 -37129 -52739 -64286 62563 -47842 -6142
r374 17222 -24296 62908 28243 978 18550 -18749 -42193 -64885 -7322 40984 39399 -2491 26139 36122 -12073 14914 11357 51007 24439
r375 1084 47211 25952 32273 36163 37892 21458 53065 -60802 40537 -33701 -58673 49997 -51244 -2384 -41080 -33454 -63950 -59595 -43877
r376 9196 42487 -7605 32497 27204 -18761 -46193 -18509 19844 -24856 40753 -16432 -58072 6183 -20439 6782 50456 -7278 -47273 7401
r377 -59874 -15961 -17765 -59032 48250 -17453 -55263 -20683 55628 -31826 37494 17689 -52486 -60605 -34758 12817 -16962 51763 -42446 -36013
r378 24422 -62951 46680 -56645 -27387 10409 -7232 33643 -62754 5615 43170 -7297 -63074 33761 -4448 -52562 -62824 -24544 27623 22252
r379 -33763 56035 -39201 55960 26865 15622 -42916 -23248 25475 -31372 -13119 -43191 35617 -51251 -26380 5068 3019 -15737 7956 60339
r380 16352 36828 15444 38648 -38709 -15778 -30955 63910 21724 15288 -12844 43607 -11278 21423 -33969 -16177 -25207 -36488 -4740 31936
r381 31207 62059 -18649 -47420 -65490 -36593 37748 6424 39254 37781 23664 -21249 -49931 -43575 -58403 -23970 62470 26972 -42900 -11873
r382 1841 23243 -37682 44328 -22160 -27182 7393 -45495 54612 45492 -32310 4669 11549 65225 -37823 -560 -14543 41832 -63261 64668
r383 -40875 -65078 -23740 -12091 14716 -41452 22656 -32836 -33915 23724 3439 30924 -46042 -58341 -6614 50902 -2832 -3436 -47899 -6706
r384 7366 -18032 29372 -47112 13272 -41514 65300 -11663 406 41500 -36322 -43167 54414 -27798 -12922 -29968 -51271 -41914 62902 -28538
r385 16808 51850 12002 -25930 -24159 64047 22756 1838 53316 27875 10723 13688 22246 -6807 -30188 54923 -4812 25596 -35597 -29093
r386 -10825 34800 46968 -8387 -51765 -47767 -11536 -4213 19686 44381 10113 40769 -19442 34293 -11910 55112 49130 -33767 -16253 -10168
r387 48706 31670 -65168 -40023 46472 49908 -21709 -10567 54101 -6428 -41012 -41250 -25647 3366 19968 -15334 -7331 -45784 -4954 -36336
r388 17118 -61330 -11854 -43928 16990 -2037 30472 13140 -22703 -24448 -29621 52250 -8681 20430 5474 -9719 34179 -44644 -18425 3848
r389 -57922 -2619 23139 33344 836 -36979 49172 9681 -30422 28770 535 28598 36534 46504 -27367 35645 4707 -52956 11248 54451
r390 -58086 -57882 62194 36181 63714 64542 41052 -40960 -16695 -16145 -2931 24006 -19348 49374 33046 -44799 -18753 -53053 -54721 28228
r391 15910 -17814 -39688 8951 33322 39229 2836 -57705 -29265 23014 -4316 -47134 -27555 53178 -23489 30523 -23162 13646 -10891 50963
r392 2485 -19146 34768 29567 -27166 25864 -18298 -21787 47823 47583 38511 59283 19272 -33445 -49967 40206 19909 2920 -38531 34103
r393 47815 21505 26122 -722 32348 62427 -53290 -28783 -62943 56307 8507 -61859 -12581 -34694 -40960 -9884 -51642 -63206 -28358 -55439
r394 45659 -49888 23761 32670 33636 -4822 -11464 -4936 -48913 36731 27101 -44046 26747 42804 -56045 42949 33396 -56866 53273 19082
r395 64491 50584 -45235 27013 -4541 -20653 21357 -39528 -56842 41563 -3446 -25042 7361 51002 -18166 50759 -47666 59545 31135 62205
r396 52020 15637 -1248 57503 -19978 -60259 23946 63946 41842 -36245 -55780 61208 -10798 52626 39974 -19749 -1660 -28220 57090 -39012
r397 -63160 -6587 -30092 -23389 -26825 65359 -10308 56815 -63556 7961 -24621 24897 23286 -14272 20701 16541 29152 28012 59372 34195
r398 35448 21689 52092 1250 -56065 28510 -47325 -487 -56280 61106 61361 17919 25389 -13496 -63221 -46594 -2830 1088 -20764 3529
r399 16083 -47901 -25662 -37675 -6407 -26632 -57246 26306 43152 -50953 -57375 62971 20076 23842 63278 20243 -2840 27494 -64521 45528
r400 63422 -51488 62972 27639 8095 6415 -57583 65224 -37173 22293 5996 3764 53502 -13448 39332 38131 29323 8330 -15829 -63386
r401 52904 -59391 9485 -60296 -35019 -53113 22811 -58759 -38040 37593 -29608 -63434 -54333 -61518 -6314 44468 -49318 -14647 2859 64835
r402 -31448 -31514 14844 60797 62664 -51327 57830 -34750 61439 19507 14956 2625 -53389 -24827 -44945 -43099 46418 -17894 7106 38723
r403 -65498 -9270 -13875 -50447 60075 62678 25740 39731 -33098 -51751 -28190 51331 -55213 48153 -29239 3404 53818 -15647 65009 31492
r404 -34880 64355 32836 168 50524 22884 -49004 13324 -52415 35137 4177 21238 3347 37092 52694 -15129 -12320 -20152 47445 62352
r405 -47270 -9206 -8428 -48331 -63327 23054 41849 -14176 43102 -3371 10384 4707 26994 -46391 -47151 23211 -47359 41176 20396 -46713
r406 40741 -58386 -56422 -56876 -28357 -4413 -62608 -27549 -31845 -57113 -34053 -40241 -10135 51178 -41527 -42158 31016 28600 -32444 16332
r407 16735 -31966 31045 34477 22661 -48634 -35228 -43048 63310 43216 62125 -13465 -34262 -549 36339 -19345 4000 -35704 -3290 57511
r408 -19860 -18518 10437 -1764 36164 -7011 -51870 61284 16055 12235 29020 -9290 17636 -48342 -41900 -64153 -45416 48103 -20323 -27354
r409 48019 -64013 51943 -3140 -64374 6935 -27739 37979 44161 32141 -19621 -64246 -37711 -37025 -2502 -56014 37985 42145 51473 -45457
r410 40732 18280 -8611 -18279 63046 11666 63161 50361 23507 -39625 -3754 18097 -35991 54221 -13059 -60927 3839 -26204 10113 -43402
r411 -21426 45747 14992 48757 -42913 26845 34402 -13885 -26131 64153 11411 17334 35871 52397 41402 44873 60792 59576 -8172 -12758
r412 -7991 -57280 26616 -21821 54241 24310 38038 40392 23735 -30785 -63424 -20536 -62048 13813 -8027 -45906 -63218 63024 -65189 -54591
r413 29051 -25133 -38175 -14726 -34934 44627 -23932 -14271 47872 43478 16742 -47005 38338 -25997 37299 61525 -41254 27499 5183 -53611
r414 -28059 10808 30741 -33100 -26106 13162 -34868 -10721 -56659 -32674 -56444 29719 -14699 -26542 52648 43047 40214 4146 -55974 -51888
r415 -58177 -43451 4202 57256 -48499 -38246 -35923 -39356 35744 -5271 48554 36870 4233 21538 14067 7895 30712 28957 -18815 8845
r416 61057 23881 -22976 -3752 24200 19220 -39681 57493 30028 57219 -37507 514 -42688 -24698 -64633 18227 -2999 -1380 12307 65224
r417 -27894 40163 27223 -18075 -36604 -56166 23497 -6441 -49256 634 -49330 21290 -49709 -4133 4561 51126 31223 -12187 37438 -34955
r418 48239 -59221 -61164 -35822 36437 -3644 -49849 -53897 -34378 25031 -19408 782 7437 38357 12080 35922 15206 30949 -5558 32105
r419 -24605 41866 -19436 -3535 27181 -33494 -58968 -33268 -52584 18024 -42821 53286 -18235 -42378 -10569 -33130 -7090 -62060 -64382 571
r420 -21794 10974 -3698 -30896 33596 32580 62229 23339 34167 -50891 29644 51818 40287 -49089 -33635 -5539 63180 -6867 45681 56875
r421 -62923 -951 -53038 -61086 20343 -19809 59426 -7350 48519 6619 12014 10409 45418 22534 -15316 -23981 -51571 46897 62153 49745
r422 -32956 -26562 56168 -12133 184 -61683 62661 38559 54557 -45970 9663 -28577 -21870 25063 -41480 36461 -24514 -21528 64452 30617
r423 13781 -9435 28547 15121 38035 39320 -48672 -64676 -11136 64381 57057 -10139 65174 7994 13086 -31182 -65463 3588 -48920 5471
r424 -41907 58127 -49104 56815 -42792 20519 48380 -25321 51840 -22716 -38843 -25287 -12137 -6754 37204 -26697 43822 -48751 6768 10080
r425 57419 -28966 -64824 -20366 36111 23191 31078 -47830 46772 -48869 7669 -52128 -36400 60687 -62824 -13726 61863 2851 -20279 -16594
r426 -60974 -22437 -42671 33901 -36969 -50965 13749 -222 -19460 25610 42105 56426 -35377 -2224 -34688 -65003 24556 -18470 -5304 -11327
r427 -30837 -61889 46231 -47648 41199 38257 9526 -4783 988 -40402 -49280 64386 -39096 63810 46991 -48202 36853 -18076 -56915 -55453
r428 26270 -8304 -56513 34638 32063 40958 60565 52988 9647 43183 62110 53309 -30726 37151 -20502 54309 -47107 -8510 7597 -33610
r429 -14988 -31050 -37886 -48541 55752 17291 19439 16732 30202 18432 -22945 56479 56191 -11105 -35832 59401 52678 51664 33545 -36929
r430 -15132 31614 -39065 -10193 13880 -15446 9393 4474 6352 -14200 -15674 58136 -18263 -30761 60591 -8034 -19975 -15125 -20852 21623
r431 -53224 -5643 62775 -22894 15817 12734 -6659 9594 5061 9177 -36007 -36147 -1616 39116 32657 -7523 35202 -20995 -24013 46361
r432 8877 55624 44357 -29372 38225 -22378 3576 -15269 -51635 20167 -63717 -9374 -15668 32376 17662 4067 -50412 -27341 -29395 -11909
r433 60571 19297 -40918 24585 15160 13942 -36150 -53904 -26846 43710 53271 -64722 29857 -39741 10531 -51978 30603 -35072 -43554 12352
r434 24360 25087 31381 -30868 -36997 53446 -35428 -57096 63699 -56496 -8484 55678 39027 33007 -44906 25123 -57152 -24409 6997 -42172
r435 48194 50038 2345 -18836 -48803 -22431 -1372 38428 -62688 4809 9361 -21451 -54075 4023 -17039 41970 877 -18906 42014 -60828
r436 -37530 43295 2757 -59180 42652 52752 -12968 48934 -9327 -16460 54362 24556 12457 -5917 4797 -32371 9403 -15291 -56365 64329
r437 -53953 -45161 14864 56560 2047 41604 11482 16084 -32488 28791 46096 -31162 -32657 -55210 -28626 1147 47125 -62765 -4230 17994
r438 -45649 -4224 58481 -44967 -22177 37614 -63378 22898 55511 -4664 -44781 -49716 24652 54513 -36773 -1384 -33253 12380 29450 12340
r439 -45315 -42842 42637 -11285 13799 -64891 -39522 -35099 34065 52968 -54175 18085 37889 64 18576 -59546 -23275 43053 45452 57080
r440 15073 -53734 -21519 -30311 -17363 27448 -42438 58009 43298 40152 19144 33048 61790 -26588 -51846 57995 51569 63471 58015 -36579
r441 8608 45893 -1545 -16231 -53042 25338 -44187 40122 1101 -31573 57774 -36979 30419 39970 -57232 25354 22819 -9762 -37318 56038
r442 -64228 47451 31633 -53069 -27929 53166 45207 -35792 54311 -28258 -42614 -12569 -43073 -3991 -27834 21112 -14707 -38910 21622 56937
r443 10956 -13721 -33977 -3696 -60224 -62882 2056 -59652 -28676 -1399 -12617 -23099 49426 36128 18172 -29190 -19328 29225 -60192 17348
r444 -13655 -56813 11355 7983 4478 -44503 -62779 60383 18719 -34698 39198 40875 -36000 -47128 19723 28241 63162 -29974 27495 -23940
r445 -53631 59998 -19920 24756 -53824 40309 -32397 34738 -9685 -44945 54239 46698 -63791 21177 287 -41656 -55723 48443 -35982 46023
r446 -35554 20066 -13697 13408 -25200 4316 2855 51033 -15668 -48381 11739 55568 -38957 -34515 16615 -56496 44547 -10723 32776 32852
r447 -47698 39631 38678 -6720 31836 -52695 -15738 -13535 -51443 -7358 32026 11184 47108 -57188 -12943 50218 49136 -30454 35455 42131
r448 46247 -43595 -9655 -18469 13121 36852 -37153 38314 22965 5492 17752 9678 43099 6746 -35265 37938 -12812 41584 55356 -351
r449 41 -18922 -21692 19938 20905 24204 -18549 -9624 58398 -27451 -32288 -21481 -60872 -24428 31299 -30245 -22579 -42238 42553 62907
r450 -58844 58538 51328 -58755 -38235 61815 52793 -43068 33440 -16735 -8919 -62231 -3585 -15114 -48946 -19502 59773 -21697 -3001 -24346
r451 -47461 45170 -31826 -27 46669 3401 -6664 25354 13030 -33050 -24542 27928 -58557 -31008 -59625 62892 -42960 -30117 40784 15973
r452 -55259 -41228 5817 -2032 54528 19350 12039 -62667 -3019 31412 -24755 48330 -17938 -2241 -12206 -8868 -11975 65220 -50311 -30197
r453 -9260 46862 30800 -34202 48750 12289 1864 -19421 43487 37489 -33606 -14798 26571 -27097 25381 -31520 -39383 -49589 18340 -35500
r454 -33847 44633 40467 -64061 779 4862 30770 -2415 4888 59570 -55986 -35415 3047 -25830 63768 19746 45794 52277 -46567 39178
r455 -51503 -3269 31793 -28119 34291 -22388 -65146 -31619 22328 -20926 -29540 46236 5406 -60447 56938 -59672 45532 -40890 -18026 -18363
r456 -40096 1362 -38631 -56131 52413 11303 3140 5560 25414 10616 39173 -50722 46271 -28218 61651 -47630 64241 18374 -14241 -33585
r457 41663 3752 60451 33817 -37157 51745 -45662 -56764 -51228 57331 42462 25534 7137 -57690 37406 -28325 -55231 -61804 22767 29555
r458 -35394 8033 -18408 -52117 -59766 -11534 -18928 -23001 -49764 -36120 119 -31538 16258 33343 45657 15816 -29027 -55584 45599 51952
r459 51674 34433 4790 -60249 42383 -54479 33479 11540 49553 43267 -8552 64648 64073 -14524 -45773 34646 50745 61293 -9283 -25891
r460 -6993 53689 -46094 -32658 -5932 -31736 -5658 -4116 48385 4067 -24821 28653 2440 127 -26861 27010 40874 -7410 63133 26028
r461 -50672 16689 28241 53068 -16572 -41147 -7614 50275 52194 39138 -13490 -22728 -44213 -27515 35687 -51010 -2689 25003 -53761 -231
r462 64780 29057 44542 -19991 -45445 20808 42185 -61108 -27435 -34035 38050 17465 52518 -28267 27897 47067 -17265 -57350 -44915 -27675
r463 57499 42821 1099 50477 -29461 -11154 24981 39025 38973 40878 -19333 -47414 19307 -51453 28351 -21249 -48037 49550 38751 -53247
r464 -8631 25026 -61334 63472 -54854 43578 11005 -13883 -53727 32030 -64912 14082 53473 -62729 55885 -55483 -25127 -1991 35865 42158
r465 -7012 30990 32169 -9130 6221 -12946 -14833 -17005 41411 -45490 28091 -26919 -47244 -62390 25774 59426 -7379 -48034 -35845 -10253
r466 -42265 19854 18818 -17037 50369 -41662 63260 -20476 27182 -29696 20207 22621 34397 60491 -48223 -31275 -23226 27688 62137 -9045
r467 -44129 -29708 -50805 -7415 62237 58366 -38113 -43164 -28261 -1077 27225 30268 38091 15679 -29043 -54406 -48701 48395 -35222 12221
r468 -9247 -10380 -16561 59917 34820 -21846 40545 37753 -60039 -48543 -37502 51636 31074 5707 6684 54813 -18502 54245 11984 -10432
r469 -33040 -49270 -63379 24199 7335 41699 -43946 -53201 -43932 28110 7893 19915 9651 8427 -55278 32521 -40047 -3587 22689 -52523
r470 -50191 -27632 2802 -4069 -395 40436 17269 9225 -64385 36738 -62817 -61045 -63365 -10926 -5433 -42952 -33098 23160 -31590 64690
r471 -24882 6267 -45129 -47849 54064 3466 38131 29463 52078 48350 -36020 -11303 15462 -3653 -36337 -52997 32746 -697 64524 -37757
r472 -65528 30765 -30516 11752 59431 13397 -27154 -9786 -273 27149 50417 63237 3713 -62596 -48025 2055 -20914 1384 43672 42213
r473 42076 37063 -46835 46831 -52822 -20106 -56289 50226 -32781 -419 46951 -59719 -18603 -4925 -63914 25977 57307 13083 -57724 10851
r474 -30464 6053 -53723 -33846 -47462 -42679 -41483 -40937 16163 -33613 -28391 48534 -53659 -42887 6505 19525 26050 38597 -29476 -24663
r475 61117 13051 -5031 -13891 -47180 -46991 35058 2254 -42075 -44701 -36644 45532 -3869 -7124 -10915 61652 -16461 7514 -3522 -17981
r476 24573 36287 -56389 48406 -62463 21785 61746 -33869 62843 -51446 63750 -31816 63673 35470 -62803 59740 -52725 16801 -29206 -64489
r477 53030 -38988 -34299 -2222 -6398 42912 -45390 9622 43967 -48239 -7902 -42457 55580 -64041 -18786 -26289 -29544 51484 -58941 -20700
r478 -967 34880 54273 -44087 49871 -4800 8986 -7573 43214 31828 1804 33125 -47456 -23097 45901 3301 23326 61780 -45169 56464
r479 -52050 -49329 -48970 21694 -24256 34588 -31732 -27744 26643 -6551 33399 336 -44668 -20102 17061 17208 -12562 10934 -38052 -50197
r480 -14351 -10745 -57282 31897 41221 -34196 -43602 -50648 418 -22644 -53626 -14730 -46450 50075 -27949 -25132 1706 -62188 11953 35334
r481 -44002 -27945 -56705 -36601 23094 37007 -29511 49264 -24886 42179 64388 45638 52017 -40804 27014 -1660 -20284 -38146 21231 -57318
r482 -43049 -59377 -39452 -61069 -22404 -35505 -35889 -20774 19603 35729 -54615 56061 -28346 38760 -10989 43159 -23662 -12987 1603 -65478
r483 14010 25610 -17667 10053 65026 -602 -51535 -2247 32407 59146 -10860 2511 10433 54630 -14231 42357 -16515 17933 -39247 22966
r484 33258 -43123 15640 19341 3643 -28564 -51087 28802 6132 59003 46122 -62875 -796 7008 -58641 56107 -40220 -65207 39388 28719
r485 5402 9912 -23132 -50744 -44734 -56419 -9843 -40750 -57330 -10994 -14222 -12581 16177 -21355 43898 -33444 -7903 44319 42689 27591
r486 33737 -38444 45677 -15664 51247 59285 -23086 41241 1736 29559 -1965 14490 37317 59748 -64684 -54197 -429 -35225 12777 -48173
r487 -25662 21687 62286 30823 30550 24224 -38741 -54675 15305 27398 -51426 -30977 21855 -57083 61071 -50761 -35738 54225 -34059 5547
r488 -48815 5028 9845 26899 35575 30021 13847 23870 7653 426 -13984 -19458 -36988 -5901 31997 -1254 -9628 -45453 -44663 34899
r489 17502 -32889 32171 49277 63977 49143 40375 -17156 10341 30163 35463 -35310 24833 -16677 16630 -1941 -48154 40909 -38906 -344
r490 57867 -64329 -3494 52339 63331 -44826 61568 12878 44673 60406 -53051 20888 -27195 -34709 -1493 13235 1924 -3424 -45114 19006
r491 -24975 59234 -8681 2389 -19848 53500 500 -29957 21362 12238 46350 -23697 -21135 56260 53653 -14767 20454 -1027 45660 9947
r492 -24097 -17249 13332 3514 -25919 -63569 -8841 11741 2026 -31843 -57323 21342 -47035 40386 -39598 -38643 -30636 54207 -51780 -37439
r493 -51730 45791 -46105 -25312 24112 -54827 -16575 20538 36993 -779 -32352 43274 -12289 53149 65353 27081 10642 41147 37599 -32673
r494 -19685 50010 28160 51368 -20384 -10104 -21154 -43309 36077 -28984 15853 6096 54283 -17700 -31721 1141 -13492 19855 21118 -12395
r495 -43115 49097 -46010 19659 -10302 47293 17978 50761 6245 -17263 -15538 -22031 -54338 50487 -38966 54339 57896 44487 24324 30477
r496 -32982 64836 52909 3012 26428 -6129 -6183 -12423 62790 -37975 30882 -60170 43841 3697 -21411 1228 -55868 -39741 -3212 25198
r497 -4420 30805 32789 -48316 14146 28161 14736 -12303 -1744 -16371 9765 -20212 -25463 14566 2273 20184 62886 -34931 24932 14786
r498 -2407 10904 -51536 -20641 -43692 56078 39507 41595 4486 60010 56106 -12178 -16690 44606 16087 26211 48891 46137 12097 -56763
r499 -51139 -33795 4794 61196 -44404 51918 39596 -23809 -18027 62604 53253 38557 11385 4777 -36019 -54078 -16946 -8828 22769 -20376
