mTable13 21
KEY  c0 c1 c2 c3 c4 c5 c6 c7 c8 c9 c10 c11 c12 c13 c14 c15 c16 c17 c18 c19
r0 -39180 4840 50747 -6757 25574 -56991 41604 50843 -45079 61967 43123 12244 -48847 25285 36653 -62301 49726 -19550 10017 41448
r1 -48359 52086 16402 -23226 4195 -50287 60199 36828 14599 -13855 -56088 159 -3081 61106 7733 -43692 29635 -62650 -48101 -9014
r2 33341 27488 52714 -5284 -47490 4941 21466 23451 -60717 -13807 -35338 -61233 -50080 -64522 47056 22069 -13652 989 -20427 52685
r3 -37607 -36789 -62311 -37537 -59147 -9115 9555 57485 -33904 -49315 -38501 62367 24435 9571 12234 -50038 -15390 -25871 -47020 -52360
r4 -31642 49615 -56731 46666 -7910 45405 -62158 -41442 -32418 30977 -30019 21682 41811 14117 -64456 -50573 17476 19282 -60305 -35466
r5 5821 -22888 2737 55900 -44106 18389 -61995 -14468 -48719 4964 38264 13218 -1185 20731 2594 -3021 14140 19177 -496 5087
r6 61013 -43963 -15868 -53319 34204 58991 8765 1308 -44627 24213 -2754 47222 -10763 33135 26375 -62315 22921 -5253 46375 21113
r7 -38084 -50499 -17101 16787 5101 -43480 16500 7003 -64498 -51615 9549 42985 -117 51165 2024 7348 -10870 61924 -22363 33730
r8 -17411 -30182 -23081 -15028 -53431 15881 28226 -55549 -2943 -43405 -45889 31511 58406 -11447 9027 42955 -26689 759 -3002 37769
r9 -3847 10038 12584 -40369 55529 -51461 11750 6056 12160 -30616 -17429 -56538 53445 -25258 62065 20622 22700 -50847 -29840 11261
r10 -64636 37384 -18873 -65314 58596 -31909 63128 32221 -25894 59720 40293 10399 7201 40777 41387 19204 39542 52190 -44316 24296
r11 -7816 3776 63969 -36966 9530 -65396 46900 24973 -60415 -34675 -53981 -56218 -7784 5744 -7954 -20496 18712 63611 53860 -33305
r12 -10295 -21862 -35521 5961 63070 -24650 44019 63557 -64809 -63502 25952 30837 17239 -50312 14172 33850 -35065 36351 29961 64928
r13 59954 -34381 53013 55723 -17674 -59633 39770 33562 4429 2163 -9875 53623 -15225 46419 -30131 31608 -19557 53104 49870 -26039
r14 -14209 24401 61255 -6575 50514 -11332 -34518 -30647 -53666 -30153 -46400 4509 2174 6591 5957 -19908 11033 47425 -45631 42869
r15 23374 -63732 -23861 42909 -28200 -12029 52496 -13749 58844 -46509 39401 -65166 -36781 -34279 -37458 5066 6101 11825 61972 -7273
r16 -55550 29065 13350 -23765 64655 -18149 -42516 -24278 12092 -11480 18381 -10565 -9019 -56405 -4534 -1946 -64904 25033 44453 13693
r17 19660 -29681 -31747 61541 14824 57363 20180 8520 -19514 47606 -59370 -21481 9121 -33616 30956 57583 -9012 4078 -22630 -15430
r18 27512 63979 21684 52994 42767 23444 -32114 62650 23117 58844 -51528 9162 -60811 -26475 -43192 -736 -60465 -47530 30025 -39907
r19 26594 58719 62110 60204 3998 10126 1548 -29409 -13332 44447 17216 -23258 -2044 23258 -21394 40212 -42695 39287 40004 -41905
r20 -51320 29288 13287 -1635 -23237 -11262 42549 32960 -48064 -1092 56938 -86 18208 64360 -65110 56625 34949 -57674 -2433 -31861
r21 177 51734 5042 13643 -61068 -47502 -11898 -45156 53060 47034 -14417 -40513 -50326 34458 -64565 -32599 -28855 24830 39032 -3296
r22 22255 -55450 9823 2239 -15308 -37769 -15730 1419 27516 57850 -15300 -50695 -32320 -19679 -40132 39424 12200 -44173 57346 -3819
r23 64435 -19980 -35196 -1004 -46796 -43653 -38625 7708 -3987 56203 -25040 25620 47613 46868 -13984 8996 32390 -4520 61755 -45857
r24 -52560 46413 -4548 -47714 -33476 -10472 -62144 4840 28196 64283 24270 -55623 -49388 13619 -25253 52459 -8456 50157 58572 48070
r25 -49819 -29652 42155 -13476 -20548 -34320 9011 12758 9646 -30676 63949 1597 -21252 22876 47526 53868 11146 19303 39697 49553
r26 30364 65122 -12908 49851 -55462 41630 -15033 -5551 -2918 -16041 -23787 -36009 25362 18864 48609 -14185 3188 -55525 47573 40655
r27 -40596 58114 -20981 -18404 -31100 27611 19557 -39534 -42499 -25561 59689 -36836 40124 -19655 15583 -9715 27562 38067 -47150 14379
r28 -51972 10816 37720 18068 17377 64868 40790 948 33318 -26593 17760 44509 61831 -8205 -27559 3850 31076 -34247 -57521 -23399
r29 63581 13210 -24466 46951 28233 45947 32713 685 -33612 59015 -848 -7152 -55319 -47145 34704 11724 -12881 60541 50789 42370
r30 27090 57461 -39329 -18306 24461 -15864 44432 -49932 39165 -49004 -38239 39960 11530 -1867 -35428 6553 -36525 33520 -5017 61662
r31 -28474 -45408 16770 -42207 45396 -57951 -47769 53993 -2277 -22318 -55558 4552 -16305 11368 -45466 -7277 -64891 -47243 45877 -43877
r32 -44241 7400 10480 26730 -1490 52116 -42228 -39902 -39024 36201 -2930 24823 -58710 -39847 47080 -57630 2634 -23860 -55980 -9657
r33 -9596 13586 21982 35058 -46664 4612 8333 -51625 51391 -19366 -30491 -2593 -21155 -21748 -37720 9504 -41068 46912 7605 8815
r34 -49859 63253 -6677 12734 -58821 35056 -29245 22420 28368 56784 16786 -15541 -10612 -38994 -9396 -48399 -58121 4627 28519 64450
r35 -45791 30201 -27600 8136 8920 36161 -53756 -42727 13945 5232 61985 42847 60151 -30591 13046 21825 28077 63576 56897 41676
r36 61408 42251 -40001 46005 12254 -63837 -26130 -22561 5401 -27305 1143 -20943 -50599 -49897 -37246 -10495 -32153 -14283 -1181 -14005
r37 -43974 17733 -52298 -1028 -62006 63905 -24066 31564 -56842 56981 51968 56394 -21731 -12169 44244 -1387 -44942 -48913 -22349 -46716
r38 6934 -4155 -41264 63098 18267 9188 41359 -8376 -42515 1598 -32499 -38936 36931 -49919 20014 -21079 55479 -59803 -12581 -14049
r39 -34605 -35622 -48570 -64959 -23225 30664 48158 -34687 53883 61460 -38852 -57308 -38381 -10404 -34911 7903 52340 -3604 11798 12560
r40 26329 -55937 45260 28811 28982 -62489 -59818 -65274 40485 60539 -55137 -22759 62277 7228 -51418 17015 64564 56497 34947 59545
r41 -44717 -14351 14541 11637 -33556 5288 -25948 19578 -11767 19305 28269 -14362 34436 -23376 -35573 -41646 51476 23983 -5697 58483
r42 60194 -28392 44322 -46301 -34271 -32318 30022 24668 40210 39455 40083 55351 -43969 -60492 -23579 34237 -14157 -28619 3648 -65074
r43 55899 13657 -18274 -32724 4364 31525 -51435 64803 -16832 -17168 14844 -33388 -448 18169 1948 -14624 -56886 -19617 -43736 -65475
r44 43350 -3493 20604 13901 65141 28606 25423 -15609 61672 -11897 -49021 30027 -1413 7583 -59745 -52661 -15309 -8826 -56946 44630
r45 25919 -40894 51272 -36163 -21539 50006 -22368 -41844 -46809 35390 -55866 -22845 4982 14443 37787 -51422 -2740 -56215 -54955 26446
r46 -29798 46137 48703 48990 -8836 56283 -3080 12557 -26449 30089 -52878 -52270 55438 -28458 48629 -24273 -20403 44800 45512 -30870
r47 -9905 11502 47189 -61275 13942 2403 63755 42786 22137 41958 13057 -39164 19592 22721 63471 -61707 -17947 18160 -42543 -56090
r48 44449 53174 -53695 -41537 -24722 23427 31361 -15832 9048 -56530 52787 13009 -38970 -64340 41523 10446 -38578 -46419 12275 18860
r49 -14524 48703 -51345 36921 -43982 59508 -29839 19713 -38800 -65147 14105 -51355 -43320 -60458 61582 -40270 39099 -35835 16828 13085
r50 -31827 -45775 60278 28806 45293 -55488 41923 -46736 -19290 -7879 -11818 23335 -37721 9867 -30327 26784 31554 -50302 -18174 -44032
r51 -29671 -30402 45209 51458 63028 -47824 -35547 61656 -37097 33251 -53159 -20293 -62699 56495 -50279 -14559 61385 -28212 11533 -12219
r52 5969 63690 60248 24871 -29910 15902 -7701 -21644 7074 -8769 27059 -48791 63003 63613 -19732 -25380 5398 -30772 -12709 -10155
r53 34525 46688 32209 60006 -12535 -61887 46894 -2133 63679 -46316 64456 -58416 31096 27792 -59656 -50820 -11491 40738 12883 62221
r54 -1064 -5249 9225 47301 52493 26079 -41966 -7285 21517 1341 24997 26533 47579 39904 -25230 -44331 -46721 38483 27564 -50427
r55 55414 19399 55894 39150 -16412 -49766 47224 -5394 21453 13287 6750 -17110 -17303 -19936 -12119 -16858 9313 -37019 10921 22323
r56 18082 1252 30955 31930 -4839 48162 31380 49463 48061 -53670 -35389 -29332 59781 5018 -41388 -64560 -48111 55482 40603 807
r57 68 -13828 -48194 3520 -26871 2699 5227 63686 -8639 -35275 -64737 56818 -47436 64713 8739 -65516 16257 37282 11465 24731
r58 -125 60577 2801 -19754 5345 15170 2835 -16609 -49418 -41099 -43317 -27352 -34792 -53636 49340 -19854 -24332 -45815 -1098 43137
r59 -22265 -24718 -63735 -22680 -25260 -31737 64463 50176 -23575 -42351 -10026 54001 8661 19394 -27607 -44411 -8386 -17594 -28225 17078
r60 -42010 60578 64012 23246 -14654 -39160 2955 32185 -53245 -8420 -17329 57174 16629 62291 50830 52582 -46409 -28782 55068 39542
r61 57705 22283 11368 -61283 -31777 5625 -7278 -49383 -63574 43882 -25252 -61186 44724 -22760 25853 38594 -24090 64238 33864 55285
r62 2062 41759 45850 54133 -35664 19878 6872 28340 63876 1695 28244 26254 -5366 -4403 -38111 55141 9589 18167 6215 -44882
r63 28399 20793 39109 -63775 -59422 -2645 -55350 -3372 54021 10034 59673 -36110 6224 392 -5318 -15487 -7498 13407 -17464 -24458
r64 15981 -18112 -45742 47954 -44377 -20234 -56480 40609 -7417 48239 -53049 41628 -28712 -7602 -51510 -54501 -63845 25659 41758 -13177
r65 10744 -24090 -41031 47809 -14221 9079 37569 -57974 38940 -39866 -40783 -27372 43811 42040 -12331 26799 31778 -58453 30379 14438
r66 -50212 -29156 -14855 2246 42294 1328 62133 16103 -31526 57414 54816 57460 -50900 3735 11038 -32504 33288 5368 -18399 34809
r67 19335 -61023 38797 -46333 -3861 23082 -38880 31304 -2978 2250 34114 -63523 12237 -29982 63990 -61397 -3526 53795 -65434 15873
r68 -50891 54639 20216 1029 -29151 42647 -31114 -22858 51022 -33349 41521 61607 -47282 44120 10173 35005 13313 62404 47187 -46275
r69 -4676 -33704 -39070 -34893 39268 53878 -56608 -55254 5434 -43218 6787 37952 7743 -10404 -39644 61971 23626 -29932 6614 37797
r70 764 -3241 21277 63597 51633 34186 17231 17460 51473 -47340 -65066 -12012 51989 55877 -58059 -1665 -47901 46281 18857 46181
r71 47887 36073 25558 12882 -43273 31449 -17775 -45697 -6868 43568 -54916 15942 19813 -41197 19336 35794 -39862 -41990 -64141 -7813
r72 47676 57983 -55719 -57622 -28154 -3520 -24140 26341 -20260 27682 -8569 42213 3727 29498 -20402 13110 -65156 -62806 -45940 15519
r73 53289 21689 -57669 64692 31356 -19515 61138 -54882 34685 -23962 31686 15376 49457 -49312 11352 48361 59129 -24972 35262 45060
r74 9081 43059 -17715 -45416 -12402 54601 -38879 -46191 -33552 -33777 32276 -28080 -25358 -22838 2595 38921 12745 -27910 35220 -60517
r75 -17519 4121 4639 26500 -43337 -63788 34504 -41341 -14942 14779 -36395 1938 -6062 -28152 -23394 -19115 -36249 -43215 -3490 -22587
r76 60832 13005 56701 11684 49086 -26023 -22801 24018 -55183 4746 -37421 62549 26828 -54419 55622 19572 60155 -5634 51906 -56103
r77 43710 -37163 -39558 16997 14129 36845 41345 50469 -18704 50409 -43959 -63805 -49123 -16098 -61764 -41654 10479 46586 44090 387
r78 4290 41007 -33086 3218 -21793 -19567 -1038 28569 16710 24233 -60253 -6145 -22709 531 -32283 60506 2931 -22942 -56963 14375
r79 -37349 -6380 29286 8880 -42291 -40329 28082 8143 -40732 32028 391 5698 8522 -33778 33489 54485 28197 -32806 -47896 -35893
r80 5009 -47329 -59202 199 7852 -60284 34113 -6121 12321 -11427 16956 24195 51142 -25973 -34839 23220 -10609 36014 -28296 8081
r81 12498 2381 54772 2808 -576 5466 5239 -2242 51727 37835 -20951 -4453 -54189 -22395 63127 -39418 29709 25635 5747 -29633
r82 -27819 14099 56762 65041 52390 -33788 -3865 25891 -16542 37233 -61752 -59037 48511 -28342 -7302 -5694 -35284 -3468 61471 -1722
r83 61145 52653 31565 -44011 -32376 51875 37598 22763 992 37317 1276 45382 5866 -64715 41740 2025 -56737 4735 49376 -657
r84 -7471 -39427 -30482 -2847 -24517 -43490 1729 -47526 -19252 21842 -62133 -29452 47184 5106 48985 63945 -11592 -5030 11592 19965
r85 10452 -25727 -29007 -44972 -37653 22918 48906 14051 -2375 -8155 -26261 -61262 5490 36747 16725 -16349 -61967 24909 -23269 19229
r86 -26211 52600 -16514 -53057 -6083 51241 33206 -14708 -36500 18047 10692 -60632 -47684 -53849 -26680 -16998 -52338 63297 -10266 32296
r87 -49227 -37787 -36465 -49399 33479 -8850 64046 -41100 20942 36671 45163 56445 47744 34890 -27375 62429 43304 -22687 -34294 3341
r88 3760 -47340 20324 37066 57468 61801 40099 22516 15644 5878 7354 61200 -52963 -23254 57872 -42175 -3885 -7700 -62256 13693
r89 64958 11757 -15350 31273 -35251 -58299 62986 -6984 -978 -20577 5871 51068 -17848 -30117 22367 55266 -1811 26304 -8256 -45818
r90 -53490 -56041 -14766 42520 -36528 -48242 -60374 62542 -2309 -21455 43308 -27120 -28263 -1522 -1090 -52035 -11018 21489 32703 -10745
r91 -37640 59113 -17064 -41022 11626 65313 -22723 -13934 -49254 2365 -57319 -14815 -59401 -23761 18643 -53939 30884 -57170 14141 37890
r92 -64245 31954 22168 15365 -27677 46307 -54547 34764 -30947 -52220 -43331 -14086 16634 1283 58046 31269 -46718 -31520 -51500 31617
r93 4948 -62419 50866 34332 -46482 25240 27466 -18304 16680 -41770 47450 -33464 -38887 -17148 37737 -48851 -45498 -62482 -48285 55327
r94 -62505 -3652 39901 -47672 38807 -29363 65471 46047 -16120 39575 64350 -16088 -53481 -50201 7637 -40711 42104 -60861 10484 -29775
r95 38673 24196 39059 8419 49580 17805 25906 779 62699 -47983 46702 28947 -42394 -9336 53711 49986 59547 -34303 -52688 33637
r96 -9574 -49612 44738 41698 21013 31776 -11753 27928 19505 -24360 13522 -6885 -26484 21229 -26767 46113 25683 30920 -51560 6905
r97 -56306 -7233 2592 -60475 -33995 -59674 -55179 42019 -19883 64460 38857 -30962 -20669 -59870 -37532 -32538 -61746 10245 -15105 51603
r98 -46392 16607 29430 -29982 -47797 -30705 31051 -12079 -50610 -48896 -31221 -37601 -41578 -57491 -33880 62356 -18717 -21254 62387 -58592
r99 -22446 -43014 9389 44246 -40908 12642 -43361 -42893 48539 8454 54533 23423 -35715 8444 -59901 7899 30707 49754 44491 -8779
r100 -8214 -23543 19056 -30718 -57309 24621 13346 -27122 46885 10196 12716 15919 -62917 40670 25626 42292 33976 43634 -59612 -41
r101 45583 -61148 61579 7735 -57825 -4909 4312 37636 15926 43782 65348 56254 -26670 -28013 -26164 -35382 33206 -53967 -34833 23866
r102 -40181 -6103 58572 -47469 8449 -60862 -17007 2046 -55806 -27420 -36113 -30990 -55773 -15510 30743 -13652 61337 65015 -58493 59508
r103 -38831 -54469 62342 4449 -42869 -47993 -35064 4148 30961 42567 -24843 63639 -12520 6266 -60742 6685 13379 15978 -55804 48590
r104 20930 16282 -49840 19204 60231 43578 -9444 -43152 -30418 -56129 11913 -6984 64528 4962 -6349 31387 -47465 -51603 20790 19056
r105 -33753 55106 26797 -34195 -19479 43847 -45054 61600 -46616 -39985 -11859 19504 58402 13291 -32553 -29340 -16802 5478 -5278 -26068
r106 14598 60346 7857 -48479 -10051 -22108 12920 -63795 -8885 19182 15439 -46981 -48477 22724 56835 -23086 -10319 -16432 -57012 -20144
r107 -4655 -42125 8064 -15663 -30452 52467 12393 62217 -45987 55339 -42009 -12308 -2760 -43151 14153 -26604 24027 63105 -50878 -28321
r108 35562 27337 2408 -42353 -62446 -7699 18631 -30882 -56033 55426 14202 37270 -19752 41995 -35315 -50693 1566 -57252 9737 15508
r109 39257 30757 27151 -26791 2336 65403 -11421 -45652 44975 17137 2723 21788 7629 -15396 53264 -58091 40735 -41358 -52090 7624
r110 57025 10205 23898 22818 -24129 15016 64929 22343 -43448 -24656 54554 37609 -29815 31757 -13272 -41870 49310 55873 -64622 -4196
r111 56690 5602 60376 -12820 -12836 54293 -35481 -13577 -58710 -54417 -64294 64547 -64682 -23251 -56640 -47711 -25630 30370 -42652 -8439
r112 3540 6180 -41053 -10172 5645 53400 -46792 26998 -23102 25191 346 -239 -44100 26211 43488 -58213 62363 56474 -39160 -49940
r113 -58642 -26511 23490 -9571 32645 -62189 62803 -19124 -10397 -5269 -3044 56521 -61507 -56177 39974 -32154 -46976 21847 -10487 58473
r114 54670 -53505 -59337 -27943 -8979 -42717 32562 -94 58470 -34408 16232 -40577 -5775 57709 -52236 10336 -54783 37820 50432 -15491
r115 -51962 27656 59421 -29697 39746 53136 30148 31276 5729 31581 65293 40627 -51839 -3781 -65516 -17859 -16380 -2625 -48610 -4826
r116 -47487 23154 -23396 -18093 12079 6886 6733 6075 -18133 52480 3042 -19909 -9161 12184 32958 -25164 -13244 -9215 5578 63349
r117 54590 -24490 45635 -13277 -36687 40904 -41252 33848 -47411 50491 10612 57032 32946 23603 -41302 42340 43058 22162 -54866 -61815
r118 -30631 -2652 -25231 10215 27292 4456 63518 -29898 -38265 50231 19119 48130 -63685 -37103 43902 37426 53837 50424 46966 -6019
r119 -30201 -22630 -52493 61445 -19002 24707 -33776 19005 -52607 39614 -50394 33001 -13917 61169 14593 -40957 -10315 45184 15884 -15817
r120 58426 -56976 20946 5833 -26543 -53896 51574 49208 53958 232 30507 793 -40283 -32047 -33984 -46660 47578 -54495 31766 -47931
r121 18464 -55506 33698 -56294 -8684 55680 37851 6203 518 -42532 -36296 19453 64769 -49688 -25537 -50809 65530 -25650 42172 -25332
r122 -20936 25143 21223 -54015 64771 -49906 36787 59336 -58077 -30332 24137 58147 -14521 -13443 -15280 45253 65237 -8023 -53985 -50823
r123 -65240 -12586 3760 65132 -35764 62202 56802 14585 60997 -20448 61646 44083 -26427 18936 -62857 56061 56791 -23533 -49899 30957
r124 2892 -16219 23547 50296 -13143 -38856 25917 8131 -8698 43652 -59540 54846 47145 -15702 24803 43128 64850 -55055 34032 35020
r125 15599 24110 12344 16563 36116 -56190 -32788 38265 -63816 35004 -10568 20274 -45889 -38709 35264 41396 56358 -6877 52790 56364
r126 -6775 -54997 53530 64558 -62881 -55177 -34131 28800 43625 32829 50007 -1872 -19727 -47003 22141 36794 -46869 1028 -34690 -18305
r127 -54926 -64056 -49828 -55145 -63844 43201 29145 -65461 39076 21199 -308 -54136 -55983 -49955 52496 -9045 56046 -64354 41820 58588
r128 5859 34383 -14122 18898 -50488 357 -59262 3420 29019 63755 27635 57473 22637 -40879 16141 -20425 -21198 -40304 49484 13468
r129 -27855 -59138 6850 2554 32866 56471 -64763 -31176 54339 45133 10980 -57792 9273 33312 52724 34378 -24051 14647 12671 57647
r130 53460 29907 932 -5471 2442 -15043 61690 11243 -18958 -3637 -48783 5977 -64900 -65034 -10387 -19495 2239 2002 -16155 -62171
r131 57926 -25742 35649 28735 21427 3803 52809 -19939 24375 28016 -58078 -54089 -34249 -18878 1765 60002 49296 -52273 63278 -34157
r132 59875 46191 -65073 60199 -29525 64258 -53046 -22411 8649 35483 24728 -58634 54636 22521 -48551 52032 -11884 -43361 -18268 36198
r133 -46505 40811 38775 -14510 -48314 33602 65016 -48327 -43727 16923 22919 -41817 31595 60720 -61643 38586 -1095 -42281 11904 -24361
r134 -12005 18361 -30727 -7097 50317 50220 -31983 6782 -35134 -24610 30753 -27626 -15795 10136 25484 4947 -52198 -47939 -35635 27206
r135 22811 2155 -19776 1086 -43193 -32606 -15751 14117 -27729 32302 -10207 -42976 17705 -62435 -38967 61327 33363 -10595 -10588 48433
r136 -15069 -9576 -13257 -28764 24407 16635 -13445 -24165 -63849 -55037 -61006 45693 -56890 56109 23722 48888 39058 3449 -59929 -27776
r137 -17758 41303 60212 29407 10331 -5698 8239 26809 -64238 -29596 -48159 31356 -3190 -18763 35102 -9286 52986 18048 14839 59161
r138 -45263 62333 3434 52237 44746 21998 -35991 46716 57978 -47613 -12903 43932 -14240 10393 -50908 -58897 -53981 -65321 -28511 16248
r139 28720 306 -65094 15535 49994 -2911 51148 36589 -8186 44017 63396 28416 -10493 43129 63995 29835 -49666 -61894 10284 11275
r140 -43362 24173 -11869 -59124 53646 -34796 26789 4772 12318 -13208 55938 29761 -65516 -17453 -51173 -48448 10528 30643 44097 57319
r141 48066 21696 7914 -58475 -46273 -12815 11788 -936 16289 -15345 -20173 -3659 10158 -60015 24739 -64077 -47531 34984 17002 -6915
r142 -55558 34702 5312 434 29652 -56804 -50866 -2584 15062 9687 -42015 -13036 -41388 -10972 -62354 47537 -48889 -43601 -29280 30292
r143 10080 -9538 45992 33078 -22626 23458 -44856 11918 63770 -44713 -62883 -4608 -48024 -32267 -42679 11757 30725 -31056 -56838 -21032
r144 -46137 53027 -57172 -56544 47725 27895 58864 -27842 39758 -38203 -46876 15154 -14181 41476 52966 13057 -48244 18700 39246 16199
r145 -30203 2751 -53702 44585 9748 53858 -38931 -32035 12023 -15793 -46410 61933 -53429 -21596 -8293 20064 58235 -17542 12822 14508
r146 -21628 9741 46626 49642 -39672 43548 16387 -49758 -21914 56393 -8879 -53117 29788 12738 42504 -28442 17874 -43261 -50297 -52862
r147 37983 -43137 -57809 -20563 -59935 24073 4129 -17251 -41649 39914 -22200 32098 8146 38503 -2418 -12755 -36982 59245 42510 63847
r148 45977 44477 12279 -60102 62565 7922 14916 24808 36324 1715 15828 -51344 -1073 63558 -51688 38780 52861 10435 -55755 -44015
r149 -41818 48571 24947 32366 25341 4698 11224 -28102 62546 39311 28693 43579 16890 -29836 28565 -12473 -22984 5270 12663 -46560
r150 32479 -60148 7275 15007 43078 65530 26634 15140 50808 19860 61579 62411 -44299 29080 -44823 -9605 -36739 6418 -13595 -49845
r151 -42819 30993 41486 -43596 -43699 16410 -41896 9374 -53800 39760 -38335 -10838 30418 16971 -9776 46756 21193 -42447 -57724 48969
r152 -55237 34069 60511 7074 -39975 363 -23703 53415 -55084 -48181 -35374 16072 -65086 -3855 23457 34151 -9966 14414 65278 9991
r153 32021 11627 17202 51396 63713 -49549 -20377 -31615 5178 51804 5716 12508 22045 6575 17824 -60502 -62776 20473 22070 5627
r154 -25784 3630 -34983 -3127 -18374 28475 -44820 29932 52104 41593 -59418 15901 1755 62677 51700 34243 -16828 48053 40426 -36328
r155 55730 -44373 -39381 -44299 -4987 41081 11483 -31524 -23131 -17068 41352 -29695 19135 -18028 1151 -29449 50633 -27107 -20957 54969
r156 62128 33677 -47308 29170 9823 31004 30178 -8656 38352 -38344 -42698 -16442 -25174 13796 -35200 -25322 -45609 -21772 46582 29448
r157 -49345 -32815 59242 -24028 25162 64608 -6517 38978 -45628 -9712 27279 37677 26586 -19031 -41998 62649 5886 57000 -17664 23540
r158 8661 -61345 -45773 51070 23039 3123 -24417 -11103 47738 -38847 42790 54837 50547 25464 18180 38295 -17661 -40819 -27620 58579
r159 3810 -54058 -14339 -7310 -259 -16861 39267 -60156 -39102 14181 55725 -18934 -41040 -60553 -32441 17510 -56283 2542 20858 -11315
r160 46177 55007 18446 37520 45234 -56405 -27031 32952 5214 -25737 27717 41341 -9788 -61345 37073 -45398 -13269 44280 3200 -41747
r161 -34171 -57854 -57471 19394 -40791 24509 8988 -56151 -53686 -35418 63601 32444 36139 -56513 54900 -18665 -19870 -33763 -18867 852
r162 -17872 46160 9840 -25286 -47928 23094 -21731 -1445 -45249 -27324 6652 46195 -4428 -10512 -11634 15793 -30265 -38341 -3004 -362
r163 52942 -28509 23196 9328 -3258 36050 -2447 -679 -15353 59694 -54760 -32893 -23137 64999 47763 -19911 55505 -8219 -46485 -18085
r164 1861 8901 47355 -55019 -34415 -25140 13608 7340 -19658 14638 -10003 2472 30032 -20755 41589 -3456 -25845 -58744 -33653 -44978
r165 -63849 54553 54835 42282 -53800 33572 -47147 -28502 35224 -10 42220 -23305 63887 24453 12678 -25816 -330 -9738 -53579 25089
r166 -22673 4601 56330 58854 25994 24086 -20532 25961 47958 1857 -44698 -42623 -839 35312 62574 49918 -62874 -36134 -24876 -1788
r167 24572 55646 25490 -2843 47804 -42857 65051 36463 25729 -41500 45608 29746 -27536 14784 58297 65072 -27998 -31462 59263 -21154
r168 -43248 27714 65092 35270 65084 529 19092 43093 54291 23442 50702 -36975 10030 -51413 -32341 39514 14882 50511 -30272 -19454
r169 -43895 -16161 38837 20406 36946 -8757 22009 20444 -5247 58087 62513 -63038 59623 -55587 50245 -60515 -33575 -12730 -47957 5821
r170 -13414 -52213 -43787 8141 56551 20180 -1855 15501 -6542 17608 -43977 146 7180 -50564 26364 -17616 1839 -29872 -30778 12039
r171 64559 -38365 -63827 -25660 -2017 -2203 -25264 38630 -43270 47671 57026 40218 22066 31842 37432 5964 -59898 -19878 32391 -2752
r172 -32067 1247 -51390 -43097 57914 -25593 40256 35564 -49919 -34750 37967 -34943 -14043 -49315 -1675 9904 -47057 29716 -52637 43873
r173 63431 44669 -4917 39250 -1527 -59715 3183 313 6097 -29151 39312 -31156 -42372 -60568 -49628 62933 38586 -56403 6741 -5357
r174 62538 -28685 13171 3420 -42471 4815 -21467 -40812 -32696 18598 -52855 -1845 -61202 -35605 -54933 23639 -22500 35968 48466 -5561
r175 -29328 32505 -27326 -37830 51165 -36401 -28368 62831 -18154 18013 32796 4575 -63383 -20537 56509 56683 30072 53389 49248 33560
r176 57611 24481 -17636 25266 43093 11402 -52621 -54251 34333 16039 -8069 -58567 30471 -4358 -55550 15204 58736 51475 20389 -27930
r177 63778 9628 -54058 6543 22539 -4060 -59420 -7907 64638 45486 -38351 18151 -9196 -24899 -43925 8637 61132 -58652 -14783 38192
r178 51713 64105 54016 -13666 14234 41583 -52033 7779 -62989 15748 41110 6045 -45203 3079 -12167 -18093 14988 26266 2485 48974
r179 -6973 -7333 -59599 -43718 -1757 53347 7584 39421 3916 -43721 -26101 48386 47440 28524 -1392 42255 -19308 26195 -28789 48126
r180 26088 14295 61325 -14117 41043 -41155 7099 51305 39271 43992 21598 35986 -37067 -15036 5787 -55461 52233 40920 31970 -33353
r181 -32903 57696 -15691 -54351 -32083 33637 -61218 -44729 -64629 13106 28758 57386 -18261 -5082 -57394 -50903 12818 29249 -22731 -35438
r182 5858 -12345 37775 59674 26847 -32673 -49404 -13820 -9511 5014 15374 62993 -19965 -36039 53661 23308 -62913 -62922 -25702 50176
r183 -41259 34912 -17467 39856 30401 -16309 -55782 -43518 -17445 -24753 44361 715 65366 -9758 -42933 -47289 -31088 15000 -1229 -52447
r184 17812 -23386 -15243 -13758 10516 -3034 -34556 14641 -28342 -13645 -40413 -54663 -49206 36660 -20897 36863 32859 21444 36648 -36197
r185 56352 951 42376 50259 -2573 53888 18483 2794 63767 51494 -55827 596 1503 39569 319 -27528 38509 -28748 -4113 -27243
r186 32170 -34445 31836 -60832 55283 -57253 -14837 -57519 2591 -24821 -52746 -63881 -60620 -65052 -17507 -54451 36370 12876 58727 -12781
r187 56209 -41666 33708 -43406 -10573 39767 33977 -22254 -33599 34021 56463 -6489 13804 61452 -17175 -34239 25453 -55039 -57301 45692
r188 -16539 25750 -64071 -65372 42884 26452 44754 -1573 -64421 -18418 36817 -4269 -24586 53460 38737 -55482 39218 -41290 11 -51841
r189 -36664 -51494 17950 48691 -2221 40271 24554 7903 -19095 -30431 -57780 -52901 28508 -1188 15800 17172 -30476 -37814 22439 4869
r190 29603 -47484 -1405 45942 -29047 -6606 -25683 37184 7545 5900 10195 -45553 53700 39976 21374 -15897 -287 -39703 -34598 28069
r191 21248 -24649 32934 -58826 64534 -30440 5459 33411 64644 -65431 23476 62927 29723 -30302 64758 61270 -41114 39255 -31366 -20955
r192 56413 -63730 2647 -47563 -159 20806 -24798 -37122 -46334 -61136 38496 38092 -19150 10962 5748 19607 -57533 35171 -37030 21612
r193 64761 48090 -18724 -14255 -30294 4775 -61277 -20962 -13973 -39682 45113 -41940 -28763 23467 -3507 18306 -40192 11247 3149 -57934
r194 15948 -38215 62173 -10436 -36825 -48244 48534 53373 911 -21538 18677 10508 -45249 19934 14402 30069 6133 53065 -29488 -26503
r195 44976 -55980 1231 54249 49728 6030 -20295 39886 -44184 12331 65067 -21710 63565 -46307 24913 -43289 31044 -14835 11591 5510
r196 -29524 -8556 -40112 50384 58601 -11342 -8553 -55427 -15284 -11743 10600 44036 26338 26461 -41364 -58541 -39171 -48955 -8272 -34047
r197 58817 -5102 35985 16452 42842 49286 37152 53473 419 39177 -33909 11253 27736 24228 17586 -23509 23333 -17246 54726 -52904
r198 21271 41765 1193 11257 -19116 -7882 55097 33528 15834 7737 -18026 -50760 47253 -47990 -9924 -9746 10146 -49982 -65193 65477
r199 31505 -48307 -59784 24723 57287 -61134 -64194 -23559 -17452 63895 27562 27043 50414 42301 -54205 -2180 -1962 22261 -48573 44040
r200 -59670 -745 40671 27187 -48968 -23798 -36973 7372 -136 -59280 -56376 -8890 -20801 46520 -26083 50932 20074 -57731 13243 57447
r201 -33031 -21567 -51954 -48031 -8533 24538 43413 -46884 18518 23452 32772 27567 33486 48154 -59689 -28166 38081 25256 -8680 15265
r202 -27607 48789 54640 -25881 64527 1086 12097 -10198 62975 -60690 55484 -16767 61281 26062 -39691 -17626 51745 57598 -50508 56955
r203 30137 -51858 -34187 24012 23959 -44789 45979 32205 -25065 -4533 -33189 -32054 46970 -19640 60312 -26022 63810 55292 -3391 -19825
r204 -5880 -62167 51896 6004 -57537 1034 -28909 46218 -8021 36189 -50117 -32212 19180 -24228 34824 43857 -9238 -4571 -62809 -61789
r205 36004 24512 58069 -33230 -5446 26960 38532 -9386 -59882 -20155 -251 31228 -38824 -33334 14442 23898 17893 22303 -7551 -14452
r206 46661 -60262 -23672 33197 -2829 -63077 57318 12291 -36578 52439 12185 -32788 14222 -64996 -55081 -7278 29499 -58521 -16696 -43413
r207 51142 53944 32683 -10132 -36786 -43643 -15622 -26043 23092 -15390 28167 39778 -27978 -60029 51831 53070 -7638 32605 -4275 61195
r208 -29047 62455 -48869 -18026 -61230 31934 33227 27058 30978 -30543 -12356 58213 17352 33506 36044 -55360 -17937 -51571 -56653 -64561
r209 -64673 826 -15960 11357 22400 -11624 -47292 -5360 31311 20109 -28353 12063 50354 -11725 42004 26890 -25704 33280 12962 34985
r210 30369 951 -15725 -5351 48350 -51404 52483 60390 53070 -12867 -5412 51011 46036 -45919 27348 34252 -54359 38598 -9706 10489
r211 -16714 38093 -14151 49212 37757 21786 58923 -12571 13753 42623 -57450 -2197 32796 41364 -17481 -7619 12943 -30 -46128 50745
r212 -29958 60511 31733 24155 46815 -22828 57586 -43762 -59348 57058 2095 44522 11759 24530 -14666 30148 -46462 -54359 29268 1476
r213 28197 -13914 6287 -13853 -22740 -24575 64558 -11235 2057 17117 -22345 5234 60293 28679 -43676 53430 32748 51556 -30189 18147
r214 30592 44564 -61822 14573 -27026 17889 4802 40147 41977 38243 26364 -6026 33395 58582 25079 31570 -16446 58536 60125 17622
r215 54986 40736 -58791 -16909 -11271 12958 15319 14783 111 41591 -63273 -30285 -5813 3545 52102 -13754 -53459 -1117 -40546 -51679
r216 -16135 -10005 -5193 -40114 62365 -1048 55189 55276 -47522 -45275 50939 3845 41441 -63130 -31153 -39577 43553 53496 12238 -50293
r217 62071 36899 -22779 13307 -1893 63949 5945 -32135 60943 31937 -58851 63718 7995 3084 57725 -407 -25948 7543 34258 -36734
r218 -30773 21902 22659 29219 3468 59544 19795 -25563 3257 -46275 22857 -61904 60071 15805 -65219 -49172 -62091 -46774 28806 22885
r219 -22880 29378 51002 -50948 -22991 34340 -22481 39647 9067 -31003 -33536 -63002 -17140 -57404 -38410 28520 57896 -9546 -12574 -41303
r220 19915 50676 -38789 -35465 58110 -65009 -5821 17793 20306 -53427 19961 52373 -21193 37105 39504 -15038 32887 49411 -28843 25229
r221 3309 23362 -52147 -60598 -60399 -12317 8373 -51978 -55306 55885 41994 30619 -27459 42275 -52763 -332 -6548 57368 -13806 -33232
r222 -33639 30143 27967 54226 -10567 -34906 -50928 54827 27755 35149 26495 14114 29439 -32506 -62560 30028 -4270 -4299 -39147 -10062
r223 8990 23923 5149 53992 -8655 -52879 47665 -2 -30494 -1566 -61859 -50166 -32769 58085 15604 61114 23149 63976 3976 56524
r224 -40216 -59594 -5932 18825 17870 -8006 -33755 64322 51876 -30463 -61567 -32738 -55425 -52660 -64346 22860 -9687 -64674 33421 2892
r225 53051 -16589 22054 -64540 24999 -41221 19657 -46057 -32548 -56954 -64113 7301 33396 -18018 -7317 40521 -20512 3863 49199 -63032
r226 -13470 -8423 -2766 -42235 17091 6395 -12715 -6999 -47033 -64455 -32789 -21176 3123 12155 34564 -12210 -63650 37158 -50732 36569
r227 30577 -15972 49530 -21112 -12019 23419 -41901 35316 56155 49482 12853 32142 -62049 -64844 -54088 25004 -9875 30965 -1621 44222
r228 -27239 37600 -64499 49183 12366 60912 -39341 52529 -4701 -50179 47025 -33040 18580 43700 -15578 33323 2534 54208 39302 26895
r229 9892 10781 25277 61959 -1731 51636 -4848 3370 12215 -3749 18265 41840 -5419 -16960 6036 57649 44891 6273 -2467 43174
r230 53942 56506 54566 47699 36993 -30079 60583 -47292 -27793 63738 23727 17700 -64408 -13178 19692 -32577 -4360 54825 -18347 -14770
r231 9433 26751 -26097 31536 30210 -65349 41788 63845 13048 53540 -23341 13879 26912 -20612 -26276 -20846 -41934 21411 -41080 32335
r232 50086 -22053 45428 17638 -40723 12917 61942 -36115 -18290 -28986 -53363 58508 29633 -56517 -64335 28843 20687 22332 49025 24908
r233 -25963 -61905 42756 -5657 -41687 -36903 26651 27616 -56829 35672 62011 43011 17005 31442 56400 58560 -26453 60643 44087 63843
r234 26156 56592 22577 39617 -29942 -49899 47488 -63863 -2116 19471 56447 34378 60865 30233 -11313 10293 34370 -51162 -3405 -29500
r235 63910 -33016 52449 10347 -4509 -57513 11276 -46814 -50971 -1392 -34535 52725 29855 -37822 31827 56330 40155 -4101 31010 -21116
r236 -47976 40310 -29099 -26496 8635 167 -60332 4127 -10433 -11226 -63301 59136 -44486 6701 -22199 12083 20906 -17768 50080 3012
r237 34673 41816 28660 32570 -8753 65066 -20695 2808 -64285 26629 26440 -51608 -12862 6623 -44070 -12914 59900 42311 -62386 -23507
r238 -53812 45648 40935 -64511 -52650 41081 -36071 -29141 51091 -23627 -38661 -2880 51399 28722 48202 -42121 -33281 -38571 -39008 51237
r239 -36467 19076 -39518 -37373 6947 -36438 17808 3889 -29987 39044 9297 -28462 -38321 53949 -56222 -54113 56333 12491 -24909 -25203
r240 36518 62858 -4097 34944 56496 30445 33720 -61164 12898 32467 7013 -2509 64237 2791 -52763 55171 38233 1231 -62670 26965
r241 -14940 6386 -9905 -32862 46933 -10480 58824 27759 -39186 -12258 -9408 4446 -10431 -16520 21812 52318 38851 -7145 -44199 32620
r242 43220 45576 -32476 -24771 -16965 -55067 -51282 -1272 8391 -25310 15961 2491 -29080 -17403 -63352 13447 50965 -211 -61020 -25785
r243 28240 -20055 -52017 -14056 60191 29984 -30651 64028 35735 -32745 -35705 -56563 -2510 12373 -22351 29776 -13823 -10062 49044 22067
r244 -57107 -42835 23491 -13163 -37286 -47028 -13100 38075 49373 -19236 14182 18460 -38896 9644 -50240 40971 57033 -23910 48563 -23391
r245 -6143 -13017 54 46196 60220 -53791 -27621 3411 -33545 -47749 -63189 16910 -646 -19174 -26771 24781 -11823 -3927 -15494 -31567
r246 -29830 6913 61956 29694 62671 -17196 -8145 32258 -47883 43867 10241 -49111 -13075 -40531 46274 -19627 -47181 61259 21694 19824
r247 -2073 -26809 -45214 -53894 -10462 1847 8038 -64517 60608 -13669 36398 -59041 -9262 -3484 20523 34803 -54583 -39174 -45191 533
r248 45928 -62513 4730 33500 -41761 40394 43723 7331 -51931 34922 -48339 9622 38245 25628 -46551 -12077 24726 -31170 -49796 -35667
r249 14452 -12135 42954 -38683 47446 29763 -30830 -58063 63417 36035 -9829 43546 -64716 -51592 58807 1103 -20718 51750 -60607 57101
r250 -4958 -9677 46819 -46818 -13621 49977 -57612 -58374 55583 -10856 47154 -62404 -3164 -18646 -33063 34147 1951 -65037 34148 38452
r251 -35221 -2875 -14798 6280 15779 22949 26286 17536 27288 13764 -26394 -27975 30114 -42586 -30672 -51092 13726 -52900 -45517 -43349
r252 52053 -32746 -9835 40101 -22976 24274 -24080 15304 -19973 -18295 -63276 -61738 34666 -53587 -54773 -15743 -64805 -65073 -9603 -60101
r253 -899 41911 -19747 21445 -2158 -57551 38120 -8412 34209 -65102 15470 51096 20285 24316 6611 54468 61566 46481 -28509 -10922
r254 17176 -59571 53961 22519 -64873 -42561 10020 62085 -19627 28529 18404 -27626 42298 29482 14825 4771 31461 58173 -58606 10703
r255 50265 38924 -35004 64570 -52730 22993 30122 42995 -17251 12550 2812 32611 40020 -55213 47459 31396 57476 41417 -57749 -21401
r256 45661 9255 35365 29417 -54947 -31658 32469 -8336 -29243 -47651 59136 -40374 50474 -35944 -60030 -1702 40479 -51576 41655 25174
r257 23602 -19633 49239 -18809 -7741 -24051 -34962 51500 58995 61877 50421 -30075 -56883 61750 23515 -63256 80 9214 -64053 63523
r258 39888 51660 -226 -48872 -1656 -22876 51516 57959 55679 -53797 30589 -37823 -2291 -9924 -6732 -8486 1171 -20422 24000 26963
r259 8456 33649 -50533 -32211 51777 55294 13776 26029 -533 21805 21413 62132 61402 -1014 3698 33752 -44053 46505 51658 51381
r260 -48694 38544 -56480 -61079 21016 20850 -60910 34740 59199 8925 -53725 38273 4561 -10979 5285 -16816 42400 7352 7254 31160
r261 -27598 -40501 -36977 -59681 -59758 50662 15494 -20563 -25649 -20070 -53898 -31287 59596 -64778 47501 -47384 -9026 -62080 12155 38761
r262 -41109 -47677 -7315 -27456 -51686 -53835 -4652 53237 44584 -10088 -4915 -35556 46109 -41056 64679 42680 -38616 -58201 -49068 25564
r263 -58147 -64754 -9581 -37331 -62254 -26677 58030 31684 -10074 3488 3723 62027 18494 -39620 -55459 -33597 -51503 27963 -41662 24534
r264 38900 57761 47953 37985 -50932 -55577 -19193 53287 36726 13281 44109 61563 -56597 10165 -54156 34215 -45350 8651 51002 -29695
r265 9142 -63189 -17391 -58985 -47119 -64622 2373 -9712 -20158 43356 -14558 55311 -87 1541 -10062 -57760 57927 -11919 18583 43196
r266 -58473 -64213 -61453 42738 42260 31911 35260 19234 -22268 13976 37432 -44632 36939 43585 -49427 -37869 -34916 14780 -7391 -55163
r267 60421 -43145 45129 22636 18820 -37877 -44050 -601 43749 32390 -11669 -57655 -8912 -23036 9623 -54097 -52245 -55391 6258 65010
r268 12294 762 -49764 -8974 61328 -38849 64878 -47753 18188 -18838 -49353 -29858 -25089 -53909 29049 -25363 -13274 10350 -6235 -48150
r269 -21957 15921 8409 -46891 28057 13102 -18817 3860 14834 29730 -59012 47117 -6082 28131 8889 -54060 -13053 2160 42690 -21830
r270 -20545 2264 57278 35235 -60186 -14048 -13399 -6794 8892 36401 8187 -44172 -37698 62870 -48347 28303 -12280 11834 -24771 4168
r271 -54446 -18055 411 -4030 -9520 8541 -8848 -63805 13607 54157 -15564 31662 -31129 -11363 63774 63656 50129 -60593 -18816 -44245
r272 18502 17638 -34948 -4920 3491 33492 15486 -5940 4777 -13272 40422 24768 35609 19147 -58074 43888 -20683 62921 -63285 22260
r273 26931 -4844 -40768 -21080 -20812 40451 -37742 -55416 38844 -45552 -32043 20720 -4534 -61181 -40970 26729 52598 -6772 22189 49988
r274 -38480 18317 -8914 -23781 19193 -33060 -528 8882 -12601 -6287 42420 47578 27736 -40332 -27280 13206 -13656 -3855 4303 35674
r275 -62118 -2906 -49459 18152 53323 -44815 30334 -4062 10887 25598 51595 -36750 -7367 35518 -24848 -15980 58284 -21318 29497 43190
r276 -35819 18529 -57258 -37927 -27673 -42613 25246 32861 47830 -23372 -39223 31729 -2384 -56605 -31528 -20134 61627 -57450 -9054 41058
r277 -22371 -23796 -55130 -12774 -58886 35786 38841 -8925 -28352 -30335 64854 37147 35192 -33934 62398 -8885 7883 -49867 7279 -53312
r278 -27754 516 -40343 -394 -27145 39406 27265 -57088 9570 8160 50288 17633 -20933 -58054 -2822 -13822 41158 45431 -33235 32099
r279 -3425 40916 -16317 -49834 15499 -40120 18009 33002 30924 -37657 36509 -29686 43940 19844 -33713 18968 -29428 31271 46134 -44933
r280 -45388 27865 -50478 -36978 23234 58362 -32096 41216 -9375 4646 13808 1812 57588 -28486 -29462 3759 -9545 46498 -16291 -25891
r281 -27189 -33015 -37240 55942 15775 -2231 40997 14081 -18510 38483 4657 48039 64049 17434 3738 -62430 -37109 26153 -31859 65147
r282 -62446 -35149 25143 -21402 15385 -23827 -46538 13691 45016 60849 -28934 -43026 -44592 31352 -52002 -63902 -33061 48906 -57096 -776
r283 39698 31399 -42870 -6295 17322 -53063 -1590 60097 7654 54620 -44060 -57912 43957 45667 24559 62409 31011 -20439 6859 25724
r284 -47690 -11392 39347 -64178 63739 -61831 43056 -64164 -10267 -24050 63250 -21223 -58930 44032 -25006 -41799 61755 5158 -12906 3833
r285 13177 38132 14958 -53803 -61291 -25936 -31885 20578 -52737 22324 32354 -21307 24444 31556 -41917 -25144 13644 -2859 24699 -61497
r286 -50857 18713 -55836 31123 -5229 860 -4140 -57444 63112 -42967 -52162 40506 -54646 -332 18146 -41776 55769 29749 30742 -17064
r287 -10720 37444 15097 -42578 1945 32856 798 -38296 2134 -19390 -55193 23769 -17801 7703 -27622 -51688 -49587 61244 -50466 37625
r288 -51309 -7370 932 63145 -17481 7567 33252 -43763 35826 47844 22081 -35587 -12809 60107 21048 -40768 32758 39686 62648 58646
r289 -51619 40893 54652 -16545 -13099 -51671 -62835 12823 -55495 -17802 30377 -48540 -11098 -7778 -32261 16545 64777 -47766 42012 11418
r290 53152 46294 -15273 -10516 31688 45203 -24058 -9536 61874 25882 -11208 43403 -17706 6677 -25474 -48280 -28931 42941 60268 -19110
r291 -11892 -58735 -5876 -18166 56803 -44284 -37028 -28892 -53229 5894 -6896 50309 53746 58721 25280 -16216 -53898 -2761 25784 17749
r292 -51528 56851 -42640 -10318 43435 -16637 -31662 4608 10975 -49605 -49626 -45835 25441 -64181 -50283 60470 60517 -43589 36511 40152
r293 -5281 -12439 64737 1562 44315 -11961 -45136 -19841 8487 -30618 65341 -9829 -11145 -29308 1751 20090 -10691 26804 -39029 4596
r294 -54134 4323 48017 -54200 53564 56834 -35158 25721 28952 38 -46211 61831 32385 46095 -39096 22787 -39726 -61855 -6638 -8320
r295 57354 28892 12430 -40932 42376 -34578 -36507 -43739 -36312 -13553 13033 -16233 -3171 26685 36707 -1432 -10580 -46107 -1101 51673
r296 -31957 -59638 22512 65218 31977 23115 -12954 -19676 56136 -22813 -22297 7919 -53492 36678 43038 -35488 -13149 3784 -44430 -11036
r297 -17000 42611 17295 -43360 -52572 -14593 42798 17931 63196 -58921 -30952 63077 1782 45027 -42078 58854 -54060 -31664 63725 -23241
r298 44589 -50218 -16578 -28979 40600 -37668 64369 -30607 -9627 6753 -43441 -11963 22578 -17582 5094 -4139 -38688 32257 -8503 18151
r299 -11413 -9554 24718 -60961 -56772 -36420 49861 3952 -62670 53135 -41146 -39906 17886 -33648 13115 38288 -35332 26179 1068 4855
r300 56079 32593 2087 46655 -30558 32468 -20079 51849 16845 -44534 -14734 -54141 56708 -50604 50063 29548 -56295 20405 25791 -50045
r301 54588 1055 -33732 26568 -57420 -29795 10074 1276 -34672 -10678 12186 50094 43455 -2761 -60726 -44848 61602 -49116 41810 42552
r302 61749 -57762 50243 36606 -45819 -56063 -18731 44156 -24127 -61022 -20026 2485 9988 64954 62603 9703 -44216 33526 -43473 -27823
r303 12788 -17478 1682 16476 -34462 54816 -48163 46265 -26071 35739 62439 -57181 -16876 -63734 42649 65060 59836 43006 -7905 55440
r304 -35734 -38187 17737 -63099 -22744 63236 51424 32679 -5948 -64783 -48868 -14732 -57609 -23766 -40564 964 65239 46431 19815 -52208
r305 -43816 19605 4025 -5368 32888 36808 -39867 -8047 -4443 6967 -11223 -64561 61967 -12352 -28204 54013 48993 26103 -63486 59586
r306 47942 50931 -48523 45298 35145 52685 -60583 30811 54354 -24185 -8076 23190 -37748 16826 -12236 35726 -59397 -38031 636 10404
r307 -24148 18902 -61779 -15207 -34917 42203 -43335 -13689 33261 29180 59133 -49674 35599 62468 -31943 -58350 -49927 -509 44934 -38455
r308 -2152 -59694 25022 35942 39699 28962 -3991 -10274 -2249 33686 -7922 64722 -14888 -50154 -62141 25752 -9211 -37229 23174 28935
r309 62005 -57773 -44996 -30990 6296 5782 -27448 62579 21120 57580 48827 -28853 -49342 34815 6060 32417 16720 -23023 21071 -13123
r310 55558 -57119 -19980 -58962 -42584 42277 -55294 -24828 29534 45707 -5088 11762 2850 -40972 63260 8743 -37669 7142 25992 50766
r311 -32235 50456 62883 -10390 -60600 -12565 -23626 -57639 35981 1875 44743 22314 59659 53125 3848 -52619 -1663 -58350 16596 50270
r312 -12694 -59622 59111 14018 50972 47521 -44465 -54994 -23775 55268 -29688 25431 28429 -18961 -8356 -51147 54591 -50954 -44869 30663
r313 -17578 3333 46776 580 -43778 12607 47857 -42382 -24699 42219 6723 16254 -61388 -10128 -28167 26228 39034 22849 -23246 -48941
r314 -39264 -58494 -20703 -59581 34662 -29981 38495 -19507 11791 3704 37830 -17975 -4895 -19459 -36623 10742 -26972 36612 17761 -12157
r315 -43606 4448 6650 50318 -40910 -52003 62778 -48362 33269 41612 45225 -62002 -64941 -24855 -58909 -41325 62506 -19111 55310 -34385
r316 -30789 -9779 -33244 -16931 30710 -40975 16007 -8270 -20481 -56931 26464 -19346 58519 6093 59464 27709 26626 -46127 17994 -27343
r317 -47865 3170 55269 46846 -3263 60200 29166 45980 -57663 -25686 -51978 1681 -38093 -54715 -16965 65484 -13594 -59753 57321 -14955
r318 -62063 -33826 -38671 -64556 -42191 62836 35049 28021 -58552 25062 -63661 47301 -37319 64705 -49467 41503 28352 23153 40273 52802
r319 -11132 -52154 -6595 24322 49044 -53266 -12629 8985 58596 37207 15525 -24174 -30175 13697 30567 -43336 36871 -13967 47788 8606
r320 -18461 9742 7749 -50848 3930 44137 -31707 -49691 1981 -26000 22298 -12472 40905 6058 17170 422 37585 35048 -36244 -58299
r321 59839 851 -56173 -49683 -6130 -3600 -49164 41407 -5932 20167 -26094 61547 -61352 -49309 -50154 -30145 54791 -6312 -5984 -17385
r322 -64682 12638 62772 -28480 61335 51061 -36848 -15065 -54944 59885 56138 -59704 -56400 -6754 13811 -31770 2337 58199 -5248 -26128
r323 24280 31855 59165 13766 -7745 38361 18031 16599 11246 19081 34460 -50572 -44589 -63624 10501 -37618 -61744 -19457 30152 -38703
r324 43667 -46584 48444 -27967 52809 -45445 62450 63947 7595 -52274 -50001 33852 42980 49602 -50581 -52819 3053 60120 8344 46730
r325 16905 30288 4490 -962 -10207 -44247 8534 -31609 -14907 -38436 14366 -53450 22927 -789 35882 -40756 30115 26730 -15189 64167
r326 40183 18225 -12722 14657 38301 -19411 9978 53383 32755 -38718 -34928 -54229 -47347 64951 36561 52808 -50445 -28537 -54413 -13012
r327 -59229 -54009 -48848 1792 -43622 31901 34437 32350 10832 50582 51081 -17720 -31554 34580 -4480 13807 -40314 28274 53121 -27789
r328 -39430 -19423 24596 37201 -31443 -52804 13262 39755 -38801 9107 30591 56097 59463 -6558 37023 9889 53389 -28878 -48689 54768
r329 64593 -61317 42332 -60820 2193 7262 -41340 -9495 -47161 -17382 -6350 39160 18564 -13501 -8942 38547 11551 22513 43414 -7535
r330 11344 -12032 -25594 -60565 46727 54789 30378 -23816 4088 -8384 -37569 58125 56259 -29469 7411 -319 -28082 -17393 -65046 -25500
r331 -15702 1121 30727 60554 25641 -30883 -47482 -35694 -43143 -51762 5431 1821 -7749 -18601 21418 -46945 42642 24539 -21475 1939
r332 11361 40483 -49952 51768 57940 58375 -65219 -39828 16281 7412 31777 33205 -3211 -17792 59490 4634 -12914 14290 11833 41219
r333 57571 60226 4854 12151 -29284 44201 36593 27035 37844 39282 28480 -24440 6174 -35418 64482 -21267 2796 22238 -44083 -49735
r334 23679 -24706 -32156 -18895 7616 26493 -7964 61247 -20818 3698 -25322 42087 21947 764 14791 28984 21206 32042 -774 -46549
r335 61232 -34726 62752 60203 5674 -36932 17263 -21770 10077 -9924 -4478 51396 58622 -22878 -6165 9903 -10829 -42406 62221 -32305
r336 -46098 -41150 49625 -35333 52757 -3389 -56898 53710 -32579 25959 50860 -12187 -33804 28034 35964 -52292 -37377 -48734 -46704 276
r337 -37470 -6920 -54084 -58706 -5205 -34344 8702 11712 -3742 -37669 -4290 41658 -53129 27355 9096 -1218 -51042 64022 15465 50300
r338 14563 -1272 -11527 7975 32667 27487 13762 -53657 58780 -32927 57268 58958 3973 -44811 30741 16029 30465 -55420 47750 36255
r339 -11063 45883 -29686 14517 59961 -6752 -35534 9024 12911 7027 -18774 38188 -44248 36588 62397 -34733 -4624 -35085 43044 54063
r340 53033 -43534 -5638 -62965 34375 43410 35119 38318 53106 -9695 -45206 56157 -33396 16976 41689 11443 -19909 55644 42633 -58652
r341 25669 -50891 58 -25658 16620 -43229 -24484 -22366 29885 -6506 39566 -8242 31285 10824 -32437 25035 -52669 8505 -57097 -7987
r342 6315 -11191 58035 7523 17547 -61286 20296 20976 -36986 53710 34632 48547 -20440 4273 11817 39087 -29149 41 -40406 -30664
r343 -504 -414 -4972 41105 35983 -10845 -25200 -32828 8737 38208 51775 -62514 36903 -65051 43635 -12905 -17491 54897 1854 60277
r344 -38835 33343 298 17330 166 -29008 -21338 -54495 50498 1512 57112 44187 -37268 57511 -40758 4340 35353 63707 16215 -55162
r345 -30872 22667 50432 16322 -17454 15224 63062 -23967 -57978 -30242 -44433 49354 18910 -25384 3820 -10871 -44350 -20082 -33021 -5508
r346 17813 33956 14512 -26962 -23096 -28691 43779 58061 -4975 -49941 -54016 -57797 18212 -23344 15509 57255 1636 -64847 -24303 43505
r347 -59423 3677 -50033 -40071 17724 12498 9977 6201 34902 34774 -43680 -62565 44636 1166 49824 30897 -42882 62192 -29022 -33456
r348 3112 -45557 60949 8639 -63781 -58733 19374 -1777 58878 65502 -35114 -12506 35340 -28921 17249 -63604 -64959 -31506 53661 -12209
r349 -6391 55532 -60093 3507 62528 567 -10618 -46076 -37613 13953 -62512 5697 -57398 -4057 6754 23993 -50092 -8396 4492 -14225
r350 29691 62609 -201 37959 -19408 -28823 42083 29919 -18997 29852 -22139 -30281 -22270 25142 58876 -25886 -61722 27082 50254 24460
r351 63267 54249 -42386 -34639 -45072 64973 16653 8500 54710 35506 -31604 -60389 31529 -35741 40652 -20852 6726 4628 -27878 -57196
r352 22475 52903 -9767 -48866 53048 283 -43640 -18563 1554 63981 -32404 -20166 11295 8229 10363 7950 -4199 39336 28583 -15116
r353 43227 -30576 -8548 55401 -19664 -32690 39930 44455 -19957 -15251 10719 55288 36808 38845 -39680 -13827 -17607 -16551 -22508 58106
r354 -25331 -55025 -53420 57882 55 -19954 -7619 22 -17583 -43365 16238 -49101 -34563 23079 65219 -12776 35880 -35788 -5647 20295
r355 -24883 -22254 18144 -43810 51097 -16864 -44730 -47426 -56574 15388 12856 -43738 -4345 14757 -58110 -28121 -57843 -50716 -63061 -56451
r356 -37509 40588 19103 37010 16990 -40613 -53655 -47648 -7905 19053 -26905 24664 26780 22808 -7571 20776 9171 -39046 4950 -55764
r357 24375 31979 -40696 -49592 21495 61397 45385 -37359 -33145 7576 -33770 43127 26354 -19484 -12250 -58378 -27107 -47009 59749 51590
r358 62213 16370 -50023 -16016 59244 -6171 11756 -38350 26437 -57671 -5279 53362 32927 -32441 17863 23687 29668 14761 51334 27437
r359 42856 -59205 15346 -18485 -49675 18149 43739 -15271 4130 -52663 62046 -35609 4584 45329 -14817 58615 -58282 -43191 -47831 -32155
r360 13108 -27805 -25798 -5756 -53930 30869 59471 63146 -50326 -28293 -56727 26066 -43373 -47618 64224 -11127 47301 12076 5040 -37610
r361 3553 -53549 28658 27190 16280 47369 -45511 -35109 56690 -56657 -28267 -20202 -49174 -11852 46789 5895 -47941 -35809 18892 -30613
r362 62771 -31384 40133 -8758 65318 -41242 -31193 -43713 -11909 -52835 -34978 60277 22533 -33827 3651 64644 -21624 31275 -48658 44763
r363 -7848 -53505 -23810 8418 -34305 55963 47936 -47034 58800 -41425 34448 -8618 -15279 -46387 43129 2913 37836 19599 -13702 -35116
r364 -15152 7485 4290 48783 -31387 -28958 -51115 25756 -12877 14521 -11546 19426 -54297 -38766 -64318 -21892 64536 -52059 23734 -39590
r365 -45187 41480 -43362 -57441 -27369 4788 -33227 -9367 51507 29069 -13492 -23969 -62572 4678 50864 45922 -35552 -44618 -43265 52054
r366 19378 -26967 40309 -29485 -35270 52579 -11186 -10775 46398 -28553 50113 -55176 -37040 -9046 -35623 37121 -27776 33816 -41659 33011
r367 26966 37728 39898 2494 -13355 31926 16581 32057 38008 3877 -54245 42725 48292 12887 -14206 -57471 44506 -45958 5567 33715
r368 -5272 -37311 -32393 -42926 -9300 -9518 -57212 39927 11094 -46809 30657 53121 50277 -45998 -64541 -56452 -31898 -3254 37909 -19731
r369 -40018 -22310 22186 -29570 22222 43988 57155 20198 -23434 14086 18630 41979 18752 8199 58307 3885 -55794 -762 32587 -43790
r370 14237 -32383 54760 6032 22168 -49034 -46612 2066 21314 -41156 53612 43057 -28774 -14142 33372 -33047 -36942 -3038 -36949 -2879
r371 30599 -45159 5567 -708 33687 -2691 34088 -6305 39650 26912 52565 -15194 56922 -18507 -23888 -45048 21462 -60910 -44356 -23196
r372 13699 -9960 16766 -49962 32340 -60251 -24712 40876 24775 -27586 1481 -15473 30675 47631 -20510 4111 -15120 40720 -40800 29859
r373 40553 -26935 -12538 -46723 40523 63986 -17308 23587 37029 -34294 -21771 50990 -25246 27111 43651 -38186 -51018 34366 36978 46588
r374 -31461 -23810 -25147 12006 -5653 10322 -48658 -55338 -48749 34063 -13220 3518 -46387 -8978 22676 -50370 -58931 11773 41494 -45367
r375 -40870 -41875 26983 49162 57817 -21332 -1347 6733 -25774 44657 -33726 -39035 37835 62510 -37305 -63422 -2674 17667 -57248 -15259
r376 31971 6755 34935 -18699 50270 20562 -45149 -38387 15766 41532 19790 -32027 31032 64925 45835 27074 44929 40304 11032 12482
r377 -45304 -37884 -38924 -48195 36663 40553 16326 -56621 9967 -18165 21161 -33479 51088 -38666 -55967 52869 -28724 -2144 -38243 -3439
r378 -6597 22462 2086 7965 32131 45839 -3470 43817 -62066 35737 -47977 -58291 25891 -18440 -48524 16030 -41706 17528 -22989 -37096
r379 2118 -32346 -63195 -39337 -44516 48294 51432 13525 44418 271 -826 -16862 40698 -38234 12856 -57060 -57928 -53703 -30295 15289
r380 49255 13716 31291 -23565 46330 2194 55312 -46672 -23622 -17427 -49497 49715 24692 34806 -16564 -28814 53977 56220 11866 3405
r381 -7314 45149 -21127 -47936 -29069 -21142 -52130 -34961 10275 31872 -29049 -62648 7881 35325 16797 49171 63970 -10875 -26436 -62662
r382 -62659 -62873 -2248 8458 14796 -1743 -10328 -57448 26193 9333 -47241 49191 -14552 -35814 -34067 -51276 7065 23509 -15330 35900
r383 28029 20109 55278 -6589 27737 -44749 16187 7498 39169 -17520 -1557 10070 34655 -41740 -33488 884 54658 -25164 24750 -28521
r384 -20074 -59951 -7044 -26766 -41536 20763 50907 -39093 17169 17773 22395 52821 25130 -43201 -35019 25053 -579 46091 12468 -3711
r385 6787 -11088 50638 -55221 -23012 38418 56888 -30198 56721 -40135 8502 -54974 27403 5004 25033 4857 20023 44339 58916 4878
r386 -14783 -51883 -19709 -54578 56079 62818 32163 -4314 -26482 23432 30762 -60478 -49083 -30395 28312 -49478 -28012 -15957 56415 32864
r387 -5379 -34335 -10361 -57826 61809 4181 55423 61920 -14399 -64233 -18385 61516 -4279 39398 -54653 -4012 -50425 54552 -56354 48914
r388 21755 50288 -43797 -50200 13844 -29063 32614 30591 2256 -58115 56080 -60992 43609 54294 19997 754 -2870 11410 7840 -53061
r389 -24085 -42875 -57252 -60761 19034 44241 -22696 -34434 56756 -23192 14429 -14489 -57301 58957 5162 58063 57805 -21265 -4790 -27984
r390 57505 -2070 27961 -31481 -21508 15687 -12492 12738 59063 -36387 -39160 -30558 -14586 5262 597 40187 9346 57085 -16878 40290
r391 39077 -63404 -45913 442 61989 21059 -13884 58388 -17525 48026 27516 5004 28124 20129 43165 -30523 2850 -36021 60190 54293
r392 2641 -27709 -8676 -14066 63591 -62965 56980 30276 2073 -7641 -30062 4606 46525 10186 -19309 -19366 39310 14828 -44444 50804
r393 15966 -29258 5387 -7026 21365 -37080 15381 -37925 -62927 11004 -62321 -59599 -43423 54778 39661 15602 46012 -25629 26979 -63717
r394 45501 -31000 -44825 -43890 44049 10936 -42914 29312 -31944 -57692 -35845 2330 42069 48628 46299 -52345 -25118 -11580 29926 47589
r395 5451 42335 34216 -28615 -59140 -26133 -38374 -16378 12686 23878 -21266 26409 -53859 31636 -44164 44398 -23043 -25149 -37020 -49656
r396 -7069 -29728 9370 42188 -4789 -25008 -59000 -8507 -16581 37674 3521 -44104 -17534 -52833 54754 41198 39809 -11250 5105 -23675
r397 -30285 -40209 50235 -20740 -24875 58011 -24538 -36013 -64686 -1202 64516 -18572 30164 20537 22647 14686 -39532 64024 -44154 -49032
r398 -20637 36543 61824 -22638 -4270 -40613 286 -1525 22410 -48091 -16901 56990 -43805 25308 -45604 -25595 47741 -65481 47884 39524
r399 42081 -48439 57327 -18574 -26295 -10852 -64576 22079 -17638 36980 -52218 3748 7526 -4078 -24941 -41634 -58331 3490 62987 -15809
r400 40274 -14355 -58995 42528 11223 -49043 57799 -4193 2647 -63077 5711 -20724 -27393 9211 -48115 54983 11985 53062 -61412 -49868
r401 -57782 -50923 40864 -57951 -46200 11299 -62955 -49159 38171 -29127 -23478 -513 -41290 58847 -52804 -20625 3873 60101 27102 61568
r402 -41617 6825 35371 9791 -41378 41405 39823 56115 -53460 47729 -55734 -54351 -44517 -4341 13481 -24483 64021 -35156 54554 -2154
r403 -24330 -13444 -6803 -62350 55402 -41778 -21175 -7961 25319 -60134 53285 58198 -29158 57693 -14817 21607 14930 51403 -13054 56269
r404 -24693 28827 24322 -13861 -24860 23493 55317 11733 64928 56632 33194 37660 -10915 -25495 -46117 -11468 46754 -30444 63072 27670
r405 -38574 -32521 56124 -37443 15743 -34595 41994 15091 42160 51210 -23195 -19997 -31795 46438 -36604 -12173 -38988 -21240 42390 63931
r406 41486 -51870 -51041 -30370 20061 3630 -9841 -7211 -4704 48693 -58020 -50908 -49208 42148 46587 50024 12247 -29346 33701 -28302
r407 24136 43725 -26843 31987 -47291 -27015 -3576 -50405 -8952 63933 33820 45077 30621 -26217 41085 -4902 -18922 28868 -43323 -8867
r408 38323 1074 -22372 15067 -32619 -20466 14558 -61825 -55487 -30129 -22866 -42482 -49335 30763 65287 -45024 60795 -6054 35282 34646
r409 14117 -58560 35582 -48734 24375 -8504 60679 64944 -50387 2489 -55612 9782 -5401 49797 -34345 51922 63596 -61414 -34200 23562
r410 -19326 28787 31386 22795 6832 25431 -1034 31367 -6663 54023 -53955 -60001 -35054 -24492 34099 22459 10165 -1971 -29918 47558
r411 34043 37304 45602 -32502 23604 64992 -52398 49747 -21741 27196 35406 56162 24109 -951 19018 -35515 26114 -65317 -7805 29332
r412 20297 5268 25624 -41365 -44141 24907 23404 57600 61468 -6753 -52173 14287 13943 64451 -25443 29662 15321 -2242 16503 -19081
r413 -58651 -5705 -6860 -56887 -7056 24722 18853 60360 41832 49521 49776 -3381 -58127 -56251 3812 -36294 33401 10093 53342 -7460
r414 -27014 -50008 48334 11063 32804 -22670 4309 -8600 63361 52412 -41601 -47699 32471 62810 41997 14966 -49395 36441 27982 55406
r415 -65433 13316 51433 -50238 2107 -1139 49743 54462 41988 -63487 -63065 20161 34001 -51824 50210 63475 64084 46042 56313 22679
r416 56829 -51950 -12290 19249 -5172 -14358 -15418 -38070 31591 -7068 51540 46447 -34572 11293 -5427 43999 -1292 -10843 -1335 -31203
r417 -844 9536 1386 16068 -40145 -53225 -31869 8464 52813 -1239 -65437 27439 64667 -43177 18155 -57373 22793 51878 -39635 -51657
r418 3785 1564 38676 -38039 57164 60459 26110 32934 16679 44208 42059 -44501 63938 15032 -16458 35705 -5668 47192 -11054 20860
r419 -8193 -38460 -60056 52323 19285 -39487 -58717 4577 -31115 54880 -14832 55288 -47089 -9318 -58269 5839 44098 -36607 39922 -30048
r420 49922 -10671 30945 30184 -63915 -53317 1867 -23467 -39393 -29503 47559 19471 64797 62958 -50506 15134 -6938 25854 10626 -44693
r421 60286 -47851 15744 17315 24621 7479 26826 -27139 -53189 -39692 -58573 40298 38083 50477 -46403 -39149 19444 36400 -37145 -59363
r422 55856 -27390 45331 6351 -10122 48155 27731 7064 18659 -23333 -51843 -45153 -15152 43167 -27109 -32932 -30033 -42598 23050 15669
r423 -41467 -26544 -16229 8968 63950 -8020 49793 1082 45142 59548 42191 28794 48755 -44020 51654 6596 -18026 -52757 5874 32438
r424 -65058 12048 -43865 53621 35898 -45940 -56593 62904 38332 -15531 29824 -4875 -29929 -31767 64658 -10014 -7339 -24570 -35801 61398
r425 -59385 17447 -26984 -30215 -41510 -27815 52484 -1103 54441 -39542 17296 -32533 5655 -59458 -38435 62846 62420 13604 35497 -38438
r426 32572 -28088 38300 60680 -61026 -49764 45401 28178 -8469 52509 52013 36123 51845 54191 5753 37212 -3847 12081 -48630 42632
r427 30276 -12054 59218 -17887 -29112 -65512 -20358 -52045 -46494 -57731 -17364 23458 -10568 8492 -41388 -50005 47746 -16016 57007 -9460
r428 49902 -29869 21618 56407 57136 -33401 40003 44309 36405 34388 63660 11897 -20700 -63879 43850 6115 -62820 11407 13505 4467
r429 63545 65205 51914 -54116 21625 -55345 -35025 -38403 -41626 -1402 -52275 -40071 12033 6559 46668 -37432 55137 -36571 27907 -7402
r430 -6315 -56137 -1326 51644 64747 -43829 -41493 -42768 -54273 -29839 -52737 9417 -47895 1062 -45737 -51144 29001 36372 -52212 -49355
r431 40585 -64064 35354 -16489 -18232 -55050 17244 3549 -50305 55066 -20057 -57019 37393 -19504 19613 -50828 -15408 63302 -488 41772
r432 -359 49414 -5735 -33820 -39321 -60318 35448 -3607 46707 -41741 30915 -36903 -756 -59497 14374 -3063 -27155 -34103 -29369 31557
r433 -4912 -22952 -28777 54953 5552 -53794 -14055 47256 55306 28757 12443 44112 -47185 34565 -43169 -5190 35885 -4167 56666 37912
r434 745 -42303 17015 19704 36959 12411 32318 -1608 5408 34622 -49382 7344 -31341 8011 -26988 36471 -29736 64915 -62519 -21743
r435 -27075 16322 -3973 -7230 41268 -2819 53365 51490 49815 -51395 65117 -59967 -42743 -60582 62585 64684 -14343 36934 -13386 -12002
r436 15636 58816 40541 -33401 -33891 34427 41803 -44877 -7307 6186 -50245 -15253 -53361 -24707 -27449 18013 9107 60771 -13608 36977
r437 64506 34192 -8417 -36277 28723 -27607 41670 -64311 2409 -10812 4861 34839 24880 42567 -14621 23250 -51153 -26395 -51428 -37103
r438 -53117 63739 -9456 51509 6672 -56909 8307 33446 41709 10316 43856 61072 31006 -42437 -34184 18048 6311 20882 61220 -18204
r439 45808 39323 -15467 21764 46243 -28432 -16137 4354 46677 -58606 39215 62640 24960 -35480 -48618 -55620 -41413 -10318 -64509 -49984
r440 46446 -17841 21628 16287 32434 62717 672 134 -55172 -62709 40309 -17458 43777 12 -37433 -39786 -42179 -13708 -9872 6211
r441 54185 -39257 19141 27656 8413 50662 29471 -1863 49061 -10126 -38166 48641 13805 20599 37998 59979 -7892 54471 -61885 -30985
r442 -39150 -21680 -29844 29962 48433 3398 -21954 -47751 -11115 30425 60122 34807 -41697 -33771 26974 -28450 55722 34806 41442 -14349
r443 -20055 15295 -5445 -49707 -13652 -8343 56182 -2242 -50185 -36051 -57974 12561 -37939 62541 24398 -6042 11787 -41974 -51640 -7905
r444 -10299 44531 9216 -34009 -47009 28355 -38095 -65408 -33931 -62006 40666 -62079 -30501 -48670 8507 2096 35075 -19277 41336 -21232
r445 -5404 3689 5133 49406 31886 -19539 20569 27770 4334 -5247 13176 -64484 58151 -41561 -14025 -34792 -36958 33561 52978 30193
r446 53963 61854 -3801 -52673 19127 21999 -55221 -46534 -23046 35833 4465 -55897 55307 21838 -28958 -1276 50426 -12095 -22641 13075
r447 51479 24325 18992 -52420 30177 17234 42399 -3933 -19149 -41281 29423 -32101 10149 -60502 -5095 -56245 -38426 19835 13940 15442
r448 -62172 -44316 19816 4149 58492 -54277 -2379 -30835 -3921 20909 27807 -46481 19793 -20020 -6970 51464 60562 -34181 5094 255
r449 -16779 5481 28795 -40200 -52416 -42140 -626 18746 5457 -3185 13072 26605 -9825 -5442 -22460 39342 -6880 -27258 37660 27545
r450 -2899 41983 -48786 2939 4136 -26126 -14046 52627 -53750 49613 508 13698 9263 -55853 62554 2952 16323 55618 37987 19527
r451 62400 38396 -6457 54757 -63270 30602 -33443 -44495 -30065 -56955 -12757 -39777 -59124 -16146 -22942 17491 35162 -60515 -26583 25715
r452 11744 44104 4673 61116 57696 -37829 -35496 -10121 58975 157 -23156 45184 -58798 -43968 -939 -63584 23667 51314 56013 -23322
r453 -49428 52098 -37712 -54827 -6764 40361 40204 15962 11705 4800 -39268 40605 -59144 -64461 47695 -61164 57642 -48000 19078 35351
r454 64358 59536 48120 -39801 11519 58540 52847 14047 -24810 39901 -25201 63746 -29567 -63614 30731 -57646 -658 -41410 -33267 15220
r455 32324 60418 -3930 53555 11415 -55317 -5128 57054 47653 57197 16082 -10445 12774 8718 49128 3936 -38248 20979 -4609 -25909
r456 30768 37512 60068 7945 -64548 1291 42165 28380 39524 -56941 40453 -64093 -30706 8577 -17648 1193 -37951 -225 40220 -27847
r457 32377 54652 -55875 10012 -56161 -28372 -48564 -10214 42550 -64155 -51588 6540 34672 -28653 46952 15296 27396 -14484 61039 -21965
r458 -3502 -26609 8467 30262 -46371 9152 48636 -43762 -38523 63337 -55738 14216 51431 63778 -11710 -22873 1762 56746 -24761 -31559
r459 -38815 57488 -26917 25904 -12395 56073 -29731 2088 -12977 -19083 -39264 46194 -51907 -46940 -26371 -59879 -33111 58671 -32515 -12556
r460 432 38765 4397 33755 -20349 61829 -58860 3530 -22435 24325 22743 14366 63874 -53025 -24111 -28884 -64587 35419 4730 -47993
r461 64420 20470 -63682 -54326 31777 17237 38985 -46619 -18664 35309 10890 -49017 52260 -24208 19478 35233 -8412 -38341 -26774 -25069
r462 -45269 44814 8094 45087 -23628 -14674 -51000 -6878 -44699 63581 -52736 40268 10101 -52194 -27466 -1834 53694 35382 -28970 -29299
r463 -39296 -24818 -43760 63877 -40371 46743 -41678 29410 -32481 31141 -9845 7389 6842 -58230 -36638 57659 10308 15179 5529 43346
r464 20211 10449 12718 34594 52558 41038 -6047 23537 -52957 -59162 26320 39043 19523 -61695 -33943 3010 46614 46733 -64147 31504
r465 -58810 -16510 36616 44700 25386 8062 -18405 16658 -31577 37525 -9655 -36352 48670 -64165 64904 21166 13601 -63031 -20752 -24026
r466 26555 -63938 -26640 -49963 -34846 -20246 24662 -51139 -22843 -63224 64250 21925 -768 -51350 -30333 -56038 54877 50009 5637 53952
r467 -28316 54178 -33415 62262 -58391 23262 -56257 27836 -52297 -13678 -25246 -1774 21395 43358 -27047 -2646 -40999 17792 -13272 -40868
r468 -35990 -24307 7118 24729 35982 9701 -64284 -31357 39242 35442 5114 -10448 10960 -24141 36918 -39623 -19789 -53084 27555 -58323
r469 53609 -50443 6471 29085 37944 2045 14578 15375 60851 -29115 47330 39507 35068 3112 -40898 -47662 49647 -39648 2240 -54880
r470 -33739 -61350 -63846 47050 46337 -54915 52268 63222 -37565 -12388 -44592 -20320 -14833 -54558 22989 -139 -34616 17124 -41958 16098
r471 -56328 26491 -37151 37313 5426 -25715 31148 -35180 -19590 -16568 14160 60964 -26301 37170 -8963 -40302 24775 -24871 57519 -43873
r472 41537 -16059 64503 20563 27292 59464 -57237 55225 48477 58673 58848 -31099 -20589 14803 63822 -43266 -4552 -61287 -106 -6898
r473 -6866 -27518 8729 19190 57661 17577 31257 2847 22297 35983 29684 65519 -36900 25892 28499 -298 9880 57890 31687 41162
r474 44614 31328 12287 -1152 35465 -62420 40977 -51176 10910 -53183 -15377 -26008 62101 -42560 58918 33141 3819 -13784 -48309 64674
r475 -2422 26747 27549 -34104 8823 -56637 -59898 -49698 51018 -2304 -34809 43655 -25038 41807 -24165 -60385 28417 -15516 19533 -28299
r476 13525 57062 38672 -9538 24883 -27549 -52628 -48286 10620 -63893 46160 -4701 -6132 23748 -51494 5850 15710 36330 45695 -48694
r477 -20957 -30281 -65221 -61854 -51904 -5604 39665 61121 18058 -27761 9539 -8555 21107 -37529 31315 -30064 27011 -17717 -61497 -15437
r478 50588 -59737 -27326 28163 26961 22102 -5076 -65505 -10425 64349 13585 7691 24729 30264 -29839 12322 1858 40406 27003 -18819
r479 29226 25934 10365 -7366 141 27890 13726 -65386 -7112 59939 60981 -28397 -7822 -50395 3004 54688 -35253 2017 52082 -57573
r480 22347 -5315 32061 -56550 7382 39115 54938 45380 48100 -42403 45572 -60501 62762 8365 -62588 -6813 -44036 11132 48593 30475
r481 19398 58875 40158 11218 35438 -24314 16905 4074 -39262 43076 -21438 -15249 -39237 -41315 15127 -21721 18970 62892 14403 -55548
r482 -47267 -32077 40247 -6354 33997 63414 -44527 11544 -46806 26332 39794 -36453 37780 -44857 -54078 47603 54191 54416 -19458 29993
r483 -20094 24846 -46849 -40941 -18464 -64163 7355 -51798 57547 -11544 -15072 11602 32281 17885 -13234 40165 44720 -24579 45756 -26670
r484 -19726 8201 -34372 38149 54037 -48742 8282 29001 58572 -22294 -31432 -2412 48670 -5328 -47542 -34648 -57509 -51869 -5547 -24688
r485 27632 11342 59788 1293 20451 16015 -37037 -19306 -60325 -46232 -34278 -54127 26621 56353 -55636 20839 -31636 3591 56929 -33026
r486 -34992 26266 -37945 -6655 -48074 9299 40609 -4633 11180 5422 -48359 54455 -31557 4823 56212 -4165 -20344 9567 64108 -35277
r487 -19731 2686 65432 3588 29832 3930 7333 -30603 -7222 -29345 34129 -28747 53691 39168 46324 -21547 -5901 -45230 -48647 -41536
r488 -26079 32277 -845 47112 -36933 50812 62561 -21415 -62152 -22916 28615 11166 -64210 -17490 -10377 -32900 34421 14931 -30530 -36151
r489 -43986 -17091 41698 56033 40404 50269 -7634 -10996 43831 -56881 -6528 -28619 7628 -21685 -20697 -19537 27780 -65415 -9893 -35579
r490 53360 -57900 -36240 46476 -45461 9179 -37416 13097 5043 38543 51480 -20112 -26656 33689 5503 -8651 -31654 -51935 -6262 -43440
r491 -5255 -37670 -22473 19507 24989 -8217 5194 63274 -59761 29252 -30047 3081 8606 -35760 -55381 -53091 44402 24594 -15039 37893
r492 8285 -41099 27148 49315 18979 60620 -48505 -38098 55075 39110 10695 24151 -22577 56139 52680 14608 -2205 11120 46890 -11579
r493 63593 18591 9776 6523 243 10220 28610 -23261 36607 -12598 20818 -14288 -32740 -43927 -8492 -3421 -295 19708 46384 36876
r494 43619 -24452 -30932 -12458 -25115 -38404 -37942 -9145 56153 1444 19455 23765 -45981 36251 -16368 -53034 15938 2336 27119 38261
r495 56910 -47253 41340 -35676 48113 -1592 -32407 40258 -36654 -45198 25064 13313 16452 36810 -29936 1360 -42251 -42864 -14703 -4440
r496 -44947 58304 -10476 -17013 -3746 -56879 -16460 -21743 -54299 12468 -37479 -2293 22245 10048 22588 14618 -60581 20309 -41044 -26486
r497 42766 -55691 45688 59080 54489 -48042 61981 -54945 -15276 8456 -7578 -35533 -29467 18733 42195 32720 5272 -36512 19210 -3029
r498 -3265 -23792 30480 6189 36168 27752 -23931 23515 -34305 28428 -53248 -50985 12593 -23254 -1624 -50527 44456 39754 9599 31277
r499 -53058 -42822 -4304 -51614 5489 -8233 52899 20558 39351 -39798 16860 22618 63659 22895 31762 32245 9726 34104 -11450 44812
