mTable10 21
KEY  c0 c1 c2 c3 c4 c5 c6 c7 c8 c9 c10 c11 c12 c13 c14 c15 c16 c17 c18 c19
r0 2630 -59683 61309 26371 12873 -15749 -29481 1773 4310 -29000 -42058 -4418 31057 60669 -63299 -14913 -9120 28477 44655 -49273
r1 -60952 2382 28048 -59419 -16036 -7273 -59101 -1744 58639 41314 -1687 13032 49431 -36601 8618 54122 -54506 45305 53838 -37555
r2 31035 35786 -46813 61402 20130 52515 68 -38139 6102 34217 -11429 22523 35691 17629 4817 -10059 -56360 -13911 -5439 -54438
r3 -26410 -36522 1333 20167 59316 -33775 -35968 42424 12673 29849 20140 -47019 -17230 18367 -32865 10275 29234 63741 -3883 -24106
r4 -8552 -47610 28455 -50841 -26969 -20684 49574 -58154 55491 59762 38385 12861 -56922 30542 40739 -16938 -40189 51475 -38175 -54474
r5 39881 -1592 15113 -22211 15512 -33991 -47257 30037 -10900 -37659 24834 37648 20890 44968 -52598 -62492 -43435 -65359 33268 2641
r6 -53134 39995 -42723 21531 40424 51052 42350 26893 15795 -31800 -38946 18593 -375 -12769 -26029 -44583 53913 7337 62841 5388
r7 57029 7901 7664 -60016 -17514 48809 -17066 5634 36930 -62006 -62526 63823 -7286 62768 2259 -32987 59194 14725 31347 6190
r8 -40870 64126 321 28681 -22936 -42260 46712 -46650 -25272 -62552 -1144 28638 -45550 -43083 54645 -53368 -45143 -36577 10704 16340
r9 -36780 -47083 16870 -24446 -6603 21139 50991 32566 -56803 10255 29401 -56898 35955 -11218 10561 -57264 29128 31817 -522 38824
r10 38301 -65452 -12606 -46170 -6347 694 16647 1147 3485 37758 50351 -42700 -38344 57276 27334 13505 -40694 -11829 -27545 28478
r11 -31030 -36946 8245 9325 39280 -7397 2087 -9311 -48387 -36034 41573 -58686 82 -41447 35063 -44392 -31667 22013 -18092 -64825
r12 47478 -51917 3162 -28499 9163 49825 -7264 53640 44196 56772 53379 -44330 -65512 59093 -55815 46923 -31029 -40471 -43947 -65132
r13 -62135 17905 -3986 -47678 18364 -31437 18693 49803 57971 29326 -37918 40890 29555 19853 -41997 -23809 -51003 2089 5255 -4199
r14 16715 40921 63608 -59685 64065 -35271 -33943 32118 43052 -11673 65064 44541 -16476 -27245 29803 2093 14744 -37538 -21391 21423
r15 2825 56479 52795 -29722 -58807 -64565 -43167 42130 64151 63695 -53273 -60775 704 -17292 -58853 -42788 40492 -43351 16127 52191
r16 14786 -63077 51760 -20290 2542 -17362 -54166 11105 -39147 42189 7250 23065 -6259 -19985 -4829 -61265 -12584 58982 45752 -51373
r17 -60995 -21403 36923 -35472 -57226 38873 -3158 -6621 32464 -55282 -39002 -18036 57550 55444 34247 11159 42579 -16248 -40948 -57844
r18 53213 51220 3080 64792 10953 -42583 -14157 -407 57272 8075 -45040 -35194 33729 -54065 19374 24487 29639 40761 16908 14545
r19 -55931 -20409 10350 15613 -22791 -37823 64815 -13243 -39338 14344 15707 -52538 33197 14288 12804 1366 -7416 -6388 7451 -12417
r20 -14920 28997 -41386 -38296 -31477 -13242 -62950 53562 -59999 28550 -35341 -8053 4567 14038 31738 49152 30120 47482 -22078 6324
r21 -5376 56794 12308 64541 -35260 -26424 -5422 28290 -27737 5884 24033 27361 -38960 30503 12090 -49013 34388 -1382 36627 -39562
r22 45220 -27670 64843 -16673 -60374 41553 64315 -12009 -45979 19770 1672 11603 51767 -29590 36272 -49585 -49640 -52132 -4823 29331
r23 -21300 -3555 -51784 -17559 -1783 11111 -61653 -25599 46909 -38019 -35406 -37844 -11601 -44459 61866 -25454 -51759 -39145 36655 -11353
r24 -30215 -11911 46477 -62138 -35049 -38739 33325 44314 -56132 14749 32999 -26409 18893 -20757 55570 27313 -50961 3351 -3733 -59602
r25 8851 29125 -2392 43596 11884 17659 700 -19668 6993 -55363 23824 -51921 -39040 17032 34091 16409 56768 1418 59920 -35664
r26 64900 13083 -27816 58816 -14963 44451 39682 -9263 29806 25465 40459 -28149 30189 -19256 -23712 5554 25800 62904 43626 37542
r27 30529 -3574 -43608 -541 -1215 56684 -13779 -5168 4456 -54979 14018 40886 -3940 10912 -59500 27998 19478 14719 -40838 62548
r28 -29157 44409 14849 -61988 -34876 -13900 62952 30996 6259 -2247 -32427 -8042 39474 17130 -4072 32344 35859 18196 25630 7062
r29 18939 40097 -52792 -5835 -31868 16186 -53477 62591 -32799 29875 35231 -14243 -21262 41905 63143 64253 -40223 46677 37730 52608
r30 48037 -401 -23657 7537 30010 29187 -12721 4317 -32192 62910 -26290 -31236 17104 -47383 -29988 8599 -36198 -49824 -34855 23338
r31 -54052 -17524 10459 48562 56961 -3376 57982 40869 -7990 -23364 -22773 -55075 23591 -8000 -44897 57617 -43346 -34864 -55938 56940
r32 57474 9792 26876 -54870 43367 -28619 -50548 -54964 44291 -38217 35292 -37686 -45207 -49092 -33703 -48036 427 63130 -42611 6879
r33 20634 22531 -53040 245 -14783 49865 6294 53939 25383 -24822 -15133 36416 27536 48222 19582 -63702 -46203 20896 4857 -42940
r34 6376 59189 -47785 -56370 20396 -12414 -64543 -56768 -28623 -45579 50732 63299 55398 -11564 32264 9527 -10392 9950 -2656 20098
r35 32976 -42490 30361 63737 3023 6460 28041 -16235 -9992 33066 64807 19268 -60251 -18168 -33049 21996 6762 42328 9603 58649
r36 -34074 16835 61653 -4801 12818 -10758 -41637 -30764 -52025 -9639 -3355 43840 4033 -30050 -40451 49987 51506 -14853 52201 -48160
r37 -62272 25992 9647 6592 24070 56212 50371 24474 33037 23899 -27530 51100 -57354 42031 30416 -41064 -28513 63551 52775 24508
r38 16697 61061 25481 4272 57081 -32931 -53690 46351 -168 4399 -20745 50360 59979 36623 5508 -46558 29772 -3224 5 -8234
r39 54100 -55569 -48235 -40214 -56802 63773 -27347 53814 26457 -21193 64483 -45415 35898 -45683 7395 -32160 -59427 32269 59842 29566
r40 -18969 -11748 -4225 -29532 39363 -9280 38398 30081 -49864 -56423 -15559 30783 37706 -19980 -61595 36272 -22380 941 -55277 -62766
r41 -1241 12992 -30612 59072 -54766 58313 62121 -59202 43029 -3348 -38319 22232 -25762 46167 37181 12429 28982 51935 -10900 43281
r42 27519 2929 48085 -36460 -6738 55315 26047 56028 -25262 -55962 -52192 -52527 50041 -19589 -51212 -14991 17643 1756 21100 -55869
r43 9459 -33624 -31739 -31990 -56385 24492 15913 2435 20169 35696 18338 -27483 -12172 -12922 -11203 -5311 20661 25629 14289 19146
r44 -20252 6258 10949 65487 37576 -37058 42914 -56162 59887 36116 2538 54038 32969 -8406 -37836 62692 54994 44314 53793 59759
r45 -55433 21754 60158 -33171 31531 24791 3670 7448 1510 -52884 558 -41352 -55560 19798 9957 -7856 63093 11423 -63558 -13110
r46 -9653 41640 31230 -19346 -37830 -55392 -44510 -59655 -54640 31165 -23891 -3150 -60697 23536 46451 3536 -33134 13840 36663 56656
r47 -10371 21271 44212 -63003 -4452 -33876 -3098 -15912 -4393 -481 39692 49386 -32138 -42482 21622 -30717 -30709 2260 -6413 21270
r48 36016 -29224 -15342 34466 -24409 -59311 10504 -58163 -8291 50108 22502 -3517 -41742 -7170 21495 36714 12680 -27616 27923 64057
r49 37927 -49937 -7663 39252 -10070 -54271 37156 46111 18581 50610 -56745 -13955 -58218 36701 10808 12179 -52630 35280 -46973 4365
r50 -38811 62722 30117 -9527 -40915 -12405 41090 41598 29958 -23069 -13759 42212 35054 -64389 -63360 26713 20223 -28235 7135 -34308
r51 51392 -29841 -33075 6441 52814 50815 63791 50309 34515 -10103 -34529 -6112 -7167 -57885 -232 57110 -235 -10390 13221 -42526
r52 -14010 49939 36165 50442 55544 -27636 38489 62566 45140 -13139 -60715 49855 -43816 -58882 26464 57528 13764 16693 28267 -16679
r53 -21824 3979 6716 -40505 -64996 57004 20097 21309 55919 -35429 -29926 59446 -18251 -63243 63725 40648 48394 38851 13960 -37900
r54 3534 -540 -2536 10585 -41603 58187 -4865 -42594 -62198 56547 38485 -14011 45416 26928 47468 10374 -33916 40607 -46214 23580
r55 38 -62944 41846 7771 13879 -29438 1302 -15076 46083 22940 33655 -13141 58739 63523 54751 50956 -40805 37236 65379 -7392
r56 -21222 -17271 25256 31238 46770 3656 321 -41848 50313 -53612 30138 -34293 35333 -48496 58202 -18037 -21191 -34693 -60931 9989
r57 -16243 -29397 -42987 -28749 -15060 47312 6449 -763 60661 -29124 -10071 11120 -46653 32444 54602 -60956 -14272 -57929 -24015 22306
r58 5243 60250 -47688 -12033 51301 49204 39116 -38558 20914 39313 -20969 38721 13886 -64213 18681 -18641 -17302 -10486 -13235 -52125
r59 26340 22947 -51112 3396 -32325 40787 -4972 -45490 -25856 22054 -25124 -21523 30912 -34232 52621 -30991 51681 59742 -58778 9710
r60 -45656 20065 24570 3397 -2585 -2087 -39031 42571 39777 -32247 6385 -8752 -12861 32130 37622 42776 55281 18933 -35280 -33779
r61 13496 -7505 -17262 -58041 28256 -21023 -61948 62005 -550 -29896 -54801 947 31779 10520 6169 17185 65352 10431 16717 -53476
r62 47781 31634 38337 -40348 -65069 41800 -57789 -24162 -45776 20336 10155 -57684 36370 4543 55908 -51691 -3457 48362 3531 30919
r63 -17422 -50624 15176 55832 41327 -37940 30082 32789 56443 7001 24461 2966 57212 -45952 40395 -9866 41421 50534 -26855 -52278
r64 24784 -15808 -47726 -28121 -62082 -524 -43294 10732 -48919 -51870 7900 14927 -24096 3250 64784 46226 16605 37293 -1772 21796
r65 -49832 -968 55236 26060 20518 13402 53391 -29591 -36174 53086 18196 1441 -58090 -51605 -9450 24140 58810 7133 44389 -21587
r66 -23062 -22827 18424 -53818 -55611 -34572 52141 24404 -7491 40703 30316 15204 -20518 28165 49901 52015 43864 21145 -15367 59081
r67 3444 40105 57417 -54354 45023 41701 -40168 -4874 5976 -51910 -36212 51256 -30663 -22055 -10701 37916 -38115 -55479 -57179 -60289
r68 -271 -60577 -25748 59651 -32994 48935 -33660 -1483 -54112 -61181 47781 -18981 -26144 -31627 34793 -24612 -26237 -52006 -38579 61433
r69 -26902 -49444 12746 38243 -49305 -19997 -15492 58841 -17608 -38460 -61241 -6291 39247 64665 -6521 41077 25526 -28420 54985 16140
r70 31351 -20693 -47123 -7365 -28416 33258 36693 50009 -15072 51194 -26778 25456 64726 -9666 -33464 60564 -39580 40506 8729 39915
r71 -40844 35432 44806 -7588 28634 11493 -12377 58014 22042 4353 -48944 48762 -15500 -18211 8650 -12643 -3428 42217 9821 -3828
r72 1996 -41082 -42856 18258 56586 -64405 31768 37176 -18523 42221 -22532 -36424 -62493 -41453 44991 -13954 -40998 8919 -62116 -59322
r73 32452 -45504 -58716 -45813 15853 -15222 13205 18259 24832 -15160 -27177 37066 -59888 -32513 -4532 -8917 31696 60169 43853 -64893
r74 53286 -64856 2760 17564 44927 -22142 -24504 20365 -13586 -63561 -46469 -20626 -62412 55006 -12323 -48717 5002 -3505 -19605 -50578
r75 38091 -31037 3563 16316 48048 -3510 -3127 -38554 39685 54139 -1480 -54940 -12517 42329 60684 -2232 -15449 22637 -22346 -24954
r76 36094 -18846 -23205 4112 37735 38113 -45138 -50858 53770 55497 -52246 37921 36614 -3138 -63292 62593 51649 19143 15468 -21495
r77 -58121 -12933 -3532 -13406 51058 19242 52560 -55990 -26221 -16850 -27237 -62981 18067 7708 -20671 -61918 23885 -41967 -16448 30316
r78 -59475 9509 35171 12252 -14670 11781 42034 -62881 -4852 36680 33363 24125 -60684 -53087 37255 9148 -20931 -17546 -54727 63487
r79 41715 -55388 -38786 50159 -4651 14361 -52186 35475 59930 57328 41908 32122 11312 24700 -56 26282 63092 -30108 -8832 10144
r80 35786 -7242 10286 33818 60598 -38612 2679 -7638 -38937 40658 -59822 26365 -717 30424 -17279 16046 55033 -10407 50346 -36870
r81 -47091 56052 -48920 -34873 3646 -14736 -34837 -58742 26917 29306 -5026 24311 42752 -31697 -23614 -23926 4294 16905 58557 -39512
r82 15790 -53821 19193 -43437 37842 19137 62431 -18898 33704 -45927 12610 -42658 -30894 53669 -62543 -37356 -27810 -10800 44825 8767
r83 5979 16459 42302 48110 47906 33318 -40006 -54713 -37238 11385 24475 -61983 -19964 19542 14247 21212 57000 -34266 50725 27394
r84 -51207 -5771 13121 -54831 10678 -26505 21692 -25117 27218 31694 38877 29833 -57781 6795 -39257 -38118 49891 49098 -48911 -19665
r85 20999 -33049 -61848 45467 50626 55497 35280 -19839 18514 32713 60083 53671 53145 52671 60041 49579 -3607 54119 -29823 -1259
r86 17230 28175 26653 38076 20638 -44522 16769 10380 -30487 -15269 34081 60375 31759 33204 53733 5339 -55209 -11267 47659 -42702
r87 -26547 -31551 -30871 7208 17491 53166 55866 48116 55664 -61977 29312 -24609 -22220 -8718 -21331 -54497 -474 -21996 19755 31036
r88 1072 23982 -8382 -61385 24335 35413 -15719 61883 -49847 6011 -19908 -15234 62977 -33934 64805 16208 -24886 13625 -1636 52289
r89 34815 36196 -61931 -19245 -35202 3285 8615 20754 27281 1298 16352 -4773 32925 -8822 37534 20778 -45536 42432 -42107 41716
r90 64883 -1869 -59419 26267 -54003 51739 55963 708 50626 -9848 -35240 -14279 -51734 27628 50454 12840 -63486 -1269 15506 54545
r91 -1600 48916 -53284 26646 -9956 -52142 -30646 10616 57442 -56380 45891 26281 63144 -2700 15771 -901 58486 19373 47075 39806
r92 26384 -52833 -10029 57736 35365 -21886 22856 -28034 10647 -57455 63718 46618 -44881 -54024 -31200 -9410 11639 -42938 3367 56636
r93 22583 35462 13081 -38557 26220 48873 53160 -33421 -64987 -14 -22948 14017 44140 -20236 1230 62084 -52573 -36906 1061 31358
r94 21821 -13836 12039 -57069 -13865 -62431 33677 -6422 -48268 -32547 22921 -46934 51092 11054 -46780 -9670 38176 42669 -30201 14957
r95 -7842 18358 -56225 -7456 -15980 -8979 40447 -1493 -10035 -31440 -54761 32455 6136 10380 -42132 26880 -38924 -62195 30857 -9098
r96 -32861 -60894 37885 51835 37071 -34832 33192 61058 44777 35534 -19342 34095 57363 -52565 -7922 -21483 -42221 26239 2519 -43623
r97 42152 -22055 -56188 -52793 50848 -14076 6602 -21815 21206 47468 -25392 14237 -37972 59512 55526 -35600 -5174 4232 25805 -48285
r98 45798 60878 24333 3148 48890 27357 -4736 -5518 -58729 5165 -17582 -59951 -40110 6860 -51874 -26623 -32074 -1585 50269 -20516
r99 57478 19293 50579 -32751 14738 47750 -52819 7688 -38332 -36527 22852 -17906 58803 57716 -28236 -21422 -42626 -27860 10362 -31682
r100 -11814 32805 -30415 17398 -32050 -39992 7820 -55095 47885 36079 -55988 -53759 54310 58693 63567 -16803 -33518 27770 -4794 -9808
r101 22291 18107 10491 21964 -45437 60004 -59188 -58959 55104 -61551 49973 -28351 38339 43195 -14263 -56513 1284 -26372 -41220 -55341
r102 -30757 -48879 41373 -19371 -34197 29589 45770 56305 2576 -23699 -50269 -4719 8455 -44797 -1739 54998 21501 -5890 -35257 -53578
r103 39812 7557 -1846 -62989 64341 -2273 13010 43573 -45062 53895 -58496 1286 -22716 -46877 28242 -58425 53290 -58388 56222 -4418
r104 -26887 55435 -50500 1983 -52768 -454 -47014 -53160 46716 23060 42251 -61053 -45495 -27525 13880 58245 43962 54547 29029 13602
r105 7317 19632 -8351 24965 2268 -54797 39214 -36022 -64397 -46129 -19577 47790 43152 37635 60482 50627 -28989 -35345 -23744 36119
r106 37994 -23694 7509 16177 -63626 22973 37517 -52574 53364 -34437 48572 51520 41268 9311 -38348 -38359 -53635 -24827 -13463 -33021
r107 -59381 -25763 25132 34285 35033 53374 -14278 -21732 -53349 -29132 20706 -12531 -20747 21491 -28893 8650 -58529 37874 -45285 62139
r108 -33692 21871 12682 -40782 -28946 10733 45577 61294 45201 43054 5591 -13241 -39681 -2293 60948 44927 -37620 -10559 -19686 27720
r109 12394 -65124 29105 -61482 -50541 -49191 34185 -17096 -16723 59903 51943 -13121 28768 -16936 -42950 -11808 14672 -41568 57751 31783
r110 -35114 -58571 -18782 22020 -52845 26844 53906 -17671 47354 -6824 -40970 -18435 38489 2907 -22380 20560 -51015 -40667 57332 -57176
r111 23711 -4529 25980 -7353 61778 19487 -35696 55139 -40079 10469 47607 51548 -18487 -49409 15676 -19666 37614 12991 -16169 36808
r112 43705 43438 -55349 -18828 62632 2522 -6592 29748 -396 -24696 -2876 -57204 32734 -23361 -30876 -906 58277 28905 3729 31532
r113 -57957 -43434 21636 4818 -31059 -4475 22736 35383 -38404 14628 25920 38331 -58975 56255 -55793 62569 -34237 43882 -48175 -45970
r114 -42617 40428 3998 -24886 21314 20644 12358 -25450 -37469 48580 -34205 5253 -43031 -52076 41800 23797 50940 -46297 58005 39988
r115 18435 -65306 -29370 28183 33010 12440 -52620 -54530 -48935 14531 3052 49477 37239 22297 -4376 36213 -60141 43266 940 54001
r116 -46522 -22123 -14044 84 20898 -17094 61054 40085 -10495 -38672 -34940 -3364 -12607 57403 16652 17805 -29026 10046 46123 37090
r117 36806 12284 -28624 -5035 19918 -50588 -45300 -32157 -52936 -54122 15063 32526 -2003 1707 8729 -9409 -48061 18935 -62099 1201
r118 -64453 -5653 16652 48722 57119 -40255 62395 -55983 -13855 22561 10930 46392 54209 -23684 -6659 -61618 -33124 -29029 61159 -53225
r119 60570 16911 21791 23389 -44804 -56860 -52091 54254 -38212 62634 52231 60855 -1051 62569 20445 40827 64585 -22218 61094 -28464
r120 7531 14264 12928 -65450 34474 40549 -8442 61397 -51116 57791 -18478 65276 -149 -3790 -46291 -16399 41200 -42901 -50718 -41795
r121 -48288 -57178 -24327 -24468 -35487 -29144 -29079 18143 33251 29441 39371 -20009 -26942 -53380 54817 56257 -31982 21375 -6390 -35924
r122 -52008 -5466 -10347 -43652 42937 41914 21306 63929 -14420 60304 13954 32140 -30183 -24024 -39829 -64781 15432 -28292 -11620 -53035
r123 -32205 36055 54116 -26714 58919 -54540 48377 60075 37458 29384 -23402 61217 6772 25323 39485 -64655 -26236 -25907 55263 -44919
r124 58349 7195 -15958 -15997 27229 35303 -43314 54498 21545 26319 41422 -29310 -37089 -32104 18913 -59065 -22691 47003 -57612 12159
r125 44303 -17876 -27710 58922 41056 37517 -35275 7894 -29559 10190 57939 43332 -48629 64646 64995 6278 -60831 22879 7093 14327
r126 8300 45752 40003 43400 62775 -39801 29958 -61740 63242 7303 31923 12696 -30309 51257 54038 -40475 29493 -57572 -52214 -52050
r127 -13767 50722 -53589 -28600 48517 -38719 -29348 -65051 17774 57533 27167 -32518 -14364 -792 53473 7849 -31263 -17750 -50971 61113
r128 -1133 -45602 13926 -28544 55750 11073 -38332 41975 -15575 34261 -47349 3888 47480 36278 -16685 51317 39225 -62655 7709 38785
r129 21221 -55311 -52556 -51390 -44021 -43974 2855 28503 65206 4679 -37663 17268 61921 -16659 -31116 59182 -27103 32371 55152 -51972
r130 5026 41440 35945 19171 -12127 34579 32375 59861 46850 -17851 5307 48830 43115 -45508 53760 21669 18685 20893 -39489 21085
r131 -21594 -17706 -52089 -8938 -19742 2686 63321 9982 -58001 -49968 -6375 4353 62320 -65183 -9218 34537 4129 -48907 -12359 -51486
r132 43237 39157 -45647 -53893 -5419 22471 -59220 31044 -40856 -64504 -42103 58292 -42951 -13004 45751 23520 -28838 19544 -12542 -60347
r133 11213 -31902 33384 -10760 325 40636 7212 17861 -34206 29871 -32024 20746 -57159 16298 44421 3735 16371 -16771 -21869 914
r134 39682 -27618 -13028 56769 52683 -1894 45969 38688 -62914 -36144 -5332 -45540 25016 -45344 -56537 102 -36807 16955 54829 19303
r135 -47047 -37771 4865 27372 -13132 -48558 40749 -30076 -38284 32477 4481 -62664 58012 -53535 32925 -13565 -32596 -35126 -36331 -36125
r136 49412 1300 -43523 51008 33398 -61984 -28404 -26435 53347 -1450 15246 19493 5306 -16718 42140 17876 -61970 -64666 -25849 16882
r137 9306 10845 61723 6512 -44180 -17339 6506 56079 18065 -2967 -1207 35407 17008 5895 25999 -33544 -50995 -19917 30009 -8676
r138 -23122 -62055 -53176 -46371 -31884 39608 28618 1018 -8810 35379 27314 -46123 -33037 20539 22355 -35580 -17267 62950 22333 -24829
r139 -16333 -55163 -4577 -17293 38233 -39243 50958 -35666 49449 -57518 -52283 29690 41213 48553 -1884 56085 51091 53131 46539 58317
r140 -39099 -22282 -10920 28278 -20012 -46005 -63866 -48407 -34508 27987 36401 4633 57239 -27898 17297 36785 2522 -51738 -8571 -53439
r141 -53215 -54768 18621 -8593 41023 46045 -41832 11436 21873 8547 56574 65514 -27950 30148 48722 12004 -19616 -53732 17566 -38713
r142 -37940 -45917 40035 11287 -16865 32224 -51225 29717 5433 12527 36485 16226 23372 -513 -55006 48562 -2568 -39311 16128 -29633
r143 -5776 -6778 28238 6246 46712 48029 -58234 25127 60419 27263 -16265 -60464 -58530 -55279 30304 -19288 -62320 5166 63612 48725
r144 -17970 37440 -4425 -41292 4260 8099 43048 -10813 14624 -26004 -12658 18031 26480 -39794 -20156 4858 -4311 -26666 53449 -64176
r145 -51086 10347 -31763 -45328 3569 -5838 17887 -10112 32596 49529 23372 19547 52114 -31128 -42525 6498 -57783 -35736 -61283 -13107
r146 9731 -59340 49624 51292 -12270 -18073 -60867 59459 5424 11759 58602 57964 54178 -10538 2452 -47084 7688 49650 -20982 21324
r147 49283 48910 41647 -30845 -8639 42451 -16256 28156 1147 -28598 -9638 17224 -19656 -15556 25697 53270 39844 37608 24080 5672
r148 -36015 -8402 26418 -52328 -10701 52906 27178 -9242 46799 -573 38854 -39098 -4358 35075 54344 -30552 -1578 56156 -20133 -4664
r149 -10652 -34699 -15624 51730 -53987 -53922 -26124 -41067 16545 14733 5082 -47423 2628 65136 44743 -59621 -38763 29002 -12953 -2150
r150 -21024 -22787 -51659 17344 -59553 -18143 52846 8310 36147 43803 -9732 -46526 -34984 -24493 45827 42008 -57185 24096 38585 53238
r151 -55053 -21260 62873 -23604 557 -63423 35923 27060 -34730 19185 -50721 -56246 -39751 4345 -61433 -43700 -3737 23032 -64149 42867
r152 17148 -62977 -50238 -19896 -20107 54275 -24387 48466 -42293 59159 55038 -5271 38553 32622 -16483 37202 61550 44251 -31853 -54147
r153 22212 -40883 -43573 -1102 49248 -50405 11733 -61286 -27713 5716 -61391 11196 -28683 -16506 -43663 25257 -37330 63395 -6232 64958
r154 11642 -19739 17454 -59088 -54834 64094 49644 -23241 -11619 -46068 -62717 26683 41673 -11085 -47004 -32105 -43285 6470 -26046 -46155
r155 18655 -56956 40016 9980 28333 -37411 -27197 35555 45559 -57020 53587 35207 59131 3675 28788 49479 7827 59799 -5858 51980
r156 11346 62039 32036 56583 -58683 4047 8262 -42163 43360 19084 -2486 -18953 -4346 -61308 -57008 32891 -64724 27144 -44069 -3368
r157 -60491 -31797 -38212 -23502 25771 39034 23018 62485 -49697 -54513 49959 25099 37885 36038 -45090 -52449 7433 28256 51253 -10780
r158 -26486 5508 844 -43873 38446 45547 -16078 -35001 -62245 64586 4319 -64480 6363 -46491 -49754 12588 4387 -47307 6704 54254
r159 13295 23092 5853 1944 40706 21554 44042 9684 12125 -57317 -55341 -62268 30686 -21326 47883 -45023 12499 63410 42279 26204
r160 4028 -55780 -53653 -20799 33858 -40782 -1193 15140 -48605 -11468 -1471 44333 49973 -19536 36731 19609 54559 34056 -29031 55345
r161 -25492 46800 -57159 50910 -15076 54073 55700 -64710 49494 -34021 26346 13810 -20059 -52990 -63723 -2873 49914 -48354 -9029 29161
r162 -34837 -50195 32380 -16143 -62025 -40313 54767 27091 61132 -8177 -10244 7169 -43256 -35931 6132 14618 46340 46043 -3539 8074
r163 -36648 46742 14215 -39630 35412 -964 8193 -55481 53813 10832 28952 -62549 -1210 27587 -27045 -30715 55523 -63477 -60662 -53100
r164 -62066 36860 45176 37076 -34487 -33605 -40721 -39847 -15936 2560 18763 48349 -3089 12829 12386 46102 -33103 19044 -17057 36757
r165 31937 -28229 -14861 -41724 -10599 58765 -54145 -25609 -47409 23715 -38274 -62714 -46256 -38088 36500 -54914 5675 54881 15275 597
r166 19410 42913 19761 18804 -30068 26378 -24629 -36395 -12993 10063 -38577 -11639 -57220 13785 19626 -36449 22676 -17159 29854 -28422
r167 -28022 11551 17313 20807 -42226 -33574 62347 6487 13553 61371 -62739 -16995 43949 -8739 29162 4849 -50356 7056 36150 -60969
r168 -25763 -13007 -22929 -43224 -1446 -1301 -61077 -29215 4526 56107 26086 47324 52139 -25685 38735 45850 -12970 -418 35328 49540
r169 65421 -47049 -26394 16154 -42974 276 -44311 -38794 13018 -9092 20018 9108 30031 37703 35928 -57582 -44319 -38667 46105 38661
r170 16418 -28479 -39502 -45327 -52306 58684 63963 -56800 -46745 -38375 34761 63651 -53511 45849 -16629 -21692 -17723 -4923 -43450 58003
r171 -41029 -28113 24356 1368 -7695 -62041 -36477 26527 58316 -48011 22028 -20879 -65499 -53862 -33437 52908 -58133 -36935 -43236 64417
r172 63638 48511 -40999 -14441 -53375 -55112 57113 -6962 7908 43139 -37622 34768 -9179 -43575 26264 -63211 -59709 59770 2366 4918
r173 -62867 -1949 28263 -14473 33322 59339 -13118 20031 -56063 -5328 61435 -11160 33013 -21669 -59865 815 34923 44205 -6109 30700
r174 26183 -46169 -56073 9186 44494 -26640 6487 61999 -3637 10983 32155 14463 55662 64362 -46947 46550 10326 59428 -61961 -64218
r175 -58343 34318 -43995 17644 16727 -14632 26742 -60019 31544 -23958 54897 -26215 34541 -20881 -61149 -59842 -42436 47151 -30628 22129
r176 63663 -20238 27129 -20753 3179 -56824 12192 51188 61793 -17523 4135 -62164 -43504 5994 -3226 -3418 -19860 1866 -35317 -26410
r177 -43503 65014 -42051 -46608 -31514 22736 -60133 63013 56454 -2659 -50652 54725 -4292 -49512 62672 -43010 12428 43719 -16132 64707
r178 -18900 -53894 -44302 -48487 -29443 -2017 21094 33861 54222 31013 -19982 -33098 -3693 -39968 -4077 61199 -64001 56816 -52822 64795
r179 -22534 62897 39715 -3807 19382 54334 -55787 -63232 20358 35591 54837 1364 -5301 56795 -56820 12725 -35617 -37667 32308 60033
r180 46051 9417 13248 -20885 32734 -26590 -60684 -59371 931 15495 -48507 -22099 38267 -46123 -60562 -8520 65127 -53153 -38787 -42267
r181 -28361 22809 -3426 14469 14509 -8276 -1678 -29607 -819 -5332 46989 -19828 -18566 11325 -17323 35571 33539 55583 56182 16095
r182 31496 64882 36714 11916 -34471 4856 44992 33524 -43453 18640 18867 -41672 19206 -60143 -42663 -38679 30660 27049 3242 43910
r183 -43648 -18642 53848 37525 -53271 34061 -21738 26522 51642 -62835 -8098 722 -16657 46917 -38701 -4579 64838 21810 19585 6521
r184 16531 37502 -50718 43163 58400 -27124 59675 44956 63828 -468 40321 -51212 65371 -2729 50980 53964 -3469 -13620 22796 -20542
r185 62809 16114 -43736 -53623 -5774 33912 -313 -11803 -24635 -20274 -44042 -34552 27354 -11865 21580 -38056 -64456 41872 13044 18934
r186 -8911 16912 17184 25182 57479 -31333 -56623 -17438 -14629 -12074 -21776 -2715 -11535 -58125 46238 -62116 59229 8932 3730 7231
r187 -65511 -41988 45578 -35752 55783 -16759 -61921 -35452 28978 -22698 -9234 -9593 -64767 -3404 -18680 -35742 -7153 47643 53290 -20691
r188 -59338 55788 40960 17717 -27427 3922 -59093 -16487 -56181 34619 44194 -24526 39312 -22375 60667 32601 -29111 26868 5863 8140
r189 20962 -62965 -42129 -38515 -55200 -11831 49873 7780 -39184 -16888 42660 -43450 -24260 -20848 19483 -64410 37096 -40455 -47140 29034
r190 26076 21648 41484 52285 -52922 -34257 50010 -34503 -49416 -13750 33166 59682 -13289 11819 19348 -31938 56745 -52623 30921 3729
r191 -17990 15723 -15328 -9485 -55753 -6538 -42129 -56447 -7583 -14616 2402 50373 -24998 -11261 57187 -15696 -8998 5990 7947 22056
r192 -26880 -54399 58355 -62218 -15140 -20379 -24933 -3702 53431 -59544 -20679 -9128 -39166 2955 -46298 -24028 -16207 -52730 -21300 19468
r193 2828 48264 -34840 65295 -48534 -60351 -29762 29060 3513 31188 -40339 17942 -58242 48237 41608 -54911 54607 20594 -45234 34093
r194 -18131 52744 55221 22968 -48367 61846 33505 50592 -61113 -9463 -30871 -18955 -3124 -56083 -20899 -55155 28377 17150 52584 7422
r195 44392 -28646 60889 42156 -41443 51781 21810 41398 -44692 3002 -41716 29770 -4303 -12081 24584 12635 -5661 -42705 55948 -61191
r196 16922 27618 51356 -14673 -17022 -25295 59893 -57422 -57115 -6692 -47731 -8405 -12273 12529 -35592 53214 -12245 -31978 53904 -27052
r197 -6854 -55475 -24381 -42841 64702 -45504 -39306 18660 41752 16591 54224 2510 34401 -54535 23019 -11451 -30765 41889 52412 -13025
r198 -51752 30891 21496 15989 -20830 17631 -43279 -18464 31325 22744 34117 43214 -22001 -21028 26302 12704 34942 20721 23762 -23918
r199 -15269 -55200 14076 38342 63537 46715 47711 50261 4097 -64820 30681 -36433 50285 -51356 40165 18810 49655 6283 -3925 -52594
r200 -74 -58592 -2728 -3766 20196 -5422 -55489 -3774 54354 -44604 -19198 43480 38517 -48972 -62280 -8803 11949 -17635 29367 -41864
r201 -6595 51704 -1524 64538 -28893 6829 46696 22179 -38711 61316 23495 13142 -14216 -27723 53797 14911 -23614 -48927 56150 -23423
r202 14807 21673 5070 6660 11852 -43945 31367 60862 -13212 -6601 -15361 12005 27715 -28203 -12300 49330 58781 -34409 -33759 -56637
r203 -63703 16757 -11577 -14528 21577 12152 38513 61884 20684 28470 17555 -10785 42650 -11085 -42217 5893 59485 -60944 -41417 18920
r204 -62318 -30327 11047 -32280 11594 51680 -2471 29489 -47245 -2680 -46198 -55523 65535 -54452 -48848 -42496 -28457 1044 20105 -14611
r205 43299 -19967 55870 -45343 64776 32692 -17187 -33360 11026 -55190 -56475 -54553 43700 -51771 61525 -42401 51731 21962 -5535 -14692
r206 -23314 4257 -26739 18770 6601 -55732 49877 -5198 10156 -54745 3382 -9737 60691 -64266 -17932 1304 1919 -9335 -58280 -61868
r207 -7159 48317 29032 -17282 -30247 7334 35233 -10163 -53839 -2387 -13693 314 17620 -55638 44299 -22175 -20952 -40135 23419 -363
r208 30900 32848 -1406 -7138 4154 14906 -55477 -52056 -53678 -17969 -55737 -27481 29564 49063 715 -34378 37984 47456 -61048 -6540
r209 63917 16154 -39072 -55483 -55174 40529 -46732 17245 -14920 -38950 48794 31047 16546 -31489 -26268 -22500 -53296 -44869 55800 -57327
r210 21458 62198 56880 -49216 4617 -20511 26154 56005 37806 56165 46872 -48684 37279 -47844 6003 64137 8986 -46267 44824 -8918
r211 -16639 39641 40713 1220 43617 16116 -53566 45197 52431 -60438 30824 58857 -54503 38253 -33899 -40104 13226 23125 35149 -13244
r212 51079 -32986 -17051 -5290 -8648 36485 -60413 44803 -14502 45756 28983 -10848 -41082 -33734 -8161 53398 -63824 8219 -16464 51139
r213 -18587 -58454 54589 -51118 42370 44803 61121 33854 23885 -20342 13930 49945 -16426 -17471 -12026 -40916 43221 64128 -9794 29140
r214 -41294 -50031 37683 41496 -57463 -28367 -13795 -55195 51528 -23967 -48671 -17789 -11006 17564 -59360 -18620 20296 -11793 39403 -23698
r215 52524 32888 3003 44511 -54743 -54924 -18224 65281 -40298 -6049 17947 58279 -18504 729 54125 -24767 59732 26811 46363 -47876
r216 -4897 65088 -46309 62956 -35008 -18343 -21356 23294 22484 45245 62355 -15263 -35680 -24027 26687 -26494 -28562 -27194 54512 -12401
r217 12790 -51141 25503 -31888 -53981 2017 22009 -46852 22128 -14775 -46221 -24960 -13273 -60882 44969 31892 -36274 36584 4843 57066
r218 -40276 10181 60429 -400 31609 25245 61464 -11211 34482 -27400 -3760 5862 8424 54229 49170 -16964 -12506 -48966 57879 5547
r219 -4364 -5038 -22093 18493 6534 58222 -60131 -26573 -57386 -2244 -17634 -24421 -20177 29685 -64217 38323 -48717 -36128 55611 52284
r220 60111 6798 -16377 -45573 -7463 -1010 -31511 46529 -30244 -26203 11529 65047 -17561 -22937 22220 60090 20313 -40978 -11129 -16489
r221 29676 -56980 -65298 39741 48301 7197 53862 -36144 -55049 -12378 29337 -26867 -50099 44765 42119 -59982 -62770 -30483 -41833 26836
r222 -31235 56964 -45904 -6734 -32083 45458 20458 -7336 7855 -59361 56331 7661 -40136 -10598 21849 38909 36825 44985 52743 -33560
r223 50852 38120 -55969 43877 50918 64907 -29294 -43706 8440 -64380 -30968 65331 -21442 13743 -13363 10960 12392 -30415 2289 27990
r224 -15467 -1147 30668 47306 58967 -46524 -12651 -33537 -20572 38082 -38952 -43144 38374 58730 18759 59174 133 -18421 17964 33921
r225 -12893 10875 -1200 -43320 -43867 -57572 -14534 55564 21785 -32798 55350 -62968 15021 3138 -8205 50032 15080 26109 44698 -52813
r226 31219 9744 -13483 -42530 -32841 -20830 34575 14178 42030 -27831 8132 18809 -48006 -39291 -29074 -64949 10257 26600 -29953 18773
r227 44470 30527 -452 64756 -8327 54953 47821 37615 -59991 49849 40309 -25586 3276 -11448 -21936 53795 58218 48268 -24379 -51238
r228 -25583 24559 41245 -60635 24884 10295 25106 -12865 16978 -13758 57348 -34972 -38724 -31378 -38333 50068 -47221 60272 47369 -48947
r229 38722 -12799 -18069 -13469 -56639 64760 -47458 -25515 55243 54994 -29687 -8658 -34193 17055 27858 -24090 -14388 12232 -20045 27574
r230 -57600 8015 47901 -19673 34187 22984 53140 -34443 -23215 58435 23214 48763 61260 -64839 36927 55498 -31264 -24777 -21712 -48486
r231 64547 41165 26621 -56740 -32916 7750 17594 -48393 12642 -11166 32364 -6720 -56552 48183 -64243 -58012 -28816 -36612 1489 52527
r232 -61456 21051 -9347 -61918 998 -37060 -8339 -14737 -63761 -8613 -1751 18286 61414 -25501 29179 20810 26056 -52603 -23383 11057
r233 15240 47121 -17247 11836 14369 41834 -34847 -36302 46676 59758 16755 45606 -56005 -34425 34636 44124 -62179 -59165 43648 -60123
r234 53258 6704 35854 -50748 -38032 55418 -21783 38769 31841 24685 -9169 10493 -48018 48579 -30392 39465 26984 -31740 -26478 52285
r235 28248 -64702 -3265 -25325 -6389 -37266 -63253 -11246 -13646 19156 1444 -57954 -15116 44967 34369 58044 -39553 -45481 1802 56234
r236 41419 -21578 14875 28003 5324 23760 -47737 -780 -23323 6597 34571 -43402 -1295 -53856 1582 -50530 18209 61687 16119 58411
r237 -39296 38409 59744 -29619 -59429 -27950 -3580 46114 -23992 -64175 -44906 12263 29199 -45913 30243 58425 56624 -59268 5535 -2495
r238 -61119 -37268 -17767 23550 7412 62079 -31129 -35737 1536 -59684 -32239 26933 11572 -9175 -43301 -49071 3084 -10910 -14351 -4096
r239 -61181 -54734 50415 -47725 25863 -38103 30398 -10968 19477 -27466 18391 61618 11465 28211 54617 57101 -58187 -46821 -55266 -25773
r240 36262 60832 32738 27028 -58186 741 23816 -65467 27599 -8922 -33329 -44544 -1576 4287 -35097 56081 -40511 -11064 -2604 54864
r241 -46896 58410 -51434 -38796 31508 40649 56006 39605 30385 4825 16719 -17543 -40100 -42896 38055 13994 -8660 -4103 23847 23216
r242 13262 -36561 -28480 -7518 50377 -54485 34190 57422 -28216 -22517 -14823 27873 -24296 -13401 -18197 28332 294 -22798 -6120 -62970
r243 -13195 -24584 -14686 -56610 11769 -8477 -41370 -44826 42458 -18984 37803 19114 29931 -43952 21187 -53003 -54356 -31335 -60123 1638
r244 4479 -50724 -49912 50128 1106 -53463 39921 -49515 58320 46632 -62425 65026 63553 37372 -7724 -6116 -5815 -47222 61268 -27884
r245 5056 -53696 55817 33554 -3106 -45422 -46381 -56075 -14718 -21810 -63984 -9697 65396 -34424 -20103 -39287 -27440 12429 -28864 13455
r246 7109 60632 -32786 11500 -45966 -27396 52118 30696 -17180 -24422 -47567 -40192 9181 -14386 15624 -49302 -47937 -54145 28533 12289
r247 16067 -45591 -30705 -38115 2296 -46889 8354 51875 58664 2686 -5265 65230 31232 -39874 -60776 56345 24503 -4663 29979 -3209
r248 -54698 47866 64794 -53490 -52953 54852 6601 -21640 -55244 -10129 -8680 51311 40290 35472 -10543 -20679 64192 27530 -52452 -5830
r249 8400 -12239 22570 18531 -61447 -24887 64277 -25077 21600 48205 -64390 32279 -48537 17826 -45630 -35534 -34365 -48007 -22507 -29888
r250 -53850 30742 -64770 -43808 -44343 22302 46891 36431 -52423 -34290 4191 -6173 8264 61962 59901 1153 13504 19783 -9276 6931
r251 -43964 28420 -23409 62548 63849 -5795 27018 -60834 -53449 -3569 60545 29672 -13029 -16381 -35732 -23545 39098 3672 43795 -19609
r252 -61510 -53165 47643 -24370 39304 15044 -7942 42804 37804 -42771 25862 40129 -31579 -55534 -30944 49057 -45190 -31498 46977 -17062
r253 21649 -57605 -48083 48930 27109 -8598 -43982 15053 -36945 -15293 -19735 -57238 -36545 -64243 27373 -10991 30424 17262 24442 588
r254 -15223 27089 -63509 9030 -9162 6965 -2133 980 10788 44164 -49921 -30395 -53799 -13115 59849 -63101 48379 45561 38910 35505
r255 45146 292 -65147 15834 -22384 -5486 50677 -15072 41527 -43467 55180 46108 5706 56043 39446 -39800 49977 -23734 -1233 -2301
r256 -59648 47355 -22755 -52557 27723 -19653 52988 48561 -41721 6107 51557 -52093 -49599 -43360 17068 11946 45812 13071 1176 18648
r257 -38613 49877 11306 64739 -14748 42043 50346 58804 -48387 -2368 31526 -64397 65406 61469 -62927 -51847 3832 -7613 32081 -9054
r258 -1093 41060 14390 38871 -39288 19839 9808 -29229 -36954 9154 21015 -22886 50860 2189 28975 54374 50970 55144 -39463 -63816
r259 -52850 -40913 11270 35699 28578 5881 34803 33176 -13961 60245 16527 21197 41968 42242 -31258 -30567 -52791 -47080 -30667 -61715
r260 52000 -51171 -1501 -61500 50135 -4643 -44397 40808 41980 2210 -34515 499 -707 38978 -35589 31405 -13122 -55915 -42131 8273
r261 -64621 -61489 32072 -52436 -17188 -14745 -23844 -3649 32814 -24050 15571 14252 -55770 5302 39569 -29062 29219 -23616 37635 25587
r262 -43395 -36540 59321 38780 -37534 63211 -30166 -55632 57814 -44098 -44991 -3107 -40426 48747 -11421 24414 50526 -48434 -11148 -48627
r263 -26235 36010 -57809 39844 -16581 10402 16465 27572 -26023 -3911 17931 2913 -23105 15339 13957 59539 -58262 7820 51674 -28467
r264 -43925 64113 -48878 46192 -64408 -39392 -13352 -11426 -60740 18907 11157 -5695 36467 11839 57316 -21214 35312 -28804 -31051 -31296
r265 37662 6816 -57544 -16330 14789 38 26193 -44761 3051 -30073 34261 -55630 -18640 56193 63094 8891 -31653 24936 -10099 -41569
r266 -34857 -16162 -14087 -5189 43053 -32301 32227 57532 -7384 -50585 -21249 19709 -2850 -4599 -38623 -5733 5939 -2326 33775 7758
r267 25344 4197 -34900 22968 -34193 -7923 -34083 38955 42019 -59571 65295 -23133 22012 -56762 31348 -18476 54788 63536 37385 -4153
r268 27706 -41668 58344 52325 -59626 27804 -24419 58484 31474 53908 -21915 62017 49303 -24786 -5588 29930 -48958 6522 -8111 12837
r269 -31277 -32482 -21435 21333 45958 -56653 -5649 -25857 30070 9929 -19382 29192 47369 2711 -51818 -10516 -2094 -9175 28900 34959
r270 5785 3058 59127 -44573 -22454 -31461 33341 16206 -1225 53011 6515 31737 -21844 44765 -60805 -9690 -46990 -10587 41131 -36403
r271 -4552 20989 11628 63025 44327 -59788 3186 -42830 -4541 -63365 -53600 35278 -29493 25793 28994 12258 -6901 49793 35907 37341
r272 -6233 7304 -28930 -16601 -51664 -6871 64192 -57802 54475 -40821 18422 -23495 -40782 -22902 -61050 -49020 -39372 62264 21150 62259
r273 -52804 43753 -50947 -29483 -33330 -57069 2314 45338 -22927 62631 -63011 -35030 -44645 -52589 -45625 7036 47443 7973 38757 3342
r274 46989 -14395 16208 5748 -49866 18465 24681 14101 33410 -7627 18158 57420 52368 -6653 -13499 21457 16786 -29278 -40486 652
r275 29360 59149 10012 45491 -38251 30718 53768 47351 -52208 -27715 -16419 25072 61689 -38620 -41290 -58138 -15771 -9189 62228 37376
r276 27557 -61612 -31505 -63571 58341 40887 50876 -16643 -4355 -16562 13897 -2144 24220 22130 -8491 21417 43348 -14634 -16885 -37707
r277 19210 62394 9564 15455 11228 1163 41193 43528 -46371 8166 -17801 63847 -16109 -24365 -5160 19525 -1150 -16173 54589 -44490
r278 62330 -29217 -36967 -12682 -52590 -36300 19166 60990 -21158 37531 -42269 15334 21162 24728 9636 -36185 61043 43946 58470 31531
r279 65146 1091 -54040 38992 -55968 -36040 42859 29575 -11916 41663 -43348 29770 -8480 -21896 -17220 -4544 -58376 29991 -46135 -61832
r280 54555 -9486 36550 -12453 28512 -35906 18594 -50876 -46898 39888 37044 -20287 -27020 26302 10272 -53180 63898 -1079 64556 47291
r281 65370 -40742 41758 -17523 -60886 -42505 -17544 30410 -31149 11301 -18843 63966 14888 -8754 -17086 27905 14758 21472 -19579 -9321
r282 -49192 10060 29157 -58217 -41393 48940 34955 65060 -6778 18286 14391 55327 49106 -48542 33439 -55056 -1685 -31304 -17817 57152
r283 24598 7365 -4261 -40253 -21133 -55320 22229 54304 57749 -11608 -17250 51286 -25120 49209 30266 42598 -22651 -19161 -44394 15314
r284 -35540 17624 61050 43738 -9563 17067 24530 -45032 -4538 -46379 60360 -15953 31678 -39338 15607 -49848 -15222 -11218 -4324 30532
r285 -1949 -60917 -6561 48573 -30714 25043 33457 58128 28045 -17905 59763 -14914 -42838 -42275 61902 -2285 -30753 -43701 14844 -51563
r286 41832 62727 -47885 64866 -20910 -37374 18074 -58929 26440 40879 -64607 56179 58866 12709 50457 33568 18801 -33078 62037 57827
r287 22108 33112 48676 -25866 -21201 54377 24291 -52398 22101 39870 -19591 -31327 -36620 -45417 51862 13629 -29586 -16337 -5080 -20069
r288 43950 35776 42038 24519 -23992 -55820 -44707 22926 -20758 -37090 -34547 64525 15827 16284 -29824 -50758 -57244 -47606 60558 33776
r289 9879 38852 63816 -28081 9324 23474 -11366 -60728 -57567 -27884 26279 37892 63364 13391 6147 -32336 2441 -4660 3477 33198
r290 33405 -35440 37885 -11260 31751 12291 -41497 -46086 7360 2937 -9042 54969 -30075 -61575 70 7308 39404 -55980 -29496 27728
r291 -27827 -63152 -32670 -11218 13855 48571 42825 -29840 3496 49599 -2447 -49276 7582 -59147 -4189 41659 19278 -14135 50642 -47077
r292 2006 8541 62799 41103 33254 -58778 -1387 -52753 -7937 50946 -689 -53902 -49895 36528 37203 -54113 -44059 40933 -28763 56639
r293 -61177 -9101 -52182 -64544 -13280 12819 -51805 -36295 34487 -41116 20656 1419 -47282 37551 19299 -46425 13923 44733 1384 15094
r294 5664 8117 -39665 27610 -35787 -56915 -19986 -59368 21884 -50795 44569 -37456 -24824 -49750 34553 -44480 51224 -39071 62402 -3258
r295 48962 -37571 -53553 -32780 -61367 18857 -49467 -41092 -39640 -31848 -10740 6074 -52237 -3947 -42187 44560 -56256 32756 50236 -32386
r296 9306 11823 -14727 14317 28839 -54650 -11925 9021 61666 44939 21602 7308 35477 -17483 63728 31068 2015 15283 31502 46159
r297 20561 -3432 -41641 3745 54172 34557 -47045 -27930 34341 42612 -27504 -46258 -8659 61526 3773 32996 51458 -50323 52983 -6704
r298 32580 13152 -40160 -170 38423 -58241 -6387 364 -12592 -61115 9769 -30653 -52444 -52576 56711 -36756 -60715 51653 -56511 15841
r299 62878 35272 -50184 3541 -40274 47211 -23150 -45796 -41485 -62706 -41474 9225 -39847 -33790 -17611 -3408 -40134 14797 -62941 21839
r300 27227 -40520 34810 18778 41794 -20803 -26461 -46349 41940 561 21134 28339 -46183 -16147 34126 60116 55151 30374 -41723 51234
r301 -18805 -52482 -46505 55983 48794 -29776 4130 -267 -58242 46879 -20643 -59784 47914 -39048 -5777 -45416 35018 -2759 -5152 23237
r302 -20519 -65331 6325 37476 -21286 18465 -19552 -30114 -47383 55599 -58250 -33161 -7262 26745 45419 50234 375 36280 -46667 -58591
r303 31356 -14892 -2601 20251 -61297 -42702 24525 -43918 7149 -4395 35224 8308 7383 35716 -6056 22261 -41322 37324 44654 -34730
r304 -62716 61359 -47822 56120 -18871 -20991 -56552 13353 -25769 21010 3237 59820 10542 44621 -26472 10589 -19301 -54048 -47368 17980
r305 39667 -22595 -22627 -24521 -3682 33388 -63155 16884 57028 -15770 -57058 -19418 45582 63942 56933 -46750 48688 -51746 -15778 -52061
r306 -43807 10345 32551 -7736 52129 47012 4182 -34870 2068 -8857 46843 -46834 17783 -41265 -46421 -26130 -26592 43821 -43432 20341
r307 41556 -27472 -48269 -40732 60276 -50727 -64098 19538 -21836 18350 -45263 -59052 -14987 -41461 -29826 16930 -10563 22678 9520 49093
r308 -5655 -26345 14950 -27635 -1138 -44862 -30117 -12922 -55358 44461 15255 6982 36405 -61316 35747 -15822 31293 5279 28 -30104
r309 39914 -11511 -2297 19405 -52811 -23589 4815 32151 16732 -9312 -36731 20647 -14789 28509 47345 38372 9836 25387 9551 -28260
r310 13537 -2315 -48444 30657 58421 -54696 47666 3591 -62087 52363 39886 -54370 44335 -16426 -53105 -38500 54057 -6504 7908 47899
r311 50007 30476 18957 42297 23840 -58757 -36085 -34756 26205 31377 53661 -20312 -31060 46491 -42809 -22092 3048 22451 45437 -12632
r312 22716 -11588 -30272 -26881 -38726 -23512 31380 9234 -30807 29936 61526 -13377 49545 32450 -48659 -15351 -9730 -32038 53701 21560
r313 -57714 47244 -45674 62440 -55429 43799 -7627 19027 -50057 -21669 27376 -39070 42609 -19919 -2683 30045 31602 13919 -37865 42489
r314 -12018 -51758 28076 -8868 -46368 64923 6742 -36241 56852 63885 7716 -23585 4429 10333 34001 -26731 24731 -64127 20335 57208
r315 44211 4397 -41605 44440 56335 22472 -9728 -45327 -54052 -63864 -30999 -16803 -47403 44865 30518 -55644 20120 31080 -2419 -47875
r316 -17599 47501 3662 -40198 38673 -60361 50347 -31745 37379 1390 44029 -60093 -39542 -48892 -56646 42891 3417 -11598 -60226 264
r317 -27040 3951 -33089 65478 -4834 -43572 -45955 -23161 34978 5036 -51585 16385 -56126 28058 49275 -46972 -35127 10010 22724 -2956
r318 13910 13443 53551 29991 -30706 -44085 57681 -62226 63269 64439 -17881 -17165 35846 -20392 -16619 45259 28234 31998 -17802 -39568
r319 -21120 -37976 22065 55405 -5678 60319 38111 -48726 -46897 27741 -15499 -61214 12181 38885 41755 -40440 -53752 2024 48763 27909
r320 -10406 -35024 -46935 -31032 46251 29836 8255 -44281 -43875 -20467 7968 33005 40154 59424 3334 -56412 -54984 3955 -49619 43727
r321 -25589 -61386 11320 59998 -35021 11332 -27012 19465 35681 -44123 24842 -1931 -47354 49008 -20165 -52847 2861 16566 -42739 58712
r322 722 5050 34192 -7703 16542 55410 63322 9841 -51114 60289 54433 63798 21035 -45027 61401 1003 42208 25361 65154 -4078
r323 -53222 42272 -22033 -26101 28118 -58660 62951 -49888 -44649 45219 -51543 -59750 11507 41877 58612 17624 -50129 -24108 53274 32197
r324 41411 11330 -44347 -22987 -56482 -46424 36664 -42388 -8586 41231 -57232 50110 -51777 -34474 -57178 -61717 3239 -25386 -58676 24944
r325 8387 5334 34247 -2219 27112 17320 -42732 22222 -51917 -52728 56397 63561 8532 -53171 -59149 -45148 57207 -48127 -32655 -44378
r326 -33774 -44733 46883 58205 41388 -19560 32859 2299 15633 45019 -58416 63029 46447 19993 -22655 30968 -8758 -32581 59438 11287
r327 -575 -31975 -43941 33984 -37772 -8154 28654 38974 -16678 -42744 -58093 32314 60694 -20363 6122 2287 -3654 -36198 34294 -21308
r328 -22532 9784 -6867 58454 -11826 -62171 -62964 -10321 6027 -51343 19926 -27067 58431 -30358 39775 59821 48188 42087 34205 10145
r329 -49145 -37244 -19410 60770 -43013 -43012 57008 30747 -19213 43901 -2375 -29354 64111 -38044 -55215 -57680 -50192 -19377 -39985 -12698
r330 -4302 -43335 7148 6950 -17892 1294 30336 -59456 64746 -263 -43601 -46434 39239 6774 -12577 -27280 -45160 -62587 -62122 15965
r331 46237 12880 39319 -6721 -25923 -59 37771 -2000 -51812 48127 -40248 -30856 48020 -34285 -32811 -29520 34404 47519 64105 -44957
r332 42024 -49930 -50358 11485 49752 56552 -10923 51780 53451 50938 -18876 9389 50717 -22364 -65414 61599 -37930 61342 -58935 30391
r333 36055 -38813 39229 -11199 -57117 -19381 27281 50973 -24746 -48584 -657 -15986 -62438 -27550 50091 -42871 34442 -57571 -24066 1336
r334 -20588 37688 56321 -5990 19121 -4910 11205 4632 -19451 -52263 45910 -7517 12882 21524 -53965 52069 -1110 -42257 -47857 54726
r335 -11629 23375 -22766 23810 27780 4792 -18897 -34018 241 -34250 -40646 -22378 26871 1174 27749 8707 -62898 34028 -24607 43908
r336 15724 21940 -5750 6829 -47936 -8253 -11563 -33078 64522 33973 -7081 -3654 -64580 29513 -5712 -30198 -21694 -3668 -15753 42632
r337 -21049 7434 2389 32217 38214 53555 64682 32198 18070 -35699 53831 14747 59543 15676 21656 -24574 -25810 45452 -30307 -14395
r338 19874 3904 -9777 60003 57065 40769 -16804 27360 -46125 21070 58721 59275 -16121 -13722 -267 -31894 -53553 -14051 51935 -7565
r339 51537 18194 -61568 8387 27198 -41303 -18737 13640 -15684 3017 -52736 -62699 -54755 -39164 -717 -3424 -19610 -41935 -48329 -5065
r340 19585 18300 -7738 52204 44321 -12316 -40593 -16648 5089 -53966 -62088 30863 63592 57778 29203 8811 -28944 63599 -48392 45862
r341 32182 46900 16547 -26704 29385 -44966 -62040 -32732 32213 -24615 25240 -63240 -23350 4842 44878 -27622 52963 -14296 8020 -46266
r342 60031 32437 -35663 -20017 -50576 -56177 52672 -11559 -16644 38875 685 902 18985 -5631 28103 -8101 -6750 63403 18968 -8514
r343 59113 -19052 15144 -212 37100 -42343 -53184 51242 40815 47508 64031 -20901 55546 15838 2659 57083 -8804 -23184 29879 -63816
r344 26972 -32876 62420 -50479 25053 -6878 -7090 17164 -6600 -14875 -24053 -14876 -56910 45445 -5726 26158 64366 34443 -22265 47944
r345 63051 -11252 3153 20974 -5737 44152 -47492 -4747 13442 -13821 -15998 -17490 62119 349 60957 -64527 -65054 62013 -29802 60164
r346 52197 33722 17772 -58881 -29972 46554 20543 -14922 -24604 -349 -62685 -4025 -14068 59458 51773 -20333 13491 17690 42929 -56959
r347 -49267 -31525 44658 63320 7984 29487 -27066 -6337 48755 64204 -63242 45166 -23236 61202 48213 65164 -32156 -16461 -7025 40304
r348 -134 65323 29810 19913 31621 -36527 -55471 -38564 28222 -29876 41799 43436 -40563 8897 59533 19006 -40801 -44528 -34057 22877
r349 -48396 -25457 -41606 -29768 -22974 -30805 3320 -24506 25358 -17109 60462 -11462 970 -23913 38690 -8794 -39808 -3874 -38881 35274
r350 46386 -1299 -26876 64886 7417 -26522 -5472 38323 41176 -41494 58391 -31769 50655 -44582 58216 -31845 -12034 14559 -23507 -20673
r351 -17411 -9885 24454 -51698 -39690 -19318 23570 439 59484 -33273 -12664 -61020 -55044 22171 -53023 61933 -28282 33958 2169 26079
r352 -30689 -11647 12235 -29491 10181 -65466 -22435 -47800 -24109 -33129 -16428 52352 64847 63926 -37014 -18505 -24031 48847 8149 51485
r353 32046 -19019 40182 14564 9988 56451 27877 -59676 -11406 -28466 16523 -13295 7153 -24626 13571 40054 -51463 -10343 10016 27958
r354 1885 -62634 43424 2342 1965 -46076 37444 -57092 -64738 8355 47896 -5853 47250 -46654 -31155 -29330 -9750 -49811 -15904 21042
r355 34785 -30049 -19657 -39509 -60524 23538 -59029 -56175 16875 56922 -4316 -3167 21280 -19876 15290 -46639 24679 -47958 25107 50919
r356 -57382 -53727 -63368 10878 -37868 -44047 -12583 -62771 29367 30653 19894 -33071 -4419 -45578 -28658 22587 49914 25840 18796 42249
r357 60640 -42385 -11650 43340 -10439 12188 2412 32758 8376 43413 42398 39562 38910 -60551 -47097 -7427 -6596 51885 -18317 -15580
r358 24390 -36642 59252 -61699 -5048 -4666 -3689 9054 39339 -7231 -35567 -12700 -2994 -24897 10863 -21884 -50593 44360 -59822 -36090
r359 15536 62325 3193 -32148 -24272 32838 57074 42969 -21881 -12658 8423 -20910 -64038 57931 -45236 -17788 -22242 11267 36034 33652
r360 -17626 63389 -17014 -49720 43202 18185 55318 39787 -35524 30342 -37047 29905 51430 -34434 38186 22361 15566 56910 53671 -25663
r361 -3270 32221 2328 -26433 -58400 -42500 -50095 -18988 59476 -26877 58988 14766 47084 45021 -64641 -6512 -7035 42323 -45729 -18927
r362 28219 49615 7788 -49473 -25795 5709 -58997 48007 66 42244 13171 14517 11509 50580 -50842 -10341 -22744 39598 38200 -58326
r363 9584 7700 -19263 -25871 25362 -13236 28225 53840 -42698 47908 40027 24661 -49900 62738 44865 -25034 -14794 56634 -36959 -45364
r364 -44032 -56424 53789 -3090 -2022 10333 -64737 -51658 11164 -16094 44531 3360 49113 -50651 48869 58290 6900 50905 -4674 -1331
r365 26552 -45365 -61565 24956 -61407 59282 -63971 -49055 24452 -25214 46664 56662 -16010 64012 48266 42973 -30899 -34955 -53987 -54352
r366 33253 55915 -17892 58417 -25644 -63557 -11084 -44170 54269 45265 52145 -45128 19202 61911 -2376 -6132 62543 46652 4985 56911
r367 14720 -20438 -26875 -51626 -29392 54007 -15703 -59175 49518 38546 -51583 -40631 -55611 7415 22121 61061 -61257 -36815 35797 -17421
r368 58635 43420 -33268 -39989 -42537 30264 8248 22051 -13214 21684 -58501 -30889 43594 53344 1704 -37493 8150 -65291 -32309 -14458
r369 35838 -52008 56610 29503 -53686 61083 -20443 -17246 48126 -33808 -3390 -9299 -24455 -58802 36883 -38732 22692 -39637 56351 60330
r370 -25580 -52678 54278 30656 -19565 -51216 -32291 -8351 59832 -61230 -61738 47311 -46766 -17003 -48691 -42445 -58692 25610 15877 32532
r371 -6756 2674 -49990 48998 47203 12305 -16526 -36153 -9341 30498 -20834 -754 -6132 -54134 -64039 36698 -64537 1497 -42024 27341
r372 5141 31227 -56049 -52976 -38744 -6368 -20783 4236 -32138 -59243 9942 -1526 34123 32500 -389 -54040 -43706 13625 8917 -33938
r373 -42507 62295 37255 -5954 9292 25085 50273 53203 -16784 335 63881 -39876 10905 15265 63060 -59693 -13499 -44030 24636 10285
r374 44111 19901 -2759 49941 -17305 8511 -36925 20526 43402 64810 5741 52780 25115 -9435 45011 53614 35809 58744 -41277 17024
r375 11042 -64796 -8701 62999 -29436 2329 -32093 58249 49223 6619 65237 -52476 52832 18982 26633 62187 -3510 8995 28303 19684
r376 38308 22358 -50146 32213 -21266 -55990 -28014 27257 53668 19068 54225 -46244 -42443 -21815 51363 14548 52551 16673 15323 -37096
r377 46917 1963 64642 12382 -12769 -56492 -18092 40429 29317 47746 -1464 -60773 -56989 -50610 37774 19740 -21222 35175 -58959 -47994
r378 -39244 58716 -3856 24440 -61407 41019 -7558 -36525 20422 -16690 24197 47002 15007 31501 33719 23558 -25122 -44781 -44842 33656
r379 -16357 -21628 -16414 32083 40836 -46932 36480 59873 -27282 -9703 2442 -57941 32741 31409 15394 41294 38647 52070 -26566 61297
r380 -47780 64223 -53611 32793 23687 60118 -5153 4529 -44844 17923 -61419 14076 13087 62104 -54569 -49365 3069 56582 5052 64097
r381 -31966 -52617 57576 36520 20449 -50945 -51512 -30347 -12773 17382 49073 61514 -23106 -33985 39955 50919 -61685 -60666 -32340 -57200
r382 -32505 -23499 -3848 -24117 -21126 -37970 -21399 18160 -55642 32400 54784 -41892 37695 -31530 -29263 20611 11309 -42749 30446 17955
r383 -27957 -43478 60164 63963 -21176 22091 -14471 -5997 40362 -50764 -13348 34859 33553 -42249 29985 -11859 25003 34339 8178 52229
r384 -7067 -14534 -40990 46204 7721 -35389 -48112 -43677 -24750 -47435 17915 -35815 -26469 -17194 -30492 59902 47043 -12938 -38538 18646
r385 16473 34999 17731 -42615 26999 -36222 -47440 5683 523 -32022 7076 50381 -39552 -64694 -41927 -32649 64141 -961 39924 43270
r386 -37703 42317 40317 27466 -43970 -28598 59493 -27382 63059 -54580 -14797 54733 27887 -41789 -25595 -60298 42682 24756 -48459 -44669
r387 3037 5363 -40930 -28812 -36263 -55322 -15618 14946 29537 9172 23833 -2742 -1038 -48053 2112 64759 54112 55399 26822 4387
r388 51409 -23783 11649 12404 57507 -48239 -44314 -42437 -46348 -11494 -27863 -31970 -24105 63319 -32731 -11595 46175 9027 39005 49178
r389 57321 -34236 -5120 -10539 -7740 -18800 -44396 2296 -55903 -40981 62764 -32136 -59959 38548 -18694 -53333 -11131 54193 62760 -23332
r390 56016 -15960 57755 59350 62676 -7530 -58827 -60114 -64093 -20954 -7700 6 -35264 35056 -14884 51472 -60247 9751 28981 -53071
r391 49641 -34156 64396 16778 30839 30454 -49853 24657 -39559 58554 -50639 -40177 53581 -43748 5515 30594 22546 -34779 -12065 -50800
r392 7222 -17948 58178 -9155 17685 59569 -48736 37940 54151 -59302 -22124 22490 -33027 -4434 64125 -8864 -58133 3382 -35962 62562
r393 48408 -20126 -17439 63120 16541 -18110 -5174 1531 -9031 14660 -542 28532 61235 3715 -31786 -15189 18918 45351 -599 -45931
r394 -38557 -37393 25249 60184 19941 -9427 -20171 15602 11981 -52996 -61379 56012 -57372 38085 -16039 -61770 -56623 236 47096 9358
r395 56877 26888 57986 -337 -47548 -40443 -15612 -26559 -40872 -11905 -42402 -12653 -64715 -56854 -52616 -47528 -30836 31778 -15274 54022
r396 -48890 36844 53499 -54713 40147 22422 -53609 -26844 30436 -35329 30111 14518 13382 23111 -50315 -30729 11472 -39116 -36119 -14129
r397 -14817 30812 -11126 50878 59306 37543 -39233 10040 20540 11188 -14133 62036 -53510 63524 -48002 29296 17926 62357 18792 56252
r398 33732 17422 2757 -53032 -6024 -13147 -49006 -32307 -45508 -24859 -55285 53942 -59945 -59020 33147 -45715 -44574 40617 -4122 34658
r399 54778 -36399 50654 11422 11460 64240 61668 25488 34800 -60890 -27028 34009 -33227 46407 42528 -15602 -5796 1187 49258 25180
r400 -15082 41227 55889 45034 -33021 55357 50715 57248 48822 -29068 -30810 -35938 64296 50990 -31359 49830 38661 -33529 -18680 -49296
r401 -47846 -41013 18433 25810 -43094 10693 -53292 -32293 16829 -42495 9113 12846 -10668 -13842 -51581 -24552 8341 -30472 17249 35279
r402 -12851 9040 -33225 19990 33018 8754 -62468 -3828 14593 -34302 -6140 60933 -26025 -42663 55032 1846 -62244 17127 39525 -65234
r403 -50105 -22311 55361 54102 31535 57017 5883 -44079 -48976 18383 32440 -20366 -62203 57545 -19534 60290 41941 -11878 5847 -37503
r404 -14168 3111 -56203 23475 56444 -34334 -50378 435 -31098 64471 31460 3895 28909 -37952 -44680 -47376 -64828 5484 -37048 10653
r405 -42321 46911 28836 29990 14929 16402 61957 51457 26688 -60247 -36387 3602 52163 -8594 -58732 -53675 -33905 4633 -56779 -1376
r406 55252 -42878 46741 22971 39173 57903 -381 -40523 -64092 1863 -38326 -22952 -19880 -14687 64553 -63534 51360 -9656 60686 -29967
r407 -42226 28809 56893 -19577 20471 -55135 -44551 -20290 -62277 -1296 -40675 41574 30180 55107 -39036 6951 -24214 -37205 -27202 291
r408 -63851 -50632 -1301 3023 27295 -52141 34761 1873 -32090 -39058 -39385 -62309 -40143 -24685 20818 -34366 -58325 -4820 -63761 32061
r409 52308 36578 -27619 11707 -30802 4492 26921 59497 14674 -11509 -56719 -64928 12628 -40424 -59667 41021 -27342 -53855 -7364 -47017
r410 53836 22480 12923 -59276 -30015 -38031 -35059 8813 -18195 -37449 46895 -32868 8120 -38682 57107 -27549 -59211 -36100 -47486 42568
r411 891 61701 20417 -39975 12673 -8026 -57304 -40512 30637 38126 65165 -50190 20639 -6522 43695 42085 33857 44234 34957 54495
r412 42809 -51650 34947 -21845 -40855 -48780 -11644 -40979 -3458 -5817 25918 -5868 11448 20592 -42219 -20642 57183 -27907 -43080 -5528
r413 -42018 -41997 -11204 -16430 41715 51655 10116 -8217 -17331 44637 -21847 -392 48594 -38825 -16728 -28963 50203 -46755 6206 33390
r414 -104 33147 -4228 -22169 -44428 -307 -42215 38768 -17399 15572 9258 55548 -14660 41422 -10946 1769 15985 56032 -2808 -48290
r415 63171 -28247 -44655 27492 51402 -1494 25213 -34677 -38194 -57721 28128 -36121 -34436 43026 -37043 -799 -15647 42886 -65128 20695
r416 10697 -6622 -15293 -19276 8715 63353 40899 -4142 -4055 -11492 563 21382 -53145 54054 -37779 6603 -25470 -54919 -30172 -29588
r417 51230 22700 58930 -26444 -45597 14390 -3804 7133 13665 1044 -57483 34882 55985 -39032 42227 16692 -756 55640 43047 -29420
r418 11075 7393 21271 -44518 21091 33468 64784 26786 454 17740 58216 4809 -36076 16287 -42360 5760 62047 -37342 50182 10205
r419 53886 -26430 30913 -42291 -36740 -55287 -2768 -22502 -10661 -53978 26033 3578 -63535 36136 -28500 50545 62425 57163 18485 -2059
r420 54699 59717 -36512 49439 -53749 64417 -3464 -43198 48440 63095 15448 -43393 63290 11855 -50899 4376 34412 -19025 60106 32593
r421 26436 -64361 56026 -24299 -7464 238 20936 26355 -7814 -41893 -44700 36829 -23803 -12298 -16415 54049 41090 16125 20037 -5324
r422 63691 -26899 -55370 11076 -50962 63463 33603 -41093 592 -60173 -17999 -35592 44622 22193 55565 -55631 58782 62319 32255 31174
r423 15969 41218 -56940 29814 19145 12994 18674 11863 -48303 -61429 25142 6248 -12095 16666 6683 -61461 50023 26825 43615 30385
r424 15479 -53640 -21881 23325 33572 -57338 22267 39680 -62471 47145 11780 23043 -28406 -53007 -43464 47273 61192 -56115 64266 61130
r425 32471 57201 -58623 -19434 21694 8343 -10107 8503 -10307 10047 -6721 -9815 -17519 16722 -38052 -53924 -38094 39925 -45823 21517
r426 -40942 58422 -31662 57459 -22025 22678 -28000 63296 -1000 35749 28397 65038 -62473 65510 4809 -52998 25835 -59674 -7156 17802
r427 -64679 -3039 -25429 39273 30156 45162 40793 -23136 -18445 -36575 -37886 29339 61150 -63185 -42553 -56238 -43458 -43630 28493 -34016
r428 39194 60317 40333 -32882 -57050 -10648 -12323 -50866 14104 -47363 45199 -14984 -25926 58570 -46380 -7439 15292 -29593 50650 -50513
r429 2201 -17373 408 59790 2780 -36384 60906 -36879 -11867 -28183 -51230 29614 -43121 -16136 -42719 39645 -62133 -8847 -12933 57656
r430 41009 -6030 45972 -33452 -6315 -51952 54349 -27818 -7443 -9273 -63521 -27154 -23596 31461 -6351 -36516 -17502 -17032 -31804 -59667
r431 -39535 44327 5132 -42803 28142 -8951 8747 31135 5673 30690 -56815 -44674 -42794 43552 15220 15165 45938 21431 -17273 -43833
r432 -54231 48163 23463 53735 -5247 -22723 -58282 -50502 -40326 46250 5028 -64843 49040 38018 -29485 -34749 20901 -43787 -41314 -22941
r433 60421 -64821 -20113 34140 4599 -13027 30624 44789 -39067 -65469 48951 -19149 7343 -59363 -3803 -64489 43221 50548 41431 -56733
r434 -3171 -29719 -8580 -4650 33416 -37513 34471 -51951 20287 -27306 -11701 111 5867 -21722 15746 39782 -46188 34266 -52075 -24919
r435 -46889 -18579 20739 -49020 -56986 37892 44958 2172 29260 13128 42529 46219 -5595 41376 25271 -39522 -52321 -3328 -4111 -54759
r436 -15373 28711 -5112 -58346 60235 -55469 -47110 -3707 61100 -32666 -51536 46953 25064 -9731 32204 37102 -63061 17235 41642 57632
r437 -9257 -15195 -9008 55907 -27143 46596 40604 1693 61912 20367 -19906 5064 -63389 -32938 -53367 -29370 58826 -44901 -60026 -54080
r438 15074 8119 -41194 -40337 -45589 -14798 57147 -7314 33309 -14422 -23574 -12576 -40383 -15721 23553 51028 48774 2403 -5127 16725
r439 10711 -15211 -37139 -23910 -62679 -59290 62945 49565 -22066 -12490 8173 39967 -25791 34023 8300 -47201 33736 50823 4930 42398
r440 43155 -45694 -35545 12119 -8861 -50801 25519 20402 -10327 -49121 50150 -48094 62768 -12632 65498 -47393 -47868 1470 2887 -29608
r441 -18095 47154 -16239 -53244 -2011 -20021 40168 57157 43312 -54209 -34342 -471 -41178 1391 -29669 2895 -57845 13263 56707 -26211
r442 -37034 -43417 -7110 -38496 25407 32631 61783 35868 65075 2174 -47334 -40377 23207 29178 -49663 42027 5317 21433 -23408 -22099
r443 -14204 56470 -5424 -15314 -4882 28997 -24571 55098 -36792 62664 -49010 16705 12177 -16259 -40600 -12809 4106 -51312 60826 65274
r444 -6916 50585 -38166 33185 43075 -32306 4979 21657 48450 40034 51740 -11882 -50452 44174 -55632 13322 -12394 47199 -22502 23335
r445 -40487 -58036 -6453 -36798 -9401 15311 8642 41536 4543 20378 16847 -8301 19380 18067 -40614 3220 -60216 40305 -45693 -40497
r446 -5496 23189 47378 2595 37332 43834 30823 25253 -51675 53229 11003 10030 50867 -25451 -16404 31333 48277 -49174 -64925 40435
r447 63786 32728 -45638 -58943 12993 -4838 44809 -26378 -59260 41325 -17006 43172 64748 -15139 18295 14948 29844 -46515 25584 -20660
r448 56566 51106 -46555 15148 32275 -22574 53482 61332 -54706 22675 14332 32755 36579 -12297 -9587 51302 -6419 -12117 47079 -48745
r449 41846 -65265 -58684 -32755 -51404 -31024 -23646 -19272 25865 -24855 -36743 22902 20326 -42391 -23181 -61604 60717 -15425 63609 -8955
r450 -58338 -4890 -53505 57522 17150 35452 -33070 26550 -36942 83 -65484 51481 23818 -34521 -34754 -39744 -3453 5777 -19708 5271
r451 -10051 13672 48389 -4811 -59959 4514 -16020 -7296 -38680 -34119 42870 -32642 -3903 -55090 -974 -28830 60456 1616 -32975 -30145
r452 -64067 -33389 -50915 14941 50211 3275 -31470 -32424 18095 14461 -22171 51769 -58984 -37837 61245 56001 -59163 -1191 10994 25319
r453 -37226 33417 32390 61355 -36007 -26012 42875 -59694 -18330 -23277 56965 -15307 -7155 63367 33326 -15074 37963 -25101 36755 -49552
r454 -51552 33415 2232 2489 -13387 -37932 27066 4406 -65052 238 -39002 -5708 7357 -47818 19983 26774 -55204 7119 29394 16585
r455 -35416 -15178 -14099 41602 -63563 20602 26226 -64978 12991 22501 -43453 40962 -25369 -64019 -48069 -4320 -16429 4574 23575 13
r456 15626 62591 14182 46114 -25396 30217 -35755 -31990 18216 -48464 -26681 -50648 53949 7432 65421 -24638 53869 576 13744 55500
r457 36507 -50430 36889 -12431 10923 54101 26108 32621 24780 6401 47194 -59753 -3027 -63923 -25957 -306 24497 -2852 -44327 45594
r458 -59731 -45679 26410 -23982 -59807 49133 15402 -53887 -2509 53436 54035 -54025 57226 -14577 11091 -35316 -43769 -62291 61474 -42990
r459 28409 -47765 -42343 33928 63242 43517 -64493 -37191 -8725 35810 -2695 -838 -39084 -63077 -62054 18224 -48828 8741 32777 16909
r460 47419 -56285 -19795 -3132 -62412 -28046 33835 -49149 30583 7394 -52210 47009 14442 -15387 28802 -58321 44904 59541 7622 65094
r461 -50706 -51971 35431 45768 -16164 -30398 -2222 -64003 -30259 -40167 -35937 49541 40559 16676 15612 -12410 17890 -21624 -1357 10501
r462 -64611 -99 30613 -5457 6291 -13280 25672 -56274 16316 60102 -11192 -11884 -7345 60331 -32630 -24306 42692 -30340 21506 2509
r463 -9511 55340 62637 -19569 -63040 -62749 -17142 -1307 15524 4500 -35051 -63452 -49244 -20835 41693 63235 -42058 54471 5152 53629
r464 -61015 -27387 34734 46096 -28787 -45418 49826 46676 -53275 -22275 -32066 -9726 44223 36057 62143 32416 -30308 8687 31885 51880
r465 -40182 -11592 -36609 -49236 -19016 20971 59075 22257 57933 36441 -54688 64653 57315 64994 58427 42643 28527 36589 -47110 -21939
r466 -18954 -53957 -5726 -17308 33488 -49832 -6990 60787 -43694 -5370 13116 7864 -31392 -4471 -51442 -4814 -31395 27242 43071 -23055
r467 51765 -65322 -64340 47294 -48716 -30926 -56841 36507 49430 -50076 23215 10454 63943 25266 51442 47109 -16498 -22873 -61211 -44737
r468 -39166 -56326 19938 -60224 49365 14949 -24352 -24672 44627 -7828 -34672 -62367 38105 -12944 -49216 33776 54384 25727 -32895 -55928
r469 36793 -4556 1319 40983 -52374 -42600 -35456 -62890 -58990 -8400 -5813 -42068 -47915 -47477 57425 -2502 33813 -20748 -27997 -20090
r470 22352 63486 -22616 61632 -2289 5071 -56829 8794 -31860 -30119 61489 -32684 18494 41157 -34898 33421 23872 -22566 -51280 7406
r471 -65295 64520 18448 -9945 -51284 -24019 18648 11632 -2041 -37830 14619 -50571 1009 -36392 -3638 63688 48080 -64036 -25945 38619
r472 -64457 26653 42067 1115 -26943 -20889 17607 56028 -9508 -22694 -57457 -3667 -58470 -37329 -18353 44550 -47376 19344 -38976 57885
r473 -10433 43386 -27363 -7497 -1735 262 -50879 56923 33726 30137 -7897 53931 52204 -15743 -2339 1931 -52700 -54735 41482 -1772
r474 47251 -24615 53241 -59468 -24334 -11358 60461 -5693 -42002 25662 -31679 -20220 -62793 19012 48767 -37683 -47096 -8721 45780 19637
r475 51175 -39285 -8531 64883 31014 59168 15404 40290 43334 64334 -32678 -34891 63959 -46755 50464 -36979 -21322 57491 29959 -3391
r476 61169 29849 39957 -28398 -49848 -48457 35243 -28207 4349 -43018 -41356 -58480 9208 22840 -52832 39906 43251 -20784 -30891 45923
r477 34901 -53556 -9195 44179 16055 -17566 40266 -60776 61286 -15876 -60523 -27090 -46142 53442 63763 5663 50137 39774 -48102 -28239
r478 21427 15971 -10622 -60511 41322 38748 -7166 -40981 -52682 62772 -40217 -8405 48411 46230 -35294 4549 -36432 26983 -12546 3934
r479 64174 33993 -44280 47579 26613 2637 26360 53086 -18818 43882 -49849 -9127 23509 -64641 -15076 42085 -43388 21849 4033 -38058
r480 -18922 -13208 -49208 56611 -8511 11886 -38963 45618 -54651 -25869 19171 51363 4834 -5742 -44939 48281 -60561 -61124 -2989 -11415
r481 -23763 -10242 53383 -48920 19019 -53158 40961 -31083 -32581 13741 -63862 -9336 -63566 -37913 31019 -8079 -2688 -20228 -23249 -35304
r482 20249 20378 -47389 -9472 55120 -39455 -22785 51558 -28761 11409 63992 -33757 -63426 -39314 30639 6261 46890 13631 -8988 61333
r483 47501 -41175 -10330 -54712 -44928 64138 16156 55105 -21675 21153 -20102 -59806 -51287 -3793 13784 15235 -17609 -33441 12987 27238
r484 18921 6694 -52171 30840 -27207 -51322 -30671 56584 -29101 -61268 -40021 -12362 -12923 -37069 -12062 29529 -14681 -27265 64979 2598
r485 64670 12021 37585 -51256 -34582 31986 51140 45187 -51741 -18621 -38742 -62425 39423 -10442 -17482 -14834 4699 -35507 -12977 25543
r486 2095 54641 -42208 -52935 18240 -44995 57819 39156 -26497 62714 57265 -31694 3530 -15101 47329 46552 -24609 35417 7289 6180
r487 47283 38017 -32617 -43830 -27278 -26645 -45808 23897 -6142 4419 -17710 45535 -37166 -50848 482 -60950 -30163 45152 60295 -5459
r488 43564 -11868 -17021 35973 -8619 -18641 -17132 -14275 46017 -20089 11449 22626 3175 29454 -33573 1019 56545 -52923 54332 -11801
r489 43366 -19692 -54313 -37477 -59946 -37388 24508 43520 -23628 -19041 -40141 25404 -34541 54109 -30604 -45911 -28859 -9254 -48636 13267
r490 -11021 23658 35902 -36340 -40325 -24943 12678 -10691 4618 1491 -6925 56752 -52967 -7279 -34255 54691 -20223 27684 -14130 27197
r491 -11369 36744 38975 32010 -4786 15815 49781 9534 42003 60048 23665 52238 52495 29024 40748 13212 -18022 -30420 -52472 -16102
r492 59709 -11293 59043 -37014 46736 27633 27743 56007 -24112 7947 36517 60843 -51434 -64075 -18264 -2789 15513 10074 31188 -48762
r493 -25445 51169 -4257 9425 -25358 40552 -64439 55849 13501 61894 -9448 19438 -217 -62104 28595 -44252 -61799 -5202 -22153 40259
r494 20426 -288 -33582 -15403 -27236 10620 45974 33510 54203 -16383 1795 11036 28717 23563 10953 41807 -51487 -22188 -40139 2429
r495 45353 4472 -29344 -8297 -23226 -12709 -45480 -48472 -17336 -44830 -747 59582 42845 26382 58610 -29135 -22147 45826 -27203 61216
r496 29368 -18925 -60068 -53152 -48714 -28976 -29620 -60121 47162 -36406 52310 52430 -17355 53976 -26064 8701 40050 52506 1059 61928
r497 -25320 43202 -8381 15193 22312 62150 -14908 -49179 16269 -8559 -28549 -61185 -44722 61309 -7288 -3082 38268 -59033 11581 32304
r498 -40841 51632 -4513 47015 61233 25166 41095 -13568 31438 -33755 43726 20654 -17536 47403 -5182 4696 -2863 -29974 -12111 53872
r499 -48486 -28646 24426 -28516 -45365 53440 56316 -8555 -1734 15633 -24874 -13615 -16843 46699 48530 25399 28653 16580 30883 44137
