mTable28 21
KEY  c0 c1 c2 c3 c4 c5 c6 c7 c8 c9 c10 c11 c12 c13 c14 c15 c16 c17 c18 c19
r0 4694 -5714 22630 23227 -27852 37257 -62797 -53543 -63467 35982 59951 43134 -60182 25193 33697 31675 -45479 34015 -23787 59190
r1 52058 -20621 -42181 134 16014 -57472 16096 7094 -1518 14008 34058 -27431 -16079 -58808 49296 -1689 -5627 15765 -38716 -13147
r2 -3002 -64094 5051 -982 2812 44144 -44648 -40953 -35728 34575 -30294 8146 -34379 -34105 24296 46903 23394 -2005 58586 7078
r3 24164 43621 33406 -62153 -21193 51322 -28745 -58051 -23231 -8151 52564 59355 49180 38869 17401 -57653 28407 -6830 -18412 -59618
r4 -20815 36706 -9959 25517 -75 -60347 27223 -12949 60518 4790 27430 47591 -38787 42449 -16600 -40239 -19515 -3217 40950 -25546
r5 -22827 -47154 19723 43729 -46193 60598 16989 -11259 39572 31604 39552 -42568 -1726 -65028 65342 -2619 -53609 25673 14102 7185
r6 34165 45460 58485 53172 25559 24936 -6926 -13841 15550 15987 -38267 7910 62065 11803 13927 49144 -1948 -39801 -1043 -49464
r7 -60747 -22400 26679 51745 16285 51027 20876 28375 24102 -13317 -54108 41426 -50975 18071 -47480 -45615 -62473 -17486 -6609 7236
r8 -7096 28674 -20479 -23368 -58635 -58249 -7826 -33928 16039 38296 56094 -46450 64481 -20583 13425 -9259 -11800 -15800 16270 -33533
r9 -26210 -17316 17162 -4803 22624 -15077 53663 -22339 45391 -27986 53715 49185 -44645 -9094 49435 49938 51559 -54851 9361 -55317
r10 60176 -48778 38423 28989 64731 -63086 -40927 -37317 -41756 -34276 5192 38770 -7240 -32035 -35436 29652 62965 26560 -46803 -47424
r11 65236 61853 6062 54049 41609 -56566 54406 53074 19464 -52386 -62409 -13459 -13075 65233 -28807 -44900 7524 25688 40303 7328
r12 15182 -39794 -12673 -37483 38925 25988 36832 18091 -37958 -10798 -480 -384 3250 -42337 28548 -44450 -64790 44914 45058 -20576
r13 -28392 50781 -46612 -32882 35560 -5691 -31951 -20679 46240 -50697 -46136 55026 -60681 -11288 33086 26074 -1802 -34271 -8533 -11272
r14 -59322 -7563 43070 9642 1900 -42106 -28666 -53378 -50337 17055 46435 -2990 746 54300 -17699 -16717 13570 -42609 56846 -19520
r15 -19795 -23325 -63988 7839 2157 43729 -39651 -33728 -64369 29664 49965 -61909 10451 -24980 -3806 -35921 -52983 -9978 50061 64985
r16 29606 6714 34417 -17203 -20509 -18704 -2935 -20018 -37767 -25182 -63371 52555 -39972 24336 1105 13006 -22297 27222 29832 -45498
r17 7252 -21595 -30290 31959 -33524 -45385 -14304 -54002 -57435 -38029 65318 11666 -33747 -38016 -55540 -41017 -57101 6328 -45510 -47104
r18 19582 45740 -42708 31635 23508 37576 -9518 -55519 35540 -27047 49303 -5909 17127 -45774 58529 54115 -55752 10839 -52862 -13696
r19 48050 49374 -13833 -2752 -16550 -31208 -63685 -54560 3881 -40042 -30148 23883 36067 43610 -41229 9118 34967 -48162 -37374 -58002
r20 -42626 -39927 18848 10295 -21594 267 -31105 -8752 -15614 -14378 -44621 -11343 48069 54719 20495 -26914 34081 9513 25033 -16219
r21 -51739 18276 20846 41787 -28883 -12659 47521 -6506 29481 -60963 1236 -31474 -22388 -38060 -51999 26078 56289 61477 8998 -39753
r22 50742 54746 -46665 51798 -17351 46737 -34425 37188 44278 -38790 -23334 -62486 61011 -45635 25015 53009 -15814 1966 -21666 -1321
r23 46706 46523 -43327 30468 -60399 -20717 -49064 -3545 -58155 45116 -50893 -35764 61841 -48886 -14230 -11802 -64702 33990 13037 -22400
r24 58132 -37156 4822 36922 -12879 -26566 -12572 -22557 -6498 64612 56973 -14271 47578 20336 -39271 8393 -30079 46435 -41677 -38201
r25 -52063 -65499 -52031 -54082 -2337 59449 -50027 62511 52494 52676 31518 -59195 57031 25523 38492 40294 32045 53062 2628 -58692
r26 10671 15038 -43203 22798 -2260 -51901 33245 29077 -53266 2914 -56098 34754 16354 61965 -52711 -8197 -1257 34923 -29885 47336
r27 9264 -59011 -32922 5435 36767 -28039 22766 -6489 -4335 1279 53057 -7781 -34822 -5509 -25208 715 54761 65380 61785 -54180
r28 51443 -39853 7645 -37954 -32258 -56476 13503 36179 1189 36871 8485 18677 -10374 56726 30713 15612 -42202 -49635 -6134 29089
r29 -21202 -36155 -14513 27619 -33917 8021 -8108 -53346 30203 64872 5644 28331 -20448 -52581 49593 59350 12519 -46985 20238 -38513
r30 -34517 -3911 -891 51352 23627 13050 -58837 -57662 33957 -33644 14253 -55966 -55675 -40129 -38816 41745 11875 9304 -33766 60123
r31 -34371 -62730 -62699 -53970 -60935 61438 -26732 30237 5466 -48338 -16567 -63428 -63339 -62081 55069 38326 -33807 7572 -18017 36678
r32 -22330 32893 48425 -19032 26973 13061 11896 -6151 55619 -43822 58578 -50366 3949 9121 14954 37036 26894 -54090 -24722 -58441
r33 -19627 -10857 4668 -62524 31686 -15669 39485 -21982 -38297 -81 15054 -56203 -56323 -15660 -20047 64519 -18237 27305 49832 29495
r34 2577 12587 -35610 2501 -36884 18527 57638 -14766 32788 -29857 -55040 -54850 1511 34839 -17345 49698 -46189 41621 44325 48885
r35 -59950 -10515 24902 -54883 -36054 -60534 -48795 14262 19115 47749 -18365 2765 13789 -17400 33721 -22443 -3846 -39147 65244 10586
r36 9410 -5858 48354 -10834 -64563 16154 19710 52334 21339 -134 -54673 -43003 -18054 25628 -45754 -44497 33105 -5774 63813 -29263
r37 7250 11177 -12520 -7523 -11186 -37442 -54839 -62002 -55084 -65312 49857 65140 -36266 -63348 61733 -59306 -56701 -52940 -54317 51218
r38 -64714 9895 -46192 30858 -59785 -51056 -5304 41799 -22629 -36174 34929 65180 -47401 12427 -7734 -4699 -23534 28100 -703 24877
r39 -18754 13767 57476 -9423 -6533 56332 -34154 2273 -12426 -56570 25513 -48902 48755 968 34312 44554 -18029 -51443 59152 -59887
r40 -32419 51256 -8302 -47771 62706 -30792 3518 -46559 -41764 18899 21743 -12058 13697 -8800 2830 -46937 -33512 -22734 -24777 -17288
r41 32745 -19284 -20849 -49474 55436 -50831 9845 27901 -44686 -23210 45760 -64685 -59850 -14775 15371 56018 39034 26470 -56478 2062
r42 -23762 54618 -44455 29193 55284 -24737 -24683 18378 53803 -15920 23178 -36850 -27280 16862 -3726 -12817 46662 45189 34907 39347
r43 -55299 -53851 -44019 7433 -61342 -8085 -29227 -14392 47375 410 -63357 -60381 19474 -23208 -53665 -33441 -24949 39355 62719 19019
r44 43314 27904 42623 -31474 -63426 35159 20016 -17691 -16701 -60108 56324 -25214 -32870 -29429 52233 38257 -52384 5879 -3114 56202
r45 -33033 -41517 -26552 -35798 -22273 49891 38181 -59257 4529 52198 -56411 -24454 42072 -22153 -7546 -43042 -62443 -43852 3737 60586
r46 -60020 64157 20330 -26004 -12714 16223 26937 -44589 -53612 32334 10601 -55440 39713 -5538 7494 28728 -11205 7401 -52433 45658
r47 -353 48007 -2047 -62438 -19389 -56950 -3478 52312 44196 -58547 -29915 -58603 58543 7759 -23756 -62553 37265 -20726 62173 54220
r48 -34307 -17420 -36510 -63166 -57309 63645 -21986 -10735 28970 31411 35428 -45456 11417 42728 -26734 31373 4354 4094 45727 6962
r49 -21603 -63588 62842 8940 25440 -36914 -51644 -25168 -5088 -31407 -60596 37437 -22042 33857 -24909 40278 47367 -875 -21410 45134
r50 4646 29805 51291 49458 -49610 57528 -55612 -21634 41456 -30990 -25242 -17802 -42472 -31863 55191 58070 -9036 56761 -34363 -61580
r51 21593 38985 -17522 -62789 55352 -35984 -33522 32950 -59974 -60858 26075 65480 -39871 -18886 -20495 -38720 -5739 -37478 60426 59402
r52 27040 -16542 43074 23861 -55316 32616 -10941 -31562 -42354 -38277 11400 14772 26877 19897 16058 5714 -1246 14526 -46222 37553
r53 48136 27016 10942 -38605 -28523 4974 55862 24261 7836 -11649 34595 -23149 -45520 -44340 -37742 -65258 58988 -27253 -55083 -65338
r54 -756 52919 -59143 7287 52121 -8709 4597 -12995 -17557 -45413 4613 11580 20582 24864 42775 -65438 28855 -61964 52274 -54936
r55 -38350 14650 -54379 50486 10539 9186 -37279 -53912 -62643 13680 31413 42728 -9091 57884 -38110 -19570 -56847 -60628 -57611 59110
r56 -13623 -13851 -49772 6803 25278 57893 -23420 30071 50123 -10916 57470 -12981 53996 -49138 56446 20647 -28051 47367 24105 50678
r57 -44759 59554 -31992 55762 53243 53740 -51989 62175 55593 -45803 -5029 42365 -8218 42073 36346 49771 -48649 35919 -13815 26616
r58 -64995 11981 35338 47454 -30514 62367 36336 9266 5048 40297 -45616 48039 -32255 6956 24388 34335 46646 9003 -181 15429
r59 9783 -12826 17987 22073 -7504 25471 -59972 -18273 -3545 -12500 62823 -48092 29333 -21190 30926 -41589 24423 -38470 7277 22775
r60 -64272 -61931 52857 -16423 -10673 -12748 15529 -28022 -13101 4798 -62199 58612 -63381 53482 -49286 22636 -44426 17190 -31605 38668
r61 -28186 31572 10883 -1544 -19588 -40875 -9885 5426 -41485 -9446 11894 36740 -8394 -10989 -26862 -65375 14417 12973 7428 64232
r62 -26201 54882 55332 29709 -50664 -15055 24443 12437 -15827 61764 31301 879 49755 -20201 65269 14809 -22506 -2673 37307 -63737
r63 7245 -15013 22909 -34506 -14712 -20880 43401 -55240 -5638 56413 -60219 48770 -32569 19010 57395 -41412 -30054 46757 -11674 2780
r64 -46375 -22639 -60277 51393 -16079 39117 64133 40502 -26539 -60551 -44819 -6428 -45490 12081 34123 48003 46157 22086 620 41820
r65 -34516 -46128 2531 53648 -27740 -60726 -61980 19408 17985 63572 -39057 -29758 -4276 63150 -54039 57823 55614 11415 49720 -12871
r66 3769 53216 148 -62223 -52063 -24 -52480 408 25457 -48306 31487 -44894 35134 5011 15 -55438 -23096 -43521 -36229 43482
r67 30412 16079 -44477 -22741 -54102 -63502 -224 31297 -7965 32298 47780 -30596 7979 17242 33993 58655 62998 -20819 45665 297
r68 -50552 -3588 51616 -49370 19954 40325 -51611 54303 29456 49809 21255 -43250 31008 2248 -34930 59307 22882 10438 -24692 -4294
r69 -39069 -19297 41197 33880 -37545 190 29474 -35714 -37347 -45134 16128 41897 36401 -53992 -58005 -13170 -2144 -44636 -51643 -7957
r70 44584 11949 -39625 -37087 64178 -23768 65465 11604 55245 53855 -3618 54012 36289 -20663 -36239 25990 3818 -53509 47279 -5082
r71 60162 41999 13831 -8886 11809 -26952 -35672 -8819 30143 -20252 55076 18968 59091 54636 -5567 10066 45064 921 -55694 55180
r72 61057 29792 -8082 -39737 53647 -15264 -53073 -18149 -56753 -60165 -41792 58350 -40912 37621 47880 -5193 58584 -58082 30093 -21074
r73 -20561 -52753 -36630 -43602 25261 -12554 55674 41206 -7493 -22111 -23464 27533 20056 -60747 -1422 -39044 -53969 36371 -12365 24803
r74 -357 65270 23340 -23422 -34308 27122 64766 18111 -7675 63970 50696 40209 15596 -63255 -8553 -46023 11776 29786 -37385 -39568
r75 9474 -55103 4073 -21780 -51143 14716 -29706 -8841 -47570 -22561 55457 -61451 37841 14976 -55449 6447 -14203 51349 -11622 -7190
r76 -9282 24774 -60749 -40467 -15012 41530 8148 29921 27104 -50015 -20616 -56103 -59973 45119 -61357 -31986 34892 -25080 -47664 48475
r77 4980 -51052 29924 -17533 -40949 -18221 35544 56690 -28293 -56323 -15525 5853 15726 -36820 -52339 -614 31773 -36156 -43444 39835
r78 -54058 -44956 -14575 -47819 -63066 -43337 -44584 25181 8508 -54849 -31002 -8854 -8021 -31569 45506 4876 50546 -30953 -61871 43732
r79 57882 -11531 -48096 -34440 -52754 -25266 -9301 846 22634 1783 58657 12718 30465 1145 36691 62846 11045 -60538 45619 -58428
r80 -34244 -48628 -52426 -30515 -16609 -8776 -65054 -17488 41993 39461 -53536 23461 13338 29383 32776 29352 -29214 -8592 34479 -30177
r81 -40742 -36560 -45437 -7655 -36694 22923 -50439 -52072 -17741 50101 64168 -4444 16422 18914 -29896 3348 22959 3565 -45912 34419
r82 -39830 62532 12859 -47329 4179 8815 29155 -29742 -16168 1716 -33815 -64913 -13431 15644 47604 8545 41296 -49883 7378 47358
r83 29018 -18592 -59470 965 -53643 40064 16556 42721 -60843 -26636 11924 -34499 27342 32363 -15506 -15515 65464 -34394 4 3516
r84 -12060 10920 -31111 -54128 -3636 2740 -43516 605 2056 35591 -40335 63667 16300 42049 -32368 25128 61871 -17973 34891 17504
r85 -32578 59224 -22950 13317 -11690 -43474 11287 44076 -18658 34002 5990 39619 11901 16566 -18487 -51980 32443 -56016 17189 42453
r86 -32018 -40747 -16131 -24081 20951 -26303 -22282 -48450 26993 39906 53790 -19925 -49718 -3991 -19562 -3513 30328 -31753 42684 13281
r87 -51600 -23026 64648 58064 54237 -21369 32102 -31519 35910 58492 50143 -14048 -53974 49792 28535 48799 18241 -34740 29130 29503
r88 -11567 -16242 -5639 -46835 49342 21758 28732 46370 2016 -190 54407 40364 -44520 29349 -55750 -25615 35542 40582 -65272 -32589
r89 49350 -14171 7031 -30697 6953 59477 52395 4809 6032 -6665 4854 51716 57907 -9832 -27020 -33897 -53997 18502 -31676 -30374
r90 -2082 -27575 59914 -17453 -2995 59748 32875 -6660 -22520 -55876 6341 50045 19336 172 -51508 -59668 39143 20758 -25860 16543
r91 -48517 19884 -32241 -31467 -4792 -398 59707 23693 -61139 -9679 39883 -5539 -53816 -52410 -48564 25369 -59444 41505 -5567 -6620
r92 -48144 -46224 27079 -53289 -37768 -33739 31100 6302 -33706 36729 35270 -55165 4101 23318 25573 -41367 38029 -8081 48312 -58182
r93 -13077 40829 -24271 30619 -23479 -63494 -56519 -54265 -49488 33935 -24634 -22774 -33626 -33670 -23020 2557 -4255 42365 24067 46775
r94 28219 -27197 -49774 449 -29302 38206 -32356 -28255 36235 57949 -21996 -62441 12740 11359 40793 -55777 -5245 -33810 -48149 -36747
r95 40613 -54043 26876 -1557 -11995 9718 -51304 20455 22155 45129 22176 -49084 47430 -32527 -19277 871 -52691 -29628 28283 -44864
r96 57995 -26397 -16959 -55777 51062 -17005 -5165 -36421 1381 -64325 -22884 -6154 49482 -60314 19454 25101 -41926 -33621 23970 24931
r97 -41609 34825 -15955 13285 -12459 -53159 54133 7615 15219 53842 -31275 -52270 -51460 -18152 4381 13351 11325 -20633 -19075 42312
r98 -48154 -10643 -4852 3361 4084 -29596 -45701 48093 -50157 63123 -23971 -22307 21861 -21098 -2603 -2422 29357 -41934 52554 -12330
r99 -31534 -25901 -4326 -4511 -61209 -8196 9886 -12538 -53300 -21061 60845 42438 21376 57238 29375 -28953 31235 -35153 34614 56211
r100 33856 -11779 -56703 12806 1873 -10628 -26907 -332 -37802 -16576 4009 -24085 -8470 -55303 -38133 -9969 -28307 3605 -37482 25094
r101 65517 52480 57523 48554 -41424 2676 -9461 16195 -5490 -21309 32487 7966 40152 10693 -51296 -55076 31826 -10084 -1795 -41705
r102 -40615 -19714 -2764 64606 -58064 43075 -110 49931 14430 -29641 20910 -45377 -44889 8117 -34473 27200 -11377 47839 -28018 62017
r103 -39115 -12026 6481 19078 48104 -65014 -28042 -935 -1054 -10461 63613 -49057 -58621 -50932 -29855 55735 35285 23867 -39149 39928
r104 -47201 -58693 40124 -45012 -24106 48083 -36131 -4220 -53939 54041 -51493 20145 -24341 -9092 -59855 55736 -42411 15191 22934 34400
r105 48905 61162 -30191 -25197 -50179 -25662 58463 -40332 -2293 21720 -22395 -37185 38878 -26221 -32825 6163 37113 24568 -31916 -41988
r106 -54466 -40426 -35169 -22828 53598 -4553 -4535 -36847 31242 -26408 18717 -14433 -7197 57184 15167 28603 12161 51715 -20579 53171
r107 -56493 -47155 32690 -38263 23073 -33265 -53444 -19760 -14591 -51905 -28111 -36490 47350 58449 -28343 -53902 -31615 -14299 21268 -51140
r108 11172 32034 65116 -17075 36980 -59461 44459 -32970 21618 -15968 -2044 -7696 -31286 53266 52 -37454 -54298 35825 64858 64936
r109 21914 61008 -33814 -40613 -65042 -25415 22967 37223 -62501 -25465 3792 -5197 15418 32888 6188 -9427 -58540 -19843 13477 -11919
r110 8119 -11059 -26524 28390 46921 -34623 -31533 13963 19723 12311 -18004 53682 42855 44453 38124 -39641 -30604 -46930 -26363 -11221
r111 -25746 59515 7395 -26146 -14673 -33856 3303 -12649 64367 -923 -34022 -57861 1750 -50747 -26281 54918 -56511 -34764 -58691 6525
r112 50287 -3507 -26035 51790 -52242 38123 64270 -49612 -58229 -60314 5311 -50994 40229 -19341 -29901 35682 49948 42560 -56756 55498
r113 27588 -57333 -11120 10699 3846 -49093 52351 -34609 35947 13998 -8031 -7214 46496 10958 -62554 18428 -12702 19761 -45383 -36171
r114 -4029 -38882 -24877 -11572 53061 -6872 46145 51185 -47204 4697 58941 33602 -7687 -63430 26067 786 33757 20234 -36986 61246
r115 65136 10724 41627 14230 -64214 9345 13377 16591 5534 -40770 -49313 -15683 -33906 63508 -9570 -38087 26543 -6276 62618 43211
r116 43009 3742 -50914 11223 7765 49888 -39568 -44789 63660 55509 5821 -19848 18350 28598 -36955 -58770 -38090 33806 -46996 -15189
r117 5439 17871 59757 -46264 43766 56868 48498 -43090 -27070 14303 -34066 -12474 -13730 33439 -63291 56402 47664 64688 15318 -23290
r118 -13935 -22298 -18229 -49726 -39749 -58423 25864 53498 -64932 -55889 15328 14552 -12262 33581 -56475 16261 -31284 16879 43925 -23343
r119 -60210 2487 11771 -47823 -6161 52377 -57898 20951 -61774 63055 -7042 -50238 49486 19074 20996 -25326 -41875 37820 18018 -61439
r120 40126 23194 -37919 25581 13379 -28787 27538 10603 -65178 49485 -50099 46846 9877 -18633 4501 -51865 10809 61727 -64132 -35366
r121 35481 -47445 41773 -57657 9130 1548 -63665 22601 1218 36612 55959 21339 40482 -5367 -63435 4050 -35302 25486 -11625 -34819
r122 -38480 31894 30657 32039 46299 29002 -1233 59117 46728 -15312 37673 4077 -15238 23239 -45873 44556 -46899 47227 15736 -31307
r123 -16978 -53770 25911 -54021 -38410 -26338 39800 34901 -54752 -9168 54007 -61766 -53242 22329 22541 -24898 34671 -24911 -23451 -32906
r124 33720 -37320 28923 1742 34651 4 27569 49199 36691 -53659 3708 54516 23874 48331 64267 -51114 -46807 43131 -10166 52173
r125 -52689 -25541 -41252 53567 -52254 -49647 2077 5074 59142 -47402 -32435 -56978 -5144 38806 47788 13169 61700 63100 -896 -64027
r126 -10365 60424 -55266 58386 12016 -14561 50326 -1124 -16738 64728 57305 -39656 17904 32637 -65085 24047 59490 3621 -14467 -8826
r127 3695 -47291 -33680 19534 -21466 -21336 43907 -46784 -48637 -43070 41854 -50431 24081 -19632 59287 -45097 -20940 -15633 4431 51524
r128 -51038 40188 57543 31004 -62928 48225 43183 25224 -59449 48467 54385 -57903 29618 43861 -24556 48216 -43278 20396 64653 -38984
r129 -7733 -62613 13536 -57128 8617 -21105 19149 37006 21711 62859 50199 847 9057 -4917 63003 41141 7544 -54590 -5409 19532
r130 -43555 61747 21401 -9928 -19539 -25345 -11483 19825 50575 -51391 34024 -24866 43877 47897 2131 54098 -25230 -17548 -57776 64868
r131 -59546 -58286 -18656 -64174 -23619 48490 -33705 18212 -35322 59175 25423 -64025 3976 24622 56501 34990 -44313 -32755 61761 29551
r132 5820 -52344 14751 18186 -27335 -38266 18439 57458 -17909 -3052 -29372 7907 38856 48440 -1451 -46325 8430 21558 -61841 -41583
r133 19882 -64810 -22632 47383 -4336 63875 28430 61298 -60620 -30314 -21525 -5151 -42381 -57229 14942 62915 9187 33671 46568 25954
r134 -24797 -31737 -22638 50883 -24000 63328 -27958 13105 4716 -24799 41657 -47962 -7487 -49426 -61781 -36652 25169 -15901 -45255 -9163
r135 -57843 -363 28420 43653 6918 63243 -55535 33677 26122 -42112 53645 -48164 -46794 -26926 28196 55989 27246 28331 -39752 -52914
r136 19470 48161 45470 31359 -19541 17842 45289 35622 -19987 -64268 26967 -50649 27145 -43683 -6060 -63947 -903 1579 57141 -2489
r137 -64376 25539 -39469 61689 -54953 36658 -54811 33600 -45023 -41046 -56441 -12163 20594 39912 11390 -57638 32666 -9215 -24937 -53423
r138 -37142 25859 8724 33862 -57741 22508 55930 16847 -56984 530 7349 -55171 -22876 62278 33081 -33499 -45961 -61122 15711 -38315
r139 16865 -53983 42836 54992 -58986 -52556 -26285 56475 42014 -39224 -56625 1875 63583 -43906 -35590 -64751 -350 54261 41335 14106
r140 -21375 -34610 19715 -28438 -38935 -61073 65194 54343 27503 18259 22710 -58730 11155 1333 28621 15947 -61585 45674 14952 61367
r141 -29671 -384 -31362 -33855 -36542 56207 62953 63396 -33226 -26756 -9418 -4953 50865 -53306 -55541 -44780 -36111 55941 13420 36244
r142 -65487 -10514 55362 6355 54998 28739 -9389 -62868 -38345 -6356 -6448 51068 22345 2471 -38332 -45380 29203 -32419 -37250 250
r143 3410 47396 10785 60196 -933 6824 30940 -12274 19861 9639 27869 13931 -9215 2595 42711 -63328 59356 32114 -65057 58933
r144 21750 45506 29971 43405 -13886 -18038 47301 -34615 -12703 -52657 42238 10187 -10911 26970 -7090 11373 30329 12049 -11337 -27251
r145 5490 -64706 -19886 -26985 -57930 -4889 31540 48069 15860 42902 23931 40935 1833 9081 20356 -1213 -36879 -21759 -29177 -4852
r146 28668 -12430 -1012 -58621 56891 44529 -14068 49430 -48581 -28300 -1477 -21812 16714 44442 -16505 -18661 38092 30039 45224 64748
r147 59072 -42260 10816 -12309 -45208 -16018 -2336 -57664 -26044 57403 -33991 -5031 30017 8797 45873 7485 64905 36384 -58432 16776
r148 18049 -20074 -45279 -31529 50098 1458 -59945 44377 27065 -40501 -3485 10516 -62131 -51801 7672 3101 -33023 -63275 5769 -52924
r149 -28778 -27145 -28240 -63319 51191 -33630 -39880 -45927 -23570 -19123 21817 39121 45797 -16347 -39710 -56862 -30917 -14687 -53715 37688
r150 -61954 -2876 -6414 37614 -35675 51978 38312 -49023 36137 -37328 -12236 -65145 -34265 -28380 65198 -49248 57116 -49186 -65133 -9128
r151 51322 15804 -22476 24801 -19785 33519 44205 62600 -62005 -22022 -37693 -14072 -41040 33507 24908 55081 6679 4088 -8899 -33199
r152 33025 -40383 -9842 4129 -60045 -31210 45564 4523 63080 31643 -28930 -45066 38883 4749 61240 41802 4941 -39639 -46364 -16521
r153 53809 15642 61559 -28975 42921 18700 17609 -19979 50838 -1706 2661 -30230 25685 54086 -17668 -25541 55432 29585 -51774 -59725
r154 6243 5858 48014 -54040 -61178 -40736 -43626 22307 -36941 9145 -17312 -30478 -35419 22767 60338 20882 -49260 10139 -50766 19961
r155 33643 39146 26425 36115 -25558 -6898 -39670 9372 18279 -27770 44985 53754 20073 -37912 -58750 42310 -12182 47519 37762 6625
r156 -63659 -2799 64585 57149 49084 15440 -24275 30023 -64396 -46088 -4082 -20578 -45497 -34680 -21738 31456 -50639 15458 -64277 61894
r157 -45067 36361 24287 25391 -19912 41361 62059 48166 -57999 24976 -49596 -45760 55004 -37658 -14066 -58351 35762 18855 -5906 57166
r158 40890 -57557 42400 -20983 -26761 -46028 -30697 1573 -39955 7794 -28116 -54982 1552 2525 33885 -27415 14173 46811 -33638 -10150
r159 31175 19843 52086 -7209 -13081 39107 -1896 -21599 5789 -30791 36771 41825 3682 -43312 -37866 -53103 10189 -15144 47918 -20347
r160 11055 -28584 36484 -25551 65065 19406 34748 -42 -51803 55005 -35495 -16939 20426 21048 62164 11446 -55593 48549 -43878 -2560
r161 43003 -25780 40054 4946 -44209 -350 -58733 -27880 53802 42684 53826 -6485 -48016 -18150 29584 4867 -10681 -11645 -16795 15565
r162 15457 -64323 27754 4693 45237 -56263 38916 -36158 -8404 -29098 -15464 55881 1335 -62956 19879 6030 56546 53874 38703 62528
r163 46092 -47011 17589 -28166 33894 21799 -59061 -57122 40471 41717 -24837 36572 56148 -30429 5212 1884 3226 -56027 63121 11134
r164 -38194 -50249 -37259 -36278 -47257 -60355 -48365 -24440 47184 -53127 -44444 25963 -24398 37385 22484 60488 41540 25689 -62503 -2096
r165 -36357 -53987 -35587 53223 -57256 58374 58118 -32638 -42901 41757 -41000 -12707 64583 14384 58095 64396 -45601 -18702 167 60180
r166 22094 32778 26063 38139 18534 55395 -55013 -49442 1050 25761 24417 50962 626 -59995 -49426 -22887 2981 -38366 39975 -14643
r167 59949 -32361 -36447 4637 19295 -11650 -5290 58283 -62581 -2738 -33736 26650 -32828 46178 -51189 53807 2146 46775 52062 -62791
r168 48393 1271 43651 31646 -46882 7840 37977 32420 19377 25071 -41030 19253 -65102 34538 -49013 41467 49296 -18130 61184 -39279
r169 59289 -5649 -7626 -18487 22528 -7068 -54624 -29453 5868 32673 59138 -32903 -51483 14884 20789 55546 -13276 31087 49828 -52297
r170 65235 27978 35622 35217 13634 -30652 30863 50925 3509 -12728 -23186 -22502 16841 -23505 -10355 61475 -21289 -30931 -35046 -45280
r171 -29789 -60027 -24536 -57991 -20325 -22733 40264 -12358 61415 -55135 21836 38142 17615 -15887 27924 45557 -29429 50451 8886 -20513
r172 11429 43322 44711 12875 25617 -59145 -19778 -47076 -39168 28613 39186 61482 5324 -49547 29743 -8069 45519 40458 -58501 -36763
r173 -24226 -40667 41380 19210 -49933 -47684 -47098 31176 -57682 63361 23850 -19806 -45425 -52432 13944 -27765 21668 30937 -29794 58815
r174 -17377 -9283 -34898 -9484 -53870 -18835 55942 56049 -16513 59628 -10465 -42226 53661 -59747 35785 -19865 -4423 11978 -40380 35345
r175 26828 50433 -20158 24821 7768 -56688 -51110 -37909 9870 11541 45469 10004 -1537 15248 -21169 -8929 -999 -31125 38467 38141
r176 154 -45338 -25963 28053 31742 -4212 33139 54005 58139 16688 -19547 11987 52669 56846 62916 29878 -64170 29825 -59295 22949
r177 1422 1052 32416 -65400 -39853 -5307 29407 -2577 31306 -39707 -60021 -26325 1222 25421 -14662 -19892 15764 -5007 21007 62547
r178 44664 38683 15717 -52316 -42009 -15356 60844 -41643 -43951 -62435 -65524 19082 -49541 40004 -15965 -21422 52216 -58964 -23690 8046
r179 -47969 -61240 40738 -60287 45750 12998 -27983 -38327 54602 19485 32128 55386 -10551 15021 48900 -28792 42184 -14446 -62303 21560
r180 40187 21779 -58831 36410 64780 -64085 -22636 63246 -9474 37520 17602 16569 62065 -58511 36061 -6693 -7422 42199 12448 -51428
r181 47540 -36411 61376 41278 41041 -27820 -50719 12964 -23157 52841 -61804 -28252 42657 -40637 -10027 19816 26627 24725 -15026 -41878
r182 -7714 -6495 -27740 -33713 26311 -63766 29205 -46445 60645 -9872 -16543 -53353 23570 64590 -36643 14644 37475 61684 -59343 -31409
r183 -26619 -17270 51662 35227 15700 22141 21939 -12941 3831 -59386 -3396 23140 -20004 -22362 22495 12269 6286 12789 28660 -12146
r184 -63066 15326 34171 16915 -36738 -21165 16187 15980 32570 -53557 -7809 61934 -23125 26758 -46457 -65278 -26538 64667 -2935 -44831
r185 27856 30338 -16441 -64947 37751 -38727 64084 60504 21042 49326 49509 -1497 28105 62259 -11514 -31810 -24060 21115 -56219 -30723
r186 32694 24242 48602 36142 -29429 -30991 -49462 -64894 35794 41159 51360 -32579 19090 38762 -60113 42077 -52390 54847 18769 51159
r187 22613 -9420 11864 43790 -19949 -48254 -9900 37016 -2715 17191 18000 -30905 -43205 -38157 45643 -17524 21743 5780 20945 -20833
r188 62321 5493 56140 -32816 40992 7206 31532 23441 42859 41166 25042 -39574 -8472 765 -64860 34797 -34861 2558 45742 63760
r189 27395 -48109 24405 -25084 40926 23577 -43747 63772 -43554 -23808 -13769 -41577 -45754 31389 -27345 46228 23547 -62102 -35770 11096
r190 49513 19213 -35543 10781 -4906 27701 25200 16915 29241 -46296 -62475 6141 -1499 -26007 -40477 58536 -14672 -50793 -8082 40645
r191 -42150 5428 -61934 -64443 33252 -28906 -53086 34599 51085 -43638 43417 -37943 6330 -7539 36653 -53603 -42708 -31504 -38902 -43531
r192 65352 22733 -39677 -62755 -33711 2360 12810 15325 -61046 -21333 -51443 -32781 15862 -56151 -37862 -21492 21649 -38183 -61373 -56373
r193 47553 58589 -22930 62266 47826 29319 -16405 -10740 58362 6949 31868 46161 39915 21255 -22065 -60821 -55544 14699 -14415 -43918
r194 25741 34727 43786 -11299 62952 3710 11416 -30209 -54387 28647 -55034 -56467 -2371 -58878 -40669 -23596 12001 -8808 50824 -38584
r195 38218 24201 19560 -38724 -49260 -30942 -25600 41809 -55035 56657 39924 -23346 53099 -46789 -7667 61183 25405 -51903 -43624 -16866
r196 -26896 -3655 -20041 57573 -38700 -47301 -14262 -49438 59539 10966 47779 -38717 40808 -25852 17072 -39404 59040 4307 41577 -48893
r197 52206 58682 -47764 -38908 51347 61677 9259 -44888 19641 -19095 42237 5915 -15468 7028 8996 55257 17948 23286 -54845 35161
r198 -63035 -22326 33066 21597 24446 38699 -64607 35004 -30705 4272 64025 60384 -48576 -43801 -65185 -14343 35988 -33729 -3314 61699
r199 19074 4414 18602 -4567 -34160 13336 11194 -23084 24548 53381 33240 2659 -49349 -50201 -40854 -44087 52206 -37824 -1575 -28237
r200 41329 -10117 50189 30134 48275 -47968 -53917 49265 60154 -19771 59119 16838 -18380 28187 31109 -692 -38826 11207 -28062 31065
r201 56260 3274 -65013 16789 -45730 -40902 27956 42148 31873 37211 -22220 8112 4762 26813 6197 -52505 -33362 -32652 58485 -16532
r202 13060 -4158 -31649 28139 20057 -28128 -5700 18431 -52288 45696 -39706 -17415 29421 -14340 12068 -58591 -24078 -24025 42402 -44268
r203 2029 59646 5547 -40013 11725 -51738 -46050 -52603 33042 24543 19259 58980 29939 15335 -60284 -31255 -345 -38573 64029 -36454
r204 32308 -42533 38278 -46699 -19101 -49687 21264 19946 -28313 20065 36664 -2601 60084 6396 -47051 40877 22794 15204 10086 36148
r205 -46508 57908 -47806 42053 11631 36042 52705 -62877 37831 8574 48524 -16650 -11553 -36404 4925 -30932 -50108 33091 -12777 -46113
r206 -21857 19064 -35586 18962 59995 31234 -35415 -36860 63271 -45597 -17613 -47792 9715 -39977 15151 -11554 -53165 -62060 44335 -6018
r207 7439 -37375 5766 42781 20235 52251 -42485 -27014 37295 22779 17081 10826 20927 50842 49617 45839 -28446 -51098 14637 48477
r208 5482 -39455 35702 -54619 -45396 9322 -27901 -35258 44243 33575 36394 45602 12717 -24380 37525 -6907 -16228 -27707 -56853 -21709
r209 -1760 37626 -23804 64081 -55009 55467 -10106 27701 16515 18978 64485 -5132 -9852 653 615 53714 2940 19831 35011 -2134
r210 26033 -49259 54661 15695 -20251 -9851 -34913 -58298 28381 56220 22048 -35306 32024 38712 -12739 -56925 20177 -58729 -49486 25437
r211 -63200 64457 -53142 -904 -44447 -32007 -60486 -60345 60090 -48852 34841 -51338 11060 55159 18192 -63074 -43346 -54046 -10682 7530
r212 25056 2226 -10870 -16576 -11111 -18476 -34065 26699 48780 43496 5023 24375 -24748 -53250 -18468 -46749 -28402 -24311 31688 -39813
r213 6888 31462 65227 -30921 -51254 -9583 -48840 -61274 36285 39457 17526 42365 5212 -26129 26237 62970 58292 -56526 -1236 12837
r214 -36959 -45933 48702 -53917 -61855 -30660 1419 8026 -44161 56559 41691 -29519 52938 19869 -45485 26441 -6190 -13534 29788 -5131
r215 23281 47308 50357 -24115 -57336 5995 38216 48528 59435 27406 -1898 -26658 29557 -29627 -9986 54686 -55070 37934 -24581 -39333
r216 31465 18533 30577 25022 55785 -31307 -59793 -33711 -48626 65059 10510 36875 32244 -44704 -3890 33069 -23654 11182 62739 -14502
r217 19497 27094 23418 42805 27400 32168 -12526 11516 43545 44167 61294 -29478 21082 62644 -30884 -43833 54465 4846 20526 44685
r218 -64355 40865 16198 -18471 56632 57551 -55835 6180 -26213 40360 60783 51757 -39814 20909 -64935 48389 18868 59053 -20629 -29610
r219 -31674 42728 51654 -10525 -8414 -18858 2163 23051 -28858 -28655 -18822 -2346 5675 63411 -46799 44421 47967 40532 -12443 43895
r220 8847 -33735 -56598 -50992 -5870 59229 42761 -58440 55749 -52343 32430 -19632 8047 52369 -59122 -19206 14599 20479 40831 -63590
r221 -28320 56008 -14885 -51991 -7781 -10806 3803 -2800 54431 2257 52671 -2569 22247 64160 -49626 6883 54358 15373 -54600 11338
r222 -6953 -54580 23666 30450 55930 -30804 55616 -55019 -53253 3941 -29942 22896 12628 -3063 -20336 -20928 -64337 -56097 37694 42536
r223 -2769 21581 -65472 55574 24729 -29509 26010 61742 -13341 40466 31562 -42429 16128 -53577 -44315 -53302 16866 11261 21529 -39112
r224 9818 -56019 10139 -34777 27130 -63650 -1265 17378 -47680 -33368 55934 62560 12007 64210 12597 -62832 -60661 51533 58016 -34416
r225 272 36843 18922 -8018 8155 62028 3350 -41220 19206 -45554 29206 26374 -746 -13655 16886 -16882 2525 56846 5388 17296
r226 20588 39169 -58768 -10848 31095 31063 14232 35782 3540 44445 -37070 20593 33360 1255 -657 -1895 64562 -64388 -52566 16606
r227 9054 -43671 -22202 -42317 -53911 14510 47332 63413 44691 58227 41393 -52579 -63653 -42042 -4767 -39062 -26234 -28028 -37167 -10439
r228 -53883 8062 -28304 -10980 23512 23500 -7662 -4177 10593 46473 -42007 -55948 -4589 20299 -42577 50835 19647 32827 25484 -14280
r229 -41818 59753 35467 -32429 57482 -37700 45923 -21495 19887 -39503 -17616 -26611 -31860 -2570 -64277 21661 -32063 62 -41332 29749
r230 14428 31765 6588 -51201 62118 -45281 -58819 30371 -47225 5734 -1783 -28296 -52999 21735 54174 44613 -12046 -59272 52538 -50734
r231 52683 -56025 -46660 39681 11475 -28214 3745 -31445 43165 54009 -3183 -7102 4417 57716 -32881 -21783 -41450 37931 54587 27016
r232 6846 10627 42417 -7275 -47378 16219 -30060 -5725 -47121 51644 -29209 -40838 -52385 51691 -30941 16237 -36840 -12065 -31117 15884
r233 -56434 -14570 43033 -47685 33864 -29500 1018 -48741 27638 6922 -925 -59823 -60551 -22623 -13954 -44410 -11646 55865 51557 18077
r234 -62406 -21205 -35318 -43463 56044 30515 15115 43970 54008 -10378 -40600 55246 -64607 20938 3767 -40190 47639 -42802 -14854 -38879
r235 17775 -61970 16814 -40448 54929 36008 -29592 47219 -63179 26588 -50424 9710 -36961 10650 40380 -58789 5553 24677 26965 -24461
r236 -14937 -48815 -64552 570 15239 61666 51703 5442 13815 57467 -19434 31688 -31258 64030 45961 65365 56210 -34242 11465 20194
r237 22182 3391 43555 -1795 23065 -11363 40146 -61517 42713 -49199 -30255 55379 -22154 13875 58656 -54995 54730 15859 22031 -52177
r238 -17661 11352 -5689 -60433 57919 14940 -7927 -5065 65332 -61148 27013 57904 -26632 -6479 52202 60505 -50206 -17149 -34164 -23727
r239 51896 22717 18130 47512 -37740 -55651 -44422 9581 54574 3372 61171 48878 -23396 13519 -24989 12433 -28551 -28267 -45002 -55112
r240 57283 56385 -23742 -30029 263 21786 64587 -40549 27211 35362 -2501 -17134 5388 -42555 -37843 -38458 22801 37476 -6639 7168
r241 56887 -24058 48370 -46312 57442 -29959 25884 48956 46055 36408 17206 -35232 20767 33382 -15637 -8542 27261 -43711 61345 -54040
r242 20415 38986 -27720 54438 -42648 15846 -49001 56072 -57097 34765 -54903 7878 -60412 6582 -12307 -51228 -43089 -27549 2996 -25105
r243 58760 -35369 -33033 -11108 56491 -6046 -22063 -51431 -2707 -23997 58746 -27239 64062 -35679 -23889 49882 10198 -24655 18635 29809
r244 -47829 10576 46894 -30414 57812 15517 57112 58827 -7217 40649 4410 -25913 11905 2596 -53274 44469 -58693 16101 13192 26523
r245 2671 -35593 13577 14310 16227 18191 -26727 26365 -29414 58678 6553 27363 36203 -65524 -62773 29974 -54624 27143 -12897 42099
r246 -23362 40178 -51894 -24408 -1793 -36738 -25731 27425 -12185 -53505 31917 -14680 -46362 26879 -50926 4234 -56770 28947 -62854 -39874
r247 -13740 -1572 -18749 46422 -38087 -40447 -53861 8334 -35840 34065 28742 7882 24457 -62562 51109 -17307 -8585 -55850 -48375 -3924
r248 -65237 11670 -14560 50297 55369 -13242 63614 -34185 -48651 -39236 20100 -484 52330 -24556 29750 -56533 -29194 41138 18673 -43965
r249 50237 22843 31920 11508 -60175 -10812 40389 1353 7663 26731 -15229 61269 -8355 12037 -60709 -18110 37914 -3467 -49085 63050
r250 -10890 -41757 1062 31456 55102 -817 -46815 33250 -18253 -51336 12158 -57909 -48798 -28461 -50450 -21612 52837 -41885 16603 31301
r251 -28298 59238 11340 -42035 -52102 20850 52733 60795 52664 -44356 20094 -38052 16219 -5559 -37888 -47195 59966 -26855 -36847 -50961
r252 -64367 -31654 -18696 19064 5968 -51453 -21702 -58354 833 3300 -32466 -15664 8982 -16753 -48633 35614 40314 -15337 46732 -56757
r253 -52535 53832 52721 -35267 19608 14970 26930 -32741 -40525 6144 34321 40989 38686 4079 -8238 -62762 24005 -42005 13604 34888
r254 31132 -40280 -15433 22003 21803 9126 -30306 -39662 49241 10044 -27989 12774 30712 -48742 -38818 -18014 -14806 -31571 45838 12215
r255 -12492 -15325 -57924 -28632 60475 -60538 22418 48878 9251 -37397 4110 14268 -13382 59469 28890 59676 -34616 -7173 6692 -4112
r256 -23630 -62077 38679 -22234 -10737 -32438 -52009 4552 35834 -45806 -16317 -3291 29009 -58816 -32872 -26516 45206 20647 -6678 56429
r257 -64567 -12648 -47667 -62785 -39664 -65276 50490 -46398 -57604 -62808 -30727 -17595 57160 -39444 -35118 11715 25703 48321 -33293 -4199
r258 21110 10478 -25371 59550 -966 -38032 42696 55197 61261 -20382 -35882 -3267 -2413 -39774 -3850 56953 -23657 -31415 28002 29686
r259 1944 -56233 61897 -58168 39300 37743 -26694 -1030 22964 -44486 24100 24081 -37668 -35344 -47109 1317 54988 9987 12057 46174
r260 -18297 -33311 -13387 43987 63277 -49392 11237 35076 52630 6589 37944 27359 43703 -42560 -20763 37243 18544 15370 19738 -12390
r261 15358 -31219 -5877 19884 -43197 -41501 -22728 -43321 23742 -30285 -12078 1584 -63702 2696 -53796 59113 -10752 -293 -3789 51536
r262 48335 2967 -27372 -9610 62268 16233 22819 39160 29004 9032 64635 -12400 54908 4386 56870 64215 19517 13732 62331 -42067
r263 -2079 57243 -23498 748 53351 31608 -60881 63047 -31241 20761 -46587 22110 14859 -31657 -18300 44171 -24110 -47419 -37077 -17863
r264 62764 63396 27387 -20259 62776 -10487 22024 -12456 -34619 48269 -43782 5381 34208 44746 -32138 51068 13633 -39348 44840 -32156
r265 13937 -42167 -26339 27413 -24188 -4974 -42997 -51826 -36579 -62872 23099 21163 20579 -48688 51084 38899 62021 11986 -21633 -48271
r266 -48994 28832 40214 51511 34759 9103 14681 37827 64856 19432 -34512 718 49454 -36025 6412 39438 33561 27783 -32729 -23254
r267 -22500 60892 55452 -41764 -30331 -46674 46019 -2205 49156 40901 -19915 31656 6198 -57792 -31261 -30646 56590 -59419 -3633 -10984
r268 -15760 -63371 50000 47967 48116 9437 -53116 60900 21779 -39097 16742 -59515 -21635 20169 16475 -15809 57763 13169 -36737 36515
r269 64821 -54695 -34240 -17444 -1869 50262 11044 -8388 -24538 17194 11077 3985 22578 -7308 59348 -6394 -17984 -30215 47079 -17129
r270 59961 58757 13358 -27989 302 14560 51060 24194 -22407 35535 -16506 -57925 -59673 26402 46789 -39665 -5363 20449 7440 -34443
r271 -17951 -45377 2971 -17139 -56300 22286 -32921 -44548 -53128 -29503 -58548 23349 -46064 64307 40499 -40214 44793 -27549 -49118 -27312
r272 -57574 -22225 50528 -64048 59679 -48716 61678 -64106 2833 -25393 50536 49329 -24084 26536 55127 33830 -47655 3674 61374 -29599
r273 18379 57386 -18803 32900 -42361 38846 -24460 -17614 -13165 -30868 -60936 -32862 -13608 -27385 -27391 11478 31037 -36402 -61602 55813
r274 -54899 36074 54200 -32625 -50770 39657 -8220 -29932 24670 54165 8287 -39117 -6561 45189 65404 -56375 -34375 52631 -2292 55572
r275 -1978 -38271 -16984 -32279 8337 36030 -10197 -35031 26154 -27733 -28297 -59573 -65128 -20589 65491 -7885 -18052 33484 -13420 9604
r276 -24735 -12639 -51290 -4218 62295 58073 42369 34128 -19327 -53878 30222 -39080 51719 -51736 62501 -39982 -2788 19993 28268 23586
r277 -51889 58475 -39301 6396 27764 -31951 3692 30517 35381 24317 -62227 -12572 58304 21587 -61249 -30201 31634 -62718 -35343 -8958
r278 -32125 -29193 -19560 -55684 8374 31313 -40928 -39829 4650 -46991 -51916 -60857 -62897 -33603 -34633 -31693 58293 -8071 -35148 -55954
r279 49311 15172 -5459 37693 35130 -64714 -9109 -41131 -19398 -33544 55220 15681 -55534 18315 -57691 -58192 56288 47626 6915 54797
r280 31437 -62664 -422 -61243 -50190 -64397 63389 53229 44833 -23345 -8274 -9240 6817 -12399 19599 -44193 21978 -48080 11245 55723
r281 18515 -51562 -5964 -60268 7829 -26591 -61409 4088 -34869 24467 -37651 44373 -59942 24197 34644 -64178 -16156 11791 37781 11889
r282 -5376 -42701 1945 22830 -58278 54623 25692 -8480 -21893 -13890 -25106 58420 -33428 -21964 38131 48639 -6010 4648 -53738 -13294
r283 -8886 -61927 -12413 33132 -1857 -28164 -28349 7182 40038 15863 -56116 48191 36980 13582 -1470 -32762 29983 -41794 -8910 -33079
r284 62477 -34736 51902 4498 -28149 61471 44294 10699 41645 -49015 -38805 20690 -13455 38013 -41073 52038 511 -9014 42137 -19120
r285 46308 8648 -52967 -40241 -40629 -2177 -11238 -2236 -48697 -52381 60043 -39162 57158 -36872 -63505 -54276 3469 4455 -37156 52565
r286 5077 47492 -15526 -60330 65105 49435 -42736 63217 -57109 -22547 49252 -22775 8470 16616 -58045 -22275 -3668 -10636 -7220 -31721
r287 28087 -39804 59302 64311 7134 64170 57133 61396 25494 -56225 42996 41013 45 -30141 -36769 7791 7740 -21405 -65472 28479
r288 64956 43239 12434 -38904 2124 2083 -51173 19664 -5371 -25001 -10187 -36515 31303 -38022 -42125 4871 -59081 8977 -51671 6564
r289 39029 16311 -39416 -51705 4784 -42028 -34160 -5732 55234 -42719 -24838 -31983 -1138 -2330 33184 -63820 -48784 43044 27292 -52486
r290 -33866 44518 -6902 -35619 -37249 -8369 -12779 22389 -64390 -36134 -43666 -55887 55988 52566 -48581 4825 -31694 29510 50725 -42152
r291 -43023 24481 2071 43095 -21045 -62139 -5680 -17783 -51158 -55132 49686 21644 -64187 8428 2560 50287 -4342 -98 -33676 39507
r292 61576 20031 22992 -52719 -32461 -63646 -9798 -18711 25303 54893 45263 58064 -23613 31331 28495 -12856 -64775 -41109 34278 38635
r293 15656 -23004 18818 -37732 29752 -49664 -9828 6150 13102 -42190 -46126 58473 42145 -65379 -32424 -40249 -9380 -22576 1113 -21306
r294 56066 48958 -56027 -6451 63542 52606 -51098 17372 -35417 -30372 15010 -29093 51819 -35925 22120 -63659 -20041 -41642 35085 43616
r295 -9609 43843 23368 24508 -34849 64153 38926 -53199 38858 -19339 8961 -48948 33326 21358 30427 -60586 -16393 18824 -49594 -39798
r296 46781 62477 -47383 -60377 63691 38428 -25887 -14301 -59036 -39626 -58792 -63275 -7009 11954 -10464 -40058 -34220 29321 63147 -18343
r297 31936 -57229 -37555 -46712 -16698 52510 -59196 32082 44736 60003 65293 10889 -55681 23382 -13067 -59834 20378 19766 12223 27967
r298 27266 -50693 -28669 -7305 -5704 12625 9197 -20686 -9587 -22036 44803 -7434 -36260 39146 33346 -23653 18393 -55250 61031 -34796
r299 25032 27251 -19291 -17066 58879 43444 -42746 43412 9928 41067 59971 53377 22927 35653 62558 -17906 17010 -63619 54287 40072
r300 -55800 53133 27204 -26507 -34197 -816 42806 2541 -24995 16476 25498 -50967 -54612 51027 23554 -11695 -40824 53627 -40848 -46563
r301 -37652 3778 -25167 55328 -62468 24767 -50984 -8817 12754 29146 -32254 -22160 2536 55445 -43114 53116 -32440 40884 30728 20072
r302 -1157 -25698 56823 -61143 9380 -21598 10549 14549 36679 29689 35000 49292 -10903 -55779 65330 -54873 51232 20690 -8728 59929
r303 26008 18959 8281 38060 54993 5945 48968 2953 -13501 -37929 8113 19448 50568 -36233 -21479 21833 36380 -4283 22506 -8658
r304 45798 -62015 -42889 -62062 57273 51785 -19934 48069 35420 -19647 -61327 -22254 20436 -40626 -50408 -28847 31152 8988 -39963 27629
r305 13147 40599 33094 -34935 -9430 5718 -18993 65471 -34343 -51897 -16566 -13057 -36237 -27 30054 61860 -2275 -29588 -11578 -52001
r306 -16023 39524 34272 -57936 -59579 -53246 39759 -13709 22294 16598 -62517 12062 13459 -11985 -31862 -2987 -42616 25395 -65234 -21895
r307 42780 12327 18803 21796 30874 17560 -16142 -31453 43052 -5621 27124 63272 54820 16836 -5739 29264 -34042 38467 7487 -38826
r308 -2469 16672 24992 18915 -35134 27478 44031 15963 15643 -2785 60338 -62031 26649 -52157 -56691 -27362 -50285 -64808 -2888 6611
r309 55960 15804 54623 -32633 -61470 -15428 -39900 -7073 51506 8765 -55257 2596 42052 15226 9089 -7592 -64442 10370 36979 42775
r310 -37660 22951 16678 2648 -51664 50498 -45725 -22519 2384 -52449 -38151 -49877 -41349 -1622 -40345 21559 31034 -65170 -10159 -2017
r311 24659 -30263 1863 41275 27504 -32363 54758 -42122 31315 -26235 -14305 43116 -33690 5 -57496 20869 -8503 39872 -51775 -60147
r312 -50528 60556 -2552 22480 -56714 -58789 -45163 -37967 60683 64879 42270 12716 -43513 -7406 24990 -7176 -14259 63263 30264 50732
r313 60165 -37618 60954 -11479 -23832 42713 -60251 -48448 -16331 -34131 -46606 13679 53213 -46561 61180 3578 2298 19127 52049 3831
r314 -57790 -61931 41596 2212 -40020 12638 -6460 -60213 -24153 -26966 -9284 49579 -10309 38980 -18404 56590 48540 -48443 13251 -26218
r315 64451 1619 -52418 -36141 31310 59740 -16380 -47512 45790 -53632 7918 6818 -8975 -4469 -27771 -12298 24044 -12244 -22768 -39343
r316 -31800 57047 -60669 -34682 49751 28760 -59090 -26421 22359 -42285 -60993 -29240 -15089 62419 7993 35548 61834 -18266 64087 55661
r317 4690 -54306 -42280 -38635 -24503 30644 -535 38666 -12456 -43905 -53841 -19873 -16023 12118 49168 32587 -11170 -43295 -57822 -27460
r318 -51614 -53968 19607 -29979 15866 52915 -50229 -6696 -52604 -1400 16003 -51022 -54355 -60298 9949 -34520 6771 -60960 54306 -63625
r319 -44645 21590 -42951 -53728 9881 -26928 -28853 47097 -46833 -45667 -42446 38918 42744 -65264 -3340 53110 56877 17298 6329 -11565
r320 6497 60839 45222 -14870 4410 37457 -1985 54240 -9727 51610 -39744 -56485 19177 -11466 -13007 3992 14435 -14183 -8797 52167
r321 49537 -44629 -3618 -57389 -45915 -23841 39878 20234 45133 -11342 5951 40520 -1830 -22052 -5120 -24300 24012 -14502 27018 -34709
r322 5665 34957 -37194 -47243 9181 -15107 -48640 48529 -39606 887 -46188 64348 13315 -2166 -40726 37735 5546 37953 -7160 14656
r323 -7708 46752 32924 -43295 60142 44138 -44019 -62257 -61321 59857 -24623 -53569 -23517 -47637 56875 -6628 48286 15251 -30665 2222
r324 16497 -57009 -12520 50317 -35515 -34714 46536 44646 -53376 15459 -28577 17052 -57999 19580 -5570 60906 315 22659 -15028 5718
r325 49746 40610 -34678 7735 24060 -25142 27642 60965 -12529 3121 -47938 23229 -39342 45061 -9294 -17121 49575 -48645 -39878 -54011
r326 -32864 39991 -42135 21903 16872 18432 34280 7705 62403 -48267 -61656 45842 110 -40201 18615 -143 31766 158 -40234 -18569
r327 -62755 13675 -22509 -10322 55841 24254 -7613 -18657 -29778 56578 -28228 48979 -43283 35052 -27667 -9917 23250 -38570 39619 33547
r328 41097 -37933 -39091 -26941 1215 20437 44971 -28644 -47920 53518 -119 34536 54283 5716 -10383 63885 -3005 44302 61922 -63281
r329 -35634 16417 48987 40718 -6691 -25174 -41323 -22147 29018 -56440 -52389 64237 -51455 -4396 45127 47911 5087 -59567 46658 49544
r330 38423 52906 28103 19073 63412 -34860 34851 -6512 -34998 -43771 -27495 51308 -52240 15874 -12393 53217 33404 6279 6168 -15052
r331 40950 -42906 61485 55557 65378 18274 32960 -50407 1965 24941 -30323 -28876 27921 29410 -21646 33572 -13139 -23842 45797 -29485
r332 -30953 35635 -21405 29069 -47241 -55297 43176 58751 31651 -32689 -35911 46564 39826 61156 -5660 45157 -59770 -52614 16924 -57768
r333 -17572 34017 -54552 -58781 -8151 42930 -43423 -19045 -5185 7927 -31992 13439 -53208 38714 8775 57567 -24554 11936 -72 -47306
r334 -26499 -42541 61894 -15631 30031 -46878 46200 34888 -44078 -16994 3152 44730 65185 53107 -16611 64101 7650 4270 54409 55855
r335 -61523 24136 1208 -50907 -51640 24564 64939 8153 -28099 -16021 45577 19136 -15285 -64415 47838 -61823 -53058 28019 -26248 -27331
r336 -48544 -34672 -30177 -60591 -8955 -38276 -38903 47283 42514 53105 47387 -56006 -3810 63307 13306 -20697 -941 -54900 47142 20704
r337 8368 -32826 12733 -5526 43809 -29098 -9279 -62568 -11189 27705 32396 59214 -17039 31018 51092 25936 14773 -43701 -18687 50264
r338 35122 56572 -52334 -52720 -31626 57216 44551 -45317 -36218 38776 -50026 15876 10912 -45241 62882 39880 -64697 -20852 -58749 31839
r339 43130 -51807 -13422 -28480 -10659 44155 -41678 -65340 -53407 6695 -26453 -36561 -32475 58166 -39242 37462 -48647 64989 3874 63892
r340 -31402 -15770 35262 -8652 -29664 47010 -23744 23396 49821 47008 -23040 -59248 -21504 -4929 59036 -11851 27276 52785 -42844 21818
r341 -41177 65074 -57498 -29173 60548 -44250 -22697 -7355 -59254 60306 -6013 -29328 22670 3284 26536 45675 50432 -39649 -23293 27540
r342 64043 13733 20688 -20851 -57870 -31928 22198 34906 13505 -14676 -31981 17220 33765 38582 -29814 14857 -20935 -50770 38389 852
r343 43940 1882 -792 -43376 32198 -35427 -11072 44879 -926 -20779 64127 9219 30007 25225 -62429 36409 10776 -54675 -14549 -27309
r344 -21781 55603 -50368 14440 3980 -16552 9863 43258 37833 1962 39120 23130 47199 5004 16789 27370 -57511 -31854 7759 9270
r345 25264 -63890 -42814 -10854 29312 -57074 -56252 25773 39137 -8796 32462 50545 44111 -9351 -63429 -23698 60891 57939 46934 -41151
r346 -15475 15853 -39252 239 63867 -8860 57138 -60250 29506 31477 12499 -60756 9340 53386 -31001 1912 -12630 -19811 -21994 3286
r347 19616 11871 31946 -62215 -32133 -39337 -47150 42804 -28452 19532 -4850 18190 -57640 -22698 43197 52675 -8849 30478 -39004 -41050
r348 -30615 -42619 42964 -4028 37409 64153 -64632 37835 -65363 -24629 33821 20420 -49309 58108 4433 57330 32995 -63707 38164 -35657
r349 -22225 -56196 61867 -11486 6782 33193 -47727 -20108 13311 -58871 -9580 46943 7501 24275 -54667 -54831 -16465 15994 -2719 -45500
r350 -51383 10359 -46540 -35815 47104 58961 -54941 -3003 41428 -28166 7498 23087 -59900 -50984 22350 -42323 29464 -40243 40383 14213
r351 16916 -59770 -23978 -47496 -22037 63182 -52603 63812 14923 21260 52152 -32950 64392 40898 37617 -15 -36323 -55763 65169 -36871
r352 -28864 52208 -22527 37871 25945 52176 40806 14772 34642 5532 35223 -14765 -9293 35196 -30916 -43205 26611 31796 37131 -44353
r353 -59657 -10752 -14282 21169 62370 19805 -34030 60888 -39739 60140 36334 62087 -61605 -19063 -11793 29346 2303 -8337 -29883 12318
r354 -63643 48253 -32039 46114 -20752 57471 -54477 -49451 55931 22733 46027 -21174 -15746 31477 -50603 32234 -44324 -50260 -44132 14573
r355 20671 -7167 -256 -10554 -48561 63585 -31569 -7687 -17871 49763 50324 -1113 30093 -10087 53468 12842 61945 -47446 -10419 36203
r356 -54881 -36570 -36826 38318 -33795 15981 30986 -33364 50513 -17444 44069 18553 -15614 -3202 -24080 65230 -27747 19647 62708 -22630
r357 52648 -46565 -52415 46771 17742 45845 -34212 -39898 39653 622 -52851 20755 61583 46200 21834 -555 -24207 34915 64711 -54023
r358 10100 -47744 -34260 12183 -27134 3936 -40171 -17492 50847 4963 -65101 -22210 -58777 -16148 25619 -8104 -12462 -4359 -20725 35690
r359 -44004 9594 -16481 -8188 -14767 40350 -23923 -52328 31758 13800 -37831 51299 -14112 40640 25514 -40356 -36387 36785 -48285 35242
r360 37435 49364 18515 19229 -11899 -27902 28335 -36042 -8795 -31636 -34857 51968 55965 56169 57266 -32163 -61907 -43854 -24901 49002
r361 50768 43058 19335 -55866 28245 -18579 62021 49647 42065 27385 -49893 11713 -56618 22943 56396 -58953 -51556 49722 6902 25405
r362 -29002 30399 31163 -44419 -56278 -25537 -11581 -65144 -30199 32874 59421 53308 -29710 45983 -30187 -1670 -19995 49151 23091 35968
r363 -30246 31518 56343 20534 16451 -18372 -8589 50360 -2824 -36386 -29287 -14776 -20190 -45888 44427 -49442 62328 57077 -61274 58934
r364 60733 33252 63236 61249 -7110 56242 -31992 -9099 27011 55734 -44267 -22713 22950 -30120 -20126 23940 -30406 19255 63828 -20355
r365 97 -27268 -14063 17873 14035 -28089 36768 47766 -10203 -15068 -23394 5542 57259 25423 10 -31552 20107 -23653 13431 -14567
r366 44766 -45343 -52307 -44649 -35702 4506 26561 17608 -5111 -7489 61904 -24300 14538 -6464 -19233 60163 58772 6009 -38468 45480
r367 45437 36667 -5425 59 20652 64609 -59303 32411 53427 -3743 -64498 34837 -57037 -49408 -25818 -29129 9953 -50436 27366 -25018
r368 36349 3983 -56082 10525 17178 11182 -43071 3859 32024 10552 40572 58651 23947 35791 -19513 -55237 43760 21212 -16374 365
r369 -5937 60138 32691 -35696 24477 -52441 30029 -26671 39022 -152 15992 -56806 -19390 5865 4719 48158 -28180 -55614 -59268 7834
r370 -31755 48102 40869 -22437 -32239 7817 61340 11884 29880 -28670 65105 7973 27840 5473 -54215 46771 41129 3070 54477 -60730
r371 23334 21578 26149 3508 26411 -64616 -62747 59258 17242 -61756 -60268 -24852 -25233 -26866 -2570 -14492 5224 40243 35905 -63684
r372 27291 -48791 -65403 39191 5468 -64206 46900 57355 -59535 10307 24492 25147 -58414 -29299 -49387 13380 -58441 46085 -50468 5848
r373 13418 57686 -55311 -1438 -25118 52390 54775 -41396 34536 -41858 -10312 35227 -63425 -43100 46657 1273 55757 -45707 -32768 -31068
r374 -25314 -32634 30050 -4548 -55814 -10685 62408 901 11567 -47045 60332 28217 3798 -13672 4151 -24601 3541 -44867 -50354 -52648
r375 -37762 -62430 -39775 -16122 -47500 -36524 -53094 61088 24991 24465 -34084 -65319 19118 32349 50362 64967 -56430 52307 45701 -29907
r376 33564 -12899 55414 -49175 -8209 48578 42896 52587 -9803 21565 -57072 21737 21074 -164 -32592 31343 21965 -25790 57192 6805
r377 49272 -39973 794 61135 4950 30710 48949 -30256 39456 8365 22384 61296 65380 -44901 -19085 39871 44247 -22543 -24392 62290
r378 57639 -1367 -60472 -58972 59860 -19875 64577 -50586 7438 -63898 14359 19597 57468 50224 41250 56217 21877 53624 -28821 43574
r379 -21450 64490 16999 -57231 51931 -18846 57473 30016 -37054 16589 -57660 2118 41830 -57735 2188 -11838 57288 10370 12284 -56263
r380 45499 -35458 -36799 -37348 47193 34612 -16267 30626 -39420 -51307 -60263 -861 -39562 -37439 -6864 -35008 55457 -32439 43182 -28840
r381 -19531 18541 -55284 20106 12336 24278 50101 16362 -29452 -25600 62379 51968 -26955 17770 -10567 -6648 61128 -35671 -59732 37059
r382 20694 -56741 10182 65167 -62339 3032 -16361 -7897 41138 -6495 -62878 49037 -42048 -11415 -48853 8507 -38735 350 8468 -59033
r383 40503 -65203 35611 56688 -65142 -50830 -33817 42368 -62532 -65146 -26505 -14764 55990 65418 47928 35595 -21741 5562 -33085 -46453
r384 -18763 -13661 38595 62822 58437 -53159 39155 52329 -33220 4803 54089 -37868 29894 -509 38459 39739 -22924 63298 4366 -51752
r385 47274 51351 -5821 -50166 -4816 63550 -62316 -52078 18381 20954 -58487 -16032 9384 -15749 -35347 -17866 -13514 35660 -42114 -44324
r386 46493 -53123 29309 -48904 -52127 7352 27364 -42684 -26918 16521 -9278 -58100 -32103 7297 56015 -53161 29663 -51107 -35746 45983
r387 24325 20068 -60492 -3387 -60569 50135 -48258 11212 -38156 -57852 -38636 -26799 -56492 -61216 14910 -63983 -18213 14485 -54508 -25388
r388 63107 9062 -33592 54460 24275 -41750 46428 8664 19196 -1503 62620 -31187 -52740 -37375 -24536 32290 13820 62543 -55106 -28902
r389 -27753 -58613 -5962 43882 11537 4280 -29014 -1897 3702 31453 -41214 45714 -55356 39150 -8350 8521 -4603 30874 -8617 54523
r390 51449 54329 32644 48849 -60482 -63596 26468 40284 16701 59617 64010 -38876 42044 18424 51529 52785 -28544 -21176 -44328 -8813
r391 -60824 22801 12979 27508 -54344 7167 30333 -48208 -13389 170 42524 -4566 1266 7368 -14736 -45273 5938 -21876 1777 53178
r392 6346 -20222 30440 -19784 18331 -52599 -24199 29517 -41200 52999 39901 48324 1223 46841 -61255 48095 -40289 -3903 -13431 -20094
r393 50738 -222 -38437 -55327 -28018 -62239 62358 -20695 64617 31060 -30115 -9945 -46851 -3940 61334 -35221 -35961 -41830 -26962 -29454
r394 -50942 -41980 -55694 -15853 -47318 4964 -33609 -25596 -10187 -52829 -11109 6333 -3012 -30267 -42354 -9326 62609 30280 -64768 31204
r395 43195 -18256 2638 2830 13137 -25387 4746 -13496 -5588 -58144 6939 25768 -59521 20896 -15240 45992 61172 -45884 48185 -27956
r396 -37182 -41862 31753 5814 49955 21344 -8551 8446 -63545 28289 -525 -61147 -48370 -10338 -35462 -15218 -5797 -27185 6757 -53497
r397 -45198 -45067 -31129 -63644 22198 1243 -42444 -42860 55971 -57347 -40181 12809 -39911 26658 -32261 -11734 -55007 22802 -57669 33918
r398 43700 3594 -7097 2004 -53505 19991 14511 -50770 56075 -53595 -35366 -57040 -54130 -25066 19076 -37970 39420 19286 -57042 -2382
r399 -17674 8639 -25403 -20657 38753 1776 -52721 9248 9528 1785 47889 -65108 39235 -56016 63716 -55235 63889 32666 -56847 -19183
r400 19766 -16812 63390 16115 51141 -14124 63673 10834 -6204 44573 45624 -4142 -44784 -51272 51075 17108 -56901 -33170 34268 -51472
r401 -64048 21795 54032 40449 -29130 -5834 41702 -59886 54308 -50856 62173 45998 -23142 -35106 -3196 12783 3962 -4159 -54252 32346
r402 60282 16467 -1325 -25064 -23515 57221 -40271 4186 -47674 -27013 7941 18056 4182 29029 29088 -31728 -52259 -11147 -46791 3345
r403 -28790 47708 11571 1757 28123 44515 16730 -29967 -24192 -19930 -24680 17836 -6359 -36844 60187 -26902 57716 -46325 52160 -32640
r404 22947 -30262 -46521 -39632 -29367 45799 57040 40542 60325 -62886 1369 -5352 -31321 -55513 29785 44783 56626 -55662 34022 36177
r405 2183 19108 -13834 -6041 33124 -61661 -51291 10516 9742 -31091 -25345 -33085 -58103 6434 59384 26131 33451 -65457 -6161 -8551
r406 -65062 32332 -33062 8097 -11501 -37043 9601 -35980 34656 -12794 63536 12848 -48209 26967 -48549 57472 44861 -57387 -21430 -44656
r407 -63701 -30889 6574 -27821 21470 -29803 -48892 28092 -44860 55707 13172 46295 33386 31275 53551 -27105 -46156 -32367 57784 47899
r408 -1308 58614 -65157 -32676 -56835 16954 -20447 59049 28886 46376 26580 45769 6874 60667 -41743 28193 34690 -26296 14329 35754
r409 -31561 -27683 42563 -53939 -11309 -30343 38792 -32089 -28361 28096 48733 -22010 -19351 18023 24738 -60488 -16261 45564 -48126 22649
r410 18676 -7367 -44993 -30397 -29699 39150 9226 -53550 43418 55903 38359 -15731 37864 27309 51433 -49262 -27426 56580 30925 -5330
r411 -35428 -51190 -1248 18129 62482 1670 -35857 -36438 -60509 8695 -46394 -13572 -61934 -52055 -22879 -1707 28420 63305 -45177 8682
r412 -27240 6361 52283 -37766 -31015 -34335 -50449 -53739 -48008 -46788 49862 -23859 55241 -64282 -56990 50433 -1961 59867 64369 -54509
r413 45228 37236 -63032 19474 5854 -51877 50695 -28086 61542 -11974 -32855 1791 -5511 -40380 41040 40931 16420 23601 -24184 -9042
r414 12058 -10951 -10433 7048 28812 2178 55886 44426 -44789 8622 -14303 -9843 -52147 37513 -41977 21065 -7840 -16551 -31238 38853
r415 -444 3808 4973 52329 -18868 53815 -46379 -23327 57451 -2962 -23955 -37105 -47134 -47407 -55605 41408 6898 -62719 -5824 -51449
r416 12911 -58563 27137 30064 -53991 -64060 -30608 30546 -46626 61998 -53701 61952 55344 51377 40294 -39103 -50025 -59794 -49292 26983
r417 -33410 -22692 -65475 -65318 -27201 50523 1719 22470 15546 41749 2000 65314 37341 55242 -11499 -41003 -24763 38091 49238 21310
r418 -54946 -45177 -26391 -43165 -65275 -52584 3611 -36422 57754 64496 1560 2520 -49275 -25042 -229 -22263 24152 26468 -54307 57355
r419 64839 -10769 -63342 -27190 53583 -22381 -41773 26525 54059 -58207 -13975 -37276 25072 15109 -18532 -21323 30274 -62654 18795 28502
r420 30538 41046 -3203 21409 -12759 49385 36123 -5603 -468 54783 56795 -30739 -6470 8804 57793 36908 -5885 29364 -33529 -58809
r421 -50173 -60140 -52317 19406 2149 56597 33464 -47436 13414 28486 53401 53877 27007 54140 21205 65307 -18312 7617 61309 -24959
r422 -31796 -28881 46782 -63006 20607 29514 -30724 -11606 -38484 -38757 34265 22925 52551 -38240 -53664 62417 23798 57838 -50661 61043
r423 -39763 -59021 -63935 -52384 -62390 10080 -26241 -45284 -65492 -18395 52053 -22701 21344 -61723 23730 -32648 11384 -47765 22162 -39614
r424 -15786 37516 -40983 -62306 -60082 -30081 -37500 -15286 -61403 -63823 57648 60956 30807 35754 26224 17093 -46707 16528 -54402 53468
r425 -26365 12392 -43229 36295 63724 59671 13518 63690 -41806 43901 -38009 65075 -19777 -19965 -58979 -17438 -44583 -16508 57861 5608
r426 19026 26662 -23030 -23769 -39770 28622 -47717 46934 -37070 -42620 55279 -24139 -42674 49124 15128 64590 10213 20077 -59064 43543
r427 -37517 -47226 -8095 59005 -45591 64944 -23239 -6670 -65383 -63914 -40238 20059 -23113 -57759 -4805 -58633 11372 16196 -21872 -48611
r428 25101 18902 -33334 37871 140 -49920 21516 -65154 -3362 43561 4209 -11789 19032 -21303 16562 33547 -15607 42897 -27325 -64603
r429 55979 -51837 26685 -20362 36343 55087 41697 -56314 -16805 -30920 9227 14253 -15933 -34183 1545 25772 -39211 -24201 31578 -49065
r430 -48355 13084 6556 2792 -33705 42814 61050 38312 51976 -31625 -51667 36548 8101 19821 34212 59188 -65305 -33980 55847 -17205
r431 -47033 6353 43508 54238 6046 -27239 63201 -65146 699 -57796 17133 -46148 -48921 65155 -20573 42584 48432 -54570 20070 52263
r432 4443 -23168 57933 -22344 60069 3651 -33887 13981 18094 35932 9466 -8721 8637 -21039 51852 -27444 -14486 9670 -13737 15340
r433 -11718 -59093 54307 -64216 -48378 26258 32515 63038 -58893 -64981 -51222 -41320 25725 -16032 40760 -33708 58994 -10889 15386 -10463
r434 -25077 62542 -14624 20023 43464 -54977 14531 22933 59188 42037 18189 -14427 34188 39416 24158 -27941 18755 49939 5875 -8474
r435 -27905 -19162 42736 -18785 -60609 -56484 20207 -42585 -2981 -6083 39177 -6477 24031 39876 34507 -43564 58345 32795 -6296 61545
r436 14819 14724 9510 4867 5770 -53052 21076 7650 -48201 -38025 -8487 -35003 33641 -14836 26266 -22531 -13007 33349 -32589 62979
r437 48221 -26965 4294 -55919 -34225 54619 -18143 -8831 46581 49081 51705 49221 64651 -31867 10966 -32265 -29316 -59298 -18957 16130
r438 -35060 -2957 54994 -1781 61421 -18625 15686 48210 -18024 47116 -39262 -7539 -21378 -36624 -45252 21969 53936 30095 -26215 29848
r439 39304 63612 -63132 -211 4039 -4979 -41400 59273 7424 -24475 -28579 173 44750 -17599 -61557 -18438 -39272 -54362 -32824 -17138
r440 60330 -63696 -38697 19530 60498 -23697 58254 -63084 -18918 50031 -57815 -12879 11314 -18626 -47731 -63024 31472 4884 -64387 31096
r441 51145 -44072 -49269 41315 -56743 -54890 41465 41965 59096 -3730 -9493 -15578 -21139 -14039 -17948 36851 -64636 -18941 36198 -35548
r442 -3513 -3512 59184 -1300 -63682 54432 47764 -3483 -37239 -40063 17447 -3927 52448 -37271 7231 -15784 -27333 4483 26848 19531
r443 -19826 -36576 23951 -63036 -6785 -52972 -58145 -49149 -20102 -28020 51930 53761 -33092 -58913 28464 60135 27247 -56469 -24813 -7148
r444 26050 7546 -38788 -28759 -1765 -43907 -33755 64228 -29404 -45301 56354 -36389 39921 -63230 -9432 -30519 28843 12031 63514 4278
r445 -29043 -49674 -52491 54690 -24986 -58661 43599 1104 -58907 -49424 19864 41202 2836 8004 -63040 -62844 -49345 33025 -26276 20995
r446 23092 -49124 -47437 -14752 -23313 -48714 -45506 40981 -4347 19333 -3592 -31814 5395 -7437 62027 49031 49404 28003 64183 -33045
r447 10523 62139 34695 -37614 36130 -56369 58533 -26456 -591 41555 -30149 1896 38165 -5719 16312 -16011 27800 30226 -34822 21512
r448 53290 -65408 38608 -41022 -14293 -6359 6179 10287 63018 7771 -61772 -7388 51884 32883 37925 11349 -3106 -44649 60591 -20038
r449 -43178 -40211 60448 -56716 -24632 -25709 -57018 7455 44590 -40758 -11379 29557 -60556 -24185 -49311 -28290 43674 -54785 53391 -39713
r450 -46848 9469 -49079 -21159 63349 -14883 -38182 52303 -24051 54936 40488 59345 36419 -31277 -44775 -51562 -12595 55288 -7480 40595
r451 -7955 48944 -23638 -18526 11547 -42391 -1539 30884 -62052 -35788 -51785 37179 -35638 -24988 -12854 -34693 706 30327 27500 -50308
r452 62378 3457 58892 -9358 3445 -42614 51249 -377 -35686 1980 6190 31902 44101 29677 -54740 42373 -63863 -3871 43956 51918
r453 24037 -9906 26779 37575 13599 -4943 -13237 -49350 47703 -52639 32224 58924 38276 29499 19130 48410 46663 47356 -54166 65029
r454 45403 -34211 -35435 22755 24010 -55468 -62017 -21533 51216 21879 -36669 -7230 -46167 -27917 34889 -25309 19550 63180 41649 47085
r455 11787 5140 5992 47438 -14881 26572 -40801 -60529 -45980 -15253 -13451 -55464 -19388 -41223 31111 -57767 -8414 -49475 46602 -32350
r456 27151 -20869 -60969 -32915 34068 -58750 27511 48517 57808 46754 -20789 53191 18840 -902 4198 25586 -10724 28477 -2017 -20632
r457 -41028 -8661 44758 -12390 19551 -65316 45806 -39777 -64340 53235 -52363 -32373 -64099 16808 -44093 23289 -10622 -48556 -62193 45847
r458 56758 64049 37927 -56380 -15682 59900 -14078 -2651 26096 -61226 -30519 -44154 27360 -50711 -35401 -37095 8173 -33331 -57935 62394
r459 -8403 -13070 47722 -10228 13337 -23576 24992 -26794 -731 -55173 34775 62719 -19094 -4774 18578 -24248 -4132 17418 51650 -4854
r460 -47918 -56182 139 19316 51692 11529 29712 -3541 -41904 21764 -63835 -9238 60674 41761 40933 25221 43095 -34484 -43696 -54944
r461 34456 6263 34090 -31345 -17768 -24330 35323 -59674 -36532 -27745 6009 10086 1278 60401 44524 -13502 44647 -65072 11167 62503
r462 51912 37539 -5722 -27270 -45662 5914 -38464 -46600 -50722 48680 -9907 -26317 -16787 7818 -24846 -34480 4415 -55517 -1252 -46659
r463 -36471 48141 6811 51921 37545 45191 -58044 -47433 4365 -51471 -13173 -65324 19361 -6268 53251 -34669 23016 36594 -47403 -20223
r464 -10627 -38016 53079 37707 30822 9346 -45868 7730 48736 29600 15925 -36986 -36253 49166 31808 -36660 41384 -60985 -41449 43598
r465 -62904 -38125 -12036 -34667 -42574 -12721 4840 22536 -39672 -27459 -50674 -31069 12934 53362 5776 -42530 -64663 62539 26821 45992
r466 21922 -20247 23943 -49216 -45200 -61659 25251 -52347 -42444 -5032 17655 -11635 35201 12796 46228 50332 15184 -55664 11446 -26696
r467 5708 -17815 29628 31535 61195 46472 -27802 -11752 -8823 -18979 33097 -13258 15577 -49280 8597 -17692 59908 -36276 -8331 -19767
r468 -13959 -38153 27422 1035 -42535 -52178 -10711 65527 -64894 -37690 -55832 -5199 -7131 -147 -37413 39517 -25755 -43350 5559 -10527
r469 49174 14220 -31532 -60101 56294 -53886 25446 -57293 -22986 -14110 -19472 -37838 -65416 -27452 34914 38406 4581 25998 -48210 -43317
r470 13181 18377 6469 -31271 -60305 -27001 -3475 61137 14449 38095 17356 -63652 -30247 -63145 24475 33956 4774 24212 43246 -44812
r471 28701 54973 54645 12617 52911 29379 56720 686 52102 12664 -9359 -25076 -49957 53793 -21257 61759 -39223 -55317 -30033 21823
r472 44666 -46166 -34522 -6255 -8102 -24007 -32813 38302 -15768 17886 13942 -57113 -42682 57870 37954 -7853 -51403 58557 57065 7772
r473 -30148 22572 -22119 62309 14414 5972 41507 -47084 -21538 7972 -58341 -40683 38548 -10127 24627 -10758 -33221 58552 20183 62323
r474 31459 -60258 -37836 2935 -42934 27398 53654 -54138 -14021 -22979 -30891 36264 -37518 -33742 2559 -1067 35128 -4530 -393 -4632
r475 46558 -49921 -29887 -7543 27762 7256 53556 -55465 -55626 -38279 -40316 38135 -10190 38893 29211 -459 -22865 -18812 54901 52481
r476 2245 -46522 27715 -3196 -58361 12728 21592 49402 56548 -34733 -48619 -33345 -59413 12302 60610 14604 -15667 9270 19625 40977
r477 22973 58768 39951 -48765 -18856 64824 12049 -45752 63598 6469 -51606 19730 -38708 24779 15236 47723 -37491 1229 36474 31190
r478 34709 -21255 -62997 24738 8039 -47479 23195 27037 -60300 -42892 45939 -61868 -6730 -53123 -47883 -30181 -17523 28819 -37974 47090
r479 33651 -53683 38775 -3404 9874 -45971 12490 16726 -51789 28816 -64265 51345 49525 -65003 56496 -20302 52957 -54168 27215 59433
r480 -10283 -29978 -7437 -35939 58978 -44779 -54310 37037 -49776 -22686 52151 -45495 37868 -62269 54682 44009 -35222 51155 33782 61370
r481 -17904 -41436 -41736 29798 3531 57756 -26278 20277 -65086 23723 58624 -53243 4483 33697 -20936 -1011 -15298 -21809 63159 -11437
r482 -54890 -63245 -43253 53461 63683 -5075 -4746 32173 -44649 -2857 4010 -42924 -18260 37642 43430 -16875 44860 7445 50116 -12537
r483 -46382 -61010 54695 2963 -47392 17730 15860 20635 -36048 -37643 48636 -26645 -26935 24884 -60433 -43118 15156 -55554 63345 39532
r484 41415 -5143 -43761 -20755 29961 -6165 -4085 4634 -1195 28424 13037 -20389 1682 38081 3369 -2916 -65050 -4831 -26970 58907
r485 7955 -53502 57214 12008 63811 -9188 -12277 -13199 64558 13982 6332 38275 26998 41283 -50615 -30553 -8175 53199 50854 20224
r486 65001 -12820 -60276 12999 18547 62921 10370 -58504 -51033 -5213 -23992 -32585 -13081 -43214 28992 -55761 -31702 -56353 -109 -39550
r487 -34987 -40348 -32755 31021 -52825 -40401 27804 -56760 62171 -56465 21941 -24965 26174 -8255 55198 38399 -32888 -32098 -1172 -39292
r488 -24546 -5016 30533 11552 43666 -58871 -20786 -14943 9838 -30987 -3990 -43287 -56595 59331 49276 -9079 -14630 -27540 -42440 -22030
r489 -43505 30064 19417 19053 -57230 34368 -29726 46724 -44300 57853 37868 -15903 -19693 46805 16699 32192 -59567 -2404 -43152 64653
r490 49898 51833 15520 15946 24123 23790 -58772 -16019 -48064 63550 62777 12481 45849 -26531 50068 51326 34518 -43644 43970 -18910
r491 -39179 28312 -31046 50825 -34941 -5645 5412 -2702 -56015 -63006 25752 21188 6759 24430 -52620 16575 -27460 -22956 -52009 -2345
r492 -4494 4040 -62581 61368 14237 -19871 -22770 42111 39820 -41839 -63888 -52487 22433 55944 -54032 10651 36580 -57793 -28434 50566
r493 -60101 -17458 -42632 34572 -36950 -30694 34546 -55097 55298 18504 -11276 56322 29619 -60680 54467 37420 20889 -9921 -18768 -36288
r494 9839 -11962 -35351 -53502 39324 -59018 20406 -21869 -37289 9743 5020 -29141 41626 -10961 60237 -45661 61075 32211 -23417 36224
r495 -25986 29334 -10254 7596 -15699 38533 -25024 33026 -39481 40934 -4179 42954 7492 -59076 2533 -21177 30195 57172 -44759 1433
r496 -39504 -37010 -43127 -23753 30617 -38548 -19232 -33827 -7612 14803 -59609 58940 65520 38352 -17707 30302 36631 -50714 -36719 50316
r497 -35016 38713 58825 -12227 6316 17922 -48344 -23292 -22162 -22870 29960 -35422 27121 18450 -60829 -14743 49426 33588 -10397 -23818
r498 -27028 -37405 51736 32151 -2919 37970 -64352 62757 27884 6076 -13006 54019 -9708 -30200 -64863 4289 51198 64107 61428 -11821
r499 -62579 -6413 -52731 37021 55521 -20678 26572 15765 -28625 16563 18209 17798 47810 11518 41226 5871 56684 -51770 28927 15475
