mTable35 21
KEY  c0 c1 c2 c3 c4 c5 c6 c7 c8 c9 c10 c11 c12 c13 c14 c15 c16 c17 c18 c19
r0 7345 11908 38248 62038 64065 -61649 -32118 26123 27051 12538 7401 59112 48233 -23442 64400 -46552 -20761 -18128 -30458 -28647
r1 26131 26181 -1791 30244 -55655 -35690 -34841 9611 -46254 -11883 13606 8054 8808 -55013 -29156 2166 -58344 -51629 30255 -33215
r2 -50291 -35531 9749 -20819 61404 -51467 28996 -62356 -44422 -21909 9936 16587 -35137 -7705 39223 -46296 46046 -3980 17903 47411
r3 -54687 -23198 -46586 -4648 -18642 1694 59655 19360 48686 21150 48769 13458 -7970 -21714 8988 6929 -38263 -15022 -18479 -49954
r4 45857 -48660 -14463 21169 43360 -65125 -24959 -45428 -41291 -62861 40826 59485 20791 -28365 10564 -4927 4149 -63196 -32973 -26775
r5 -59106 56360 65396 26161 13568 33923 -47608 25099 22602 14876 -15074 43158 49943 -51708 52326 -18096 33659 48951 -56997 -35818
r6 -58427 -59763 9819 -5758 -51014 10100 18135 -44516 60136 -7494 22161 10264 -32176 59366 -23558 11462 40752 -50043 56209 -43878
r7 -46674 39459 -52318 -60593 50480 -32518 64373 61300 38329 17623 48847 13723 -57785 -21468 -33509 -2308 14121 -35230 -57366 -30023
r8 -13556 4776 1965 60803 -9784 -591 37112 -36736 17953 -47160 -18449 -24637 39665 40159 -27491 28190 60767 46794 -44049 -50851
r9 22626 -55429 19080 14477 -32991 59339 -35583 36301 51984 26009 -36008 14077 -51329 -59617 -7057 -20931 18338 34146 51164 2954
r10 -43750 13701 11351 -63304 2580 -60762 63847 49893 -52262 32534 -11289 -63929 -28659 63213 -39006 65466 -10789 50206 -64155 62571
r11 -3707 5352 49612 35840 -64607 3142 60319 -21200 55307 55433 23210 -9170 63352 3571 -37782 33745 55121 -63570 52442 -33048
r12 13541 63041 -39771 -39334 -15174 31353 -37080 31071 -1256 -36964 -7343 11724 64650 -21783 33582 -47065 37765 -42095 5947 36111
r13 215 19562 -44193 -35335 52495 -62881 28652 -30994 -59790 -53378 51272 19442 -63998 -7520 31018 5393 34005 49301 43362 34718
r14 40692 46107 47027 -63301 65164 63014 -16729 -8512 58283 -41425 60584 -31987 -63299 -56718 6167 -35021 35692 5785 -45260 -52507
r15 -53652 31981 48423 -26849 -47989 -38548 -54794 19116 37853 -32615 52112 52011 -28929 30425 -12574 -1303 51077 28189 -44750 -54058
r16 -28263 -6441 21849 -48332 -29249 61461 -46055 -3594 -29287 -44942 -32046 59859 -42901 51735 23896 44266 5592 -58829 -615 -7451
r17 -9289 25212 44370 13508 13024 10245 58400 -49894 -7435 47480 -46207 -27356 -29493 -20841 58402 -29452 -12637 -21767 7389 -39589
r18 -17504 -41600 48179 -63652 22845 -23601 1881 4549 54440 3410 -43314 -4333 -52788 -60551 2205 21203 -60833 -36781 16960 -16400
r19 58033 -11482 21074 -39791 33642 -22905 -38140 36064 -36911 51194 -13285 61312 -6686 28473 -35369 -51980 47430 15696 11902 -52489
r20 45958 17222 45682 31437 -58402 39090 -35912 19551 -47204 -18196 -21204 14340 24803 -20700 -3223 20096 46102 22850 -20981 -3444
r21 56466 -65247 25524 -6922 28406 -17248 -27400 -11812 8169 49920 -29158 1676 14904 -54998 -60726 -35018 12277 30531 -1462 -22830
r22 -25488 -26568 -16665 16244 -25453 40885 59979 -61237 -36527 -54901 18487 -60665 -61081 27861 -61722 29295 46745 34010 19521 -41039
r23 -20251 -34174 -20667 38912 -45645 48072 49232 8913 -37810 17597 38153 25973 45498 6722 -22348 29995 31950 -13490 51185 -59769
r24 -44937 2061 -17261 -34226 22907 22091 41857 -37135 10171 -9004 44020 24993 -20405 41605 54016 51265 -15089 17725 -18133 -18508
r25 -238 -18084 58216 -42847 4388 49563 -63739 -20365 58969 887 5449 -43287 20109 36698 -55719 -53262 37726 -22375 29205 -53958
r26 -19413 24472 38778 46831 -44117 -22557 -56785 5276 24194 3199 -3529 2747 43225 -45821 61074 -28065 18511 -27424 55850 -4812
r27 -48102 -18624 6986 23014 -43945 -44948 39305 40940 -4502 41344 51610 -17359 -26660 -44955 -5472 -31066 -3154 -48666 -62258 62979
r28 -32465 -51942 56262 8376 42808 -40634 -58308 -30742 -6960 -9022 45236 -7720 -12162 -60277 -49535 -27555 1332 18565 33512 -60470
r29 -19550 46169 57955 15572 -55634 19528 21550 51827 -24334 45039 -10172 -41567 11687 -53068 -22394 -52331 37836 12791 -32087 -47224
r30 -13745 -41986 -35938 44966 -57983 59341 -29442 -23317 -35262 42852 49866 -26245 -4174 53759 12156 -37961 -9246 44803 -37597 -50212
r31 25442 -40962 -50075 37965 49865 -2141 -63532 58367 -3755 3330 19199 -42820 -56557 1794 15775 -62311 43280 -34792 40055 65531
r32 33250 -32338 41132 -29442 -46985 12917 29284 -4481 55240 6896 -20321 46179 -38771 36318 -18438 39991 -53069 36508 -9426 -49598
r33 30686 -17586 -14088 -23394 -9173 65399 33796 -63954 -55019 -57979 -41946 32366 21018 -30692 -49024 -40251 44040 2528 -6441 -38796
r34 12075 -52245 15863 53394 544 -50326 18574 -23254 -3217 538 602 5999 -8748 46432 -11639 34937 62462 -31461 -58584 -62047
r35 -54855 21268 60491 49241 -42904 -23622 -23583 27466 -28839 -4926 35777 39683 26006 -2545 40188 -59854 31678 -8297 61050 62871
r36 39823 11868 -3334 5964 39231 -29871 -36553 48914 -53277 -44488 -49071 22217 45559 -38938 -26709 43116 -2450 7000 20719 30194
r37 -53704 -53506 15550 -49999 3070 -12167 14180 -27011 -5971 -40581 53606 49835 16639 43138 52161 31453 41440 -25568 -20226 40895
r38 22767 47474 25855 31284 51039 -37930 36370 27318 47121 -59673 25380 -44772 38032 -26648 -17378 -1160 20305 -25667 -19590 -33648
r39 59791 -12587 -8862 -13542 -50956 15153 28455 2449 -28266 -3521 -12895 -19099 -36734 -10802 -38343 24028 -59089 -11661 33019 44993
r40 -33879 -32801 -47516 8636 -65521 48347 64552 -28819 20764 -31784 -10394 -38554 41459 48761 -14799 -58175 -41781 -49401 8591 -43945
r41 7196 37390 2777 -40337 7211 34262 -28137 -49595 62962 -44148 7895 57256 -62051 -64124 27812 23388 -9595 60748 -21949 -9325
r42 9034 -42756 46932 25624 1788 1081 45333 -36760 20239 61486 -29872 -38501 58506 12020 30008 61985 -22155 -3923 -60622 22125
r43 -6766 43965 50828 -7853 8492 56890 43115 56278 -39324 61983 59179 -6329 -62367 -39626 -58200 -8163 12473 22181 -48892 -7473
r44 -4888 -11808 35328 -8726 -14110 44001 28236 -15729 -43512 60415 32163 17355 -38125 -62125 -43236 13172 9457 5282 30744 -45431
r45 -31067 -9413 27307 12613 -49954 -52015 -60110 -22257 -14148 23121 -19851 -28610 62909 -6094 30978 52909 28925 -15889 23905 2442
r46 20989 2221 -1266 61794 31042 -22299 -30115 -45154 25433 -10710 46721 6635 45785 -15693 49281 14240 -44194 -27417 -54974 34939
r47 64569 -49546 -55928 -34906 -21204 -7393 13876 26453 16563 13689 -54355 -11560 31788 42237 -7193 -13175 -14420 -55215 25255 -5510
r48 30494 -23996 61303 -51766 -46929 49211 -61165 3862 -30914 -46358 9239 65037 13138 62211 -64840 55767 34901 -39919 -42049 23575
r49 -10653 -22989 36201 58193 28752 -11211 45901 -63466 -37324 13994 12056 -34355 22306 -40963 2118 50967 20540 1078 -27888 -64154
r50 -56734 -5780 27664 63055 35757 62755 -53897 55551 -29373 61105 40577 -12956 -6902 -51105 -26059 -65341 -63908 6573 -45979 -12862
r51 4683 9225 -4751 -1161 -28846 -51682 -28345 -22008 40600 -49730 -47352 45305 57703 64430 44695 25977 40942 49633 21899 -38771
r52 -5256 -8649 -8691 35865 11757 -21689 -65518 46367 -19621 -29521 -63693 -36525 -56618 -54638 -3738 -36045 -6447 44957 -61098 -47404
r53 59662 -20556 -35236 28211 -11360 36918 50141 1369 -58346 18732 29990 -63460 64445 -51785 -8806 -2221 11256 -11249 28715 -1788
r54 22473 10064 7027 24285 55828 -7109 -10481 -8201 27422 49666 -29760 -22486 -36448 64545 -54094 22899 29601 10937 36198 -17625
r55 -44537 14296 -9526 -13099 61082 25738 -52027 -18062 -38775 12135 20801 20006 -36560 37468 -22594 30196 -36204 47679 -50747 3636
r56 29279 -5072 39934 60335 -33027 1279 5988 -27803 40031 6297 -11111 -54163 542 -2463 18382 -27 28190 -60918 -47037 11037
r57 -13122 28329 16178 -25713 -50457 20597 19546 42126 43751 -40334 52320 24758 35059 21451 31182 34318 -60970 -31905 -18092 -33713
r58 -3280 51214 -25259 35804 -63209 -49843 48760 -13061 8763 -47800 11712 -27269 -13391 16177 -25695 58089 -40943 -34906 -25711 -26187
r59 -42396 62181 27855 -18528 -53956 -36733 -16441 -47277 -37630 -49778 -59298 58876 53451 -18628 -10703 -26871 42938 -21715 -20354 -3087
r60 -28734 15772 18511 -51482 -52906 43375 -33501 -9039 12417 -654 -53295 -29608 -57087 -59124 43393 -37953 -35938 16110 25357 34395
r61 -4717 17649 -26268 25004 44058 56973 10395 -21354 24137 17668 28816 -41925 34358 52524 -61330 65107 15788 -20333 1485 53298
r62 -33587 39243 338 -62959 -58105 -37907 10175 -14347 33196 -60882 23818 -14134 -24267 8066 5462 -9895 -53855 57413 -345 -58991
r63 -62293 -34627 13450 40967 -58054 38740 -16101 51066 60298 -61951 -39686 -19201 -13721 45959 10506 -58882 -4859 11889 -25996 60045
r64 -2275 25510 14393 -51189 6690 11682 22649 4573 -14929 63746 -54308 36675 38860 -2794 42544 -708 3045 21768 49439 -19595
r65 -43496 26278 -10011 35053 62665 -46445 -54974 -8358 -43808 14409 49913 47550 62026 -64927 -10205 -6821 43010 60697 -16589 35983
r66 55890 23492 -54305 -16844 56774 -49544 45250 -16460 63068 -57841 24417 45488 -24038 -40079 12845 45704 12933 -61827 -1927 52779
r67 -51155 7900 -4236 -57518 33915 -49808 -4337 -39004 39292 20611 25600 40886 -55072 -44202 20035 51596 1494 -53446 -44290 -43055
r68 55747 27337 29786 -35813 -23460 -61157 57669 -58228 -33587 -54763 -55979 23764 59006 -13145 5955 33819 20231 45819 -6149 31096
r69 8113 -20426 64549 -64748 1614 58282 50845 24941 49993 -36894 -17116 32045 51054 -65253 -12252 18551 -50769 -41950 30030 -46399
r70 -54656 -5136 -23242 51052 30427 -55702 -5397 26857 49216 -57379 -23987 -37274 -35047 -38451 39479 44781 27505 22085 -65157 16330
r71 47904 4551 21814 10996 -30866 28079 54138 -23947 8043 38939 33205 -12015 -37193 5852 -30749 -24574 52878 -13239 -4105 -47150
r72 41480 21042 23218 -38760 62411 61457 20482 21926 -20709 56119 -7663 65164 2257 37930 49512 5368 42869 19685 61511 31768
r73 24588 26238 -35946 47421 42668 -7138 -19326 -58875 44449 18062 -24047 -9422 15356 59144 65008 60667 -19732 -41188 32949 -31936
r74 -25611 11101 -42007 2070 -60462 29646 -19937 61697 8310 21436 -11834 -24907 34378 4445 -33871 -51571 -19420 42317 1289 56620
r75 -51353 28186 -3233 44933 -6786 31752 -39088 46913 16827 -7254 -1763 15792 -11014 17614 2698 57962 -46000 33544 23445 63105
r76 -10808 -20298 -13465 -52737 39714 16641 44673 -27844 -16509 -43321 6243 -55907 -12449 27104 -34905 -14848 -59817 -25591 45982 51947
r77 -61769 26550 53818 -34444 -45238 36327 -42921 64706 41580 -47715 -13387 48686 -8808 45970 -16443 -51061 -35342 26923 -14718 50483
r78 10131 -42491 65235 49749 37284 48793 59397 -23932 -10904 -9462 33851 -30170 59543 34964 31760 24774 11992 55089 -62873 -48564
r79 39696 46768 40329 -8366 -20600 -17687 -19830 40646 64509 34397 63591 -14274 34604 16108 -15860 -10873 41141 39250 -51339 6954
r80 -12026 -36438 64370 35448 45245 -20531 17379 -330 52160 9241 15211 -45219 -49576 -18101 -14416 -2975 22444 -40338 -43532 -29207
r81 11148 -53426 -57766 14985 6817 13489 38634 -30024 56275 57280 -61000 -48446 16399 33743 17138 63259 -42340 -4521 58774 -38882
r82 -18514 86 -41433 33653 -18301 11691 -46552 16133 8539 15397 12431 -46789 23812 -11050 18936 36090 34971 -12514 -14184 -58096
r83 22666 -21508 -47067 28875 1230 -34168 -49760 -4383 -25599 41237 -62689 21371 -5732 -60587 -49871 17221 15674 63512 45182 51049
r84 -17475 60088 21841 29263 -62961 28365 7557 19764 19017 5448 -62051 9202 -20204 -2821 37795 45835 -14170 -8183 15116 -49142
r85 48460 -13798 -12811 24500 2371 -63257 -49402 28292 -32454 -47561 48187 40697 13330 29792 37675 -20934 43631 -22989 -39394 -41126
r86 32991 25480 -43759 -61417 -33153 -43718 13952 -60775 -17728 -43873 -58144 -54500 39416 23557 -56917 51272 9347 1174 -23030 38492
r87 -64076 -56996 -57200 20523 8608 -62699 -60226 54028 -53859 15837 -5133 16917 -35551 22310 60632 10021 -42766 -33627 -38443 -22253
r88 -53809 11636 -7374 34352 -62884 -39294 -7237 30906 17293 48551 10494 -50588 -16912 55676 28112 -46286 36267 -64572 19696 -54493
r89 30390 -63995 27843 -59900 -57721 59003 -56845 46236 -36126 -22591 -5821 -35406 44565 5910 -22807 -27104 -30779 21317 -57046 27173
r90 6346 -32085 -39124 7728 -21376 -30796 -29242 16265 51429 21543 49303 -24913 53625 65354 43221 43442 -1959 -43221 -58865 34095
r91 -44685 -2405 -15689 57600 18136 49724 -54529 -6482 10118 42074 57137 50215 19843 -61285 -29803 -26706 49828 -42920 58200 -10104
r92 -20926 -23646 -10113 640 28862 34289 18653 -32001 -23772 -12223 15090 -31425 32525 60116 4902 8159 -40055 53223 58906 19158
r93 22482 -34890 32912 16627 -4364 -52671 -30392 27560 56111 34169 -4773 -42203 38018 -53606 -60569 -25212 42106 47923 55067 58218
r94 -6463 20638 54510 -38521 63305 20919 51500 9643 2225 57554 -31622 20585 -62371 41784 64338 -24424 5155 41225 -63152 -51239
r95 28478 33231 -26829 32981 19642 38618 46534 -41795 -43930 3337 17667 -59783 -14617 56012 -53737 -42363 -40288 -41451 43987 -11266
r96 -34181 -35094 -18220 709 55939 8952 7911 -13540 -13361 -1428 13605 55683 -40684 -8678 -40466 -10905 -6261 -42836 -3520 9472
r97 -4596 -10550 22453 -22320 44964 -58719 -54589 4270 34856 -60314 -51452 39077 47232 -57394 -18624 55303 -64340 28230 28127 42262
r98 -40957 32735 -22205 -28707 -46012 -38162 22510 35848 2791 7556 -13815 -9472 37760 53765 48135 12151 14516 -31574 -32746 16093
r99 55864 -52889 -50894 -24887 15362 1511 3597 -29489 51408 957 43876 9046 24333 23448 -59201 -9548 -25458 33392 56851 -50413
r100 -43086 -38960 60517 -57733 3005 -16990 30563 -49642 -61623 -40488 43960 58586 -35272 12969 15421 36540 41045 -38016 719 43322
r101 49805 48786 183 16427 -53161 58131 374 -26942 14625 -42349 24584 63867 -51910 42912 -64780 -47189 -35465 -50431 -56095 37258
r102 11610 29360 52497 -18997 -4468 -55052 4726 23122 41788 33191 -5647 -52917 47392 -34395 -25733 34067 -55108 -527 -10515 -719
r103 13931 1229 27808 24735 64049 12193 59833 -36525 3370 42609 8516 -15435 8986 -10791 64846 -15193 -22722 -41553 12344 41295
r104 40718 -47093 6635 233 -9608 12209 -18062 40332 -26291 10258 -234 -47153 17621 -40848 -44844 57847 23470 12532 -51806 -38672
r105 8597 -48742 56305 -27309 49523 -37482 -13567 -53246 -14640 -5880 -10642 51367 51039 2369 46698 6137 11542 -11739 63155 5493
r106 21391 11530 -5083 10659 -64901 -24801 -28954 -46510 28969 -36402 59454 49446 36607 5668 -65299 -62438 23398 -42243 7939 91
r107 -6123 45908 -41302 33020 -15746 -35227 63051 3316 -4354 18031 -8232 -9481 -10798 35271 64819 -62022 25830 -54440 1664 42502
r108 -47088 -34488 34438 -2313 -44065 -2782 -29800 -16811 47260 24907 -42948 -35062 -24785 38521 -19364 36649 62936 22149 -56893 -36541
r109 2232 -33831 -64834 -64388 -58923 -41364 -17958 54808 -57892 -15813 -1944 -33770 -22955 -40416 333 4464 -52935 -38490 16427 10270
r110 15321 -34325 21506 -19937 14718 -22992 37777 -52942 50303 -27616 54094 -16766 -44374 -43016 -32849 -38204 -29787 -64383 31526 13122
r111 -7838 -5073 -34115 -63708 54954 54731 8247 -11648 38704 4514 -2642 -19893 63001 -40659 45572 50500 -21366 -21298 -25221 1030
r112 -24278 -24360 -51004 -45626 59232 -27078 39488 52489 -17 -24382 -1183 -40945 -28937 57421 -51197 20106 32155 58997 33874 18238
r113 -25876 64480 -30928 37410 -60905 23367 -54834 14996 -31513 2691 -30086 41617 -43497 4240 54580 -53030 -27352 22106 -36067 13745
r114 16695 52308 -46259 -41830 59703 40801 -21273 10589 -42924 -23271 15643 -11306 -26304 23968 -5988 59199 29626 5416 -47920 -51310
r115 -27309 21933 -22647 -10045 -46947 17934 27331 -39471 -21658 -24857 64074 -58215 60799 10372 -62346 -3497 37399 -61170 -57144 15175
r116 26172 10906 -40115 46638 -29272 52213 -4351 -20373 -33153 -33104 -50887 16438 -42880 -12253 28942 -49363 63856 46122 49997 55947
r117 -23055 49127 -4840 25813 -33843 3548 11440 35180 57553 62869 -60849 -27199 7292 -54941 -20246 65343 9717 48590 -59470 -64601
r118 5127 33585 -52395 24184 -36122 18265 64558 57318 -8453 -63989 24616 6723 14510 -7143 43532 13026 21237 -46196 54405 37545
r119 -25905 -51513 55559 -31098 -56794 9186 51833 -20189 39512 33673 -12414 26806 -55820 14157 40824 44869 18870 -4030 31069 39621
r120 -33458 60572 -40131 17093 -55701 23685 -43958 57336 27011 58796 42934 -34510 -8043 -11885 11806 -27401 -22250 -32251 17318 -23445
r121 -3406 39646 -39869 -52504 21488 -43668 30343 11531 -32188 1663 36904 -10718 -12248 -43790 47700 -52362 13674 53685 -4259 -7568
r122 -33824 10638 35675 42597 52267 -26404 40786 18277 -34536 59022 46285 23385 12097 -36180 -36499 40219 -62720 1537 -29894 46438
r123 -41169 46380 50658 -64060 -64114 -20244 8745 176 -52313 -29738 8449 28165 -54843 5715 40590 -63019 39719 -34560 44521 -9761
r124 -55254 50503 -12901 -168 -7081 39767 -12264 -523 64961 51449 55736 -21749 -59244 52685 17624 -25156 21901 64061 45734 50480
r125 -31202 -28051 -5122 -64302 15587 -929 -48843 -53834 -63669 -1692 36134 -3910 64909 -52402 18624 -22383 -50019 -10328 27938 60144
r126 20065 -38545 -55597 14481 -26768 57478 26302 -53365 2145 -5975 16889 -55479 44901 38193 4841 -18023 48050 46940 137 12236
r127 -12644 -27267 3444 -47816 -16471 -5286 9836 34631 -42584 -51888 -64593 63903 -31407 11401 -8299 25553 -11424 -40998 30318 -5610
r128 -45976 62391 -39165 35108 -19614 -41776 -49274 36845 18583 34196 -9343 -26970 -58439 14508 -58369 -30952 54892 3433 -35877 56764
r129 -42862 20120 -21234 64727 -30704 973 7770 -61934 8260 -31726 15486 -49160 -45365 28010 -25536 142 31584 -37065 13464 -46300
r130 40804 -27909 -35893 53766 -47097 -18152 -18955 -55488 64470 47479 3043 50690 46390 54899 -43647 -6169 -3357 62290 54960 23706
r131 45988 45318 -26564 -26496 31447 -20732 44747 -41028 54765 52719 11582 -63227 23055 35855 -40990 34325 -8626 22447 -53348 21616
r132 23524 -36691 -14089 -43146 -3327 52630 15739 38934 -7783 -21264 -62233 -59763 43422 5456 -13932 -37999 -28805 -11479 -60159 -36491
r133 -44074 -28556 5608 54521 3767 59450 -3146 20177 2029 63664 -13383 53979 -61216 -27117 56455 21838 -11679 57549 35581 7072
r134 62941 17548 -14232 21202 64088 -39859 -31565 64302 -15527 -6473 -29518 -18044 42675 -1205 -51261 32283 25360 14212 42760 -33752
r135 60601 48511 40373 45086 -3947 25701 51914 28385 2464 50904 -38921 -21938 3726 3132 -23847 36357 23169 -15696 50350 41939
r136 -48648 -19483 -38982 14622 -57639 -36703 26919 -16094 -18358 -3384 -4219 48698 -12492 -36338 55455 16625 -5983 -28478 63454 -35460
r137 50767 33615 -46468 18257 4874 -31654 -11860 -11866 -12434 23454 -58471 -57466 -51573 -63126 -19100 -14927 30225 -53330 -39758 -16011
r138 -46382 -27766 15993 -38501 -2132 22116 -34443 22011 52818 -28204 -29705 43094 8270 48213 31200 13983 -32755 16252 -14969 24902
r139 -34021 -36518 61538 -12966 -44993 42827 -55404 -37135 -5026 61724 -58034 -29821 -4690 1421 -60540 -50401 -22982 36760 -17114 18070
r140 33787 -62540 25073 -45813 27484 -14254 -17411 -16709 39243 48835 -49765 1133 -2416 -39441 -59151 -47165 45263 4653 57852 2271
r141 11631 -34085 -40301 -28687 32947 65383 9284 6332 -30829 -39564 13821 -43483 -10545 6208 -24976 59130 1221 -55635 7376 -1266
r142 20041 38155 1890 14889 -36815 -26149 -8600 31727 -31510 -17415 -44983 -23872 -30320 27340 -706 37095 -12741 -50288 3193 -41967
r143 -8646 29274 40407 -27347 -65002 1026 -25987 33633 7724 -36921 -59727 -60442 65484 -59815 -44000 46699 -25549 -21509 41202 60313
r144 56485 -36586 -6424 -58638 -31621 -48543 -53928 -39087 26705 29179 30184 -47923 -46978 -45036 52790 29680 -852 41942 46014 -7271
r145 6268 32471 -47182 56206 -62846 57236 -25449 -26639 -31695 22690 -28802 13839 35826 30681 56678 -16961 60657 11636 22534 33886
r146 39763 -13349 59869 55326 43851 52579 -9298 -20657 32304 57964 11153 -64088 46232 -46690 -57992 -51541 48486 14855 -29479 13553
r147 62356 -52637 -14515 51351 57822 34994 -17531 -30404 -57170 -14421 -36587 6641 -23860 24666 -41814 19263 -32157 42848 53804 38194
r148 61829 17129 12537 -7471 -15331 -6465 -17716 456 44430 -19358 -7928 51108 17135 -33194 24687 42775 26381 27517 21154 -49962
r149 -38931 -36666 -3555 -36205 22032 -18692 44263 47160 61540 38958 47296 26871 -36238 -4006 -61406 38770 31 31143 4482 -25574
r150 -33420 18197 -56584 42076 -2368 12832 46631 -19157 -11614 -37857 13765 58143 65159 -12610 -1478 -30460 -54910 -61854 34464 -28909
r151 36633 15165 -7871 -30625 20660 50265 42409 65272 -39575 63849 29935 -40892 -43744 -39928 59740 -41807 44449 -60290 22253 -40968
r152 -62605 -39799 19011 -50367 -19405 57902 48993 -44463 -17017 25732 -18739 -11641 64577 -14594 -31129 29908 -37476 -57053 29132 42513
r153 34433 -58041 19232 44019 37343 -16372 63236 33324 -42510 10689 -6870 -54573 -9600 14334 4984 -8019 -57389 12482 46582 -4402
r154 -20174 35462 65042 -63464 -52737 62101 -14481 -51798 4090 64227 -14140 46524 49724 9116 -27229 -41255 63068 -37813 9730 49326
r155 -30948 -21131 53026 22135 -23984 8855 -60064 -43457 -34499 -27058 13373 -51914 -15707 2623 -35027 -9417 34278 27518 -62977 -3511
r156 -59549 6591 -60777 -1545 53134 -2527 -11867 50909 42316 26128 44582 -34409 -3267 -30223 10093 38026 -57959 -42437 6046 -11337
r157 49010 -31721 -44437 2337 -63562 -59113 7228 24611 53905 25150 41261 -12485 12117 -6495 -48692 30846 18797 -4865 2820 28243
r158 47088 -1927 17214 -20192 45062 -41569 -62935 -64370 24851 -53877 65397 -35177 4740 -54340 -5047 25660 -42617 54717 35401 -31621
r159 35102 49001 -19653 16792 48009 -62583 -49424 -36625 978 -5057 24938 56853 2413 26691 -32990 65535 -48415 -42964 59118 -25310
r160 -23587 -50860 -38026 56568 12660 1143 37695 63600 3084 41895 57811 19864 -38567 63628 -1546 44341 48517 10217 -55164 -6421
r161 -62652 40046 29949 17256 18861 -42184 28159 -8625 43381 57983 15140 13245 -16535 -63526 22625 51120 3099 16980 26295 -64461
r162 -38201 -37430 41163 7695 1354 -63329 -24446 -34669 -40416 42353 -28081 9235 48131 23649 -63811 7970 -17973 21471 29788 -53938
r163 52255 -30270 -24146 40548 -7892 -51187 -56825 -12952 -15724 62353 -49457 -10081 18927 -10959 43763 16362 17576 -10783 -48580 -3654
r164 14441 47189 -37598 3002 12517 -35155 -52258 -36605 -7309 19768 -39432 1015 -51680 37355 -11100 60792 -62521 -25945 -59668 6305
r165 30446 28122 60217 -31131 35843 -19231 -32121 31527 53259 42537 52063 -3692 18638 21172 -35090 45697 -57285 -23368 62378 35067
r166 -33336 -16460 39015 -61894 51277 -62564 -49188 -43346 15682 -9492 -47119 8310 -16421 -32566 -31661 29583 -3021 54537 -39405 -22504
r167 -58095 -52776 -4428 -65256 -23487 -54422 8013 24097 3023 -56697 49336 -2427 16008 15096 -25002 56256 -62396 -60812 18098 52597
r168 51328 20516 9726 46490 -11861 -36205 -12241 64325 63820 5814 -50657 15646 -49100 -55308 12732 -1983 32994 -44485 -30066 -21572
r169 -63550 17425 -38741 60308 8202 -49452 -6389 -36303 -28404 57187 6035 41165 -29324 47601 4207 23504 -50161 45893 -23388 1912
r170 -25881 -40329 3546 57036 -38664 18451 -24525 33790 -6775 20596 18767 23769 2522 -62901 -8145 -30124 56199 7582 39078 -44335
r171 -26596 39789 -14156 -28212 59137 46708 -9592 15980 15704 59804 32926 -63780 -971 29731 -38032 -54392 -50972 53952 54658 -36214
r172 18614 40829 -50562 -59509 -5713 28469 -8106 -64998 -6796 -19029 -13483 -13810 56342 -58106 765 -51344 40161 -64882 -10988 -10205
r173 2617 36136 -5547 7091 -25118 -51674 -30648 49554 -61449 -20711 26423 35086 -54196 3180 6326 -25474 -60412 42072 -39763 21790
r174 -12885 -3939 -60006 -16647 898 64766 -44960 -30258 -32382 -7627 31405 -4525 -36228 64644 32989 50772 -3746 -43807 7287 46177
r175 -23008 30694 8659 -5957 34096 -10011 28999 -60443 46816 47556 43600 -16512 26866 -26266 58461 -42088 -30112 55313 -6198 -40885
r176 -1217 39136 14697 29783 724 6843 48992 -53846 64069 37554 -24113 -21076 -51336 -10013 44842 8173 15554 26807 -64423 31533
r177 10975 47008 -32863 10387 55233 -3097 63696 -60223 -39599 -10625 -38004 -24400 -17658 -9984 37241 57116 -1544 10135 41769 11285
r178 37142 48520 -55913 -7828 -20792 -35587 36064 56847 39320 -30885 32199 20991 7140 60720 55712 -19067 -30350 -5906 22291 -52664
r179 61953 14825 -9254 -63397 31522 -37551 -3780 -12221 65452 -60677 38192 -4451 -7617 10331 62148 31442 -11991 -23897 45078 -32222
r180 -8179 -42589 15189 2425 -39115 15514 898 -43553 38137 -12219 6448 -28447 60519 -44902 -33464 -4845 -42653 47114 -23966 -15918
r181 23764 -42965 38794 -31000 22684 -50864 63630 -33268 31067 28692 -13199 37487 -53964 -45205 38050 -37735 6750 -43106 2923 -3931
r182 -3777 -18073 3429 -49067 -62574 -21956 -2120 34865 -28012 -39625 -44990 10472 -63280 -58925 -52535 -3166 -25842 -47640 60650 -51535
r183 39460 36363 -36039 -35824 -38278 56485 64517 20209 -5086 -62849 17095 -49014 -49039 -22553 -1116 -19921 -63986 -26190 -26377 25382
r184 -41021 -48339 -51239 -36100 7563 54165 37706 3075 -8970 -35376 -7438 33923 6917 61877 35389 28765 -29118 -57191 19407 17130
r185 61349 -55454 62002 8999 44461 58574 25811 59400 -31280 -46954 243 25505 39054 -23871 -19659 3982 -31390 26742 42684 -16953
r186 4645 -48839 -6698 -35213 33332 38460 -45151 -23445 -62952 14048 -47084 36356 -4399 36533 51435 32800 -49564 61305 35095 -17853
r187 -12514 -38476 -49367 50312 -21530 16580 35581 -40113 37722 41073 -5800 4566 58147 -9306 -48228 22800 53661 21036 -26609 -24726
r188 8753 9935 52736 19603 -59948 64117 44592 -9201 57802 -28149 27041 38511 -61171 2597 -16743 -1004 -29383 -60527 16971 29752
r189 -18284 31408 -35450 -40756 47369 21271 26068 30310 35224 15288 325 4594 -30198 -62376 -1619 35949 -35698 52671 -39016 40527
r190 -11030 -36869 -1768 -57575 -1682 49696 56765 25790 3607 -49293 17995 -23701 -24133 35043 -50396 23477 -56057 64901 26768 57761
r191 -27719 53790 -59870 -12413 -20513 50591 -38254 -28446 18016 -64817 -36021 -32504 -41741 -32999 -43846 14256 -29725 -43278 -16890 -60764
r192 15029 61014 -26845 -25341 -9529 -62413 58608 -44572 -37840 56308 42073 -18875 1260 60130 -8570 -20815 -62012 -64307 -64392 -58421
r193 27011 -58062 32880 55644 -37376 -32788 23471 -60055 27692 -33815 -1607 55942 -25994 3650 24664 -54 -53594 -11188 49042 13503
r194 4456 -29813 -41368 26175 21241 -50989 26412 -10800 -27847 -64475 -50927 -18171 -13011 45152 44247 34255 -55988 -35886 -16883 -11755
r195 -38294 -37655 -20809 -14993 -60505 -8740 -34005 -8545 -18601 -59884 55804 36536 10643 -33320 -61224 42832 17829 13138 -30193 60690
r196 46231 42990 17888 5905 35118 48546 -42039 -19283 -32886 -25338 -4788 33708 -33318 -64294 55664 -35539 -4105 50628 -56815 11375
r197 44476 -56846 -51116 -44586 -41356 -1065 -7188 51318 -57503 48628 46076 -38415 55577 27520 -57925 21327 14040 -57291 -51709 58183
r198 -60705 -54075 5294 2778 26872 -7787 54895 -35926 32513 23425 32297 -11981 19689 10616 55928 24722 -53471 -33842 9063 50273
r199 -4140 60940 -49353 9475 62858 -43348 23259 -28357 -24575 28221 -56976 51643 35563 -18032 28523 -17862 13682 31799 40726 -40983
r200 -40843 -40162 -17077 -61205 33330 -22779 5168 40361 -19202 -27330 -49208 683 -27147 26944 -13374 -42872 12899 -7775 -37688 -62306
r201 30083 52658 15829 50373 4655 24952 -30617 6649 -49348 42903 -57545 -23455 65227 -24107 -54519 37766 20871 12172 -32582 -17612
r202 2523 -60007 41740 30837 -40631 -33269 6675 -62881 53878 -14309 9511 -51470 -46557 -21144 39020 -19743 -27377 -15247 -38509 39098
r203 14774 -64296 2515 -4501 51519 -51530 -38670 -5728 64120 40487 -55846 -32507 32456 17412 -35044 699 -42480 2976 15018 30402
r204 59809 -20724 -2151 -62272 30429 37707 64700 -23826 -16247 57131 -36635 6419 -26502 46406 -43919 -7971 65263 55094 32793 -55982
r205 -11114 33788 42445 13343 -65497 -13627 -41846 -21366 -30173 -61862 33902 58870 -42413 -19207 52949 -48008 -29486 -55775 38066 26639
r206 55480 -54980 61433 3186 2143 5017 -20183 -47277 12430 -29665 5929 -60516 55360 48490 -7084 -23805 7403 31069 -63339 -9304
r207 50713 -9663 36542 -5581 35646 -35386 57893 35198 18904 63851 -47968 39776 39088 -7171 30412 -37411 43987 30991 -19247 -24256
r208 -16937 -36187 -57953 23285 40504 -15174 54876 8129 50597 22429 13132 42953 -34177 -21775 -19171 -52443 53345 42778 -27936 -43962
r209 34422 -15426 -15741 -2537 19545 55905 -63684 51617 38901 5907 -5208 -31947 18648 -5250 -42759 -46378 42423 -14777 24008 -6298
r210 -1428 65090 39633 -51619 52210 28538 -49140 -48412 -12915 -15032 -57147 61374 23299 -9226 36263 59548 -25354 18922 43659 -7750
r211 6246 57846 3576 51485 -15533 515 4053 -55934 43103 62848 51978 -36031 -32784 -35987 -16459 -46972 -62401 -5063 11474 48241
r212 17234 29665 32304 56386 53604 -9093 25651 -44708 35142 -44923 4221 27770 -30514 -63303 -190 25288 23309 60124 20466 35883
r213 19702 -30172 -52688 47551 -9306 -35307 44473 -59640 -35688 -49373 12481 41307 -61251 16099 -62919 38705 35639 26496 50239 -6874
r214 52542 43325 -47076 31153 -1369 -7583 38440 -31859 -3517 13184 4575 54623 64521 609 54644 -64715 -26066 35666 -23604 16978
r215 44321 31070 19718 36617 -18421 54558 20477 33889 -7286 29064 -33486 -14031 -62709 57228 11379 57204 -38502 29662 36495 10757
r216 -62516 42495 353 -8185 -31076 -35013 -22446 -63977 48268 -38604 -19817 42820 -49122 -53428 -47660 2401 -5200 53850 -23692 37389
r217 43365 -9412 -7428 63158 -34597 5608 -8089 -20348 -21144 -47515 -50969 5338 10793 -13601 6192 6165 -6027 32200 43880 19773
r218 -46536 -51859 57227 57754 -37301 -4976 39549 6287 -19053 -10293 57147 -21735 45071 40902 -36517 63603 -65083 8191 51221 21478
r219 -4245 38136 22615 -5880 32574 53425 2220 649 14037 -22895 62798 -29682 -6769 -31277 -10069 16790 51123 -54515 62266 57320
r220 -65261 -45817 -19003 -1392 -56180 -55679 11001 -31588 -1900 16865 -30985 -52171 39323 53432 64869 65213 -53700 64919 -1146 47357
r221 11072 -45338 -62967 61476 -1544 -18434 -36895 -33065 18069 55639 -10616 2999 -45453 -25227 -20519 -24325 23580 5524 -64154 -2364
r222 23280 -58027 15892 48634 43788 -59680 -56330 -54597 40047 -60834 8471 -8858 41594 33059 34539 -47084 -61326 -52149 -20 49658
r223 -53523 -15997 47009 15296 -28394 -24727 -24046 64672 -60086 14241 50235 40961 35383 20625 -13444 -12519 -8887 44446 -29856 -16697
r224 -20173 60212 -54180 -64658 23754 12017 11488 -63681 -48291 30411 30722 -41812 12217 -38541 5968 -57292 -29856 63201 -65393 55523
r225 -57850 -30688 -59101 -46418 -1024 49182 -17686 -41505 -31083 8097 -33242 -29974 56882 -49090 -25519 36217 48618 51073 -13100 9396
r226 -55819 45870 -55770 -44859 20623 -30423 44339 -57137 -1500 13774 13313 -41768 -26885 -21550 21859 -56339 -19592 47892 30425 57764
r227 25085 61857 -16530 -58014 38955 18103 -46854 23594 53039 -3780 -51271 27928 30204 -23124 -65517 29463 -49198 2141 -14393 -64331
r228 29814 64823 21712 -43268 -19218 -53644 56627 -34387 33436 29342 62163 58873 49629 51963 -54752 27225 55203 22367 5865 27105
r229 23292 15315 -49616 8071 13067 -64735 65261 40186 -65481 53076 26756 13067 14642 54928 26961 -59386 56882 -27397 -37204 46086
r230 54594 64830 -13811 1795 59946 20771 -18611 -5630 -59965 -34006 -18428 43101 -17052 36038 -19206 24297 34170 27536 43328 33205
r231 26109 34305 -65109 59668 15839 -48811 -1502 28128 -3920 -3685 -29992 -51402 8264 -58955 13213 -43590 -5606 -30090 -23228 -2454
r232 -8686 15333 33922 6112 41399 49037 27997 -48697 -37736 20328 -11086 -42162 -52606 -36259 49456 -45818 -3413 -21993 17974 62938
r233 -44707 22228 -18357 -9438 -64509 18386 -51238 55163 41349 -30714 -2617 -46726 6871 26145 18379 -33101 -47263 6510 55492 -5259
r234 -24621 -40101 24784 -63305 35302 28109 -64335 -58255 -47343 -46896 20906 6268 -17785 -35716 59894 -57600 -60012 -44883 111 -21492
r235 -26104 -55309 -55087 -59131 7630 -984 -59534 58034 17794 1563 54228 -61400 -12876 53415 9785 -434 63299 33235 52562 -22034
r236 -49279 4111 5575 26696 13248 23136 -39582 -50227 36133 -54501 13645 17666 10630 23504 -30161 -5246 13906 -26733 55191 26690
r237 54650 21782 29944 -7133 -62811 -49720 9258 -19099 -43402 56681 31222 34916 -33596 -20650 -28517 5648 -47537 50645 36123 64514
r238 31798 -30372 1625 38763 51318 -43779 7004 -6749 -7939 48145 -51988 -18219 -58515 -2396 17581 -22091 -2786 31669 -29684 48514
r239 15103 -23981 -19647 65279 806 16506 57423 -58121 16751 -7817 25749 -6437 30633 -15885 44251 38549 30626 -1806 49790 24634
r240 -6155 -59737 -16840 6919 41365 -52535 53574 64226 -56621 59153 -47060 44752 4571 51290 -39007 -36303 26898 -15708 37110 25125
r241 -61307 14486 -46145 -42003 -17127 -11338 65519 -2414 -62705 -43083 2861 53034 -34033 -62594 -64107 -7915 50110 20451 -29835 43911
r242 22784 51047 38710 -53875 -24143 -23981 -6495 20451 38378 -50241 -41678 -63780 55205 36871 21291 19366 -56519 45270 7254 -55236
r243 7734 28531 58254 -10215 12076 -17133 -5875 -60845 -34836 -5672 -59276 -17715 -53866 -56964 39676 22378 -45584 -37157 -48231 32404
r244 29148 6824 30326 57339 -17781 9297 -13472 -48687 -16650 9305 -16700 751 63661 -9264 -4979 -26971 -30184 36610 54573 34221
r245 46102 28908 -41095 -64363 -49444 14642 -11517 -1262 20663 29660 -10274 7032 -46154 -51918 58762 44829 -31173 -2659 -21822 -46079
r246 -49449 -44156 -21393 21089 -65099 44598 10323 61816 63705 5064 43809 62409 -14258 48980 48734 57124 13983 33249 -13919 34891
r247 -49627 11808 48814 -29829 -30369 -39323 -18624 -54425 26960 -11885 42113 20389 43314 25838 54850 -53699 -63868 19613 -41935 31017
r248 19713 59384 -27551 30873 -9437 -35939 -11283 36243 -19739 22696 18972 -19660 -13269 -44028 -56901 6387 -23648 -53956 -38309 19005
r249 -17181 40164 -14271 3732 -16498 -61426 -31068 -28831 32116 -52936 -18396 -2134 40657 -50394 27514 6185 64067 30710 -37389 -60675
r250 -14819 5322 -21 14421 -17427 -30692 -38116 22978 -44029 -32181 -44193 41205 -22841 -54140 -57 -13031 8644 19861 50581 -38041
r251 8288 -44838 12733 -3902 26826 32431 59212 18848 -57909 -22409 11022 -51599 -53908 -20181 -42498 -53112 -990 -43813 15247 29023
r252 22732 23294 11984 5826 57408 -19500 6158 56865 -6402 -10790 -15819 26475 63079 -2580 -7041 -43221 -25579 -14056 -8030 -44764
r253 -2978 57768 -55835 12930 10949 49710 -25372 61162 -49061 46679 48917 17968 2589 58923 -50513 -22177 -29288 41665 -23608 -10664
r254 16879 -32048 -31790 -12716 -58113 -23013 48361 -45260 28012 -24585 45840 -12213 -56647 -26144 -48993 56412 -35998 -6367 -58746 16244
r255 13213 11736 10 -14859 -4276 -62805 -3842 -7234 -27304 -23177 19840 58991 -47658 -7320 43137 -14496 -36180 -44349 -8042 -1177
r256 38134 62932 53741 30103 -65046 -8310 38161 9443 11690 14869 39021 63022 -65 -42448 39839 25162 10069 33204 59652 1623
r257 58237 542 -63283 -61894 -44880 28350 18243 14493 16880 26214 -35948 54085 41113 -22861 -19833 -22028 -2352 20559 33970 -43945
r258 26837 -46720 4029 -25223 -35696 -33831 9457 -56885 42577 -47 11711 60063 -27574 13912 21285 -15824 -12255 56508 16563 58558
r259 56509 49885 23471 7311 -35878 38310 61931 -42809 -8611 -50678 -64306 27413 -43021 32934 65331 -44406 63777 59204 16715 2241
r260 -50595 -63249 50889 31355 42758 34324 7890 -13807 55564 -18558 -47631 6223 12936 -31920 -14415 -5770 -15310 -16686 -64804 59231
r261 25224 14963 -59005 59290 15610 -33234 58168 22752 30863 9195 48832 -9649 19061 -27004 -57626 -6612 -27448 -4436 -45324 -31448
r262 -11685 -28247 -62209 51157 -44050 60137 -16219 -9554 28042 -39060 -39151 31334 5328 -18352 43555 18695 -58702 -21897 -987 39146
r263 -33921 14356 11979 59065 8978 -5737 -54834 -39892 -46671 -13769 44957 -51909 20532 14291 -59771 21575 49199 -23413 -26700 5793
r264 40293 58087 -33642 -63651 49841 35577 -14943 -51197 -55292 26359 -25876 23614 -20690 -35411 35821 54639 16253 12123 58645 43608
r265 45851 -50279 -38963 35310 -55940 -23152 15972 5319 20115 -11655 32117 52201 -21883 54690 61470 -21659 -35024 55187 -24235 -8980
r266 3618 55815 -39361 60576 -25153 -54015 -27173 -62536 22288 60039 -27971 -26959 -17779 -22109 -53414 27814 -16083 -37053 -26672 -63650
r267 -65113 -17377 -63125 40726 -12880 43435 -30532 14043 -38702 -10116 10589 32603 14353 -44158 -51964 41486 49868 -50231 -16787 -46262
r268 51720 -42054 -31550 37723 48342 -40221 11360 56701 -15007 60549 -20883 54288 11663 -2421 -4940 24953 -52210 -18949 -40990 -2605
r269 9782 27344 2406 -43018 -7829 4155 52415 -54188 -30030 28129 -52848 25494 61257 -24856 -34659 -63819 61299 -7238 -51016 -42654
r270 -53851 -62136 37753 -51295 18136 -14288 42679 -1429 -1831 -52893 -8475 52734 14479 60768 -36396 -51486 -34585 -25383 -675 -35763
r271 57673 -45745 21383 -832 16048 61890 -58491 -41884 20789 -14487 -52983 -51216 55090 32381 37474 49617 1715 50773 57129 61474
r272 -54637 41043 45932 -13717 29267 12499 -28032 -53162 58401 12405 -25884 20450 -42324 21916 -16094 30396 -5428 -46710 -25448 46225
r273 -30443 -22581 37953 61156 17975 48575 11713 40270 12739 54611 45459 40559 -59288 3759 10306 -26967 50919 15398 16871 12206
r274 -47537 42997 43711 23845 56802 -31984 -61804 37456 56861 54267 -50812 23087 62500 -57250 -23452 -28461 25865 -62079 33017 16891
r275 20534 37576 36308 32962 -23167 -61371 -46491 -6074 -9788 55268 -43615 -29828 47366 10314 56613 42041 -30670 57465 -60170 -9130
r276 32178 15702 -43220 58778 -6119 -37500 -49583 -64854 14095 32133 -25894 6430 -61885 -23253 -49944 17226 4335 -30110 -54799 -45110
r277 16263 60025 -62864 28718 28258 59086 -8083 -13611 1147 19692 22835 -13610 -52234 19989 -31144 21321 -16934 -32107 -39865 -61318
r278 56697 643 31355 16255 -14727 -40538 7472 -27895 25801 21454 -29550 -39648 43398 64879 -17102 -10694 35154 -36064 38381 -14540
r279 51009 -59516 32051 44610 33224 -23678 2775 -55365 -40297 8085 -46598 24009 -31426 17480 -15963 61643 -2707 38546 -10513 64506
r280 -60433 2792 55842 -38719 -34996 -51728 -49395 -27255 30963 -16584 -9092 -15094 63185 31748 13499 -64813 63983 -35993 23771 7322
r281 -10206 12290 -3272 -7703 -26184 -37449 26069 41769 44903 35743 28465 33451 54358 9258 22058 -34843 31174 12958 -1475 60289
r282 -13339 48443 21306 39832 -17514 35575 -52766 6330 -59727 -1864 -9474 -63283 29939 12404 -55715 -41684 -61819 53078 56164 -42985
r283 23786 57296 -28271 22132 63587 -48154 63328 53965 -20335 22329 31015 -41186 -29535 46230 64730 38532 -16370 -21350 -11185 63330
r284 -65439 -16940 38651 15501 43539 -55677 5886 28208 -6843 31511 21402 31302 24761 55253 -19820 33183 -31626 -31814 31158 61586
r285 -17063 11489 39470 -48019 54423 -47810 32959 32702 14346 62521 -23215 5832 37948 8500 -51607 -4502 32007 -11117 -17485 -62933
r286 -8993 56233 53819 -24681 23933 41689 28907 50706 60978 -44534 -13411 3102 -61945 50448 -54272 -26763 20658 -33455 33960 -45300
r287 45399 46474 -29857 7668 -3026 59491 22752 -48236 25075 3566 23303 16633 -61012 -7064 13583 -37195 42617 494 16165 34937
r288 -18962 48534 14701 12431 8250 17591 -7098 60823 -15643 28376 -12085 -24948 -53550 -3778 -35346 -28344 45835 19621 35019 -21792
r289 -32990 2357 47694 -7285 26090 -52974 43345 590 21491 -19369 -15189 40735 23991 -49053 28169 -24316 52392 20441 -33106 54612
r290 -8157 -57871 -40355 21859 53915 11443 50438 -45353 28722 52596 -57820 -34671 40197 -8891 27668 26285 -58339 -50906 -40831 -15679
r291 -25677 -7232 -58757 7631 63455 -48747 33086 -51048 -54230 -32330 -33712 -54457 57717 8571 -36413 51633 -10176 41744 47252 -49031
r292 4211 -43082 64698 21023 -14176 -38822 -42538 -33636 -26382 57833 -53188 -23987 -32441 -33528 358 57462 26371 38819 57997 -37517
r293 55518 -41721 -43045 13728 60739 -37076 52754 -5241 42984 47644 61479 52124 -19853 -61332 -59824 33397 25463 -28373 -25182 -24267
r294 -3367 -58539 -18090 -35110 62106 4111 4296 64115 48247 -34908 -23052 42950 34856 -4561 54936 -64860 43965 53482 60788 22518
r295 -40474 -22454 -44931 42511 -46487 -43394 19175 -61754 48216 -25447 27740 8764 56962 15594 -30904 32243 61141 -57609 -23555 -41333
r296 -58401 52761 -64875 -28066 -51674 15883 -14817 35471 31510 -60481 -28758 -43754 28826 -17906 23644 9736 30885 -17685 -64362 11827
r297 -46614 21582 45514 60531 22228 45115 -13050 -3790 45389 59562 -60946 -65030 11773 37989 -34924 47519 17910 -60191 -3818 -44364
r298 5082 -63766 28226 -3601 -40139 -25332 -48838 -35288 -44288 -977 -4802 -56316 33852 -33452 28510 2977 50963 57583 -12474 55511
r299 -4620 25945 28684 -1699 36299 44353 29403 53187 -17775 -58294 8037 42554 55954 41943 -25303 58505 9477 6396 33183 52506
r300 54531 -16589 -33943 -43165 51973 53278 39251 -51357 -58498 15504 -39586 22363 -26698 -14174 46465 -61751 49796 -32795 -19059 41349
r301 -62983 13405 -32577 39593 -30903 24574 24582 17863 51093 58749 -45793 -58074 55189 27068 -6556 -8598 20031 -16155 -61599 -4309
r302 969 -14478 -24320 53678 46388 -39603 36921 25305 64412 -60598 38322 -59944 -11561 54722 -23650 20669 -10490 55098 50171 -19183
r303 -49420 -34840 9587 13721 22501 29507 -48770 241 33581 36200 44052 -35569 27265 16519 -62261 19287 40950 -35600 -6346 -50935
r304 -55478 -49308 -42567 -30551 21761 39830 64618 9925 58309 27674 -24008 17079 19887 -18219 39690 -146 -1895 -45525 -46512 -20278
r305 -9211 -16427 27084 -50523 19026 -51223 -29687 -56261 -4806 4817 -53149 -2820 49452 47 46995 -10568 51695 58080 4334 -167
r306 37085 -15740 -61014 63234 18023 -39035 50271 -37645 -20777 33293 -55594 -14708 -21492 -15763 -41133 -61958 -58831 -18020 -25918 44455
r307 -29317 56478 34441 32654 -14200 -60591 -35962 -6566 -5161 -59603 63507 -22656 15966 -50136 -5223 -18333 -6208 -38424 -40226 -49275
r308 30208 -918 17904 -48388 -53347 11867 45433 -16370 23345 -57473 14104 61230 41933 -48289 -4543 -57561 47995 19982 29577 -50689
r309 -17612 -58345 52711 12756 45593 41370 -47039 5987 -10302 2562 -58755 -42956 33698 -65120 -58503 -30639 37491 60836 36369 -55654
r310 60869 -11550 -20256 -12053 -13797 -18310 -19424 26647 3699 -34460 -51223 -54910 19116 -15898 17241 -42966 61166 -12199 -5744 37607
r311 -44682 64737 -10803 38577 -21170 -50880 -8260 -23990 36219 29505 -47171 -38988 -14882 -12589 44987 33018 17266 -56282 4493 -10936
r312 48845 51156 -1003 -3219 -27659 59495 19684 56988 -50029 -34497 53507 -33025 34731 -12719 12844 -58655 22112 43934 34108 -30165
r313 29849 20477 -56615 -26967 19321 8542 41770 -32423 -53883 64702 -58498 30995 -60336 -50366 -5100 39426 63544 -41586 8019 15031
r314 4918 34722 37878 -23853 27692 14340 35424 -16062 6169 -53330 53460 -15027 -54416 15788 -34807 -63181 14807 -39477 1266 -20635
r315 18766 18051 45886 -44182 44223 26412 33535 -42307 -45760 39883 -53692 39322 16480 -42702 44808 28533 11810 -43272 16127 55913
r316 -63657 28726 -37269 41585 5630 -61181 26084 -19154 46673 -43405 -1150 49551 -13800 62713 -3016 -37198 -20089 9053 -29380 -48278
r317 -21796 8234 35574 -48129 -49778 25612 28956 -4741 12198 49567 29794 -14373 16852 65051 18849 -32833 62163 31070 -2583 -54479
r318 -37442 32276 25414 32503 -45710 40310 354 9144 32409 -9151 19997 27833 35 -55943 -60007 -24359 -51929 -37106 45336 34463
r319 -64821 299 -60839 -9088 -33425 2747 -23793 26281 6790 -23163 -21332 -24460 15938 -44146 41486 -27728 -20670 20170 17067 20423
r320 56622 -14433 -49290 13794 -8661 -46115 6435 8743 -51306 -14658 -30262 -59299 26727 10948 -38661 -53288 61756 57637 63639 36941
r321 -23926 -34017 -33981 -22745 -10653 13136 40107 52882 -37277 -26535 15709 -44788 -58853 -29945 24050 -45360 -9014 51921 54728 -6370
r322 -23462 -34465 -25871 -4922 6609 12353 -29716 41805 -23693 -44780 -31081 4325 -24490 -15490 -29418 -27535 -8021 50130 51040 19378
r323 43658 37276 13850 -42976 30071 54896 -36005 -4503 42543 -33017 -51151 -47765 56545 -30665 -36551 -2674 -43641 -54478 -20673 -43737
r324 53070 -24400 -61679 -39012 25468 60101 37876 44642 58273 -52773 -59776 -5095 -33798 -31609 -24751 -40977 53421 40594 63600 14190
r325 26200 63200 -34085 -46798 -29188 10602 27662 39564 -23017 60212 23384 47361 42349 6187 -62877 -36205 -561 -45784 64528 -5702
r326 13901 -25803 -39081 10277 -35152 10106 -65204 42345 -52149 -63460 -25593 -62459 65468 -50293 7974 13400 17157 59346 14089 -33925
r327 -19394 -17201 -48490 -14775 28622 42173 32094 22277 10527 -33052 -27112 60991 61489 34042 -46012 20784 -18411 -7763 35347 -49969
r328 10728 39686 5047 -2310 39459 58039 -9325 -47231 -32175 -40606 -30933 19925 63293 52605 -63466 -47827 -12900 15691 -32144 18132
r329 -53537 26777 56217 41064 -60495 43021 11934 17258 -55428 42480 -56015 -61645 -32870 17833 -35919 -33821 -21031 61621 -19079 -34697
r330 40088 15526 -31430 -36623 62979 1807 -11090 -60075 -16648 -7595 53521 -47089 5032 8467 -65308 62350 -2100 -39677 2690 62981
r331 -63430 -40065 -40632 911 59137 20108 -58842 -2678 -58143 49093 -18476 -5559 -27092 -23535 37754 8058 -7761 46129 -57475 -41369
r332 52976 9541 9169 -37263 14961 3187 -4293 -39211 5376 -29671 49583 59097 10631 -50671 47950 1800 7348 16626 49742 55059
r333 63464 56558 27585 55140 -28074 -4993 64238 -9627 29122 -57775 13272 -24480 54000 -21718 8318 11495 -29983 -10075 -37198 33016
r334 33488 45842 56031 -30073 -55294 30511 11477 -13559 -52472 38758 14 51234 45272 -9211 -72 -35076 -27110 44529 -39699 12590
r335 12712 15155 -44893 48271 63623 16034 52338 -9627 -48883 50145 38653 -50569 55005 -5586 -57171 45493 -33545 51921 -1072 47976
r336 -55747 53435 -45125 23925 9725 -23234 -60313 45830 52867 -57747 46794 32524 10167 -44825 11124 -11214 10975 -24463 -65443 28696
r337 -33734 37227 -14455 15389 38800 44531 -13806 17285 19955 28653 -53172 65129 -7400 32692 -57467 -10606 33263 42581 12564 7706
r338 -35396 31601 -47946 60682 53934 3597 -50668 24861 19640 -17433 -15714 -39057 47221 13354 -23487 -13584 -26161 -26682 -4159 -24540
r339 -12935 39885 26978 27727 -7556 63507 -49605 -31569 42312 -8905 -31207 -15194 1242 -33045 40763 32495 -43926 -22774 -52021 6220
r340 37590 65014 -29142 31732 -13214 15010 -12287 28890 39471 -61804 -63864 -8346 -46448 37701 -8921 -13220 -17685 -50665 -55108 -16263
r341 4823 -43532 -28135 -4537 -56053 -18182 11167 -19242 -20533 18513 16718 26954 35818 -10904 704 2855 29878 -8003 24581 -23919
r342 -51887 64118 -52371 -39015 11852 29176 50167 47562 -8739 51233 -6852 -12043 -6531 -62133 63964 59231 -54479 23261 -30477 -48527
r343 51483 -29395 -41935 45437 -39811 -43495 61858 -16712 -64037 -224 -28511 -27737 8853 -41200 -64099 -10491 16289 -4864 31836 -6427
r344 -63237 18686 -33027 -3247 3596 -41225 1376 -16063 62726 -52481 31817 -16857 -49829 -60555 42654 -31611 29708 -27291 64639 20674
r345 8746 43369 37277 -25363 42861 19198 -44147 60435 28782 -23498 50773 56797 -53710 -14961 54013 -8164 5611 -22902 -47979 15661
r346 14458 59708 -2261 -16948 2678 59909 -50259 6416 53282 -5327 -11966 -52836 20825 41064 2103 51155 -11315 -3699 -664 -64972
r347 46398 24160 30795 5083 35191 57045 -42565 -22697 -32819 54279 20938 -39715 -19102 30410 -10258 -46522 7576 22148 -54793 -63503
r348 54052 33822 40087 27916 -45764 -11771 20587 -42150 -32506 45773 11350 21278 -20294 -55465 6563 61983 -12311 51368 54053 13545
r349 -54387 877 -33288 12383 -29388 47554 -32747 59507 -59402 -30468 4427 14808 18461 -62234 -46687 -29131 47953 35121 32053 -5352
r350 21449 44428 -10392 -55927 10278 -25393 -1751 -47113 -34835 35552 -378 -53861 -45635 -8707 18315 -18077 49900 -33743 57680 33550
r351 21815 10067 25688 20187 48782 11730 7776 -51827 -6182 -1054 24828 -2147 -56082 -13858 27759 23932 54143 34798 10854 46982
r352 -52657 -60926 -58496 43158 65144 34946 -27992 -25393 23200 -46492 5726 33113 -60198 -56968 24488 -56983 2559 -57219 44658 34475
r353 -18810 -34772 -14756 -39332 18844 -64577 25941 -6743 -50225 40596 -41099 -48213 -20729 -41251 -9214 -36880 17330 -39414 37762 54075
r354 62722 39598 -47383 -10790 -51233 -21129 56310 2863 6086 52144 51401 3959 42933 38224 -25531 11775 -10756 -50677 -31521 -38829
r355 -47179 -64004 -11493 10187 -11931 6088 8686 8403 -223 19206 59553 34911 -5319 49497 -9678 8218 14680 -2940 -33260 43326
r356 18463 10119 11977 -13591 46020 -60235 30858 -51683 55237 16778 23223 57411 52011 14644 -8900 24599 -54870 -44042 57564 60797
r357 -29056 -20654 -4247 -45123 -29148 -50522 -9942 40529 -53570 16858 -51995 35104 12191 -44697 -53493 16964 64722 24635 41993 65399
r358 57712 40524 -50725 -49047 -2436 -48732 15624 50510 -1136 -20663 -13949 39929 5731 56674 19991 -63537 13254 57600 -39913 -23761
r359 -50661 -50047 45782 33291 9509 -55504 -19672 39491 49193 37527 -46097 -20133 27193 -46252 65381 -10336 -42135 36021 -51062 -62273
r360 44643 -3164 -2142 7839 -50076 51233 -35392 11351 50247 -4666 44809 -5551 -41811 -6629 -25696 50746 39662 -46690 60168 -14231
r361 -1540 -13672 -39136 -65175 -59889 -23729 -10037 39112 -64705 -30186 9251 -1335 -34237 -16063 9400 34553 33190 51522 -37680 -27385
r362 -23726 34136 -40631 55358 -9046 -64825 58175 17413 52705 -29785 -27965 -29018 -4678 39257 -28003 12919 63994 11248 28869 -49040
r363 17981 47962 54155 -8430 -35728 -57621 -6070 53252 -13759 -2463 35095 60317 -31164 -3289 55275 -21009 -30332 45684 2795 -20895
r364 -28336 -45431 61771 -29577 -21372 -11261 -40773 -38983 17337 -20978 3226 -52378 24440 -42544 -17866 -11924 -36360 28833 -23047 -9956
r365 -45657 -3162 53736 38765 64496 10511 -56858 -11135 18426 39289 56241 -15275 57502 -42609 -58314 -43001 -59732 38600 -25930 -53886
r366 30463 -6215 50707 57947 51431 43843 -26569 -42922 27517 -24332 -22019 63617 7031 35515 20000 24545 54200 -13694 14414 17626
r367 55357 62284 -51264 29343 -18329 42562 -15336 -3866 -46734 -21102 -26258 31668 -38205 19952 38774 59507 -35241 31196 -29736 35059
r368 -27258 46491 51684 -25752 74 -54320 28080 -22929 60610 -25971 -60577 5020 18731 31436 5218 21015 48887 -42385 -376 53247
r369 -13395 -56089 19796 -8677 -2348 3879 -2287 40742 48348 11890 6589 -29385 21588 -56103 12376 -26217 -30708 -10919 -26216 -63763
r370 17593 -43294 23032 -63650 63925 6564 -12140 -11998 -20567 27051 29257 -53271 -7503 -29994 43827 -8579 63515 62548 15178 -30061
r371 -38352 -28892 55591 11778 -57905 23364 -25742 -785 -9120 -2670 -17205 -63620 3064 -4793 65097 50495 -14506 47019 45274 24265
r372 8272 -33266 -34435 -7840 -10977 -15196 -37401 -52480 -32076 34117 54120 32475 -3733 -45699 12703 -15562 27925 50250 -37933 7422
r373 -48919 -4268 47258 -13253 29729 8286 63344 23771 868 -25053 -33317 14527 45081 62394 35157 40727 -55263 36321 56941 3178
r374 -5012 -8136 -28958 -61382 -32335 -16972 -25901 28003 29816 -57238 -18766 14971 -13622 30569 18356 -22632 -60671 22029 43335 54110
r375 3917 16348 -37479 -48771 -17327 -47093 -55782 37754 -48488 -47362 43153 41013 60480 20276 -4995 17459 40166 -58107 17550 29581
r376 1254 54019 52309 -6717 -14386 -62225 32761 35904 26803 -54348 -7521 -213 -28477 -37904 8013 -36160 34573 31988 40462 -48915
r377 -36647 54018 -24195 13823 -46636 60654 46196 52612 56771 -3806 -33808 -21923 25544 -8689 -57882 -44982 -27387 48947 64663 -27460
r378 -40336 -55168 12119 43180 -26230 40005 14018 -31828 45902 29858 -15180 -27382 -26566 -60926 61077 -3238 57243 -25094 -15653 -65439
r379 64888 30186 32537 -55737 -33690 42338 46792 27348 4790 -3958 -53526 7442 63382 -16842 -36779 47772 7862 32184 -29943 -28878
r380 -44002 -40744 -18434 -29077 -10549 32864 -39951 4109 19069 -4675 35466 -62338 30371 20788 62246 -24228 3293 -7614 7161 23392
r381 -21461 38055 55114 -19261 30837 -19595 37419 -49058 -38314 -12998 7798 39235 -63984 -29674 -25141 -41192 5147 -50077 -19827 -37675
r382 -10821 -34802 17065 7974 38948 -16910 31929 -26484 -31478 64213 6857 -16789 48581 22090 -46407 -3495 57024 -12741 -39065 29856
r383 54081 16786 36090 39773 23492 13154 -10522 -10298 20353 53249 -41891 44818 -27655 10830 -24677 -17415 -31409 59799 52849 16247
r384 -61209 -50842 -22319 -23757 54592 -40171 42925 -15877 29320 -56888 38810 62134 56482 -42086 -16922 3903 29803 27218 62072 58727
r385 -19836 7735 -8096 28363 35018 -13359 -15302 15049 9507 -57573 -35195 -55999 -34307 16378 -52135 -47482 -41643 -12400 -53446 -10262
r386 -26221 31273 26276 32049 64618 14354 -38036 17804 -25233 14630 -45025 -4171 -13785 31900 54756 -4599 -21906 -21223 20260 -56786
r387 46728 64639 -5536 -24295 -61172 -15213 60451 19166 15363 -61632 -11861 63926 52885 18790 -45574 21472 16281 9798 -4785 34901
r388 -44541 -16669 -48178 -60652 -10541 52475 -40484 -17532 -47126 41572 62816 -27178 4907 -24039 -17357 24621 11979 2113 61874 59872
r389 -34692 11963 53564 -35537 -2277 -64695 -7921 -41972 -51812 -63691 59682 10689 26844 -48262 59287 -55990 -42079 33630 49912 -65065
r390 29398 -30081 16257 -32409 -37988 -30591 -18711 39819 -9235 34313 14734 45873 -38087 2053 64005 -12330 58924 -33511 -7108 -33126
r391 -53854 -34177 55310 -38720 -12611 18380 55328 54196 26864 -26680 -1353 3779 -3192 -22905 25842 1009 -33550 33023 49494 46056
r392 -58316 33255 1526 57341 28169 17045 -18853 -5809 38291 -1625 17270 48605 -19400 57912 62276 -9391 30176 -39812 7546 48438
r393 7384 -62212 57738 -19457 -60795 60637 -47560 46670 -35480 -23789 64823 59996 55442 -37659 -54726 -25642 -45228 51453 -50289 23052
r394 -7804 18970 -55087 62401 27119 -50763 -2323 -39720 -15823 -10502 10383 17285 -9474 -58881 46504 42989 -12196 56264 29524 17507
r395 -20256 32500 52457 -58284 -61411 16588 21383 -7781 -58700 -67 28058 -56084 19937 -18485 -64683 17541 6556 10604 35318 3744
r396 -28302 15943 -34107 11003 -21418 -28498 -14604 51612 -41148 37471 -52721 27669 30509 19914 1590 -59554 -51112 24009 34424 51890
r397 36309 40766 55227 50480 -6665 -6824 -9240 3461 -46911 -12851 -27597 58472 -23704 31794 -9468 40547 -23843 -63758 64171 -58559
r398 -62694 27854 30425 -47358 -7703 -28066 36067 44104 16410 22194 18453 -60460 10955 -11708 13119 5189 24844 63821 16843 47911
r399 31087 -58565 64287 -11942 -5947 62806 38761 -48640 34709 36379 -6446 -60954 47795 -51737 -55615 -20721 4507 -12751 -9014 20109
r400 -13218 13569 -7687 5488 -59416 22509 -17849 -27145 -13188 35783 -45564 -17225 19446 57236 -14011 31374 -15581 -39998 6790 -40715
r401 -39889 35484 -35173 -39161 29362 19064 -58619 15122 10687 862 -22577 -43045 1473 -27518 -24037 -53637 -23172 -20700 60255 -2560
r402 57649 1194 11626 -1268 -37250 24684 -27900 -58986 16511 -55167 -4177 21822 -56466 -20180 -14153 56806 -10952 -39400 -12787 -39466
r403 -62437 11848 -50999 58410 -33245 43546 12708 -44139 197 58734 -58966 -31157 -51783 23236 22407 -56087 -59715 -15203 27676 -20616
r404 -59868 33883 -46421 -5049 13856 -7513 25475 43505 10465 32438 45077 60274 -24670 2904 59516 13555 50508 -14273 33598 -34969
r405 -21385 -42966 -56181 56225 34857 382 7675 63450 48743 21017 -53446 -28839 -46199 33900 6413 60859 60862 -4176 64916 20639
r406 8792 22693 36492 37879 55419 18979 -37818 61429 52058 -181 8735 18427 21710 -54299 -46995 17795 54731 -21332 53949 39671
r407 17260 36842 -52880 41753 -11414 -35573 46137 53178 -53412 62670 -27989 -27812 50155 37025 11142 -47540 42082 -8806 28107 33727
r408 -4267 -59714 21777 -46209 3265 -48959 52432 -19510 40943 56680 -27687 13280 60537 -48938 -42446 4079 -15930 56954 10794 -22340
r409 54659 22223 5059 -54919 35613 -28536 34674 58883 64645 -29735 61155 -23255 194 14287 36570 -4496 -28935 -49398 35372 -56342
r410 -26452 -42420 38107 -30264 -51217 -15143 52799 30875 43379 -26128 -57739 -6848 14979 -28874 44322 18656 -12239 -46316 24406 42093
r411 -29281 -37493 -45162 -17157 44043 -47327 4050 34765 -44472 -47644 -3083 -35412 46462 -40902 -35474 -60467 16796 38012 -9690 59986
r412 1339 65374 21250 -47433 21615 -60460 37643 45578 63192 -25425 59790 11350 -41366 -8086 -35849 9698 36245 -20821 39967 44518
r413 -20343 -560 -45207 50428 -23038 20372 1747 -36111 36430 -11041 30880 -22810 -40595 21955 42762 -62167 -16115 -47477 -20691 61516
r414 25103 36339 -65196 50155 65319 -18763 -8155 30064 -38277 9634 6035 22913 720 18500 -55492 -43778 47243 19667 -10329 -29927
r415 -37433 -45152 64451 -10900 -13015 -3060 40246 -31528 43075 -38759 -40872 -1082 -13898 48594 -63629 9020 -33338 11456 -56473 13832
r416 30452 2946 15686 10610 30778 -21514 -28036 31759 -49007 60808 -49886 34279 -32358 27647 -6818 -46536 55308 24739 -43296 20099
r417 21372 -26515 -24507 30440 -38902 6811 -47766 6119 61410 -55562 1430 47681 9326 -51574 12844 -35298 -50328 38787 -3551 -9592
r418 50242 23424 -1410 59372 -11068 -15628 -12655 -60210 -5558 42473 -47576 33336 35104 -26078 19435 -14898 10247 7727 62853 -2268
r419 29809 -7180 -65345 -21627 50819 -46916 49176 -33672 24659 48944 15627 32065 -27650 3646 9609 63632 44062 29972 -35104 61113
r420 5027 57906 39580 -51578 26322 41995 6380 -30506 6350 46596 -34733 -19480 8473 12708 60155 -29283 36547 -60955 48130 -15279
r421 -50185 40481 10067 7389 2218 -34743 -14002 -44898 17155 14281 -24778 53464 22889 4899 -16274 -4411 43275 11937 -34548 41292
r422 29831 45290 -35247 -49294 23415 -55218 -46377 -33122 -2418 43286 -48782 -4276 51536 24716 58171 31084 -36204 7894 -6478 -43449
r423 -51702 53585 42986 55002 46341 56393 65511 -39668 53381 -8308 -41321 24357 41730 -46303 -46879 32494 37249 1655 38987 -23609
r424 44968 41588 13838 -39696 28824 39198 -36254 -13446 25397 -46439 -10259 -8883 -10426 6404 -54179 -50684 37580 29010 -29357 60913
r425 -51822 8812 21176 -47734 42628 20275 -45487 30114 26004 -22277 46547 11724 28694 47197 26494 -27194 20069 39018 -7970 -16287
r426 -13569 42278 -61066 48709 20515 59859 8905 -7547 41050 -14920 63457 57384 -58103 -26007 53652 -22885 7691 -23725 46895 55225
r427 -62766 63713 26634 -57119 14224 65003 10484 5775 13291 46193 -45848 -44221 25379 55889 -3605 -41425 -1782 -19747 -28422 22625
r428 -34817 -11214 10626 9377 10230 46766 48837 -13886 42073 27035 -39142 -33212 -58876 -9116 40195 25371 -20183 31636 37615 40349
r429 -62620 -5247 22611 351 -24660 49352 51915 -34949 64543 -805 23514 58855 -29910 -6926 57619 20871 -22695 11883 -15054 -63920
r430 -2244 64804 -62366 -19871 -31073 -52663 -31067 -57411 23128 -49484 11882 3002 4626 -41012 -31240 7713 60900 -53163 -49661 -16334
r431 -19596 26204 -40063 -32021 5630 -64747 34756 -48111 46351 50446 -36579 -52037 -45364 60707 -26932 57635 53659 24204 -53852 47945
r432 -35577 -58755 45063 -64152 -4866 30804 -57513 37180 -4368 4098 -14443 21518 30528 24784 -52443 -27526 34398 -55542 51428 -45682
r433 30017 -42050 -53798 46744 -49156 37581 64633 18914 21093 58764 -24791 -58991 29085 -30140 5510 -15770 -537 27219 59159 -21497
r434 -3822 -23946 -48821 -1529 20593 -57280 46888 18887 -32131 38076 7951 58878 -39318 -57120 -23694 -35558 -31589 -38579 22150 -64421
r435 21260 -12178 57997 10432 47704 -50202 -38796 52681 -58008 -7136 51511 -18930 -13344 16174 21825 -15068 40512 29006 -27595 -27064
r436 -21293 -34061 3540 53786 63013 40786 22504 -24664 -60054 4948 413 -61401 -64000 33039 32151 21393 3680 -47899 -7309 -27067
r437 -12351 -6389 63260 37428 -41708 21429 -5566 -54327 -9607 831 16943 -50174 4529 5796 43765 -27240 46665 -46453 34881 62756
r438 23710 10867 29436 -61799 -43443 54779 26930 -14143 1244 -60429 -1217 8682 34204 -3564 48390 -38953 -40186 -26249 -25028 -58630
r439 31849 9566 18632 31453 456 52127 -41774 14378 2953 4753 42759 -64679 -46087 -65235 -19643 -50232 32335 19265 40772 34313
r440 -36390 48135 -37657 29590 49041 -41660 7595 37322 52689 62739 -42324 -24894 -53553 5839 57494 12640 48728 17534 -16080 60466
r441 59694 -51861 5639 15260 11736 1455 -39123 3756 47010 -50569 37641 -42689 -64140 46482 337 -26769 -15053 -34503 -58418 -6482
r442 18091 46265 16964 -13020 -39818 7683 55501 -4211 14630 1378 11499 17124 43657 59750 2156 40824 47751 -47007 -21532 40009
r443 -25073 -50325 20948 38332 -47426 59759 34313 -33993 49863 -44176 -38099 -16375 -2870 -36645 -21699 6540 63660 -48262 -5145 -14810
r444 7722 31077 50265 51902 -15462 43033 40520 35001 4845 35670 38706 -60540 5610 51801 -14603 1463 41401 27349 -62314 53905
r445 -23938 24838 -56354 41199 11398 -49710 2028 -32014 -16332 -37414 50528 63557 -16037 20782 -18304 -43854 30393 -45647 24011 -16628
r446 7411 33745 -37634 37623 -27290 -33688 56227 22613 189 -58204 -39981 -16733 34925 56731 22945 -19495 3182 -3400 -5799 45541
r447 -32776 -12761 10187 33657 11958 -6000 -38613 42356 -30366 52098 56024 25544 -10930 -38351 57092 47064 58988 -28425 13207 -13453
r448 -62560 23761 -20864 -23719 52260 27572 4832 -59551 -10753 41220 -15355 5234 56795 25819 -40086 58805 -57245 -11978 -48456 26337
r449 16821 22481 19723 22739 -45573 56078 23960 -12259 -43086 49233 -34879 14607 -5954 -49972 -21948 61494 -4511 11597 3987 -11169
r450 20663 60122 -54005 -32366 -44426 15950 -20523 61027 13332 -59660 -25800 5158 12299 -57623 -27811 -32787 -62658 33711 -508 48044
r451 -62162 -634 -10321 15232 -59377 55869 54845 51089 38654 11059 -64711 -11633 -28746 35871 -45071 -55606 18370 28975 -65357 50339
r452 52707 -36802 -63867 39258 -26009 -6977 44444 -13974 40494 -46934 60968 27444 -52904 39207 64469 32987 -36542 -54972 39566 18799
r453 -904 41770 -28431 30236 -1418 -64117 10277 -40191 15859 17583 -64044 -36746 44614 -43740 -5010 7458 5583 37324 -19706 47779
r454 -56912 -9091 -7201 -18585 11542 -23201 -14583 53964 -17770 -18388 19279 -48615 423 -38641 -40714 42413 39976 -28865 62533 -14260
r455 -8841 20001 -13559 -23401 60320 -8686 1168 -49416 -9332 16118 -42074 61902 -57792 60618 36609 -30505 -15190 54384 -49117 -34374
r456 -55741 2300 -20019 -60412 -30436 -22387 -31272 -57973 35696 -8104 35182 -58755 41202 -18416 -51798 16852 9308 35678 47690 17791
r457 15595 5759 36504 -28602 -61935 -52238 -56595 -45775 -10185 -34482 9731 25847 20245 16567 -58034 -11000 44538 34228 22328 -8453
r458 -34851 -14530 15995 37672 16883 -63701 -4713 -39475 -43866 -45827 30012 31647 -31046 60100 45528 -53075 41939 -37355 -3769 -41309
r459 -22961 -7485 -9370 -39678 19461 7194 -4313 51542 -43088 -47606 -4428 -6271 20307 -42347 -1195 48927 -10365 -47558 -42153 2495
r460 42105 2758 -40813 -26081 -47283 5464 57933 -27000 29177 -9367 -24118 -29369 52930 -25930 -8272 34575 -6407 -37922 13085 -12213
r461 63690 -56298 49393 -3563 11568 -17079 29210 -50554 23478 -8941 -51699 38469 8579 -52525 37926 39726 45060 19173 -26457 -13100
r462 -63497 32298 17120 -43540 -44910 13128 -44228 -7247 60053 22789 23063 -31639 9254 45604 42501 -4167 -16052 39191 -24416 64244
r463 43446 26460 29976 -13932 -20238 -16516 34730 -18166 9913 46124 28360 -60551 -41401 65153 33896 -22007 5704 23421 -54448 55519
r464 -14657 -41407 36289 46454 61380 3130 22912 20008 -1295 -1704 6188 18998 10658 -30492 2060 -25630 -10786 60428 -10361 46728
r465 1348 -56392 51516 -31487 9688 59532 25559 46046 4504 41848 26513 21191 17003 62324 -18100 -38040 33004 -28971 29383 -55607
r466 -1023 25106 46066 -40009 -35458 -50690 -1394 -52539 35413 -56360 13475 32758 -39023 -23255 52934 21767 63869 58630 17550 -11910
r467 64374 -12151 23110 -47250 -27014 6718 16653 6217 36654 57276 -22680 -63475 49351 59484 -57090 39107 17869 27124 -49195 -33581
r468 49255 -8718 56690 -5780 -26487 35267 49752 47557 11485 49741 23113 -7933 -31658 3152 -25470 -59181 -35711 18722 -57394 49235
r469 25125 -54119 11009 -4155 -10922 -45493 39289 21975 -60935 12877 50566 22864 12540 -50537 -8219 -36313 -48362 -56523 6436 -12899
r470 45977 -15661 -38919 1210 16645 -43478 10453 -14803 -45928 63089 29849 19379 -28493 5962 -10397 -55357 56266 -27229 53208 53686
r471 48499 -18011 2687 15952 3728 -6313 3019 -28474 -53832 46407 -29850 -11214 50234 62248 -53131 33064 -25917 18030 60853 43235
r472 9576 20906 52487 -12909 -6618 14728 -62923 58651 3993 -4208 -28999 -23581 -37187 62001 16538 45883 47284 32200 -274 -37980
r473 8335 51716 -36823 -17583 -37789 48552 23890 -50786 9886 25811 45783 61613 -102 6704 5688 6822 -31262 -33632 12573 -16446
r474 -1958 55397 -753 -20880 33219 -144 -65044 18722 22647 -33517 -46175 -28565 -54736 27568 -12476 9628 61175 -830 -19070 -54768
r475 -36599 39834 2454 -39962 -14721 16505 -12948 8754 -26638 -2798 -47367 -61050 -61579 -4279 -27482 62774 -25199 58102 -62722 -9890
r476 63174 -37815 36841 -48439 -49625 -41464 51701 -17234 20151 -12555 30313 58363 -19738 -54865 -5801 42052 -33873 17273 -6252 26346
r477 58949 53603 -61114 -25009 -50291 -12644 46260 50165 -42320 50054 9664 60996 -9335 -723 -14777 -30716 -29076 -4089 47122 20466
r478 38457 4146 -21732 20585 -61555 33651 6224 28781 44695 3807 -47968 35075 40521 41324 -62210 51406 -55493 1069 -39792 -10657
r479 -25251 -59281 -47330 -49093 7741 52841 -10516 48864 -14900 38548 39697 47026 41027 52516 16275 64108 33376 -41276 23860 -22433
r480 -39775 13939 26314 32888 -7518 -9154 -52857 31015 42954 14568 -19207 5095 42105 6321 58576 -42367 -47000 -50820 -15750 -24515
r481 -18487 -5267 -44361 -63951 36465 26901 -49934 17905 -61891 63807 -12094 -34356 44566 1070 -64326 -53131 41751 -8615 -42256 63131
r482 61536 41140 -48626 -33519 -48127 -44024 -28785 31665 -16077 -43052 34325 43184 -36537 18360 63898 21410 -27179 10673 -55739 57828
r483 -48138 -1524 59679 6507 -8792 27834 14832 9858 15658 8658 29908 -36792 -33794 23863 27907 18391 18087 -55350 -60934 53
r484 -21047 -38517 -55421 38739 8971 -39758 19446 -51061 18222 48553 -22007 10858 39509 -37573 11033 55207 -15808 -52471 -14643 -59201
r485 11776 34113 -58431 -41140 -65515 29415 -65364 8307 22691 -51151 46128 46324 62749 63361 -40483 18153 37924 -15643 56239 62162
r486 33880 -51779 30491 9425 -57685 -22691 57036 31124 51579 28805 -62563 -35350 -35711 41814 43093 44618 -24694 32067 -55053 -17065
r487 -26954 42159 25346 -57122 -53354 60551 -40860 31696 -57112 17255 18672 -16828 -21308 43842 8561 -1397 57979 -28370 9961 17439
r488 -13084 -59263 -14826 64972 60669 11846 25745 -36043 56794 7183 49241 61042 45635 37380 48021 49384 30279 -55853 27860 54464
r489 -36691 44074 -45992 -15214 40567 -50978 12717 -28843 8242 -24068 -25741 60416 -18383 -7091 52240 -14533 55871 -60676 -36406 9006
r490 -27441 -64635 31657 -7529 -59361 15054 48347 -3387 -28651 63708 -41485 -23631 48597 -5118 41894 -16145 1393 -19475 -15820 49038
r491 -58571 -56436 49312 64269 -11893 -52809 43202 -14848 6570 -56068 -61518 65339 -32316 55314 49232 16032 -1275 -6345 -738 43815
r492 -41700 -32672 -46382 49515 -9455 52667 -64712 24650 -12449 51804 -40891 -32348 -30065 53079 -15840 -57196 -12092 35005 -35524 40085
r493 -17551 37131 47254 52935 46614 34134 -11592 22377 -24881 -10688 -62488 -5286 62641 -42546 57480 29395 49863 62816 -25334 57979
r494 -8718 3544 32568 39230 43758 62818 46266 59465 61259 -33065 27740 51792 65167 -31391 -8858 46772 -16029 -35005 -61267 -31981
r495 -59316 37176 32553 23604 -32381 22071 15275 56219 -21041 -51016 -54269 43878 -4247 12711 26679 -18996 -57813 -56853 36497 38819
r496 -14723 20968 37216 -21387 9927 17747 -59600 -27915 -60990 26749 -31157 -4069 17335 -5862 -6283 -8394 15387 15409 5522 27
r497 -16222 -8989 24063 47605 -30192 49183 -1297 37431 -5901 24911 28345 60007 25117 20754 -54081 -34396 -65160 -16433 14764 42238
r498 12336 7806 -16477 -31143 -11564 14804 33390 63310 -58512 -19744 29667 -37147 -1375 48020 -12499 -40956 -45315 28171 -54753 48323
r499 13874 -673 -54357 -32635 -36882 -60781 -6088 -46777 -12007 -55093 -38615 -31475 -41087 -52405 40784 -24593 3091 -58106 -5963 6259
