mTable21 21
KEY  c0 c1 c2 c3 c4 c5 c6 c7 c8 c9 c10 c11 c12 c13 c14 c15 c16 c17 c18 c19
r0 -28219 -19774 -5741 58352 -28324 -50731 -42372 -34951 -32544 980 -21605 -15151 -64986 -19351 32968 -59480 23179 44079 -7806 -11163
r1 -52906 27591 8577 22700 -3711 44270 -34420 45230 -20281 -38804 46429 -2901 -45204 61922 -36063 1170 -26148 24306 20874 53966
r2 27515 56367 -19117 -42885 -37951 -10749 54979 11021 6771 -64850 26586 51367 -43045 -20186 -23165 57651 -28051 58806 53560 22399
r3 3232 -14466 -24740 42098 49652 -47395 -64095 55407 60704 -60246 -58500 41539 -42786 -16699 -27973 -65011 -8733 -1583 13706 -11799
r4 -39184 4680 -6097 33946 59627 -27875 -9911 44667 48231 -30773 -29444 42752 13759 53346 25758 26289 -6178 -55977 -25405 46513
r5 -55202 9887 21426 14565 17480 9273 -54289 51526 -40096 26854 -11103 2580 -11971 -27317 -48884 -29295 -50977 -58057 9590 -27312
r6 -45900 -54893 -52053 35525 -15454 -19647 -21000 56354 34726 34108 55960 4661 -20887 -47486 -22424 -30202 -7610 39260 -17160 31272
r7 13429 61717 -15789 -21865 -61636 -35364 -12746 -56217 -60428 41479 19435 33015 19690 64868 -29962 -15044 -65448 60515 6440 38411
r8 -63196 -8547 -30611 -1965 -20385 -42943 64731 51739 59986 -4970 5545 -31464 15997 -6737 55959 -42057 8953 58376 54098 -34920
r9 16868 -23320 -20364 43072 46711 22348 -38574 49390 -19820 -59947 -36290 -32570 50643 -4374 -55714 -39812 55972 7467 -48124 -46834
r10 -6921 -21173 55833 -4777 60890 -7799 -16220 -51793 52132 19720 40443 -3501 -25231 -32414 49451 43821 23508 50411 6055 -64656
r11 -24682 34561 12529 42495 31068 24409 -27501 21376 -35256 -47447 7818 -34345 -16842 -61574 -32187 55317 19442 27713 -11674 -49513
r12 -21353 -31079 -65035 -27146 -36606 -1169 -14477 -36962 30084 -10887 61656 28247 27614 -63186 -58764 -3899 -20474 48671 -13443 28790
r13 -4127 52539 48484 46555 52940 32560 -45877 -44171 -5807 63214 19646 -49294 -13504 -48764 16830 -28802 -12881 -63831 -53186 7235
r14 32753 7050 -4489 13366 -17740 -33629 30170 -31806 -49979 -26468 34356 45779 -1123 -13015 -26983 78 -49921 -32388 -25178 51896
r15 27374 -45672 -59455 52214 7275 -31299 -57264 -60961 58755 59927 54706 61420 -55681 27720 16466 60612 37909 -54035 -49434 -284
r16 6011 -61681 58414 -23689 -27819 -17984 29626 -36975 -46422 -25369 37052 14158 21512 -63964 -62880 47893 1502 -65299 61771 -53420
r17 20047 -58132 -2532 -22807 52574 -1478 35267 -7021 -30793 2447 -46676 1615 -17431 -30522 -54861 16158 46971 4988 -41872 19372
r18 -43663 44144 61713 10914 -20787 35194 -41517 7088 -8673 60406 17341 46831 38918 44542 38370 51876 -33151 -16913 -58837 9689
r19 -20489 -61645 56244 -47812 -22618 -28957 -48261 9859 41087 -19572 4483 -64275 -12862 -51969 11874 25552 6286 -27354 -60419 -37028
r20 -11894 49504 15363 -43870 -23531 58035 23499 34537 -32075 27215 53484 -20841 63176 -45067 31557 44905 -27385 -12872 -52480 19756
r21 23999 32014 -51531 36277 -42523 -40753 -13452 -41274 43388 180 -6239 17825 48126 62525 -11430 1586 -38588 26337 -9389 15793
r22 -21070 56331 -48714 -42340 -60815 -64632 -15951 -25959 -41080 -11565 -44592 -20207 53407 13251 59127 2499 33400 -45564 18570 -59215
r23 52407 -3991 53628 1235 60894 -21441 13099 32530 17391 33917 -28789 19603 48016 -33992 -43823 -34915 27217 27955 13475 25781
r24 -57467 -58925 38135 -41684 14183 -39997 -9381 -10335 40779 -26207 40890 18343 15907 -31919 -49833 60147 23776 -59323 -8993 20811
r25 -1591 19043 32641 -18987 56070 16692 22855 59048 -15686 10249 -17140 -50302 63524 16248 -30349 -18366 -2388 14036 -47752 20293
r26 16283 64160 -45880 12758 36943 48516 29835 38242 388 43098 29062 -16998 43332 20175 2194 57262 -51621 -58049 -14566 -37006
r27 5635 -58472 -55279 60570 -5502 6073 -14163 -43033 -63579 -4608 60196 23132 -43743 46882 45044 43590 -32090 -65208 -9953 -43775
r28 6515 37456 47281 -8423 -40353 -65389 -31366 -63171 -27936 33190 11950 23672 -38122 21389 48505 39814 -35216 57181 54694 -27029
r29 46376 5900 -16766 22330 -40549 46169 -24909 -19731 -10056 50916 39066 -28079 -18224 -14301 58177 -11482 56947 -37156 -33790 52250
r30 -44440 20118 19742 31879 2964 1697 9871 -63919 -29456 -60810 -31898 -30839 -42630 29102 7850 -33188 8158 -5972 30985 20978
r31 8052 29501 -51917 -32936 -4179 22023 38534 -45291 50938 -22218 29385 50773 8494 -21434 33917 -7414 3273 22969 -20858 48300
r32 22628 -45836 20521 -6459 16632 -9953 11882 4806 11008 59275 56923 15528 29324 -59527 -4162 -30073 -34738 -14516 28455 -52919
r33 31988 -5270 51097 -57464 -8577 -58450 14857 -59957 -7208 -16390 27192 -49382 -5332 -57914 9435 -34601 -31817 -54686 -26202 -62451
r34 -41857 -37474 63352 61853 51810 35478 12845 45377 58732 -16363 37260 14411 28594 -50753 35007 -55111 50612 11954 33108 -3996
r35 -10073 50470 -32331 57247 61037 30998 55349 -13322 -52379 61228 36523 -64213 54944 -4553 54228 2746 -33529 17865 -46672 1187
r36 -61987 2908 23645 -47728 -38290 -2520 55021 -56505 46107 -13992 15246 12237 42200 -13565 -13549 47458 32304 -44705 27572 -17766
r37 59750 18599 23168 34311 -52639 -29050 27682 18125 54776 61570 -56753 17888 4772 55261 9221 -49759 20659 -55785 -13528 -7896
r38 -219 -31475 -47544 1971 33182 -31774 15080 14877 -14991 -19010 -50584 38667 -26204 -15261 -17242 -60768 -11291 48952 64125 -29568
r39 -1376 22854 49495 -18972 -49678 31971 33704 64339 -5926 -61828 -59595 20542 61656 -11177 -47301 34161 -6059 -35771 -42813 -14654
r40 2288 38794 28414 14583 -36304 39393 64912 -56088 31742 -31879 -51676 -52313 -47410 24735 -34234 20623 48600 9814 -25970 62795
r41 33161 -9117 11063 23191 21747 -9693 51920 25772 -35166 62010 25673 51488 22918 -5534 57110 -15427 -31540 6158 42993 -42263
r42 13149 -44389 -47445 -59550 -31137 42192 45247 45875 -58928 54857 32498 -19723 -5002 -32994 28075 -19290 16315 9303 19777 -47703
r43 28178 -30683 53753 -12739 52975 -55974 48717 -52104 -52794 -55055 8458 -44347 48587 -51130 -43638 -32997 48311 -38046 -42817 24163
r44 9128 21984 -17298 -20014 -12716 2536 -15452 50204 -30162 -12099 -24483 -54705 60256 59566 -2608 -59421 -28662 -50294 -1515 -24877
r45 -42930 1889 12866 53485 34760 -61394 37831 17457 5824 33509 -23865 26817 28805 42998 -62487 -15351 30000 5507 -7327 -58677
r46 -52565 -15620 -10439 19569 38466 -20199 -36057 56416 31788 -17499 -28217 -64900 -21928 11489 -35876 -2939 -37765 -16512 29819 -25901
r47 22379 41764 -35957 -49343 -59187 -46892 -27456 -57342 -2527 -9877 -41985 41701 41136 36219 -39517 -40000 -33105 47326 -64334 -53743
r48 51419 -13119 -13886 165 42015 33126 -50750 -10576 49792 47362 6768 27158 -60529 -1425 -19886 59444 57929 16996 -4977 -26022
r49 -34559 -54095 39608 8594 7371 55130 -51335 -26508 -50946 -41096 9 -44103 31102 -24087 4555 56266 -57509 50320 -13917 -61696
r50 45169 60664 63803 48566 1294 44059 -48119 -5225 -52541 58098 16680 43884 -45718 -22840 -33352 30764 -42986 47155 23679 -16739
r51 21110 31282 -46625 -21833 24671 60658 36347 -23798 17427 27740 15988 44566 -48619 32386 20350 34781 56659 -65081 -23692 56103
r52 -41253 -51619 37777 13935 199 -15306 8947 35720 -56141 -57708 -674 53021 51872 34230 -537 62600 12391 -48902 -4859 10488
r53 2494 -40747 -46797 54211 -9047 -63016 -50914 10510 43833 -51523 4541 -41752 31645 -10960 13139 25902 -40128 -26800 -47998 48616
r54 -15450 14627 -22990 -29899 -6521 -58729 -20620 -2656 -19283 -57222 3517 31454 -65338 33272 11188 -14288 -16368 13453 -31984 -14651
r55 -43696 61964 50098 13505 -62866 -35759 -12050 -63448 46789 49663 23471 8812 -18187 36715 36270 -36842 53406 -50155 48245 -6033
r56 -23288 -18668 45888 30469 -49730 -43193 -47574 19365 64073 15554 -10937 -21031 8444 -52081 -50148 53431 56249 -44619 38103 -22989
r57 26303 1917 7265 -50491 -43433 37932 46989 -44891 34939 -56424 -3421 -64642 15281 -35135 -60920 24581 52538 -30990 -19262 -60792
r58 61192 13297 -18812 53760 -12489 19848 -3931 55594 49192 28064 16953 -56181 -49020 -33740 40970 -22216 -5848 16582 -16102 44698
r59 60413 -9877 34676 8226 -60693 17205 -31540 27065 55109 -43365 -29612 -10765 -22245 -35085 -61161 -49873 -59440 -18107 -12849 27897
r60 -48483 -24453 13069 -23813 6011 -59937 -45847 5484 -42459 23258 -27730 -29308 15037 26178 -33053 16934 32824 -28829 3712 31026
r61 19670 10685 -461 -46485 29611 -63570 -19436 26978 -16223 -16159 59157 -45162 -19243 -30675 57854 -15147 50189 34107 52267 48066
r62 -5364 -44869 23375 -52070 -25808 33536 39432 -7193 9602 -25996 -33733 26033 -3652 -12480 -7256 -42290 42239 27303 61675 -20114
r63 -8134 64717 -13705 34274 -37974 -39002 -7841 -40411 35702 27412 -9685 -27396 -21946 47066 32859 -41196 -12316 -1873 15706 -38412
r64 -48987 -7362 38897 -27636 -24527 44974 -17050 -25603 49847 61669 33965 -8526 -5881 -61924 54404 -1962 7487 52736 -11042 -14968
r65 21046 17507 -3621 -63740 -6349 21776 28657 -7925 31517 -16917 -24530 -7307 61343 52617 12950 -12311 10589 4437 23098 -62132
r66 -2466 55743 27845 18644 31095 -15989 55225 -31964 -8328 47188 53967 -29341 49646 62375 -4417 23327 -1154 -24617 -49923 34899
r67 17871 -52858 -48754 25990 11349 -32052 -49555 -32466 50192 -8121 53142 31707 47361 42955 -24446 4145 50951 23596 36518 -56936
r68 -21885 -52783 39211 -59887 1485 19285 63411 -1452 37452 -35091 -63361 57108 64415 6974 -22953 13710 52014 63435 19752 32367
r69 37355 17525 -53828 5500 -10292 -39148 12926 -45247 -45549 -65287 61037 29846 52926 52342 -37112 40204 -326 -48988 8531 -48845
r70 33032 21198 16306 -45892 16648 -12362 -61913 -12246 34302 27204 31223 -36034 32304 -49705 37280 -30468 -7591 61237 -12770 -18311
r71 -23799 -58879 56780 8393 9728 -62489 46305 -41230 -46037 60542 55537 -7678 7885 27104 61640 -32077 -22681 -44124 -4983 -54069
r72 -7476 42274 34363 47035 62673 22800 -38017 46468 -42587 -27861 -53130 -48983 36239 -58033 51684 -3159 8842 39502 46335 45750
r73 17249 43534 -49291 31399 33129 6877 -58672 -10718 -9352 39080 19470 -6101 -861 -57199 4575 -41213 38185 33029 -7477 -60789
r74 -58669 48968 -46679 -12736 -18039 -17422 -60813 11517 15120 9544 28783 47830 20444 64668 -42140 13611 25228 48333 39237 50477
r75 26021 56730 -7443 48272 20579 -23641 43647 -39201 -23606 -40649 -38661 39726 22351 -27466 37366 3553 -26508 -62873 -36591 -53028
r76 59788 -31789 12043 -42885 40984 -63650 -47729 -16542 -64057 63904 -41696 -15143 48908 -56444 -21324 20852 -13640 -42108 -21830 -63992
r77 -2431 61045 1560 41767 13006 10763 5835 29164 -16138 29868 -59282 -28400 -11656 -12656 -17920 -14774 14568 -37733 -57115 31292
r78 16089 -47291 -54279 23761 58464 23860 -87 -9834 15096 5574 34084 60331 -13761 -7795 -48654 -35246 -51998 28328 50367 34222
r79 -19757 -57288 11685 -7188 -4715 51220 42206 -7246 -16536 20311 -19185 -48519 -21380 37676 -50923 23259 32205 20827 28143 54648
r80 36352 -32440 -39627 15925 14791 -47793 -52217 62159 33430 33870 -24813 27388 56811 -37953 59133 -6110 -26642 59861 -4254 54312
r81 42696 -17214 47537 -30969 -59384 36481 -10972 -3275 45081 9156 -8304 -55671 49702 18971 -12678 14901 11899 -25592 -19133 9893
r82 -17693 -45941 14982 28454 -29667 9141 27119 9003 -59442 40654 -62145 1040 5076 13594 28298 -57366 14758 21643 -53580 49872
r83 -18624 32737 9428 37821 65071 -956 13448 -35698 38711 -47762 -42773 18249 -31848 42027 -56815 -25395 -52904 -20434 25486 14882
r84 -20589 15709 -28048 54064 -13585 -44928 -59750 35418 -17856 60782 47037 54594 39932 -36849 20216 -62749 -13802 -16489 7617 -62722
r85 3927 -13148 26326 4740 -46746 -53825 -19682 56123 12603 40524 26188 61834 -53189 -54809 59660 45467 -27119 20645 39570 7409
r86 -25021 47931 -48106 54747 64502 7498 10270 28065 -19976 -41053 29527 -5138 21608 16056 20740 -24149 -41695 -24229 -9078 38921
r87 38499 -21250 -11530 -5861 -51202 50363 -55174 63700 45809 17581 57515 48303 46843 50099 -43451 22488 56473 -6628 -11416 -21507
r88 -20613 -348 -9348 47586 -28902 55030 -14887 61773 27413 -2789 -58709 44649 -4673 -52742 36220 25305 47362 -27979 -24432 17470
r89 3866 -51394 -58207 23946 -4215 -30394 -64460 -55226 -38728 65189 56596 -22422 65428 57242 36255 1490 12565 -5276 5316 10588
r90 54311 -43873 -1927 -31331 -831 62693 50933 61143 21927 -57584 44390 2901 -41466 33092 -45239 -57780 -42121 -40928 41316 36869
r91 51467 -40346 -5563 -4115 60374 18550 54801 -44827 -43520 33541 -33032 55767 38467 46245 -59702 -61021 7070 -11528 -28759 -8092
r92 60542 -25080 4250 -13477 -4923 7028 -39404 -64304 11709 -29613 1606 -48982 -60636 49913 -32441 -50235 -157 -24679 38028 -48929
r93 65495 -1905 -47261 5898 -44668 51574 22753 -42966 -20499 -47423 33139 51086 -34648 38864 -57760 38018 -26316 4548 15894 -20277
r94 -54331 -20084 10348 -41168 -51654 -11535 -22193 2670 41990 33091 53143 -21004 61403 -22265 -40931 -34399 -12230 -40230 63859 63123
r95 -24712 -17837 -37453 -45388 -8875 -48841 35820 64696 -36806 28855 60206 -5074 27612 -20122 -32125 -7470 -50426 -3909 48615 52522
r96 -22407 -38657 17160 53436 16240 61093 -36957 -45404 -31343 -54828 -9906 39732 6636 -27261 -9423 -47276 42540 -46169 -45795 -36909
r97 53632 -20023 -10517 50970 -652 16449 26358 30572 -32755 18418 -50419 -43348 30956 56953 59378 60741 51951 -3124 20745 -48235
r98 -18719 -12351 -17323 -18113 -19968 15734 36 269 -22665 3096 -46722 38316 3998 11645 -5558 -58548 37939 -3339 -17285 -45725
r99 -27834 -40357 -27621 9620 2831 9812 54140 -36950 -31341 25733 -13257 -18978 -39226 -8929 -42762 -15783 50908 36311 21401 48730
r100 -62227 59459 -46765 34972 -55433 -31866 -6856 -20124 -46875 55929 61012 2264 -33647 -54754 -40620 5878 -1008 -36943 49219 38040
r101 58976 59501 41598 50294 28046 14098 -3932 -190 20902 -12138 -58184 -58067 27968 34945 838 -5260 -11956 -35528 -58283 54154
r102 8068 -30170 46987 -7766 63221 3800 -11631 25863 -2315 -21020 50713 -46293 23271 -56635 57333 -42140 -40579 -57869 -36690 48324
r103 17493 3152 37738 -48818 -51168 -33419 -10257 -36742 42540 -22945 -7812 -52981 -17747 -9569 18415 -15736 -6208 6879 -27270 45845
r104 46805 25443 6429 -27997 -35495 41074 39510 4435 -32926 56441 29505 -15583 -31703 -18430 17549 -62923 29355 13193 27052 -7735
r105 -58312 -2599 -57846 -22532 -63731 2150 24363 -44657 -54656 56466 -56479 8763 -7886 -11415 -26584 -22434 -45674 -2400 33480 -35503
r106 13614 -31865 4466 -21281 28756 50740 36184 -44757 40957 -63315 25173 -30131 -32871 41088 3674 -32055 -65528 -9486 6904 -34879
r107 10591 -37922 56630 -60704 -1507 -41456 12685 9913 -58618 -34631 -16705 -55577 56600 32446 -29154 -55254 11152 -16393 -27916 -5767
r108 -2285 36883 28272 9327 -30034 -13139 -51595 14692 -58557 -47971 24411 -13296 -64376 20003 -1156 -23657 -27396 -28413 22014 55880
r109 41895 50521 7433 41357 23488 -18805 -44083 2334 11086 35253 -41795 19897 29910 -30214 33129 -20542 -1266 -57677 -3723 13343
r110 46329 47977 -40149 15061 57895 -47092 16622 -34200 -15991 51571 -51628 -6270 -32922 25056 16799 8054 -18691 -48723 3010 58730
r111 -60807 51019 16609 -8104 15518 26098 -58963 -24670 -44327 -62509 65304 17787 26308 55821 -49366 37255 52292 60506 -47502 -62142
r112 30233 -62483 -42352 27257 64431 38403 -33271 -50442 33896 207 38273 4896 10564 -50784 64034 34630 -64974 -8324 395 -55805
r113 -16713 -33186 45898 18993 41289 -55273 -61548 63379 43064 -27891 -38466 -62855 14532 9279 -59826 15909 -49730 -51194 26813 10633
r114 64877 -11588 51557 -47272 -57191 -45292 -34756 -23536 63446 14192 22096 10532 -62299 -21524 18736 -38478 42202 23122 41786 -150
r115 23377 -59951 -58811 61505 49037 45060 -44118 -45012 -41697 -26314 26487 -60911 -367 30832 -37828 -25704 62555 1221 -44749 32226
r116 57477 -22873 61069 -57423 -30966 -36506 55179 1460 -6659 -23390 -44092 31255 -37340 15014 -21547 -17397 -31680 -21899 6975 -57067
r117 62063 38268 4826 -56560 -10198 -31802 -28678 -6423 45214 -18971 39611 -34294 -18559 20160 35844 -49803 19731 -25277 -39766 64345
r118 30110 -63489 -58478 52242 24944 -9608 -777 -39669 -50450 -37970 -36540 25772 45464 43982 -54898 -34988 8303 -15143 5483 -8635
r119 -28956 22069 -45900 -58229 5648 16042 60160 37254 -23997 54063 -16405 50107 -57622 -2869 54384 24068 -30722 17547 -18496 -33264
r120 18752 -9651 -41074 28134 -56321 44039 -60218 46388 -25772 -21391 -30438 -27290 -36315 -48067 11833 -37121 -64825 11919 -31682 14337
r121 46083 -25814 11360 -58490 -45610 1626 -51947 -61548 1553 -19436 -57931 61774 13053 11983 54970 10547 -34155 50678 -19096 8633
r122 5424 4940 2702 63224 -3522 -26770 15696 -4957 -40042 10589 62372 -7797 -60928 22147 -49623 5012 39284 -50375 31325 14850
r123 52878 3373 46289 -37630 10309 25340 -25246 50766 47387 5407 -11591 15696 15353 -59528 53703 57757 -23741 -17055 36051 -13259
r124 48969 -34394 -14478 -64022 6663 -3458 -16517 -37214 57644 -6856 -12956 -25745 -25715 60058 20138 26222 13230 21483 -63827 34212
r125 3405 -14278 46053 -7934 41699 -4181 27239 64852 45974 64319 -32986 2417 -34865 -16470 -80 13015 33250 36437 -43260 31459
r126 -7853 -40330 -48758 4960 -12156 -58373 -5130 -14767 -19509 -52934 27048 40199 -22247 56090 52437 15161 3953 2288 41417 996
r127 -48250 15606 3731 -49957 -48374 36638 -37876 -18828 27325 37957 49200 -54715 18582 -46230 -45055 13190 35045 -11277 63884 8772
r128 -22652 -29177 -48005 -47707 42521 -60320 61623 -1390 11903 10364 41711 -27782 -38792 45406 -47515 2635 -65359 -11357 62637 47331
r129 -58678 -33403 28398 15812 28353 19649 -20109 43043 18535 40207 61322 -11034 57743 12141 -29461 -44257 -63045 61694 65156 -49913
r130 -58536 -16192 24720 -27127 -46122 45964 -51877 -61020 25864 12153 21287 -63885 -1401 -30449 48003 18585 -27751 -5479 14445 11641
r131 29694 26707 50448 -1709 -52423 49280 64364 -65394 1245 11801 -57708 26839 -58324 34334 18832 -53502 16706 56137 -12609 -36482
r132 -59150 -19021 38599 59737 37757 27780 27111 -13630 -49114 -26162 -7273 -18284 -11858 63230 -42573 62995 46710 50637 42458 -13985
r133 3703 23145 4165 58579 63733 41665 55412 -43801 -4107 -16584 -13375 -42492 33631 -58136 8881 -18541 21744 -13894 14350 -29813
r134 -10801 -64631 -35071 -60655 -61210 -56927 -24003 -51883 -54324 -50853 56094 -13960 -8330 44303 2719 -64093 48791 -46584 20249 -15753
r135 18391 -50662 5445 -38846 -8229 4067 37081 -50662 16467 15947 -63896 -40637 -60176 40095 2815 -13773 -52189 -10967 15432 28844
r136 -28117 57730 45959 38170 -56126 9657 36644 54609 31024 46786 24643 -29259 -18300 13930 43862 28301 60635 -27328 -6352 -22544
r137 30856 -42705 -17235 23471 -20824 -3995 -27593 44127 -37668 -22546 -50231 -8929 20830 46095 10415 -50053 -6655 -56007 -17803 -35059
r138 -36977 30910 42928 7521 -15658 37981 -31152 -52689 -560 -5488 626 63721 9124 12060 2703 -8593 -57044 60964 28365 -22845
r139 -30596 33415 59778 -59805 -3116 40146 -34817 -54111 52228 -39873 23512 -481 26462 31126 -12481 -17956 53583 -24718 -39896 -21829
r140 -49100 9095 5583 2939 30131 29881 -13586 26446 281 29507 -33529 -62712 19980 -21865 18852 31685 120 17392 33110 -63047
r141 24684 6216 56938 -23462 50962 26860 -36194 4146 10907 -51137 -64113 43131 -27291 -30265 -49199 -6302 -30494 -10335 36774 49167
r142 -31705 -44421 -5342 -33316 -15516 -43032 -43603 62980 -9974 21399 31708 55066 -36178 -43547 -56149 42741 45253 1948 48253 11835
r143 49557 34496 26277 7475 30802 44977 -44510 -17976 -32941 -21256 2883 37817 -14907 -22834 56222 36628 57828 -33259 -61356 -5125
r144 22200 -33866 -25180 38808 46001 38687 -59667 -30874 -36679 -29414 -12360 41647 -26660 42019 -7550 55453 6506 64871 64752 -36966
r145 7590 -18744 -35266 -33197 10720 -19297 13750 3039 23537 -33215 -50915 -39967 55951 -23916 36678 47407 15080 35963 -46009 11883
r146 -7858 -40549 41850 17393 -53100 -54744 -17233 -5235 44791 -62931 1850 -4811 -6842 63644 10672 7113 -34032 21430 -22997 34471
r147 5081 -19260 -4453 24738 -2606 14514 -36394 19628 47027 -57848 -2878 -23614 28210 -65009 -28491 44659 -20284 -23570 17836 -48522
r148 51473 50983 -33786 -5464 -59162 2413 -17762 49145 -27363 -38969 -26306 46004 13087 38035 16524 -15090 -26273 10907 7146 -8731
r149 59145 -60825 25744 35719 54142 -9128 -41613 44541 15172 58366 -21249 -59736 -41237 -26447 54504 -13398 -352 -31754 -55980 -41718
r150 -17082 39626 3908 22579 40865 -5098 -26269 -33808 -23980 -19440 -37455 -10978 46008 -27070 -57723 16439 -31624 -60158 43571 -5535
r151 -7976 16724 -6592 62873 -37263 -32076 -22928 61846 -24950 26108 21043 -34963 34260 -39987 36992 -45928 23472 -41339 49117 39366
r152 58843 -50421 2688 -52127 35546 -9344 29663 62707 25558 -50290 -61085 51125 -21738 27020 -14910 37854 -2179 -6806 -14405 21331
r153 55929 17044 23243 59482 -65012 -45025 -40436 -52838 55142 8937 -55100 -33524 36343 -28570 -28669 -21736 26421 -61673 12389 57662
r154 31010 -704 -57146 -1652 -59370 13658 26853 -39215 -63482 -51240 57902 -3258 63526 33803 60868 31285 -17016 -36473 63786 50551
r155 14741 -41430 775 -61969 -34899 -26945 -7319 -6493 54724 19968 44724 -7047 17707 23256 26740 -32398 -19244 -12572 -16018 13859
r156 49418 -29552 29338 -27715 -1480 39699 49146 55341 46154 61390 45298 -47712 5336 -59231 19108 34264 15141 36407 -46865 23631
r157 64232 21354 -64412 60806 26072 15856 61207 -39667 9762 2635 49084 -24701 -35078 -28961 44662 24576 61128 -46936 -56675 -20497
r158 36386 -283 15231 -5411 -15634 13150 -18204 -45172 -59969 -22633 22116 -25587 -42590 49590 -33246 -46704 34054 -59376 -62052 -42793
r159 -8274 -59911 59597 59867 -19041 -23231 36899 -17285 58082 12737 16142 -6864 -35542 19035 18862 46616 10058 22599 37985 -47950
r160 -47636 46669 -2346 -63538 -61868 -28254 31963 61260 58358 -43032 -38269 -7376 45493 5199 -5164 -55609 16401 -22456 -32792 -20260
r161 61219 3995 -32009 36850 16260 -49981 -39003 30662 43142 3718 64156 -10933 40928 30542 -1766 -21395 -64258 -59913 -41546 24925
r162 39449 15293 44980 -52791 -61926 46550 -57686 -8324 11871 50663 48912 -53624 -16853 -56796 18515 -21128 36425 -47744 -52982 61814
r163 35977 -33998 -65244 59854 64425 -48551 9825 -21384 56475 20849 39925 -2208 48350 -3333 20983 3658 56686 12917 -31771 31253
r164 20486 59557 -28139 55303 -62334 -63419 -52368 -7652 -20821 -50773 2122 -52827 -44063 36007 -57986 31143 20165 -49226 1358 -40288
r165 54159 57434 -8326 -30279 56296 -19250 39191 -49016 -63887 12450 14291 14920 44594 50709 5624 12203 13166 -49927 36279 53301
r166 -39637 -56947 64116 62813 50074 64108 2784 9388 52205 10707 -9559 -36392 -39307 -22660 -7108 -49404 1151 -36623 21731 40200
r167 -30341 56787 -627 10523 38817 13671 -19825 55790 59675 59239 39676 47093 36718 35633 -9739 -23333 -21474 28752 -21086 57624
r168 35929 -25479 56261 4672 30110 36374 -61426 -9501 -12104 -11164 -56601 49222 50253 -5411 24563 -9631 59925 -35884 -3971 32594
r169 45809 62188 -24877 17224 6367 14434 -9881 -39268 24710 62226 -28616 49840 48148 -57705 -3059 61267 6780 -48543 273 -24944
r170 52014 42469 -7977 -46536 -33904 49825 19794 -34510 -56146 -48779 -38993 49365 -27126 -15897 -53680 -48679 -33482 -16860 -38782 30435
r171 -29492 -47146 -41635 25923 22174 -2804 -9911 -39009 53987 56036 -42843 20586 -1654 -22058 -23548 19924 -23364 2726 2556 -19898
r172 24792 -38366 -40702 48860 -535 -2952 20793 -27330 37708 12752 28546 16836 298 -57499 -12395 262 42905 -57042 12491 -42995
r173 -48410 4779 -10563 33356 3373 18177 43219 -46834 35162 -61860 -7187 -60160 25451 7127 30234 22655 5482 63265 -26458 -3217
r174 48770 -21954 -33370 3778 40407 39288 50095 60937 16488 33330 32993 15954 48486 16262 59587 -56604 60849 25822 25880 14760
r175 -42576 -19351 -23075 46312 31218 60989 58912 -16572 27089 -6521 -13623 -58346 -20208 -14186 -49730 47524 15352 -25487 -36243 11490
r176 5679 10554 -59667 -18085 -31391 21661 -57871 43839 36490 -7365 3195 -22282 -43754 -34040 49092 42837 -63577 -42109 11828 57784
r177 -40191 -46413 -15228 48828 23768 -16518 16420 49691 -55151 8254 -65115 40460 41712 -62626 -30195 18141 -1973 -49469 13703 -53118
r178 -59422 56342 -42780 -38810 -24898 60427 -8794 -34485 43801 -36329 -21186 -14521 -32619 51014 -49650 62374 -17090 56863 11952 26682
r179 -6004 48636 59302 -12989 5544 3288 11103 45182 26095 -44824 46747 17277 61372 31859 3476 15808 -12085 -42400 6381 28074
r180 -55916 5544 54324 20979 18604 62077 -21406 -10205 52852 38926 -14798 36806 10878 -19328 -36528 -21011 -59193 48601 -37847 -41773
r181 -21616 -21515 -9692 -4232 -20519 49553 -31416 21501 15443 56291 29120 54172 25337 -32733 -55919 -43642 -43803 -62914 -37313 -506
r182 -57098 -60981 -5525 4410 19191 56230 46486 25084 -4322 29793 40294 4566 -41920 -36473 -56409 -22302 -63764 -31992 40221 15514
r183 29136 -54983 14785 -12450 40889 45041 -988 -44539 -21172 -63278 10849 -3281 38383 57304 12678 -38070 24333 62382 -31567 56007
r184 43419 -15682 -56846 -7563 -20692 60579 63625 -46815 64864 48108 36243 -11275 63988 51260 17359 -58719 -24567 -25110 57057 49545
r185 -36225 -12661 -24050 -22212 40935 -1736 -28872 -63749 55846 -57142 -27525 -51922 -28956 56147 16605 18499 55335 -31869 49858 -40767
r186 -49296 -24055 38106 34907 13053 63273 58427 -12374 11625 -4218 10127 -30676 45137 -38778 -19921 11927 -48231 12832 19801 14874
r187 -20025 24393 -64391 -24895 -42196 -28444 -65129 -4902 4799 33279 -27328 41971 43948 64018 -49050 14227 62618 -15430 -12381 -24816
r188 -36738 37354 30290 64561 -15078 1665 45228 57042 -40221 41577 -14470 -46451 -56950 38930 35045 34818 28753 -54937 -5672 58425
r189 28759 55815 11508 -5795 -22202 -20004 58113 19830 -51879 -56460 38010 -37300 -63238 -40152 -63859 -52775 -43870 -10957 -2623 -28889
r190 5484 -57693 -57364 64876 44978 50650 -30479 42303 34921 -17065 54307 -26735 36550 -53441 42823 58456 -11365 58821 -58757 23535
r191 -43419 -52057 5235 -7171 41538 12650 9803 11949 41599 12254 32023 -9158 8469 1321 -54991 22912 -2243 -22031 7334 55737
r192 57420 48479 -61191 30887 -13068 41576 36452 -48886 -24236 29880 -63757 -37727 -5217 -62026 44482 -17726 36791 16748 -39019 44385
r193 53066 -59893 -26171 -7289 -58750 42183 -62902 29347 -31818 20449 43221 -19874 29016 -29172 -24789 60750 -55380 25776 11134 13080
r194 -17290 38964 -61855 56338 -24884 -63901 44346 -43585 8648 -10788 -47758 -7784 59420 37056 -45034 -55042 34789 40655 41908 61412
r195 15515 -6417 27116 -16540 -64362 -7248 17270 -16511 -36500 -29327 -45200 -21596 -35670 -33492 5347 -53002 -53635 -24385 -29843 15929
r196 -48189 46629 44923 27834 31253 55524 -55228 -59824 5611 31854 39400 -48766 -1413 -33928 -40796 -49902 -22464 8026 -32061 -37750
r197 -34027 34499 1258 59544 43986 -29608 49202 -5719 54572 -16715 54004 42561 29542 2244 -28591 10334 -17932 34814 -61204 -62877
r198 -20988 -65203 -15677 56517 51590 -61678 41892 -42913 -52311 42118 -22581 -47532 51729 5752 11520 -44212 25008 34685 34531 -60091
r199 -60509 -22697 -50209 17263 36417 59632 47601 41665 -53663 -59381 -53247 -37793 11388 -26537 22231 44029 45291 28765 -29998 23984
r200 -27622 11671 1894 34291 -21826 59780 52561 -48083 -1540 -17692 -51084 2493 -29717 -51578 -24259 -31731 11081 -22640 -23221 10137
r201 -57371 18651 195 63401 37621 -43539 -33434 62387 -15660 -19733 55746 -58541 48688 46594 -21146 50605 -45219 20951 49523 -28218
r202 49453 31418 65315 64563 25029 29708 -40423 29307 -11423 17160 -3357 -21615 2747 33561 -26324 -54402 33257 -6894 -48423 26761
r203 52117 25524 -60409 -270 19625 -33947 15867 -8982 -6251 -19885 -21093 -18760 56488 -56410 1801 -18162 -21948 -36004 36803 -57884
r204 48246 32515 -39187 -54915 42705 -6203 -17591 41034 15876 6753 -18353 -22653 1109 39664 -15538 34182 -32683 12830 -46311 38164
r205 39439 61095 26383 36430 53195 45256 14603 -4747 -61013 61028 46779 -35029 -33728 2470 -13805 49776 -62851 -23396 13535 47642
r206 -61715 1270 28332 4417 22472 64200 51425 57933 -18026 33306 -53179 -59037 -44583 -22023 20406 54560 50114 -20958 36841 64131
r207 -47294 21306 23369 -38226 -5186 -5914 64630 -23380 -34553 -52086 19802 2712 2323 11397 -56462 -7563 36618 26006 59489 -15607
r208 -6682 -8000 -6139 -53017 52086 42391 -23974 17044 20963 7946 62078 -41355 -26049 41009 -61926 63740 63382 -60206 64219 27754
r209 -5918 33837 37819 -38931 49296 5598 -56975 42698 -28541 10864 -53789 -47884 -49791 54779 -18495 -23489 -12333 -33017 -55252 41937
r210 4793 -45094 52174 -26976 -61464 6052 -32683 43403 35542 27221 44964 31004 21200 24200 -58771 6024 34982 60034 21753 51871
r211 -45139 -25422 -40278 20556 50670 -1023 -46663 -43313 -48745 57011 63029 53874 -15497 60581 6219 -8523 63367 -5741 -46616 26999
r212 39056 41813 41351 -5397 -43712 55316 189 32672 -24232 -53364 -33997 -63005 -2155 -27730 -52241 39091 -29066 31520 -30163 -31719
r213 -63822 -51731 -32728 -58167 22713 -543 59316 -38570 5324 -15707 -9608 -58270 -29229 23574 -53540 -42081 -33534 50270 -44551 40659
r214 16535 -15734 -57924 -20826 -3312 33499 48793 -60008 -54419 41347 -31929 -61481 62024 35136 29213 57849 38777 3113 -30286 -42579
r215 -51077 -36230 -16079 25147 -12516 40502 63 29440 -56980 -22901 23132 39523 46738 29964 -32349 58176 6593 13324 -53762 11548
r216 -60615 34958 -11788 -37595 -35463 60813 -38009 -41081 -28724 27747 -5843 39054 -61946 49677 -65082 -55650 -45928 13729 40358 -53572
r217 7919 -4753 41931 7033 -30334 -16024 19334 -45445 -12510 -10103 51847 18794 61821 -38820 43532 14501 33792 42785 10339 4580
r218 -23592 -45066 37608 -53735 -20967 -47884 40207 -15906 3493 -39989 30252 -1577 -4237 41078 49929 -35744 -48001 -58007 29641 -14778
r219 -34991 -48642 -38461 -35218 -61174 46728 -43000 58678 -5784 7296 47658 -32661 35324 -5077 -3052 51206 41468 -40560 56415 32698
r220 -9918 -61866 -36274 50749 -52549 -38314 50187 47761 -24864 -52798 -14209 51816 60296 52123 -25101 21372 950 5971 -11580 21660
r221 32762 13028 -26821 -21232 -48813 -13855 17505 17098 45952 -21415 -55646 -1337 19007 9593 41701 33438 15645 14757 -23511 -38398
r222 -4015 -41558 31372 39913 9328 -20153 18641 2675 -42705 -23808 -30072 -58535 -31625 42600 12060 -33203 -28782 -63022 -115 50336
r223 18918 -51745 13188 -48766 12223 22147 -28558 35318 7492 55795 49177 41291 -11897 8745 -8461 61696 -56861 24997 -45178 -57221
r224 -27313 -41372 -57416 -8647 -6388 31085 -59788 -38685 24517 -20560 61204 -51882 63810 51732 25404 46923 -31914 -34909 -44445 -14792
r225 -5976 36125 -30776 -46848 -50258 -19052 -12759 39121 -15730 -43913 -35218 -13261 -3661 19330 18539 49679 -26681 1071 -20140 27123
r226 -42685 -37618 12275 -38221 39672 -7255 9069 -37999 -15602 21184 42702 -7699 40823 234 -55853 22424 18809 -15121 13518 24656
r227 7446 -26608 -30136 -62318 -27958 33507 53449 -40995 -59574 1622 27381 -33010 13881 17986 -31646 55706 -11797 -48176 -11421 -52307
r228 -23876 -61090 62130 -32012 -4841 -25957 13579 -28345 5981 -46008 22570 45041 -43519 -61409 52820 -32021 -39422 60431 -8843 -48656
r229 19293 -29503 -27041 -47622 -9800 40563 -12367 9041 43716 25264 276 25459 60792 -28903 -45788 -5320 29395 43511 58466 -7883
r230 62937 -61776 -14597 14369 -11589 -47377 12794 -18779 -4142 16133 -35315 2881 -36197 20931 9044 -20982 -16387 -64461 -45614 49647
r231 39618 814 -57092 -50240 -20327 17061 -36820 58893 29606 65367 -35750 -54797 -27466 -53925 45804 -24900 -48953 28969 -31356 -42101
r232 -6766 2675 -18095 21312 -32938 -55822 -56044 33048 34515 -20182 1856 -31096 49228 -22230 -10698 18803 58986 -35219 -30086 -60138
r233 48820 -41213 33726 -9920 9056 -19972 63195 10575 -15750 -23806 42395 -35321 47769 26281 -14587 -11646 59393 39167 -7341 63752
r234 34093 64250 13559 -144 63205 62696 29247 45165 -918 -19714 -13050 -44990 -51139 20505 -25576 37696 20467 -15467 -55334 51884
r235 12917 58156 55738 -43267 -31094 -60255 -35403 -34653 -31700 -35294 48203 -27407 -8440 32007 -48346 25994 -2769 62740 61452 -44759
r236 -36310 32890 32214 39721 63077 2102 38835 4314 -28150 -48351 17449 54818 50674 -19725 40087 6959 54008 -28650 -34987 5370
r237 19281 9789 -64633 53043 -5066 -18391 -23215 65049 57719 -44986 28644 -49619 18382 47851 -45913 -30864 27788 -8369 8774 33315
r238 38543 64063 3960 34905 53543 28173 45833 -24401 46920 -35566 28343 -48169 48139 -47933 -40690 -1261 -18136 -9514 -26146 62281
r239 -53872 -29401 56315 -14755 -51503 49823 1256 23967 -9764 -34207 24945 -62383 15819 64166 -10307 24691 -3336 -36440 28729 -42558
r240 -55137 46638 47922 54918 21947 -20256 22133 -33333 10737 41517 25009 1670 23610 9765 26570 42265 -57205 -7879 4585 40105
r241 20689 47636 -55829 4551 51213 37996 33819 62107 680 6961 -62868 -28507 -26216 -28059 -14949 16526 58001 -62538 12642 -26504
r242 -11195 21657 -62206 5698 -22331 22391 15242 -19451 -22696 36536 35420 -4555 29636 32077 56227 -49881 36248 -37520 2445 -60363
r243 -4005 -47514 23252 -57783 -12965 13503 -1607 20053 30750 49831 12761 -23031 58529 -42518 -39422 -47583 3687 50619 -52322 50806
r244 -2934 24614 -48147 -42771 34121 7920 -25515 20461 54512 -6133 31721 51952 36521 -16071 -45928 10991 -13662 -1814 51870 -44803
r245 -27679 3949 -59405 61647 -30893 17143 53865 -17012 57735 8125 28371 50068 29885 -39696 -48797 -12201 -36601 7249 -14104 28908
r246 14760 17295 -33754 -43315 41732 7311 52139 -58139 35855 21778 31954 -36364 23816 -10496 -3672 18625 -31209 43813 37135 16768
r247 -64783 53456 -56256 -34554 19640 -46688 -3080 -57116 -6413 15952 60358 50359 -13948 12692 4775 -21356 17685 -53779 47276 -48063
r248 27269 -38832 -28478 -26073 63893 40289 -18630 64764 33138 -19344 48272 -17950 11999 57272 -2668 33835 -61982 20569 387 55350
r249 23489 15980 45855 37868 15253 -58622 -33682 -43970 10266 -3304 -54831 60328 2914 -63059 -50862 -29704 25933 919 40458 14318
r250 -15994 -62800 7394 -64087 -23714 46166 22624 -32749 -28902 24170 17393 -42642 6568 60924 54457 56197 20690 -21433 61939 65346
r251 24539 54663 32173 -11732 38481 -1758 -46503 40254 -15220 -64938 -44949 -21554 -59810 63786 -49627 48307 55264 -4987 -284 -22422
r252 -1272 -1750 16427 44114 40327 -21083 45585 -517 25957 23843 -62678 -15846 -58017 44270 31707 49574 2266 -48110 20300 -36603
r253 20925 -13955 55190 -32115 52911 14995 11544 -62594 -38177 51747 -15921 -26746 -22048 -35557 -3048 57915 4918 -48460 15433 -58613
r254 -31724 -33531 14860 -25004 -52659 -10190 -17381 -408 46561 42287 -54403 -64240 24433 46967 -35925 37952 8878 -508 -34579 -34939
r255 -13678 -37113 61674 58543 -35148 64939 22920 45523 -17283 43546 -17392 -63486 -35884 2834 -45477 31982 1014 30061 -26301 -19650
r256 52537 41662 -53598 26605 51672 -38922 58477 45776 37742 -52942 47739 13631 -11990 -7087 22275 4805 -61962 64341 -17659 -49412
r257 50985 6516 12516 -61676 53988 10334 -9309 7742 -48057 53410 -19707 19314 -48207 246 8956 32663 -14665 38778 -11066 -14484
r258 -16903 -58055 -63642 3790 -36411 37674 -46443 6477 60789 39233 22743 -20724 -30037 -25361 -30206 -35029 48653 2986 65286 -5480
r259 8015 -25001 37151 27451 5006 -43180 -52099 50821 49714 -45256 -52125 -9010 -55736 -45405 55821 9081 17126 44515 -461 16707
r260 -24561 4102 17589 -44206 -20220 52054 13751 -55479 -2773 32973 61972 21339 55777 8399 47493 35677 -34300 27699 15641 19404
r261 32816 9628 -18714 9723 -46086 -1364 29275 -51226 -54265 1495 -62838 38638 29714 -51554 38946 -40897 7168 13265 22620 -36289
r262 -9797 64462 -51052 63382 52853 -25194 9918 -52381 42447 -60789 -52176 -43373 8882 -16900 9974 -24373 -58568 -32653 51805 30850
r263 38115 3559 -38873 19583 -8758 -55401 5183 -10310 58965 -34869 -37477 -64444 -36348 -17824 51735 -13018 50328 36453 -42767 41418
r264 46202 52556 29101 -33124 44501 45476 36992 31839 -20510 -49406 28930 -41228 62496 34342 33412 -55678 -42109 -63687 -27731 -4320
r265 20465 -233 11783 48941 21786 8180 17794 7075 47461 -33579 -42556 -5296 -42462 -18601 58643 -2288 51430 -54933 21833 -58256
r266 56185 -3594 15765 -64996 13342 61627 -62673 3370 51189 -21337 51960 31590 -2879 20455 14725 27700 -48978 41094 18518 34050
r267 10442 44076 60566 -38627 -3384 -33201 11820 56123 63946 -42669 -5235 3280 -41603 -25274 -34633 52239 -1367 -47915 -52533 -14150
r268 -4936 -41810 49126 -593 45166 57353 48742 38943 30006 -5651 -14830 10322 -7342 53254 43540 32857 -29564 54358 -21073 34236
r269 -19799 45533 38299 -55682 41010 -51434 131 31509 25405 -35170 23811 -57753 -63080 40343 10779 19181 -58396 -23071 -8609 37431
r270 52486 34638 33841 13282 -62413 -51031 14346 -19337 7107 14181 16877 -17573 29282 -63620 32345 -22632 36308 -45975 -14605 61202
r271 -3790 -28764 -15415 63331 29681 -61372 31894 -9482 32954 44635 47220 -36070 -62887 -53305 -5325 50764 -40594 8134 44664 33026
r272 28436 23015 -27110 9171 -54328 44645 -41827 -3148 -9947 -49517 -48568 -1757 7052 31534 -58437 -46760 34846 -35229 30106 -44058
r273 11699 -59989 -59845 32025 35336 6103 -52899 50209 42431 12833 37353 41142 -56648 28567 -4217 -11078 54986 -17593 -63152 -18936
r274 53425 -38042 61514 -50600 -5969 19888 25261 51973 -43675 2992 45289 -36284 -65527 -7932 -39111 -25624 8047 32704 -55597 -1401
r275 -36141 22394 23310 -42559 -52779 47096 3057 -26165 -58533 -32089 -16886 -31688 -9122 51674 42397 -21494 -29027 -24604 -12502 -29740
r276 -42972 -643 21723 -9675 33271 11255 2109 55277 -13004 -60605 5701 37513 24067 -61919 21353 20470 -293 49186 -6073 33426
r277 -45352 33263 -1089 41212 -1011 -60259 48304 -11234 -32707 17128 -64688 3770 8598 -40374 47212 -17541 18359 -4293 10130 28023
r278 -50618 -29554 -974 64442 -47378 9420 -33915 -45757 -56031 -15050 49020 -31568 -6112 30412 37705 -49120 -47969 -10729 63719 -49348
r279 -31371 11171 45836 23998 -17869 -4539 24249 -19889 -34917 -5341 -48780 -12226 33477 -30592 1478 38801 53901 -43070 -44152 18792
r280 22455 54967 8603 -56354 50995 63051 -19188 -29734 38479 -53786 -28766 -56064 58094 -3483 -19777 9204 45737 -40671 25877 -41372
r281 12136 52436 56995 690 19926 5661 -56631 -31254 -28140 -35062 -17314 15761 42180 61362 15221 -51122 -30541 -50297 41070 -19079
r282 28343 31003 14211 -25413 -35117 -12393 -50348 59122 -7798 27534 -63303 37043 -54730 35357 -5040 50675 647 -58836 -49544 13892
r283 -13878 -14035 -44097 -45420 -42335 32240 -5214 -42014 -8864 50946 10893 -48420 -37290 55771 -6173 19664 3796 33621 7909 28618
r284 -64130 10960 -19019 56553 10818 16993 48175 -451 42879 61346 63973 -4306 64702 -7909 64145 23317 24288 7051 -50413 46224
r285 42090 -40278 21038 -23517 567 -15470 29936 14887 -23501 56845 -16239 46331 5992 6279 64445 -58763 64951 55178 -60302 -54834
r286 -51360 58854 27229 11680 31705 -54269 -45774 23476 53081 3149 32401 -22953 37755 -63623 3503 42461 7252 -58288 11114 -10548
r287 -300 -1321 -56967 21179 57124 -8508 -32488 39054 23929 -59443 11006 55623 -52016 17178 13627 16360 -64077 -51896 63161 42544
r288 53094 -26659 -39586 21779 10228 821 -3747 -49930 -29856 14578 -6412 -28971 -53099 -21535 -54478 60672 58041 -22086 -38219 4405
r289 22340 -26820 -56933 -59272 -51957 -45459 -4317 41147 932 -42348 865 28313 -60794 -32403 27471 -39937 15198 32330 -23954 42592
r290 21511 33721 54439 -51460 -43434 -52681 46191 36647 23568 3292 -10280 -12337 -19693 5334 28756 -13456 5899 41350 64217 -21090
r291 -1843 -55958 -32806 55469 60142 23174 -52524 18609 24918 -3133 20154 39071 -19027 -38867 59089 9287 -11695 15018 64622 -59748
r292 40524 -41680 -65023 -22656 -21538 -7964 27492 -23105 48208 2360 9529 -12532 9646 -35871 -45656 37100 -25485 -62310 31270 14425
r293 22477 34562 52540 23614 -52801 61402 57757 18296 63942 -7078 -8991 8841 -53672 58027 -65223 45630 -44791 38250 9412 -19006
r294 -52399 18956 33422 -29458 55713 52428 57699 61483 9068 -40838 44575 31636 3434 43409 -33622 33028 -39386 -56995 -53535 -37786
r295 -53144 -5709 43383 -44488 -59464 -1922 13017 -65027 -15532 48083 -54781 15212 -10385 -11356 30817 29306 41167 -44438 26652 -35220
r296 -18126 -51230 -17500 49558 -24818 4273 20869 61915 -39336 15745 6713 65070 -38535 55066 -14549 -37471 -60061 -55736 45660 18777
r297 32284 -22498 -35297 39651 -21099 -43393 32319 37382 30382 27577 47598 4668 -50607 -12580 2673 -26546 -1765 -32995 52436 13463
r298 -3933 -41496 -17666 33492 -54444 23417 -58701 -11203 949 -17880 24514 54190 -41971 -61207 1672 -23875 -13693 -11134 -40169 -32203
r299 50944 -3972 20378 -41830 -46584 -17012 -14077 33779 -20047 6313 47724 -35967 62641 19370 3170 -45171 32132 56544 -24043 -8496
r300 59057 36656 18846 37693 -27777 15695 -40977 18914 49291 10331 -44890 -7986 31098 54174 44915 32885 39966 -20079 -57647 -30674
r301 39458 48578 -60337 19990 -51084 -22820 59678 -55770 49627 -2041 64554 20672 48938 15245 -37481 -17988 -39469 -33859 -57876 -33581
r302 -35875 37811 -31550 -7530 37045 49983 -477 58486 -48114 16363 26203 65493 -12598 -2375 42271 27668 36577 -60234 -54508 -36197
r303 14636 -21866 -55689 64679 -56792 41657 -56176 33690 -44636 41588 -34934 -45071 -62575 57219 32805 -15264 -15143 3194 57806 58476
r304 -10407 -55163 9691 -32411 15262 34297 41069 -49880 5730 51244 64837 -1796 5897 27463 52539 -42729 -53776 17472 -35163 -25591
r305 53930 17335 -42903 24399 -46415 4732 28985 59634 -7108 -5787 -10485 22715 30733 18177 11875 -49366 -48224 -6588 -47562 -37907
r306 41740 4949 -58734 -26100 -12340 -60903 -19559 13541 -41992 -572 64378 -4652 63866 -47878 -2585 43813 7063 -38216 49078 -7610
r307 50622 16253 15341 27923 1006 -22843 -27203 -58004 40839 56317 5896 -31423 31471 11749 30080 -4309 22151 -52190 9296 -36778
r308 -29340 -6355 -26503 -4240 30171 7327 -50264 -50702 -25138 58338 -2695 -7256 56155 34773 59511 57437 -57454 -24000 -15609 -30751
r309 56934 30924 -39854 55089 26092 -63250 -41479 -34779 30740 -54291 -20536 57059 -63084 55885 47918 -60137 -42075 40028 23004 50931
r310 5744 -16423 -64771 25768 28071 2313 34392 12697 40889 -32437 -56621 32705 -2586 -22517 -22210 62863 30951 -30529 14937 -52493
r311 -63731 54570 -57186 36709 53889 -13513 25025 48283 43191 -58338 35690 998 -1238 -6097 -17213 -33125 -13293 -56960 -34802 -41902
r312 -1084 -10103 30369 56343 -37141 -37408 14124 -8511 -24166 -25570 4742 9906 6269 -14756 61727 -20857 18729 64777 -52266 -31002
r313 24825 6444 -62395 18579 5155 -55189 -43595 30266 28163 34320 -35382 64842 11850 -31163 272 1899 -47928 -847 45976 -35149
r314 25472 11903 36894 -10649 -3142 -57379 15579 62335 36072 -2709 -45894 919 -21037 -40894 -63158 18274 52546 46514 40319 -20808
r315 16175 20850 33202 23164 35714 -27004 -35907 1828 61490 -49414 -51965 63598 -63269 -34935 52696 60023 25737 31911 59920 57895
r316 35633 4453 57388 52598 -31649 -59072 -55417 31212 -23234 -24363 13644 28129 -64043 10133 -26878 32042 -36690 63182 -17144 -12968
r317 -6011 63203 -60457 -54907 -19682 -3922 -56941 -15700 -64012 43178 -41744 -58605 44174 29458 31151 -47232 -14230 -1752 -20093 60803
r318 42905 33875 -6128 -63472 -40299 -11786 51902 26637 -40631 -23641 56927 38276 54403 -51020 -33553 -61818 61003 -33921 -28039 -22804
r319 44166 -25329 50253 -37566 -57136 6389 13296 -59711 -42107 53117 62492 63332 -3483 4785 51207 65351 5397 -50103 63125 -4389
r320 -31399 -47648 8232 3753 -29510 -36886 -33258 -47160 61640 53223 30692 -28667 59640 16553 15751 -38587 62922 29226 16171 30526
r321 64937 -60132 48141 9165 31865 17443 -48391 -13088 35969 64294 -45118 -20354 14379 2390 -53667 53270 48562 12456 43978 57612
r322 -20936 -38866 28221 -59856 51696 47593 -55144 -17258 37611 8503 -16017 -4641 -42137 -61598 -54894 19108 29664 -34104 24392 -22400
r323 -35865 33205 -13649 -57398 32176 62145 27092 -45325 56065 -19624 -24833 -21182 -60046 18165 -57350 44015 61838 -53214 -45708 19345
r324 63343 -4851 5092 -61220 16746 37785 -21327 33566 -42569 -63890 48130 -58334 -31336 3770 -46726 -37109 -52251 34618 -14761 26222
r325 45247 13394 39331 -30007 21400 17174 24644 13158 -20205 27701 -29349 46060 -64290 29555 -2482 38877 -2269 65529 -38761 -33001
r326 28693 31304 -53313 37585 65188 -8022 49303 -62126 62241 62923 52417 38724 -21687 -43280 15961 2241 27639 61066 35142 -56328
r327 45042 12326 55365 58419 -18274 -26163 3415 54798 9854 33889 56950 -55489 48275 -57281 -61626 -60992 -37146 -56380 64995 7016
r328 -35954 -59341 48558 -28670 59921 14388 -18201 -3488 62939 33050 59161 -12436 -26236 9528 -1954 53697 19869 15652 44779 -14241
r329 41956 -29208 -10017 -31900 -52215 5350 49013 -44844 59638 2327 53435 -21373 -11287 -63451 -2780 -39699 -3388 35295 50126 48697
r330 57245 63070 -46119 55380 27580 -42298 -3062 -15484 -44248 51734 -22726 -48271 64249 -36343 6127 35914 -15693 -59836 42894 62757
r331 56365 -57677 59684 18649 14522 -12941 -30746 20838 -40729 58650 -41638 183 50780 -51469 -29586 -62629 -42557 61131 -37507 -20881
r332 44037 10728 -895 -569 37263 -25297 -45841 -57038 -32306 -1014 48682 12213 -27939 43047 -62641 -19306 10004 -65220 -61074 15867
r333 54594 52001 -56442 23561 -51170 54698 51502 16125 -65523 28576 54552 -28516 5798 -62790 44614 11914 -8332 -54710 954 40009
r334 40789 41758 17418 -13527 3756 42977 -18930 19591 -60835 62491 -58569 4507 -56952 47726 -2113 42422 -47499 -17933 63517 33252
r335 -36167 39799 43021 -58385 7225 29553 24038 -17565 -48725 9960 -35511 58289 -57153 -8058 65475 18882 -15671 19667 34653 -37887
r336 31940 32536 -18350 59467 -23243 -36462 58543 -39180 61034 64726 -33918 -9317 33097 -58168 -21348 21593 -48669 -58146 5676 -4322
r337 -28309 34846 -45520 -15511 -50162 18877 19963 38730 56722 -8585 50063 -13729 -18195 -45448 35787 16845 30212 9871 -64724 20360
r338 44500 54232 -58767 18067 27870 33242 -29440 -20793 -56981 -56748 52553 -19283 -32568 47972 8284 -4330 7374 5533 417 49019
r339 -52141 -62233 -45171 35449 -31011 22620 -19888 27015 65516 -1541 40197 43244 -5716 46558 53799 -12756 58555 -45868 20546 -22683
r340 40761 -46808 7032 -18443 47348 58451 11402 -47886 53051 -17357 -12170 -18316 53876 -33141 -18772 53642 -59858 24669 -21698 -25129
r341 -47633 45766 -65100 -63331 -7483 16417 -60795 -5502 24553 -35235 56890 -47765 54020 -28275 -62557 -34774 2095 -30528 17347 48932
r342 9867 51763 -48251 30704 -38206 -4825 -36858 -38981 -8213 53028 -27359 60357 -23879 18269 -49547 13924 -20544 36888 57680 -64162
r343 44663 -41885 34613 -25303 -16825 -7521 -38464 18013 3548 10821 -21030 -22888 -12526 -13476 51083 29029 -55837 -15288 -8641 -18885
r344 -18678 -35776 -19545 3546 19905 -24111 -11045 -15708 -15669 8625 31328 48393 -34580 -22295 2143 -12774 -60470 50881 -6733 -35971
r345 -34543 -45282 46501 32601 -49760 28629 -51068 -20979 -51812 -14833 47404 -65211 -3150 -65271 -64856 -4201 34537 -3785 -20094 18266
r346 25471 11862 43628 47760 -13053 -40594 41615 51005 -47355 -46826 9446 58852 18151 14293 -35340 7705 60599 -39394 -5943 5219
r347 -27141 -22540 -16760 -52973 35707 -5356 4901 53077 -56819 48311 -62306 -33948 39002 50420 51089 -730 56476 39351 -40001 27207
r348 5188 -47743 -9238 38336 -26839 21041 29117 33958 60896 -6083 54922 -30697 -36869 -53281 -11531 9571 47467 33462 32366 -34366
r349 -58310 18963 56812 -19753 -47524 -21226 -13059 33523 10599 -55261 57613 51316 57751 29319 61488 -42700 47697 -52425 -48025 -42326
r350 57376 -44391 41252 -14213 -11050 56843 32691 -43750 -42336 39244 -15124 -1495 24212 -29099 -57220 11975 59322 16701 6887 31733
r351 19539 60356 7730 -26816 -11877 -16423 43527 -56712 -52016 -55812 -50117 57510 44417 -59656 -47953 55024 -26346 -36055 61708 -47737
r352 -56519 -46817 -39942 33450 27854 -52044 -41519 -39304 32542 46234 15652 19738 -36440 -40864 -51671 37768 -54080 -58694 20995 11136
r353 16964 -60899 -36570 -29425 59027 28667 47041 2856 55819 -4562 20311 -38637 39917 2800 -64268 42856 -64294 17986 20724 60034
r354 -35073 -56096 20174 29113 21414 60030 -49614 25779 30430 51225 -58288 -25394 -42442 56133 -47929 -503 -50153 21873 30030 -20338
r355 8897 48600 -22899 55323 -9199 6791 -16650 179 -38592 -61003 46434 -31 -14218 59059 13303 6757 -1148 12442 8930 -27755
r356 -8696 -20842 24628 -21493 24267 -41064 1944 -38709 33612 8660 53167 -52652 56758 -50392 11825 -39882 53204 -14566 45917 43514
r357 -42971 -8769 36493 -4255 49749 -5048 17807 -19768 -57551 -20972 -36013 43175 -44715 12554 48601 20537 -34202 -9220 -22106 -12202
r358 35897 31619 -64583 7230 17884 -5420 -34300 -28768 -27426 36777 -56824 42447 -58163 -61848 -22782 47688 13252 24684 -23357 -31911
r359 -33927 -23284 -45067 23373 -31561 -34910 -20755 -54605 -4503 952 -9658 -42951 -5774 1173 -47066 -21960 13590 13335 36202 -30633
r360 -50681 1591 42016 -4233 -37644 -15077 54795 -53355 -2121 40611 23881 55198 5265 -22111 58309 24151 6095 -10109 -63775 -53875
r361 -30609 -27918 1289 3301 -48259 -24309 36933 -16268 -54280 4072 17348 5516 -55101 30702 -60276 4504 -31526 -30689 15318 1291
r362 -48587 59554 -14110 24473 14235 11093 -34525 -17632 2786 39504 -56009 38383 -7911 -12984 -36477 -22023 -38227 48216 -17712 -40219
r363 49009 28870 61457 50250 42182 24356 -452 24678 -42262 -14177 -52957 24167 -24731 4163 58831 65085 -7158 48798 55649 47647
r364 -48055 -60680 -25147 6892 -8350 -37564 37543 25841 -32894 11888 -64021 -41432 27875 -63683 33512 -63570 1777 26469 -47680 55992
r365 29341 -62955 -14627 -11260 53940 25527 -7898 -19980 39280 24816 38733 -18237 -1750 9291 20227 37434 39995 -3369 -24889 -890
r366 53983 7939 -56796 -18310 -63897 64285 -6029 56943 22825 -37543 39515 -24832 37731 -64302 64668 12931 3303 -57839 -26462 -36335
r367 4214 -21362 -16365 -27596 -36765 38277 -34087 24910 -41023 41269 5418 32609 -12794 -29325 54315 9066 49 5546 20847 -14668
r368 -2083 -60950 9820 -26420 9984 -44459 -54078 63393 -33637 -21741 -15544 12050 42338 -19293 28911 -23451 39924 1090 55061 13440
r369 -51957 29573 9547 53919 -32867 -46070 -60959 64008 -22263 47158 37334 7549 33308 -35600 36368 -14132 57109 21697 -33052 -25735
r370 22348 -4551 52735 24481 -47036 54431 9588 42714 -9986 -21265 7230 -60494 13777 -42179 -21340 58217 -16812 -64664 -47110 -1946
r371 -51684 57430 48308 39952 -60189 -44677 48767 52388 42684 52744 64654 9978 -65431 -31993 -41000 50186 41426 36380 44366 -10155
r372 31439 -9391 47470 52988 -2618 -21227 -56432 -18980 -31584 9057 -17810 -34695 25326 26463 -3650 -46212 63361 63207 -24971 -32826
r373 -21734 -30247 53018 57512 -12763 35487 -47752 42668 27838 -41622 62435 12179 -41336 -39523 64045 -11986 -16415 -46444 44622 43270
r374 -62775 -31542 22832 -36865 -4885 8714 14748 -57651 36228 -45399 24973 11568 34035 4236 -39132 -34902 46918 -18465 -4468 -37639
r375 -48033 54030 44492 26643 -19800 -59273 -35835 -51790 -5604 -64614 23881 37754 34905 -29624 -28270 53786 44078 -13656 10568 60411
r376 49765 -1825 -32747 5 -51476 -45842 41715 -48196 57830 -23223 5202 -43200 10506 -50789 -55479 -26161 2800 -17817 41245 -17473
r377 -47864 -49171 -63979 4858 62408 61418 63330 -43904 -26644 19655 -53321 -62445 -29216 -4167 55876 31188 5860 3590 -8806 16916
r378 -39246 37410 -59609 -18408 2731 -14685 -54746 -4691 44084 -51683 30995 49777 -11313 26694 42480 -41282 -28153 -26663 23430 23516
r379 -27659 -41324 2465 -46046 15106 -34012 25017 62344 5955 39507 -23859 -24699 42485 -40869 -13156 50771 44211 40344 24794 -2601
r380 -38803 51672 12815 48783 34145 9811 10937 16205 -51846 -34320 -2873 60853 40179 16607 -13629 -42619 55656 -31209 -24937 -4334
r381 -19791 -30775 21667 39020 -15358 11407 -9645 39506 -5708 33362 63827 15132 31147 -1239 -831 32669 -43403 -55073 8708 -17996
r382 35730 9042 -28755 20083 15806 -64898 -2531 -9061 22276 13341 47829 -51788 60354 -36274 1990 -38884 -56516 -26482 9433 -29261
r383 27199 -28016 -33144 -39951 -57463 35934 26523 -18545 -28117 -38295 37376 5823 -44314 29457 -47836 -64278 -58360 -63002 -36154 56753
r384 30863 16411 -63310 28740 -11529 -51486 -46762 -11370 -35009 -47876 15495 7462 -63050 -44177 -60640 23885 59209 -25411 11855 -31158
r385 -36817 8272 -55790 23601 -8907 -24777 45400 65452 -14704 11573 34254 14130 30896 -27995 25214 -26228 -40154 -43531 -55457 -4830
r386 -4976 41064 -63047 -14501 -36278 -24340 2304 -41984 32545 39926 65236 -43006 -43858 8082 57444 61216 -31304 29104 -12583 -44995
r387 -42233 -62119 36281 40728 17608 61715 -46493 -45399 41130 40863 15076 -41862 326 42690 -37135 -42490 -1098 12258 15992 -65017
r388 53568 37996 2027 -1238 58447 -3167 45143 1585 -50564 -5031 -22036 21180 -15392 -32886 779 -56999 -53804 -13859 61165 -23857
r389 36404 -12103 4373 21909 -64410 -57254 28705 39278 -17302 -57134 2211 51129 -50377 35806 59090 -12514 -37515 46823 -44053 14030
r390 53708 -20723 60754 18237 31132 -49929 -34231 -39647 -6764 -16132 -56871 9179 18562 -45358 -16898 -63529 -378 -40099 -21520 4870
r391 -32932 19745 -44114 35603 -38902 -61165 62430 -17878 13378 9012 -18958 -19096 42211 -61221 48617 21129 -39899 -56219 -42122 -61404
r392 -45273 -58640 -14480 -18889 43927 27219 16004 7636 -31304 25523 41107 -27487 -32879 26046 50177 -51797 -38656 -65110 -33834 18588
r393 -15957 -34069 9520 -14221 -49561 24154 34701 6960 14204 41928 -27620 51910 64978 11835 -3266 -42238 21647 -38338 63454 58192
r394 -61938 -64798 48629 26672 51036 -30728 52326 4724 -62816 63582 -48419 -13862 -24928 9654 46145 14505 22138 -33773 42537 -40117
r395 38574 33961 34889 -46621 42142 18898 30450 25527 27999 -58775 -43241 34998 7817 -39300 16189 10855 -30865 9910 -48521 25921
r396 30489 -16628 -59717 48951 -10824 38449 -2608 -42305 57903 -9571 -5303 54051 23329 60208 59791 -8235 -54759 -27174 39060 30753
r397 -27343 -21656 23048 -15232 50619 54163 -39466 34218 -38531 28357 -5726 -43286 -7775 -21908 49027 -37901 20868 -60195 -7277 59572
r398 -58383 54159 -43 27449 -52911 -3707 -22685 47641 10471 -60544 25784 8323 -60267 3458 -53732 59663 -18735 -13057 -23738 57915
r399 36665 -43030 62821 -35153 2731 -4741 16926 12304 -2356 -26002 35297 -52730 16006 -12644 -26528 -25721 -46934 57656 -7758 17943
r400 -17309 -34608 -6932 31151 -9122 41837 50969 28910 -64323 -62894 -19439 16367 -5202 34701 -56463 -63587 546 -4010 -61829 57900
r401 -8826 44867 44853 31511 -57575 16881 9586 1042 -9857 61925 -59261 -21932 39364 -39545 -23381 -21877 -23834 -12747 -22459 -65269
r402 47604 19480 -8858 19865 -26915 3640 -19747 5981 18910 6882 -65048 -50773 -31589 -55218 6004 -28377 47915 50045 -10115 43316
r403 -7174 -2270 49553 39189 -60338 57099 31880 36226 -26122 -53226 -10865 -16222 35129 -42025 64860 16820 -5451 6099 -46156 20854
r404 -49725 -18444 12816 -44483 27729 -7367 40881 6487 -48227 50263 -64991 -625 -50927 15767 61051 -22418 -39892 -48885 -16120 11792
r405 32471 6357 -57170 24029 -65470 -477 10952 52044 -1809 55549 36536 26326 -29719 11799 -19043 -955 -36159 59904 -36298 -34993
r406 9589 -35611 33104 -16123 -28473 23033 23024 -33810 25657 -34999 -35788 53382 -13345 22752 -56751 37291 18517 -47572 21141 -40689
r407 -33936 51742 -55095 28230 -27486 63959 4321 38988 -27004 28913 -63535 -65490 -55978 16730 45094 -42473 -56684 8899 32655 60164
r408 12081 48351 14244 20780 10757 5838 24457 16192 -51439 -54743 55414 -37969 -24663 8463 1144 -50713 37659 32004 -19405 61664
r409 -59015 61331 -20894 -33509 20289 12630 5093 44013 -2285 -41615 -27896 -9535 14817 26853 -58858 -54371 -23902 -10891 -51537 17311
r410 33241 46521 -48616 40776 51066 59561 5492 -57173 41804 65248 54456 -21548 60962 -23597 -33056 -58297 -43807 -47726 5856 -28922
r411 -58375 14671 -34305 38003 43352 47712 30193 -44421 9649 33369 46985 -64625 36556 43598 19256 58374 14331 -10832 30056 55622
r412 46225 38864 -39096 -62062 -36737 10774 -37918 -42919 48613 6603 -54820 57025 15493 -7935 -42143 -4790 -17763 -43343 35916 27341
r413 38038 34678 -9337 49351 61343 -5509 14488 -64856 -39920 45886 -41823 8779 -54549 -48266 -44286 -12142 19970 8090 -8593 -27262
r414 -36918 -22865 2024 31164 58360 -22531 46678 -40888 47897 -824 -13478 36070 -6284 48774 -4841 48626 46745 -13255 -44514 58803
r415 32012 63007 -59687 -232 51445 -44034 -47400 38423 20558 -2311 -20184 -53813 -63747 52061 2892 19107 11145 -56224 -44560 -43879
r416 -8643 18889 35736 3065 64176 -51391 48740 5336 25377 -50695 -29558 33566 17853 27122 -63886 -34177 -63230 41785 53445 -39093
r417 -39414 -634 35600 41804 32449 -48685 -8747 -6854 -50996 52578 11068 -45842 7258 29733 -20632 -992 42246 48807 31947 -65294
r418 -61995 -54931 4072 -707 27832 -37022 44689 29317 -10980 -62877 10887 -42013 -63881 -53336 -60657 10086 -27185 -44188 -52835 -62498
r419 63564 18173 54645 25684 -59025 61992 1515 -37621 62526 62049 61450 65139 -17678 38959 -55601 53098 40622 14862 -44432 -3192
r420 53012 39014 -40243 61895 -64467 54350 -63439 -26383 37906 1907 -13882 -28843 -55065 -48005 14433 -54940 64791 -26287 -55133 -38602
r421 -45129 -55760 -43900 54413 29983 44320 -31090 -61140 30216 -16574 26791 -45817 30577 59814 -54450 38392 -57179 23894 -19790 35761
r422 -36529 -8697 -26226 43039 -33450 40068 -23453 33679 -26483 25824 -60234 -42309 -35292 -11142 -34281 61031 -49622 -49401 32285 -48399
r423 -56705 -14277 30723 -9633 29657 -55786 23752 -47008 36730 -60315 -51084 -32089 -46299 -54507 -41897 -31205 -65507 24147 -35071 5863
r424 22230 13558 -454 11607 45767 25491 -19732 -2620 34077 -13849 59381 -59053 48579 -39291 -17366 -50960 -45156 55419 11346 -15229
r425 -32380 -13916 8704 -51526 -38037 14022 63866 -48706 41915 -57975 58630 38120 15937 -1219 -37617 -54340 -31932 -15291 51816 9842
r426 49823 -22038 42812 -12370 -42905 19514 -35476 39705 -58536 -26805 -43480 -39733 27951 49773 -38178 4918 48281 -53342 -57239 1443
r427 8125 40026 26968 5151 -12244 34268 -58270 -48385 -22766 -3678 -4196 29656 -52409 -50587 -3823 -35460 16995 44778 3554 -58259
r428 -62347 -64236 31594 -42168 35571 -41017 -25605 -52444 23043 -6096 767 -26711 -48781 -29887 -5604 9079 -28443 47082 -19041 -4577
r429 38667 -46206 -49969 35833 62568 64703 45884 -31634 -51380 47478 5080 -40515 2955 -16347 -7695 -14903 7265 41320 -2147 -60643
r430 41661 5083 -62869 -25951 2304 -32862 -64408 -54377 26766 -14620 -5883 40201 20761 -63238 2186 -17057 -20453 -63928 12332 -33835
r431 57758 -50953 -16152 -33579 -31831 52271 -35358 -51775 6429 -51566 24589 -31921 -21429 -59606 6382 -36979 -53447 -32947 60883 38177
r432 -59204 -44748 -65337 3892 -23528 63519 -20031 -39012 -36626 9840 44822 -38995 -22143 26253 -36894 -63602 41119 -26046 5961 18329
r433 -52942 60295 32788 25507 -60012 16487 -22537 -22041 33265 61529 93 -11901 -47836 -15305 -36683 33994 63171 -36754 59848 -44920
r434 -20952 -18216 -34150 -53749 -48142 -54808 -55945 -15891 27325 48331 50751 17182 -48378 -62360 -6558 253 19678 47070 13707 61701
r435 -1800 2061 -45978 34703 47333 -31474 41151 -58525 57589 43703 -54754 44960 -51190 -14456 -62526 -24984 -32560 -5092 25086 25159
r436 25118 -58563 2398 -16204 16394 28444 -61967 -957 -49244 -6586 2529 11753 -49131 -12945 40485 -37231 -11398 29995 60198 -9833
r437 15221 31376 19184 18990 59582 41281 28440 -15542 21284 -37456 27514 -1766 42826 -30721 -38185 29513 38711 -7830 -64284 -40060
r438 48102 -50769 46044 3198 -407 48024 -6695 14161 34842 38858 58006 -19121 -29541 -8539 19959 -6954 46137 8119 58052 3491
r439 35160 -6997 59499 -37497 -39989 44824 -59013 14604 -41395 -16656 51059 -22265 28291 28592 55016 42245 -40868 -21110 -26301 -63838
r440 5104 54007 -53568 -5270 29283 29672 -6701 -4449 14095 -29192 -14132 2363 35445 -19147 63659 25522 47911 18679 -56361 58316
r441 10820 42244 21087 -56342 -47620 -27579 -31386 -48173 10019 55864 30619 37121 -54194 -15312 -35873 27885 -45488 3717 15677 16938
r442 7593 -29384 -21241 -8452 64052 -22912 -64714 64776 36313 -62342 20970 30230 -8401 -65374 61860 12012 -19818 24164 -11426 -17984
r443 3139 -23051 9558 -22559 -33806 -6089 -59880 52844 31648 -22027 28227 -3192 -19547 15007 27784 -42875 -42820 -62358 -14696 -6926
r444 12565 39877 -4523 -24635 -32026 5673 -9429 63941 59145 -33009 -25136 38091 -26850 -65380 21620 54814 59949 62568 53743 -33423
r445 9792 -17529 -34413 -12325 25990 -4149 -16757 55160 21949 -51921 -53436 -2030 43013 -24200 46556 -54123 -37980 -1722 -22708 -14337
r446 -15270 48768 52984 -2011 -21252 -58245 41171 45466 31692 -64536 43709 -48064 44692 61105 -11348 14047 56879 56609 -23236 -15896
r447 -267 62396 -23818 -8379 -20095 53053 57675 -23598 7791 -1070 -31757 10437 -59841 -46556 39682 -42414 53519 29626 -55281 58744
r448 378 -39959 64185 -5094 28104 -19444 33689 61605 -3612 -12328 15498 -27742 -35371 61746 -50528 33829 -37864 65124 37328 16257
r449 19495 16468 -44326 -32639 61917 -47889 -43844 -10992 16374 17671 52828 -3731 57347 -62508 50959 36077 -62691 47400 -56122 5861
r450 49201 -29623 39301 -9486 -61139 -34922 -24493 -60062 43698 -56140 -4985 -35914 29445 -28048 6209 -25006 -61184 21689 20302 34050
r451 10251 23663 -56862 10065 57755 -7721 -42364 26613 38825 -17431 -39225 -48111 -15090 29363 63748 -37858 50553 -30128 22699 -49748
r452 -9136 16408 -4263 -14245 -65063 58101 -6747 -13019 -33310 -17442 16630 -64517 -23101 -13538 -3482 -63801 60641 38333 24790 52467
r453 -1592 -3664 -50405 -5297 -6695 -12695 -17537 -22640 -6291 3378 65201 -37428 -24946 52653 -19719 2064 -31255 57237 -40347 61286
r454 -9089 29859 15103 21017 49897 1949 56195 -49813 -14857 -3905 -33790 -31204 45800 50327 -10838 -50491 50826 -34348 -16554 -11525
r455 8162 19077 -12280 49716 27582 -64544 -20866 36993 51382 18304 29612 19920 5080 -838 61952 34054 27330 -51457 -8985 -15000
r456 -18460 -18007 62434 -59095 53102 -16449 40414 -27321 -22697 52733 17421 -30846 -65488 64712 43697 -59460 34625 -9215 -32030 -21779
r457 -2552 57920 7657 2626 60477 -47051 47798 -6464 22805 55792 598 -55848 -5497 -20593 7762 50699 34142 -55026 -4032 18361
r458 -33335 -65505 -18784 39248 -40856 53979 -45475 -32752 49246 -19977 -12506 -30589 11615 63321 17600 64331 12138 -30329 29768 55050
r459 -14715 61390 64097 47418 3198 60241 -44306 8498 53598 -14091 42981 -18853 32059 58559 16512 -57318 39339 -59840 2971 33672
r460 45439 34605 -60720 -30345 -14241 25934 -2630 46948 20321 -40695 56173 46581 -2940 15539 -46588 -9732 10451 62478 15863 -8089
r461 -15331 65204 -56998 -48805 -21754 -27291 12980 -63172 -49239 -54610 16527 53226 -25146 38233 7243 18913 23503 -23329 19872 -27575
r462 49821 20895 -50901 -53894 -51332 42095 -8217 220 44020 28590 -59939 -52444 -51017 -50135 12646 9090 -51505 -62736 -31838 -63011
r463 23842 44168 39428 -3094 46317 25755 31030 -33935 -64956 -27781 -19229 62079 -3358 -53369 50858 -379 64579 -14151 -21380 -46121
r464 52396 -25672 15558 -22598 21003 -63425 -30264 -65386 10514 -45792 -56618 -23928 24498 -35773 -61099 43765 -41612 -65014 -55034 -2484
r465 -29702 -63626 36633 -17098 -59170 -31508 50235 20981 -55950 -26856 28517 -51956 -11669 50819 -12172 -33919 -7053 15409 32762 -33029
r466 -64060 -54696 44618 16014 -18430 -23793 -48895 -57158 62006 22819 -16021 -47215 58823 9846 14843 57870 -56168 -40880 40209 27986
r467 -41704 61789 46610 -34762 54690 3752 -10767 -14060 -44119 -42333 14166 -53322 21985 -23365 16586 53122 45455 58925 38124 -24981
r468 29452 1522 19685 9009 60672 -7969 46512 -51603 -14983 42358 46611 -52493 -42991 -7910 -25376 50929 36064 -36946 -32793 -46291
r469 -3850 -63809 -46628 -51085 -26373 20365 13600 24850 24098 -9289 2116 -39818 -30723 -41963 -47594 -9846 -42912 -55173 -27751 52995
r470 -4256 41769 56507 62107 -43012 24348 -8198 -20743 34350 -31030 21779 -59909 -32994 -17186 -30025 51556 -31829 17380 -53353 -4822
r471 20595 -38634 -20771 -18600 -12155 -20554 6081 58147 43555 -202 19127 11221 60963 -4637 -32359 32462 14746 62109 -60325 -59787
r472 -24240 15128 23416 28646 836 11114 -55033 32675 930 293 -64663 2145 -62048 11597 13919 18362 40180 -44928 29404 -46215
r473 1521 3843 5052 -37943 3277 17933 2749 -12253 -10135 55573 -59612 -64612 -57661 -25386 -47857 10884 -16351 65342 -46204 -39158
r474 -34392 -14506 -56305 -55262 9457 42092 -7079 -39603 -16224 59854 -19596 52695 -37903 -34338 -24031 -6709 36318 59826 -35331 -56693
r475 52571 -10057 43356 16906 5000 -48379 -33487 38056 -17268 -31889 9559 40833 -272 -49324 -35165 14563 -39416 -2066 -56242 55483
r476 34943 21216 -14265 10145 20689 27423 22124 45833 11349 27246 56179 -21510 7236 57355 -43776 30483 61284 -55886 -61625 -43222
r477 -20364 -25422 14740 34594 -3735 21399 59110 51123 -467 45002 -22227 -21557 26974 46320 -55001 -6173 -64853 -58794 -35888 -42744
r478 38536 58957 -9847 -23123 59761 4953 35037 -50922 -36818 -21548 44577 65471 4416 -18623 28015 4263 -53922 59219 -35594 46409
r479 14368 16651 36238 -41083 5640 -27370 17557 -13884 4015 45246 -10876 8480 -49940 -29559 30485 61563 -22070 57506 -6687 -28113
r480 -45363 -25749 -45532 62775 54290 -31037 -49303 -7975 24209 48395 34810 59754 -56698 -31035 -60497 23488 6045 -31456 -18558 8312
r481 -7394 -18833 -8521 4443 32668 -33480 45077 -26773 59145 -22249 -39701 33522 27194 -53205 40790 742 33592 1586 -49204 48496
r482 -54897 51542 -5525 -35315 -64505 7858 9013 -57850 63936 -54878 -40359 441 -16838 -41628 40612 59197 13539 32460 45018 28146
r483 27337 -43973 -11081 -26632 -23784 -15433 -22693 19340 -25698 16940 26152 -52095 -1815 -52713 18857 -9052 11378 -52538 -49703 11238
r484 -46947 -10489 3397 -19216 -2454 -53570 21759 39359 20284 1323 -65001 43276 -35548 -39382 -54566 15977 34901 62054 52797 -23009
r485 -7108 -19633 -56321 -28678 -57003 -34429 26650 24463 -59578 -43680 -2246 28068 -5610 -4634 -3205 46590 -509 1729 26101 -8669
r486 -59053 -24290 -50253 -7897 -9085 1819 -8358 -28426 8453 40155 -60983 63078 -41397 -17334 19815 -31902 -57602 -32459 7703 5685
r487 6834 -64363 53090 60992 46388 -46660 36738 44185 -27111 44588 47326 -53600 64157 56744 -6790 61768 -8082 48371 38539 -58380
r488 -61472 57624 13207 -29931 60564 28079 42279 -54647 48239 21223 -31080 19436 -9000 -33238 47726 27103 -33640 10445 -23779 -50086
r489 2237 18275 29873 -11017 52539 64427 10564 56988 -16207 -9496 640 51869 -35943 41914 12828 -63328 57942 -11936 28776 -58559
r490 -47362 57028 -58465 -12844 -53383 63631 -45018 -25652 -29214 -54607 -1520 -44887 31545 -13928 -45178 46779 -32006 52271 -49868 42266
r491 -65346 44867 41443 -58604 -55837 17661 -1638 29911 37463 26941 -41832 -62708 15405 1333 21295 -59232 -19140 -46019 28860 41657
r492 11916 -45342 -1999 51215 43237 -7260 -1592 56070 51418 40902 -1066 -52289 -60984 32038 -25320 5867 58404 33585 -64027 47452
r493 57987 -54996 4698 52939 17343 59325 51592 63558 3910 -1868 5913 65468 -8018 -15502 14199 21225 -51950 32466 -28513 35838
r494 -38989 22705 5779 21842 -61798 -40702 -56720 11854 -60182 40084 -17396 -62496 -4687 7825 59813 -47378 24374 -52944 55672 14647
r495 54467 36445 15579 -35000 -10404 39716 35984 43635 32392 23158 -4322 45788 18809 -52533 -18162 22096 -63781 50224 -62815 246
r496 -9493 -39285 57399 24913 -38035 -42404 31565 11937 7753 -36105 -3725 -23352 49811 64787 -2873 11676 -11621 23993 33153 41276
r497 249 -58450 -5144 28174 -31347 -60727 32690 -18928 -29801 927 -58184 37274 -45116 -44227 -45780 35404 -27656 -60060 21399 20623
r498 -18441 59616 -64393 32980 -16741 26433 63835 -36782 47015 24404 -30105 -18940 34192 -43885 49331 -18958 -23913 65295 23332 -45632
r499 56768 30766 -57663 -60043 -28218 -4793 25780 59489 28144 -8164 -26123 15637 14816 -6337 -5593 -29021 -26818 3905 -45868 -30674
