mTable27 21
KEY  c0 c1 c2 c3 c4 c5 c6 c7 c8 c9 c10 c11 c12 c13 c14 c15 c16 c17 c18 c19
r0 -24436 20742 -37334 -62887 44377 -46796 11309 45163 -18688 34156 52631 -33660 -27563 18068 -49256 57406 14913 -50905 -21041 -12805
r1 -12247 42803 32011 16622 -37516 4287 54003 -3772 40695 -10620 -44163 -42315 27153 -20561 -50398 17411 -10528 -31288 36627 57
r2 54581 39005 -51111 60526 -7823 40727 18997 25460 26504 -28574 47599 -33373 35185 40383 -20981 -56697 27420 50418 -31727 -62937
r3 -10031 -45551 29673 4840 42791 32689 -16289 55689 30045 -54673 40609 -36222 -24566 63146 -61070 -1740 62261 -36818 -15795 -39284
r4 7049 2470 -60797 -47893 57748 61434 21363 -42604 -13093 -29190 38999 27273 59586 -16653 61231 -17090 5770 -56340 -23619 -21640
r5 -10950 -9108 -47894 -60891 -54905 17301 -55879 37028 -6323 19584 19645 41077 17074 50725 47249 -3854 -20107 56634 -45719 -37067
r6 64595 -27082 -12081 28507 13257 -39142 -33064 43282 7259 33891 30931 -18475 -28509 -36856 9281 -37275 -17710 -11471 36260 36440
r7 -28277 -9329 51318 49836 -32171 -35950 -27052 -8380 10228 35949 -61296 31692 39703 4350 -62770 24576 13867 9339 -20413 -1233
r8 51859 -48116 55712 -51441 29340 5451 -35463 51707 -22517 -59979 3897 47460 48367 27467 3521 -15297 -63801 4312 -14804 32528
r9 -31989 -9148 41184 25643 48061 26845 10069 8528 65129 6322 21639 30308 -55390 -40692 53515 39586 -29060 48700 -25385 -40808
r10 23278 -25063 21590 31393 -64721 -9499 -59350 46243 -56588 -21678 14970 -55808 3860 39831 65453 634 -55995 18057 -29252 37880
r11 -47125 32631 -31773 10170 -8021 34705 -5585 37907 -34187 -52806 55115 257 30065 26152 -4731 21308 -47018 2542 22831 -52342
r12 -46802 37125 -36308 -33030 29114 -48203 44506 35136 -28806 -54227 -5763 33127 51097 -3533 22407 -46080 56305 -56993 8161 -13731
r13 8845 -27007 64487 -42041 18310 57675 25104 -12091 -48554 -56096 26335 50195 -35006 -36674 64903 51821 -26673 56253 15418 -36933
r14 -39884 -45720 44409 -24751 -5131 62870 -29562 -31199 56534 -21000 -49158 49536 -8628 -35979 -35109 -22880 -49817 -51390 17703 9806
r15 -58207 -23769 -52898 -27529 -2504 -28673 5590 18918 -59182 -65256 23890 45774 49155 14285 12473 -60137 -21274 27218 39565 -1745
r16 -2782 -349 -29071 28994 -5739 23420 -38739 60773 -44918 -16701 52279 -58982 -13351 -65012 -35632 -59324 -24950 -15366 48963 41149
r17 50508 25787 -52409 -39629 -5028 38431 33831 34054 60932 5819 40214 -5044 -31389 -25010 60758 12719 18916 52541 -35839 63245
r18 -23064 -5407 44293 -32170 46606 21099 -58425 7538 65371 -35342 -65288 -64296 -54586 28481 -1339 -58552 58267 -57059 109 40547
r19 58307 24490 1838 44284 -27601 -26184 8585 -7131 20408 26699 -1010 44278 34457 -60242 57980 25698 53925 -64952 1124 26432
r20 -2871 -18731 -43303 -20997 62125 -39194 22706 58819 51834 -16560 -14705 60945 49112 8930 57088 -20559 -54933 -39083 48398 12529
r21 35414 -60310 -38223 -59575 49123 4104 29063 8149 -36500 55703 -52936 62979 5932 -31539 -10992 1348 -18835 -10960 -36403 -50923
r22 -24720 11275 38313 -28691 29946 -57781 24115 30637 19300 7387 -54263 -24183 61294 62889 -27249 -31128 -23427 17173 23593 41121
r23 19508 56285 20605 27424 42438 61362 -9482 -20454 -750 -12782 34555 61173 -41842 -51796 -10188 9086 -12904 -40049 -25698 -7179
r24 -32127 35543 63511 13170 64984 54698 43447 -44022 -33557 35724 39295 -53886 -48160 -53974 32947 64947 -37971 31781 -56806 18857
r25 7947 62740 -28527 -22893 53790 -25096 -3652 43760 55415 -12728 41098 48909 1523 -59127 30794 27795 1129 -37498 -13258 -57218
r26 64024 7725 51244 -17963 23491 -32288 53022 18109 -47297 29158 37643 -28136 27774 -14098 -47127 -63545 -40425 6130 50981 -19331
r27 -40908 11405 36155 37738 51873 -50425 -39546 43936 -16473 50352 25429 22218 -62602 -64791 24605 57435 -35307 -56477 58850 -17249
r28 59088 -33340 26076 -34462 14352 53992 -65076 -33149 -54497 23363 47455 24875 17619 -13277 48921 -44911 59747 19703 40699 -52407
r29 -24686 25544 -30323 36897 10878 39529 14636 -51777 48972 24588 48 692 -38094 -53551 -51914 -10754 50934 -58582 -47735 -5401
r30 337 -28907 -12008 27721 17046 38687 -6481 14923 46468 -9425 -41947 -40934 -29132 666 -4448 39987 -28064 -38816 -15803 -16366
r31 -6142 -53465 -54492 14175 -34040 -65092 -57340 -19176 27336 7834 -36827 54288 -17132 -56812 9484 56019 -1357 2891 -21183 -65279
r32 58167 63373 -37181 48627 -37662 -35654 29139 -43393 -21611 58993 32863 -15498 303 42534 -37746 56697 -51161 -4107 -3157 35737
r33 -41080 -41881 51209 18082 -410 -26430 9317 -61929 40785 50135 -57098 27110 17511 8044 -19052 36266 -1459 18398 1761 -25694
r34 -45717 -45149 55865 4101 -13864 -31799 22168 -21485 60627 1002 -6443 62112 -58073 -48405 32913 -8756 51715 -20704 -15356 48961
r35 8459 -24151 -52260 58958 64613 9590 18904 61733 36749 -41162 -14871 -10098 43404 -62436 -10292 6185 52506 -7015 6039 -39467
r36 50630 -53910 -16641 -33786 -55851 29475 -25125 7573 47635 -28047 49824 63196 -6798 65317 -38090 11623 59034 25991 5897 -16741
r37 45863 50200 37312 -14754 2717 -32487 -53704 -48726 -24241 -3027 -17860 -16789 -17270 -59135 -45531 -15096 -32585 6894 -1587 -38699
r38 50110 -54830 -62289 43186 6413 38603 64888 -6159 -35120 7541 14638 28889 -51432 -37681 22059 -15745 23402 2236 -32169 -626
r39 16359 -35744 34896 -60566 -13566 -35462 -5133 9639 21341 64294 -10973 26618 5859 34314 -29448 -39182 -33146 -13654 50057 12795
r40 -3766 -63914 57169 33864 24441 31676 34624 62597 -32060 13267 -3397 -26266 -63590 -5232 56729 -57417 22830 -7776 58328 -6135
r41 53064 -17813 4677 10185 -5400 16282 -52654 47982 60440 -37526 38307 29242 -26344 45855 38312 -48774 26100 -54886 -62170 23621
r42 -10045 4454 24457 -57234 -14729 57838 -35207 -20807 -28449 -64569 25107 -22897 -13334 35424 -7607 27521 36031 -1091 -57620 38462
r43 -58731 65530 19700 53209 56941 -22159 -12111 -59957 61048 -11541 -63466 -35028 -9181 -31037 20713 -46925 19541 18658 49547 14158
r44 28342 -46553 -46934 53835 -5884 56355 -16448 19300 63178 -26797 -6370 36111 16420 -43603 -31024 -12336 -25688 53336 15567 12868
r45 18557 39959 -7870 20291 -18429 -58546 -1761 -17812 -32141 16851 -46960 -29694 49615 17338 -2821 -14803 14495 -48264 55405 24917
r46 -59587 -1210 22326 -23708 -41280 -33157 63014 36666 -46684 -17977 -9458 -63327 27735 33244 45722 12517 13126 32187 31073 -46673
r47 46398 -8336 57740 -28234 1332 -8422 54635 44764 24781 63839 -32749 -62772 -54136 59247 -15132 60315 -17476 -20422 -9946 26409
r48 -35984 42308 -12404 15244 -6585 -25166 -53821 -35145 23810 57445 23918 22021 -54768 -29445 56755 48851 -15247 24155 -23535 32696
r49 9 -64550 -60307 21272 -25479 30295 -22825 -1357 -4160 -3681 22335 -64043 47498 44374 10213 70 2468 26229 49224 -18164
r50 -52823 2325 41189 53887 55355 -56801 -53144 28206 -35196 19323 -14662 -41029 -36318 -57372 -34818 64948 -26223 -52981 1095 -4987
r51 -26802 -27308 -30742 35964 -14790 15718 -38948 -4160 33599 41148 -39839 -9515 62245 -48831 -32849 -14880 -30677 22887 12729 -58690
r52 25486 30054 -11807 49632 1699 -28735 -43123 -22776 41177 63185 -18171 -65413 3651 50346 -64762 23825 29762 -3014 -13823 51628
r53 -45577 -8158 16187 -61752 -52072 -34340 -57699 -49921 -39044 -21545 -16300 -25100 49533 -44911 -20188 -50613 -12590 -62602 48553 22515
r54 -21800 -60293 -17453 -36475 -8046 -6812 -14637 29121 12390 -6239 -17481 -19032 -63763 -51563 36775 -24744 40002 11461 9949 52321
r55 2692 1534 4440 9005 59800 23387 17152 -11455 13216 14976 -54123 7131 3169 -61458 -8864 13230 -54405 -7791 42958 -30741
r56 -49577 8335 54272 -51627 -19263 53779 19530 -845 -26391 -24982 3189 -7039 -54375 40190 -44970 -1002 16657 63933 -26840 -46131
r57 -49054 31400 52838 -45823 -43297 3067 -30611 -2139 -23337 26131 -4248 31923 43244 47112 -23390 13155 8066 -26361 6296 62357
r58 -54897 -6054 -34110 -45095 -58803 -57878 18047 1827 64445 61763 59221 -18268 -63032 1246 34696 -56882 -17092 -52867 -25318 33685
r59 -61553 63658 34898 -49508 35947 -55379 7071 9636 -31568 54506 -34964 20987 42942 -60872 32792 -26896 -13666 -13744 10865 -10101
r60 -59761 -22145 -5679 -48944 16257 -36529 -18287 54152 30097 -14987 52387 -61020 -62366 11108 -48415 -13058 -47672 -62156 -44582 -1064
r61 -1524 1519 -9728 -27527 -9561 -51775 4460 5083 27193 22272 32303 -21312 -49761 -52665 49529 28083 -36281 -47190 7183 26241
r62 17334 -19088 -48706 -18194 50405 15053 259 -14537 -3970 -48092 -51112 21376 54765 -24781 -51380 30698 -6456 22610 18055 -5594
r63 49920 -40033 -13858 54529 -65458 -16128 40398 -15024 8188 -6535 65495 17623 -52153 50406 -42204 -27447 -58249 6420 -25867 53510
r64 -34487 48159 -51432 -35872 23140 -44046 -51096 -44585 -38953 -62955 8650 52162 25439 20979 -17553 13921 4021 3472 -59002 -17334
r65 -29555 56669 -18908 -35570 48950 5040 36242 -56463 -8502 -17480 -14275 64723 53655 44986 59935 44234 22674 -48797 -48749 8478
r66 36566 -20429 50848 -58659 -44521 -13442 -41861 2826 37412 23932 64340 -41237 34747 -6911 -15355 -33074 64151 4454 -12610 -6057
r67 26026 -50219 -5633 -4680 -3293 19339 43294 -22559 43055 49075 -4602 -39988 -51558 -57048 -58267 -31611 57307 31724 -2329 -57086
r68 33723 60453 62273 -35239 -42916 48002 -30546 -36328 -48201 63545 5846 -39658 29984 35802 -37860 34537 -22216 -34089 -41538 22485
r69 -17740 -30121 -54681 59228 6923 46618 54755 6167 38956 -62549 13600 -10355 13410 46945 -4711 -29687 -50562 46670 -52326 64927
r70 15672 -36704 -52373 56468 38080 60521 45641 -15677 41606 -24508 -39382 41868 -15104 30463 7338 3680 -45090 -6981 22454 -13392
r71 -54693 -46810 25259 -31574 27376 -11102 -43339 -63410 41690 -14821 20892 -4321 -7865 22882 -56084 63229 34943 -12518 31657 8174
r72 -20508 -13302 -39635 -38662 35208 -47877 27985 12102 48562 60990 -60905 79 -60174 -56341 42059 45757 -53243 9030 -6307 -40508
r73 424 3815 -34016 10 -14045 1684 26411 -44731 44297 36982 54242 2223 -18738 47585 -18271 -46104 35100 -64542 50641 -59107
r74 5856 -17024 41370 8013 64179 -11760 4819 29099 33384 -2025 -4051 56590 -21605 -26755 -21359 11472 -45917 61486 -58124 -46992
r75 -18959 -13256 54471 7323 -4016 59537 64697 -29214 -36885 10770 -55928 62414 35883 -7227 64688 51881 -64834 -33837 -61822 30375
r76 10250 -27173 -59687 23456 -44696 -14811 -31606 -26249 2845 -5853 15122 46380 -41882 53756 17020 15851 7575 28055 64671 44811
r77 -10090 39626 -51268 -49279 49111 22455 7297 12074 -10302 9278 14189 41692 59266 -60895 -61476 2620 -29873 21909 46981 -12291
r78 53343 -22933 -3707 -20874 38528 -13984 -11734 654 42862 13381 -20042 -32663 -12144 28732 14564 -35990 51122 13252 -9436 30804
r79 41211 -1932 40986 24394 31328 12465 -27109 -14687 -18472 3097 -60320 -40061 -22051 59340 24714 -36609 -6044 -39516 20609 -44268
r80 36917 -44749 -41707 -39636 -24564 59373 -22299 -28960 28704 23923 49385 -39411 2931 -41967 -60854 26290 -18098 -63008 -16887 -40008
r81 32506 -22751 -41384 41728 48301 -15148 -12886 -17569 48251 50973 34761 -44239 -16337 12195 -13914 -39689 -53662 -44779 -1002 -8233
r82 46961 -16784 -21355 -10956 5933 38155 -16107 -5689 -29470 21480 65502 5211 -4977 -16126 -29606 -50174 -62538 28326 -9186 -10547
r83 -24049 1084 -19813 -16584 41391 -40115 -44780 -21445 -5483 26674 -30123 -21018 4521 -45760 25943 43788 -28492 -34103 52126 16275
r84 -18495 -19256 2467 47319 40581 -7118 23064 -20807 26529 -12950 36376 -15429 -59592 13716 -28571 45362 4246 -50335 -18584 -35281
r85 -60230 -22997 -38496 -2820 14010 45015 13126 -17262 31527 50341 36512 16058 55252 42929 -24544 31810 14893 44748 -61908 29467
r86 44494 16981 26407 62436 57917 -41452 36857 15827 17201 23491 -48859 -60548 58954 36817 -59275 49983 -53255 -59767 18878 12965
r87 29794 -64235 48978 11242 -26773 13714 26707 46678 -52632 -18640 -50462 4986 37050 -51452 10593 -27650 -41299 14673 -54847 -23229
r88 46594 59009 54089 -59435 -10625 34296 63206 20266 -31508 25222 -39856 -52538 -5960 -24884 -63629 17442 5806 -50612 23160 10388
r89 -54414 10755 -36529 -2372 -29811 7409 19079 8162 49679 -32131 64501 53884 -19210 62700 28522 45093 -27906 61211 61341 -24987
r90 -43644 61811 -56801 2905 -64082 -40694 32294 -34907 -35559 -53442 3830 -43705 -8344 -20558 16675 -51039 -63709 -27078 -39480 -51530
r91 -28540 23932 -41559 -38558 34102 8219 30490 25790 35014 45891 40787 5722 14565 46537 35792 -45 22283 -55015 -17549 -36465
r92 -61991 37243 14606 60330 -52230 -267 53674 -12452 16958 29458 -16009 -53279 19661 52077 -32766 9056 30044 62377 -57084 -40720
r93 -1307 -48491 43279 58624 -22002 -182 10391 -351 -54895 37950 -14672 -13197 -30460 -15371 -52966 -2086 7672 -31521 -17836 -65277
r94 -35922 22866 -52666 37675 -29017 -19715 23882 39456 -61499 -44374 729 47840 -25708 50722 -62933 -60839 -50153 -3549 -51033 -21019
r95 7123 5577 45630 -5490 54383 -60115 30915 65327 62228 36938 61402 -21091 -5924 30376 -59953 -52171 -62744 -3491 -32838 -21373
r96 5906 58353 -17765 -29443 -3652 41021 -14387 14161 -35369 -21710 -49702 24480 -50677 15121 43868 39082 23704 48755 29603 -17681
r97 56792 5777 49606 61657 1326 -19259 -52036 2716 -39100 -31043 -27530 -13864 -57470 38580 -53941 13486 21106 -57360 -52539 10895
r98 5442 -7386 17946 -65478 57547 60762 60236 62506 -64043 -7931 -27566 38520 9349 19075 -3458 -24349 10120 -11790 -34481 15466
r99 -51296 -52481 32714 31929 37587 -9035 -3409 -5527 -64324 34401 -1905 -25932 -22678 -17661 -43430 -9496 29227 63390 63005 35986
r100 -59592 -54061 13063 -57724 47574 -14607 -60479 -63401 -21743 -27696 23078 33254 -29428 54433 53750 -20212 -19185 61066 32191 -64258
r101 57516 65437 -49176 51125 -53134 21497 -51124 20221 34713 30898 863 5108 1917 -60285 10015 -43518 -757 -6650 -18813 -51864
r102 -47582 -42312 3212 44274 19463 -52993 14470 -40865 -1955 -24705 -60376 -55907 48584 27463 27464 24728 2756 61535 21997 56041
r103 65404 14510 -12969 33340 4391 -18098 8724 49051 -13462 -53513 -52958 9867 37136 41901 -18287 64620 -16624 35162 59779 -39732
r104 26415 9424 46100 -4527 1623 26403 42186 8569 -6059 -44448 10714 6569 41433 -3757 11144 -23611 -19503 38245 -42484 -42280
r105 39256 -50808 42431 36946 -10219 27370 -38206 1322 -38340 -27267 -7844 -37403 18890 4545 24271 -6950 -5193 31052 -9303 -4791
r106 51098 -59097 -1851 -30888 -60919 -9521 -11510 64951 -17655 64672 -3940 28847 4044 -5541 9605 -27434 -32785 16557 -46772 13930
r107 -19366 62505 -34210 -28247 21867 5465 -46603 44012 -61183 -50282 -26358 -38458 -23954 -3086 -34639 -12336 22789 -31665 12091 -51938
r108 -48183 -50332 -32758 62832 34097 5467 -2978 48254 -41003 -56394 54480 -12309 31270 26553 37002 59914 -20653 53358 -26519 -44781
r109 46227 20028 21263 -37563 -2907 52087 25741 -4428 -9073 58280 63879 -47840 -31200 710 -43133 -36533 29851 -44925 5616 57739
r110 -10872 -33620 31103 52059 -50925 12683 28088 -61828 -52356 29666 34034 -53112 -28501 25205 13929 -63255 7399 -13866 38843 -53632
r111 -23698 35492 11673 -26273 45349 57364 48837 -54403 46681 -13346 34248 -43012 60807 -52855 44625 -1071 -45503 -42112 -16768 -46783
r112 46697 -61798 -64304 -21604 22685 46821 -5860 58768 -44849 54803 55768 -40558 1540 24093 5055 13386 22082 22107 -19223 4643
r113 -26940 -33504 -63700 -2622 33594 31922 -54198 33838 -43190 18182 -48245 46372 -30349 -24803 24086 57563 -54857 -65137 -22892 -27762
r114 -11730 -25988 -10140 20107 -59362 -54728 17193 -65463 -54544 53865 -14093 -25434 25775 -15553 55086 33387 -59002 28942 -25941 17767
r115 -30840 -26660 6071 42690 -20295 48691 18538 57886 -36170 -54910 2471 -55680 -51917 -49380 8015 30334 -55195 -65051 52013 -15273
r116 -6758 -23725 -9842 51161 -44526 12520 54511 31641 -8140 50567 25893 -3125 35718 14551 46182 63208 5890 -10432 8956 -59458
r117 -33200 -3320 53731 -36424 -62180 17103 -34750 47452 -31381 50027 21738 34346 -15498 -45169 -20458 -16885 -52105 29243 32372 -50699
r118 -13567 46821 32011 -133 -583 50710 -38903 -19278 -64766 58001 -22083 61147 42029 -20608 30623 37707 16433 43025 -7850 28667
r119 -10027 -25433 62315 43203 63383 -31603 53146 -26636 24544 -20195 23935 47988 -21747 -44914 -26799 -3980 57784 -50632 -2281 -24864
r120 10575 -41857 -21162 -1839 47670 44856 50418 26799 42748 27634 8976 16843 -15790 -58496 17546 57494 -10220 38485 40176 -48823
r121 9298 -57063 -4514 29824 49214 44301 -48814 -3518 -19290 -54110 -12732 -30835 64991 24127 -33395 35426 -51733 61222 62670 -36637
r122 -64231 749 6012 -15736 4481 -32712 -29895 38542 45500 6169 11158 62077 2752 -47555 3582 14727 19975 -42093 -49704 -54411
r123 -223 27363 3174 5524 -33331 -61626 31712 53284 -16419 -17973 47663 -17237 43287 29721 -20986 43969 -32735 -25577 -41870 53124
r124 -15591 -9414 -49592 52671 47414 -52970 -43399 37526 50804 23828 -56296 23093 5267 -27517 -5242 15570 16864 -55144 -23950 -59019
r125 63684 2985 42648 35968 -3187 -39318 -23078 -48095 -28879 -2938 -9494 14843 -51649 -14032 -46143 -16995 27955 -13229 15138 -54840
r126 -34491 -13448 -15057 -35444 -37092 22029 -20296 18224 64068 60344 -29183 -28943 48241 -64204 -29804 -49417 44144 -50096 15503 -59416
r127 2512 -33717 -56181 27105 -38199 52320 22953 -40045 -19010 33313 -12201 -23916 -8750 -54806 60232 61283 -65335 2782 -15216 -24883
r128 -22154 -63296 -29366 9393 -6916 -35191 350 -5278 -27663 -7926 12517 -22200 -30418 -26756 -9794 -37635 23463 -48467 -40004 19016
r129 26002 -47683 -56489 12481 45099 37897 31374 -64929 10487 24174 29957 -32229 49428 53742 -48005 -27161 46271 -55686 14080 -5277
r130 -23879 -40095 -8727 -39147 7726 -26374 4491 4356 51300 60220 1821 -61148 20014 32056 -29123 43437 53876 12094 15482 11894
r131 -23165 -8201 19048 -50827 23988 29174 37950 3510 -54552 -31624 -2957 54058 29784 -302 57508 -61646 -61297 -64328 -52750 -19876
r132 12197 7370 11819 -28806 25444 10471 -5026 27238 -19684 -43012 39964 64828 54271 26023 2816 -32293 54550 39266 39987 32445
r133 -11561 -27701 -25896 36999 -27859 31999 16862 5119 13780 -49779 -48773 2105 62916 -61302 -47431 798 -18402 44819 37256 638
r134 -19002 -64294 -53227 -30045 -58464 -62200 37693 11593 36285 23989 26014 39378 32141 47341 41935 -34429 -43141 -59347 1839 -23403
r135 30720 -5232 48454 27505 28897 -60538 -23392 -35325 -46228 -6739 40803 26800 -31680 36800 27115 50748 -64563 -4248 -42289 -11857
r136 32988 44161 -57522 -42451 34607 16775 40472 40350 -55571 41667 19530 7840 -38050 10177 30589 -11517 -49333 9726 53900 58159
r137 -46408 3016 14946 -64216 39565 -51070 19108 42436 42337 33142 39167 -1920 -27131 -25636 -50159 38863 -4987 -30293 -27779 -29064
r138 1887 53274 37102 -12291 -16417 61693 -19008 -50731 49317 -8694 45005 6524 4302 15671 -57603 35901 23361 3783 39736 56006
r139 50873 50666 1203 -20509 -37344 50234 13778 40834 46500 -11779 35884 -32287 54672 -7979 -8404 -5769 17871 -26702 -21980 39408
r140 27322 42599 -3241 -11223 43284 20046 7540 3537 53756 -40132 10763 50431 54559 -49231 54188 14115 -15132 -21107 12129 13006
r141 25218 65348 58991 19202 23550 -46603 44136 16299 49594 11870 -43545 -2522 -3865 -43930 43836 -49298 16308 -42987 21011 -23312
r142 -38874 -45128 -12191 -44119 64412 61972 39207 -48692 48317 -39828 46614 30730 -24945 5722 -18219 59895 8768 -10765 31717 19906
r143 -40992 14501 38664 59574 -54639 -35259 63445 -26654 -29022 51163 58991 17860 -46148 49421 -50130 -17341 -38114 13899 34072 20362
r144 -23006 12189 42130 -56374 -24997 61826 20689 4858 -14019 58257 49019 -53055 44055 -45953 36620 43343 -45577 -10389 24355 6946
r145 -54168 33339 -46128 33814 -4956 -121 -34732 -49775 1470 -21394 46783 -3358 55675 -57040 -47260 5682 -12316 17023 -8071 6869
r146 2704 -10249 30601 -18185 -30408 8791 58115 -45053 -14010 36684 6999 49540 27966 -47466 24824 -16013 -48528 -27676 -40822 -15107
r147 -51925 56777 7063 50537 -4650 12701 61908 -60094 45506 -40749 -43844 35092 23762 -50051 3538 20918 33750 -20494 34385 62172
r148 12238 24780 51438 -56075 -468 50680 3337 -39988 -14614 51808 49686 -53570 21797 34577 23230 -46498 -44830 -19766 51053 39384
r149 -58948 43994 33080 2212 -55710 57525 -24450 37723 -62069 -29630 33697 -60329 718 -10949 60689 -38730 -24379 43631 -62700 -20288
r150 -59905 -20173 -37131 47940 9969 -35101 58878 16970 -43171 41467 45216 43727 45121 34072 -29447 -64104 56606 1856 -16311 -33583
r151 -19268 23676 -58944 -63719 -38418 52040 62479 13297 65299 11221 -20662 51190 22514 50013 -3198 -24623 -16615 14818 -43543 21547
r152 1413 36690 30661 50880 11870 38255 -5841 54548 9021 -3393 -18332 36305 -52582 31167 -40117 -19506 32634 9206 -48264 -36186
r153 46587 10747 65156 -54360 -55767 -46563 -49579 17506 -8585 38504 43339 -19621 47752 -17409 -37755 61807 493 42707 1297 42825
r154 30400 -50396 62136 -1469 43343 -17831 -53048 26682 29767 -23787 -4947 44372 39112 36507 41154 -29817 53496 621 26266 -18506
r155 33884 -16148 30068 42600 -55821 -14618 -3172 37117 -45399 15632 19308 28883 10778 21892 -45832 59772 -44572 -28715 65344 6618
r156 -57866 -64268 29002 -20401 -59765 -20614 29219 -33497 -35377 5106 29830 -21949 -52372 21332 -55623 36464 -58858 32866 -5140 3942
r157 -46894 -7225 62367 65182 -6078 18354 56024 26887 14564 65064 36147 -11725 52250 29526 -18659 31596 62010 5529 -6086 15856
r158 42911 -4080 -21074 -57738 -18489 -28085 45974 -53693 -48665 -23312 -51451 -42101 43013 16581 32267 -28166 -32804 -18403 -12091 57008
r159 -17018 -54541 11666 -26629 -36022 -23562 -42209 -31664 23181 41292 41134 -62100 64081 27428 -36564 -22060 -54331 -25423 -61283 52263
r160 -1916 49164 -63654 -42687 56865 46243 35820 65082 52564 15007 -42431 -49883 2348 15543 -50707 -55137 -26698 36792 -63630 59622
r161 -11683 38045 49093 -42846 57960 17051 -11451 48625 -52405 6268 -44769 -17718 59041 41874 -53828 -33443 28712 34048 5744 -28665
r162 -49234 -10583 -51368 -58214 -45536 -20083 32717 59599 -21995 -39374 38507 -239 -14749 -31724 -5786 60407 -4656 -23789 -32313 -20006
r163 56414 -61865 35422 52814 -32137 -18414 43716 17130 46639 24751 -43378 32470 14480 40748 -15985 -37247 7508 10078 1689 -31507
r164 -12487 4508 -45473 -25468 15535 12972 -63631 5838 -6916 21952 -24464 -59180 40096 27782 15994 -31967 54328 34192 30812 64697
r165 -6351 -39576 16108 -14070 -28856 24436 -40430 6665 52632 -37531 37200 -48097 -52891 -7483 10011 53001 48010 42795 42014 45971
r166 31260 24825 61649 -58767 57086 -6744 -9345 -41561 53884 3791 -31927 -34188 59029 11909 43412 58340 6202 42580 9843 34834
r167 -42219 40440 -29463 3204 -15128 35612 -58113 6485 60558 -37220 55145 43259 3249 54206 -58006 -7899 -46410 59498 64318 -17383
r168 -58377 -12653 45360 -17297 -36657 53221 4747 42234 -37629 5292 -51300 29750 30272 54247 -30453 -20069 -21607 -30098 -47645 -47509
r169 -18967 28029 34424 -60347 -60748 -25939 -6222 65480 33170 62033 -45612 54068 10300 -23172 4276 43514 42616 -35590 63784 -13475
r170 -32622 -13413 -63596 58506 39601 26124 59271 65072 15401 -42034 16607 -7450 -56963 43063 20941 -41293 -47480 -6002 18804 -48485
r171 51541 53534 43956 56027 21413 52752 31156 35110 -26725 9587 22722 -40304 33805 50881 9197 -22813 43265 29674 39369 -25952
r172 11163 -25090 48159 -26857 -6744 28511 39264 -16869 -2348 30760 -37808 -43683 55889 -49695 52501 -19950 -2473 -26339 -56282 49711
r173 29455 17694 61909 -58243 14485 -29349 -56475 -45244 -26806 1356 61308 35786 1161 -38623 47357 29190 -64301 10426 53191 48162
r174 -65032 -33713 58398 51436 778 51464 26824 39792 -8573 11514 -53486 -7670 -47641 -51822 -50983 54927 -8516 -46433 19858 44387
r175 39557 35426 17159 33984 2199 40878 -24215 -13535 -56821 -44809 -57538 -14832 41131 -27398 -7389 -22952 18055 -24633 64600 -25484
r176 -58371 -8771 60304 -34568 -27840 -38355 9541 59913 -53249 40007 14806 -10716 -29713 27717 28296 -20338 42801 19430 -51433 43285
r177 13552 34554 -59067 -57642 -9894 62173 46935 56058 61550 -9308 41108 14684 575 31893 -59815 -13057 -55918 18596 61910 -16692
r178 -57297 15304 11633 -48031 -30626 46252 18550 38611 36368 -7988 -14086 -44368 -20274 28856 -47891 58653 17286 30637 -54666 24468
r179 -57061 -50413 7555 -58860 -13573 -46590 -30164 -1434 23028 35995 61698 -55734 6946 37589 44184 46675 42573 47233 42166 2379
r180 30986 -9423 58143 -27184 -33037 -16061 46915 2107 -44437 26665 65029 -74 -34526 -33558 48253 -21624 16628 -54597 42682 29899
r181 28049 63915 18264 -18804 61340 13437 2477 11090 -89 61666 -37885 -26537 19031 -54443 -30368 -41315 11317 -5868 -44858 -2052
r182 2226 -23490 -63658 8771 4705 32395 64899 -5878 -55989 22727 -30381 -5108 43801 41729 -41259 47809 -65510 22591 30494 12773
r183 22625 -55056 34934 -65158 -1390 -52090 37917 39666 44711 -3320 34174 50034 -8906 -33289 59507 -29202 -37105 18512 15223 56071
r184 20977 9887 33524 10290 35925 1102 47314 14441 -38482 41793 -1939 -23816 -1497 -57287 59531 -47412 -15937 -46910 27149 -41985
r185 23042 11423 -46734 63082 37608 24516 10135 -23361 15364 15388 -35318 -46846 17912 26331 -48785 -2821 -42189 -12167 -41335 50200
r186 61689 -47374 -58972 40270 -30889 57685 47331 56462 54199 36727 2669 -37557 -24692 -6165 -57374 55022 -28249 11977 -23730 -44506
r187 -29098 -62158 -47014 36635 -34661 -18107 28926 20247 19222 -7439 -1834 58469 31888 -14093 12286 28501 56590 -15842 16668 41508
r188 -38279 -32335 4959 7095 -10349 -14127 -11118 39325 -46977 -10555 -26522 -1043 8324 34327 -46629 27613 17342 35159 43272 25451
r189 -46079 -32051 62655 61255 -46580 -59083 -51608 61895 -42949 -12588 -28256 28139 -42458 8418 -29011 42497 58975 28912 -32777 -62643
r190 51953 38500 -15598 -28373 63190 51041 64268 -12119 -4534 -21708 -47849 50267 -16235 -30589 -14307 39705 4046 -24050 61459 30688
r191 42958 -42500 49715 62682 58502 -54607 -38559 -32805 17485 -13632 8790 -59168 -17046 32074 -60238 35850 13742 -49578 61894 19119
r192 -29366 59954 13821 -40581 -16059 5274 -51310 23546 24017 -33306 55105 43649 -34847 42263 -21334 -51234 -56823 -26524 32804 23886
r193 -63924 63534 -26099 -18016 2435 53114 48468 -6762 23406 -2819 33515 -31432 60642 29555 44423 44580 -55353 10006 50401 5124
r194 -3574 -24278 42402 -39126 26226 38692 45985 36968 -38286 -24263 -5398 42517 10770 49542 -35015 -63628 59511 26964 -38625 -22229
r195 -19958 -37005 2246 -54643 21796 -15082 -8390 65449 22510 -45202 -29839 37946 -11911 39831 35749 58007 -51529 34326 4143 48432
r196 1225 -56875 23768 -33165 43939 2067 -35608 1832 -42461 -50213 -17988 15060 -56875 41225 -25210 1547 -9582 -27389 -55299 -22438
r197 62954 55001 31779 26300 57804 -61271 42904 41495 20803 50587 57591 -38324 7666 29230 -2689 -35993 -213 -34437 6455 57324
r198 7467 9431 -35608 -8568 2476 -10605 30684 27202 59824 7509 24448 -33754 47429 -6013 45936 15138 -26850 -13624 -48793 50866
r199 -18018 -28657 -28464 35703 -23926 7128 18843 54586 668 2622 16032 53441 -31588 28838 -30270 44656 -59047 -51796 -55390 -31234
r200 -813 -17871 39827 8114 -17566 48005 26614 17503 -44192 -15716 -34008 47419 11519 -14476 -37631 -5102 -6025 45150 14255 -32109
r201 39572 12429 -2425 -11394 -18412 12261 33420 50089 11567 -51994 -5973 2674 64327 27004 -6306 24374 41205 16093 -42975 -57599
r202 15785 -18111 -58533 -44121 -4545 -13050 -7820 -38098 -19559 -34254 49148 23395 63257 287 -50963 -35308 -29936 64178 40150 -10711
r203 -49010 -6478 38465 34873 47325 -62694 17454 18025 -35311 939 -62266 28961 21592 -6676 46339 -39285 -30161 53823 -56021 60198
r204 -5963 60314 19592 -22721 -50414 -47501 30342 49249 3113 -34832 -63979 -13587 -6737 -4557 50222 5223 -7286 -7000 -30326 37330
r205 -32668 22986 -26753 -6506 25655 -8767 -63815 -13416 -45206 -33426 -43914 32205 62639 44826 -2706 25537 25931 21823 19281 -4974
r206 -29018 -54056 -43659 -63128 -37379 -2754 -47151 -4450 52774 23562 18847 -4736 -44200 -56514 -54091 -47062 -54976 -18489 47918 -9470
r207 21527 42582 7079 -57107 -47192 -50215 33090 14988 1963 -63550 34207 -40837 -3754 -64303 -30683 -58969 -25650 41082 -41660 26293
r208 54739 -33457 -64808 46132 -26373 47084 -3813 -28455 55792 17873 -30005 44696 -46387 62676 42797 14146 -31077 -30755 54796 17513
r209 4175 -48547 -31552 -50172 -1409 62174 47315 -60548 -10911 -25696 56667 21411 45272 -65122 -35731 -58640 -37527 -25287 -2889 20457
r210 -34396 45056 22645 -2408 -52066 35588 47760 54311 63407 -51739 40827 -27326 -2179 -54206 52816 60760 -24032 -2894 25502 -42244
r211 -54648 -5032 12323 28067 14852 42961 -40943 -41618 652 25294 28595 6034 3475 -9021 54007 36806 19213 -18447 45625 -5386
r212 -6101 2577 16397 20370 24157 -55263 51974 -29120 -16178 -54899 52434 17212 -739 -30336 20927 5689 11743 19147 -20495 23372
r213 -29576 25499 8086 304 -64215 15513 963 -25953 35615 62173 -50540 -12027 54387 35691 -21332 -62000 -26274 11040 46275 6049
r214 41821 21458 51146 25827 -17521 2059 4647 19177 -60602 24084 47033 -64075 -44567 55152 29479 27419 9605 -12506 23848 37557
r215 37409 27807 -50775 -46246 61207 -36937 22651 -61948 36123 23427 11087 -33331 -60975 20796 36735 -25868 48968 1146 49134 -5121
r216 9427 6531 34771 -64956 50475 18601 37096 -11392 -17646 -31468 22463 30884 19557 -9024 42268 59059 37348 -38101 -8637 58459
r217 -10059 -50496 22626 -46366 65081 16107 65014 49893 -21441 59113 38942 -56986 -64848 28641 -23843 -53767 -61523 12688 46177 -5021
r218 27264 -54476 34858 28146 10834 25227 -23993 -48464 50956 -61313 -38780 -13159 -4487 37510 46595 39586 58384 61606 -13065 13404
r219 -991 -44394 -40804 14492 -43127 38285 -17061 18550 29609 22166 -49802 -55789 -51396 52839 20360 3742 8271 -14192 -57981 -24337
r220 47168 -42095 -15661 -57344 34199 46457 47856 49187 -36061 15856 -15973 -14447 -50311 -42000 -33327 -39161 -1666 23465 -10924 26263
r221 46498 -34975 11276 57786 -46601 -11114 -26483 -49553 -43167 -3090 45877 18065 16852 9195 -60623 34933 -34167 20083 -12140 -3864
r222 19451 -64610 9870 10358 30405 38561 -62738 34031 1561 1990 47668 -50509 -45981 54196 25550 -58310 -1047 -57503 -38498 53903
r223 -57908 62767 -25020 -59864 2703 -6916 27924 -3125 -64867 41204 -5408 20531 -46418 -29367 25074 -62791 24383 35737 51990 -20931
r224 -25601 -33804 -61734 13430 48533 -31192 49976 -64315 61149 -30646 31868 22150 -37441 -6393 -1801 20861 24532 27904 10647 845
r225 -54570 -45751 14946 34711 -44821 15479 -50639 -37303 -7214 -45872 -56233 -9934 -47001 -11301 -38588 -27914 30901 -31776 24457 2262
r226 65443 28248 18940 -29762 -34177 -30126 -35524 32998 10509 -9430 -45468 12033 43062 -6464 7607 -32520 21820 5198 -18036 -63273
r227 5472 -21768 -15011 -5491 52405 44440 -14069 59085 51510 64855 63657 56171 -41512 -4445 43280 -11666 41364 19306 -9662 -42015
r228 51186 -7298 -52719 -39676 7096 -27646 21087 -6994 -187 -2254 -62863 11765 -4880 -30338 36698 -45234 -4338 31019 -39137 -34307
r229 -38309 31004 18034 35573 20448 -7240 -25615 57308 61710 -48655 -50827 42230 4144 -22976 59585 39815 4232 11172 27362 -10438
r230 12164 -12785 41358 47703 62608 -55326 -24001 23829 -64963 1478 -54379 51266 16691 34800 -27030 49911 -30635 -28659 4935 -51119
r231 24015 19941 -40241 -64697 -10209 41399 35203 38188 -12274 -37380 -52505 50636 -36674 -36978 19247 3642 36300 -17796 12713 -44657
r232 36671 539 -16587 -57337 -46314 -64784 8761 22277 56115 19263 2748 -60712 -9191 60701 -9478 -40825 -36091 -24707 15579 43660
r233 34844 -13463 -21952 7454 32012 -197 -57167 -10342 9746 -55575 -10355 -9516 24088 -59332 27078 -16372 -26431 34192 -48903 41598
r234 -51799 -47520 17625 -19710 -10812 -31439 -11970 4824 -20048 -59976 11813 -12437 43975 -31313 -64866 31632 -29523 10807 42013 25789
r235 -24393 -50351 12885 -61341 -28226 12662 -41683 -11601 35822 14388 41504 -15415 -6423 23147 -26878 -43483 -24793 20892 -50239 -17687
r236 -54074 -63347 -32509 -63575 50840 -53912 3997 -49920 -52249 41081 18997 14368 19917 -46516 30657 9648 30010 -37152 -52556 -6522
r237 5041 -34244 -47215 -36187 -4816 -489 43586 30500 48669 -33805 -23393 42041 -49299 61661 7398 62037 -35530 -11107 -4594 -26339
r238 -34789 56486 46022 33080 -26811 63648 -24683 -13835 32797 29728 62489 30078 35420 16000 -44251 -27837 23142 25463 -5193 -29181
r239 -15693 3658 20955 35878 32499 -8537 -30491 28794 57316 51968 -60022 23912 -32732 -41767 19131 40221 -17862 33134 53544 -64601
r240 -21104 -44036 -14038 -20096 -41045 25782 11686 -23436 -27276 20370 13260 48474 11043 -61954 15252 34371 -41805 -47336 12100 -46175
r241 7043 4159 26038 -48961 26885 -18347 -3179 42493 -38793 11659 53831 45896 12504 -59996 -30927 28743 884 6291 33318 44787
r242 20406 -25378 -16588 17470 -23845 -21752 -49514 -46900 -12223 38061 -63945 -28814 -49249 -45972 55498 -47868 31902 -38551 -26599 -49458
r243 22114 -3240 33699 55083 -56550 37071 -61763 33022 10433 -28837 12219 29936 -26431 -52123 -31696 -5013 -47506 -12995 -29539 -8485
r244 14793 32722 -20363 50673 61108 28960 -3476 -14917 -54385 -34804 -14423 -24042 -22769 52927 -63362 -1696 -53860 14266 56283 63870
r245 62073 -43436 58208 21264 30338 16476 45374 13114 -44742 -11084 42789 -39150 63293 -54427 26988 46492 42230 30238 49198 33616
r246 41088 12621 -46618 -13232 51458 12076 56362 28061 56602 -46034 60059 -45223 -7589 -33771 -36134 -34123 -54490 -30711 2433 -41151
r247 -35265 3195 57785 -23007 -61408 52746 29156 -42648 62665 36145 38925 -1742 27650 36808 -24431 -42971 -23754 -11644 35954 42340
r248 21656 27645 -40344 8677 -48336 64026 47548 -516 1160 22004 57134 16067 -16507 49454 20994 -49564 12889 -51999 -23586 9199
r249 10128 -41244 -16045 -54945 2930 -58656 -54489 44666 33143 25832 -62862 49593 -14182 32415 46907 -58244 -48082 56537 -41631 -8634
r250 40748 -60153 37362 -44302 -9277 -50778 9424 55751 -48822 -40951 -56340 52115 -1558 60998 -22398 12184 -44469 -34730 14891 -40844
r251 37425 351 -53927 -29684 56131 -15209 13029 55831 27825 8308 -54363 -46376 10183 6880 49586 -20234 36725 41475 -48904 28269
r252 -47982 4883 42959 -64889 41971 -7367 31966 30806 32725 -10594 -44761 -60181 -20712 -45121 -12498 -48229 -64832 -10841 -38888 33447
r253 4131 29779 64336 -15392 -39580 26670 18996 -38185 -23642 1350 28222 31583 43145 44441 -26382 -55150 52425 8962 -13384 13286
r254 33618 -36827 24327 -20959 44513 29325 38260 -42787 1463 -46947 -39710 53082 -48761 -2079 -8983 16941 4563 -42954 -8567 -40591
r255 29198 63297 -63528 36144 -39758 -56180 42612 34993 39090 15096 -42598 -183 -4184 -6917 34984 -1812 65482 -37599 -26718 -45520
r256 -21058 57829 47474 -41062 -37365 -52988 2379 -40627 62720 50406 -26825 16449 56781 9761 -58426 28169 58476 42854 28032 -10061
r257 -53392 -31178 1772 -19579 -45563 19756 -65266 22179 -49822 18146 -5740 -16166 60923 7336 -2909 -19348 44797 51737 4244 -54399
r258 9995 -45835 -55131 -47485 21885 -35990 -33762 22120 -32561 -317 62268 -13014 23547 -57185 -61658 -30077 59657 -56771 -57416 61509
r259 -8162 -20316 -8419 13972 7194 23938 -49773 22484 7286 -8593 2683 46137 -9874 -3725 49384 41004 -6422 3620 25785 37548
r260 45515 380 49175 -7830 -65201 -36700 55908 9211 -1720 59417 -32991 -51735 59361 -19737 -10645 -29299 56417 6577 12815 -51028
r261 -12763 -8948 54188 -13796 859 -26226 30781 44488 2000 23192 -10589 23939 18526 -22854 -8628 9232 -56009 62012 -16516 39638
r262 -55057 -64801 15654 29134 -34605 -22898 33283 -48854 31312 7883 7343 -14870 -35638 37857 -10152 -47048 -22970 -31219 31018 63075
r263 -35907 -26003 22927 -7776 -65347 -18677 25976 11000 4203 23041 2261 -18075 -13693 -10516 -58161 -62705 -61751 32222 -53402 -25728
r264 -59866 -5153 -8092 4149 34582 -39391 -11570 30113 8379 3081 -34184 -4968 -57261 -45482 163 134 -40364 21629 -5957 -969
r265 30352 -19007 -58019 -15701 31454 15095 28908 -8584 -7581 -25102 47840 14787 55592 -32035 -45903 -48969 -1313 951 55454 47679
r266 -59233 42720 4726 9846 -5397 8548 -48186 -58175 -49350 -64527 58106 -45018 20135 -23541 1441 -34386 29940 54844 54757 30503
r267 -34045 64653 28391 6374 -37018 -19732 -8975 -25623 36781 -51529 38997 -54407 2936 -62366 39124 32509 -42097 21103 46183 -916
r268 62024 -38341 -3955 -52133 -64309 -41446 18633 -64905 4265 35752 -34638 -25620 -6967 32532 48751 33100 54644 21777 -41790 62422
r269 57258 32198 -46298 40407 52699 16488 -48518 -20993 53520 -28107 52547 57939 -25563 15520 49285 45954 -45388 32626 1751 -42838
r270 -39651 62823 -36347 -52387 26264 29198 -28956 62277 966 -54713 -19181 57831 35265 -65029 47777 60437 -32649 42235 -26625 38502
r271 -32990 3282 64892 -42260 -33983 20418 8754 4772 21136 29290 46254 -57219 -56627 -12319 2674 25424 65283 65176 -47177 -37578
r272 -5414 -19427 -2566 -42287 -64631 -46187 -27197 -15708 4674 61902 13706 -51967 -10369 52742 35251 35053 1543 11914 -20579 30260
r273 59121 -792 -7522 -14923 54319 55819 -3742 -15362 -50950 -19303 -37469 44773 -9786 31274 60697 8937 54934 -24788 44525 -5324
r274 10918 -53895 21038 -21265 4935 -1636 35001 30686 2073 44276 57193 -46437 27870 34282 -51369 56280 21895 -20506 36059 -27953
r275 6974 49531 9844 21824 -16475 -34917 25366 46049 -15698 36801 -42107 23927 62945 28273 -45299 -15405 -64153 4010 -21091 8003
r276 57467 15073 11319 -5109 -34938 -15441 -59150 33204 -36671 -29196 -54509 53737 -54038 -62336 13110 -21586 5084 -24800 10644 -34829
r277 -47188 61688 4087 -2547 -18434 -41413 27779 53118 -21757 -5173 -10523 40910 48563 16631 -43237 40481 -47294 16366 -12132 -63941
r278 -13769 -7315 9302 10463 1450 56496 35943 -2428 -4817 -54319 -46259 -49280 20255 -42523 -1649 -40338 -54162 -44168 29905 65065
r279 37538 -36537 34655 -30642 -40265 -52214 24319 5078 4905 43644 -26000 -27967 -58127 -53643 11317 50946 -65298 -26017 -60317 37181
r280 -28555 -2048 -6634 -7385 2315 15951 64508 53067 52997 -52321 45699 -57597 -39710 30682 -46924 26432 -17091 27708 19747 64056
r281 2238 -34121 58164 -1354 26345 2032 -2668 47634 -36446 -58900 34273 55896 -49554 -14640 15839 -39771 -63937 4869 -38169 -32983
r282 53630 -17142 31097 -37065 292 -970 32244 29249 -22707 48410 -25893 -56652 19704 -38848 -9617 -7513 46301 43807 7481 46673
r283 24881 22696 -32862 21660 -52901 -46047 -5452 -53634 -10510 3240 9641 30995 49768 -4775 -15092 27679 18066 35322 45907 34861
r284 -46117 -53801 -10939 13179 -54932 65193 30596 -9975 -47684 18526 62517 -8991 -21428 737 -31947 -18258 -52547 -61722 -54308 -2800
r285 24131 2299 -19843 8140 -11568 -21411 182 -41780 11954 -44475 11936 55633 3810 9263 16721 794 57921 21132 -43909 -38082
r286 -5693 -5146 5522 7384 6786 35550 -45431 -8095 28885 -45494 -45614 58677 -38881 41284 -33727 42900 -35779 -13576 -64662 -60831
r287 25034 52965 19525 49590 -34764 12167 -3794 16880 41319 -62569 21004 19230 -21590 -6929 12325 11021 -41727 39343 25992 49964
r288 -43063 -35291 14570 61612 14071 -4620 4073 57387 -24316 3498 25932 6221 -28787 -60045 54742 48412 -34983 -47317 -25791 -15483
r289 -31927 42017 23264 23826 -18796 -44742 35951 35281 -4925 11383 10153 10060 39958 11556 7932 -61320 -36927 -50235 12463 -11491
r290 -39027 -11312 -15135 13955 22060 -53354 -34448 -41926 -22980 37842 -31186 -42880 26787 -4186 17437 3470 -6541 -55744 -17186 64666
r291 -19528 3653 -18038 -35458 55763 -31003 7495 -10055 -5584 31739 -64262 -14628 54220 55530 14486 -2706 45890 27496 14883 14165
r292 -11221 -13340 -59236 -42195 -38225 -58993 -53744 -27924 -16650 27684 -6761 -28484 20656 5209 18318 -38308 -49339 50692 -65175 -39647
r293 47951 10904 27100 4333 -49641 11386 16222 -10704 -21522 2242 -18631 58353 -24299 -61672 -3899 -44201 -9046 -33147 -18200 -47687
r294 -51524 -30310 -65100 -14588 -33877 -53618 -538 12202 61572 -25156 -19929 19553 12996 -32675 -30796 -41179 5292 1790 44332 57312
r295 12975 55409 29862 -20808 -9138 23687 -56102 14673 16559 -17585 -48904 -15302 -1686 -47185 14430 -37993 -12381 -62392 44288 22421
r296 -16629 5102 7545 -48078 -22892 -54493 7456 48799 55904 43453 58896 7358 -13821 29530 37451 -52030 -465 26887 -17979 -44720
r297 -7450 -52117 -59356 -36133 -10764 -12565 -26770 -20804 -54732 -20805 -22290 -38928 38660 -25924 -29538 -37260 18426 11692 29978 55334
r298 35592 43361 -41651 4076 -34928 -577 -55935 43388 43229 54698 49139 19196 2241 10342 -43002 -42586 26395 -3144 -59010 4035
r299 -7319 5215 44567 -54824 -57539 -46044 -3251 -25808 39261 -9052 6066 15545 -47036 -24010 -26485 -26413 -30926 2871 60034 33250
r300 -48355 61087 -46098 8821 1450 -35814 632 -36048 -30738 47649 13298 -50108 -65479 38444 65495 -64952 10226 -11518 39562 351
r301 28172 24753 -29931 43185 62293 -965 -32281 54443 -15038 43506 -20598 63825 -17057 16440 43947 11671 33049 51130 -37129 -48294
r302 -10726 53832 48550 -47121 9984 26167 -27857 23610 58392 718 -7854 -31721 -18266 15985 8123 -61232 -3527 -57956 52375 -25463
r303 28383 -22505 3953 -11530 -34594 61629 22111 -56409 -28368 25436 56273 -20800 22063 -49685 -44436 -38576 2435 -2198 27705 -32089
r304 -21258 -4975 7597 21233 20006 -21972 42870 26523 -27323 25285 44390 49508 51302 48079 55502 34350 -10892 -20822 -20140 38030
r305 36513 -55786 -42802 -47295 -38809 -43113 -14387 -24232 -25034 -33609 43822 43538 51905 3515 1024 -14181 53477 -19210 -16286 -64346
r306 -24672 -37180 -63180 13420 45446 13993 33270 51186 38057 40403 15132 8049 -50642 -48630 -61266 -34149 2777 -51544 42983 25779
r307 36206 32702 29842 -36829 -20142 46156 -18295 48937 7396 -36648 -13960 9428 42832 -3951 13355 -27287 47027 -6715 13223 -52175
r308 -15479 -55361 56769 11546 -50359 60924 62786 -52534 37535 43892 -62273 -24814 18673 -39409 60476 -32549 -47993 -10269 -65006 -8554
r309 -32411 -12733 19825 -11411 43221 7338 42168 -26116 12532 4644 601 38336 -32097 -17657 27254 -61780 32308 35926 -46468 -55604
r310 -34131 19859 25642 25390 -6352 41628 46129 -35010 -34213 -28036 6524 -57163 50433 -33163 -15320 12876 22538 -45103 56109 45665
r311 17543 6603 27609 54623 -46457 56079 -3528 48460 34143 16005 6944 41709 24334 23156 65137 -22066 -44207 -34696 41679 54237
r312 29845 -30589 -14018 -14949 -57005 -7819 -9636 52026 28354 12371 50814 27937 53001 12908 -18487 -1116 56091 1436 -31388 40800
r313 -51540 -10063 -56936 -48366 -61448 -45790 28212 25279 -84 16243 -586 -31983 45452 13691 51838 -42842 -46918 26338 -45456 37471
r314 20429 31733 -36709 -142 31353 35825 56034 -48096 45255 56625 -58160 -30816 37067 8207 -64712 21923 -24728 -45746 48529 -7676
r315 -45645 60650 -28183 20445 62677 43843 -21550 29632 -35571 -14150 15726 -36072 -43867 54767 -65167 -40062 -52989 -10751 -37509 -18089
r316 8944 12468 22050 41615 24077 53056 -17053 37725 58945 30020 -17024 4389 12454 -25180 58704 60003 44037 -59241 33457 40915
r317 57101 -5608 -4160 46921 -44783 17104 47919 9715 -5974 -26450 -5894 23821 25710 -30685 25473 -49744 16435 17473 58444 37093
r318 -48563 19589 -28038 -23035 32579 -2186 16536 -6841 22222 48542 23669 1482 39641 31744 30503 32325 -60312 -49010 -10279 65356
r319 15583 41617 42905 249 -16565 -52070 1485 17071 -33073 -14408 -53108 886 28211 20791 -37711 -36598 2094 28312 -21844 41253
r320 -48652 23966 -29141 -5733 7501 -7180 -47438 -10979 -46567 20114 -47791 23292 3220 -33458 62127 -63485 -35916 -35930 -35464 49081
r321 -9921 62170 -6285 -30704 850 15528 60727 7773 -48675 -13600 -29354 59318 30447 -29316 40266 27670 -36764 34271 -747 54312
r322 59219 -10177 4844 2008 22682 -1412 -23474 -15493 41492 -50319 -63123 -25759 9904 7583 51498 -46412 50584 53444 -15868 39448
r323 38571 -23541 40444 43990 34306 -12684 49057 -12220 -48808 7579 32209 -10789 2964 12161 34647 59424 -24216 -40744 -35339 10326
r324 38564 -61948 37162 -21738 -5038 32268 -51311 55136 17983 -64068 -21262 53835 17471 42233 46122 16883 -60763 -15409 -60112 -11326
r325 37339 32075 -20641 -7590 -28932 31967 -4700 38389 -56899 36803 46965 -55955 33150 -18674 6511 -22672 5526 -7335 -12713 62221
r326 -51938 11119 -28234 55235 35495 46291 -34197 47456 44592 53882 28916 -39775 41736 3468 64075 60038 -439 46746 -61836 -53191
r327 -37148 38002 30817 24405 -23734 49226 34506 -3237 -33889 -42248 -48448 -52455 21805 -55998 -33045 61948 -13513 -32765 4907 45781
r328 -39510 -33210 -30595 -54846 -10076 -3020 20785 -50924 -64133 34381 -49102 12591 24104 -19198 -33635 26266 -60892 -12482 -44292 5793
r329 57167 -22888 2405 12928 -57741 -40897 366 -61844 -355 58536 4553 -45732 19587 24276 30938 30974 33470 -33935 -24540 -58345
r330 44991 22213 17894 -30589 -45314 9339 64011 47351 43379 -48484 -19669 -17907 -11432 1027 9245 6485 20179 -18496 -27871 -16541
r331 -20337 -59180 -32786 -9478 39202 -22177 54334 23711 -36444 -27522 12311 41401 2670 -26991 -52171 19665 -4331 46111 -8214 -40875
r332 -64609 -55094 -52328 -31559 17987 -17642 18851 -33222 -40305 11968 64593 24398 -43902 63697 6626 -24101 -36790 30371 61236 24498
r333 -10307 -20135 -27937 -64947 -27334 -42417 14786 -57757 -32106 61553 -52930 -25400 -35401 -7793 3136 13666 -4593 12938 -35971 32791
r334 -5362 -58625 -48520 10123 -42956 4590 -26974 10902 7810 60088 23007 -34086 -56620 -18070 -16261 26093 22609 16769 28003 63204
r335 -4947 -18298 -31406 -11046 -1595 51731 47255 47583 -42569 -41510 6759 -46423 26587 15354 -56371 -49745 25140 37993 4592 -14519
r336 49937 28664 -36000 39211 30689 35952 -63199 62901 -3150 -20860 9019 -35401 -15498 -62889 -31476 18842 -11800 -10749 61525 -15298
r337 44493 64961 -32441 -3532 -52851 5888 36879 53342 -16014 -56989 21298 41402 -44115 392 56886 36267 -41389 -9786 14828 -33194
r338 5471 62349 -33131 -17774 22843 -11001 56992 40688 25653 20221 13690 -669 41919 56962 -4146 -49174 -55216 -11627 21969 11516
r339 54324 42598 47406 17587 -38565 -51510 -54812 38998 -22011 34819 24786 34132 -8990 27419 -37854 -1185 61343 -46939 -38275 22232
r340 21085 38098 -46701 -29226 64555 55878 -36378 64059 63971 48437 -29077 -44087 42398 -30235 -30610 14378 56590 33109 22388 64390
r341 2944 -35630 32338 61817 58338 10557 17344 -61225 -53946 -22363 -6491 5346 10510 -21836 -5576 24230 -221 -4225 43771 -50533
r342 4521 43611 32273 22484 2300 -126 -64603 26298 55535 43032 -22542 33807 60685 46205 65143 54030 3057 24975 36184 -40881
r343 -59588 -21368 21117 32829 38422 -40537 -10654 -60301 34341 -25206 -25964 51999 13972 -59103 -952 -17332 56408 2150 -25224 45047
r344 -27249 19074 -29179 -31654 42344 -35482 -48470 -22355 7613 -24820 -55849 2996 -55934 -29126 -2944 20045 7021 -52187 57688 -47504
r345 22478 53680 41672 11722 -60704 36057 -5414 17934 -29176 58001 20355 -24850 19169 36215 -1895 -64624 208 -26662 31955 26631
r346 64965 -64881 16636 -17441 18347 -11698 8699 14500 18596 -44249 -56137 -18174 6171 -41954 -47822 37318 51387 -30019 -58577 35441
r347 16761 -45274 -3773 -55751 6802 -6058 21946 13508 52376 -36413 -62157 59334 56766 -23980 23966 57368 22629 -63185 -11130 12360
r348 62571 -26078 -21353 -56340 -13708 49565 12662 40417 -62048 4255 -42734 34844 60023 -63598 24908 -54128 59505 -44553 28253 -827
r349 -49278 -33470 -30962 26622 39779 -33596 -31379 16960 5537 -45636 16859 20755 -45019 -53119 -5978 70 20805 -48809 15661 -41978
r350 -9095 -6279 -21375 7796 56368 -14655 -36278 8744 -60555 38855 59520 41258 -18333 -35987 -18734 60965 25813 -33606 -19715 -61000
r351 -38538 -3378 -13615 -57904 -60916 -21072 -14179 -44151 30117 7881 -49432 -10263 -20255 -52045 26524 16459 57977 -4223 42770 -64658
r352 -29972 54111 36312 -44009 -34165 41378 -54478 12840 11227 -19589 20255 -13043 42910 -12473 -29007 25646 -48203 -36729 65314 -48737
r353 -32505 -64819 33615 -10757 9539 -23714 -4490 -65400 2948 -3789 15774 -2693 -34963 34812 -45110 32788 -48484 23964 55945 65485
r354 23140 36688 -63537 5507 -44003 -52271 34313 16522 -59860 19833 -25261 -59810 -62269 -21936 -11971 -64660 17952 3454 25001 -60394
r355 47089 12264 38445 -980 60084 62964 39325 4824 -32893 55930 -61221 -49148 -64017 11896 -62881 -22272 60326 -52214 45355 52849
r356 58116 10854 -44271 -42018 -51550 -36503 17220 54140 -6597 45771 -56594 -63885 63244 -8261 -19873 -16253 -6977 -60210 -42245 45009
r357 41117 18994 13851 -46658 10416 57315 -62628 -36135 63722 48718 -53951 64017 54785 19718 -48673 -61598 -59251 -46206 58828 26543
r358 54401 27924 -23513 -23114 -25740 -18330 -44574 19545 -56570 33847 3311 25986 16706 -10574 44771 -38293 42564 -63294 7117 3997
r359 11180 -18909 45086 -5268 -3173 -17584 41877 -57740 -57695 -52348 -1725 4062 -15069 65227 44997 46680 38320 -23173 33915 -62261
r360 12375 53540 26829 -4807 -43899 -46010 62259 13184 37198 44076 -3274 -51283 -38049 58659 -62658 35616 -58542 38385 4649 -7619
r361 -3906 17959 22845 -63152 46509 -26889 6952 56513 44691 -22 -18525 -45740 -11087 -19838 -41794 -43345 47223 -21132 -49723 3133
r362 15069 17786 -13105 61125 -58685 62587 -10676 -47497 53990 -15688 -48957 -53996 35888 43027 -56586 -30468 -4600 36055 37940 -21528
r363 -24879 6003 -62519 41066 -60079 17646 -39755 28236 37143 -40314 793 32996 16452 -44949 8202 31748 64859 23120 -33972 37603
r364 -43639 53596 -33537 -48167 14959 -29187 -18414 55227 -40009 -61696 -2906 10049 -54790 -30436 -6042 54778 9432 6281 -57832 17651
r365 15105 -44668 -54989 -25113 -61667 28232 -54600 14718 -24484 36192 12653 -23175 48351 -55530 -22509 -11441 -57100 -13394 -3722 11385
r366 48001 372 35186 -30129 -15840 -9110 -40647 -7706 -33902 -23712 64995 -56399 48042 -61986 -32071 -41211 27149 59637 -23982 -44802
r367 -28984 59698 -28079 6804 -24248 26863 -56867 14111 -51379 12287 -43320 -23489 -41023 9455 -33468 -30081 -42719 -55649 -35721 -600
r368 -26450 -40583 -25843 -24117 46345 -15932 -21507 49880 -45339 -47332 4533 7579 21330 58149 -26856 35083 -20954 26864 -58105 53363
r369 22596 54915 3582 53196 -3640 -9607 21571 5415 17997 7286 16614 51175 -21940 -21825 4314 53695 -6307 -41504 -45398 56664
r370 27230 39577 43668 63794 13149 -60377 -45027 -24900 23349 11728 -53012 -33475 791 39313 -21875 -48318 52034 8081 783 2494
r371 -40603 -63974 -61239 -9669 28892 -30879 27647 56717 -37964 45405 50240 -12644 -24511 39044 50999 -28588 61336 7427 -50755 47237
r372 -10264 8154 -49702 24202 -3576 -51492 -36872 -16233 37420 53234 5054 -39028 37424 -35279 -49204 -29578 57077 276 48345 -35775
r373 -36293 -11708 60971 42382 -18564 9393 43049 -55979 1620 21743 44001 26934 48791 28857 62878 45450 -20963 -18669 -40126 34654
r374 -47314 18229 -16501 -30453 65271 -23681 -51068 19 39195 61975 1900 27565 57649 9309 52807 -35702 32468 -3852 -4784 48903
r375 29659 15123 -11573 34713 51733 -57751 -57558 1915 44066 -23334 58218 -58636 -34875 -62979 -60077 58755 28010 16414 32378 -13552
r376 -38752 33528 -22111 -42725 -27850 -53671 57453 -44102 -21269 10100 37396 46599 13537 24565 -18014 -33518 -55028 -10226 1701 57569
r377 63616 47877 13496 61808 -48857 -2191 64006 51119 -22897 -3862 -58477 39766 10730 -55995 -9519 57562 -1101 -13953 55166 -25323
r378 25966 -19457 -11954 -1331 -40032 -49350 -4371 -3553 15635 -1706 27847 -15912 4463 -59452 -55307 -35155 -60706 -21319 62262 9935
r379 -25065 36223 47257 -19261 55966 -52145 -23608 23070 -13157 -57755 -54054 34781 -65003 -22436 -42419 -17908 -31267 -31930 -18567 -23549
r380 48646 53377 56710 -44056 32894 56026 -4860 58110 -28301 -17971 -40372 -38018 -4080 20793 1814 -47968 -51466 -34024 53186 5070
r381 63378 5121 -18255 -8393 37735 -62109 53821 -19 -20386 14491 -30510 9179 46349 -51888 36245 29512 -25702 -19050 -44490 -55904
r382 -26486 -45638 -5025 51655 -63258 -8860 18272 12398 -53869 -57923 -21798 -9501 58385 18029 -18062 -62229 866 -1792 -19512 -18362
r383 12626 -51615 -5438 31606 -37388 14761 -54091 -36550 -7157 12386 11959 19546 -52859 -51698 1519 61325 -31228 8027 -16611 63224
r384 -18014 14500 9772 40370 -21399 -23892 24686 26838 55548 65522 14298 6144 -29646 7459 43041 60329 27651 23649 43120 53813
r385 60317 -21928 -38464 -13231 -16626 5238 15625 32169 -50659 -55135 16163 -30103 -15475 -30368 54270 5926 5188 19925 43879 15304
r386 -19252 -11310 42488 47562 -10223 48466 -31788 -30885 -54185 63233 -23039 -33739 -17471 -38485 6693 -44912 47974 -22806 -15945 56653
r387 50944 -54599 29271 29945 -58762 17900 39623 -16624 -18922 2347 -3609 -34328 -20905 -55569 33634 -48473 45840 41292 53617 -12962
r388 1896 -52890 54902 25955 27377 -47662 26467 -1747 36368 8402 -62348 -2747 -54427 -4161 -60777 28059 55549 52527 -31997 -12905
r389 -59524 -50707 -4057 -46191 -58207 6408 63107 28972 -5346 -43090 47777 -43544 22241 -26995 34353 -25095 41616 -8884 54807 19688
r390 -10599 22315 40942 41204 41396 46345 -46067 7974 33529 10668 -12193 -1632 56094 730 -33415 8760 16354 25043 53746 -33280
r391 42254 -21139 -19367 -36095 15450 17896 40882 -24262 -44452 -13488 40269 223 16870 40107 -24032 -20313 -9659 -45249 41239 -10163
r392 23204 -54281 31663 39621 -14210 17640 -37819 17610 -12543 21112 46302 15434 41824 28749 32781 -65215 6186 54315 21101 62841
r393 3174 -15926 52595 2649 -17606 58436 -60630 54812 16574 -60972 -31280 26874 -4615 65192 19009 62580 -55187 39536 7569 -9646
r394 -16147 40556 -33883 -33847 41437 -2727 -43354 -39173 -49454 61515 -15811 -3371 27507 -3330 46150 1788 -50569 -42259 -31422 35794
r395 17830 47738 1461 58763 -54107 -24633 -52330 -56501 19250 -3574 39856 -36860 63390 25904 29823 51226 -17533 -48303 -40020 -21107
r396 -10933 -39089 -49595 42967 -32120 38419 7034 -6767 -18968 -8502 61855 53844 -52572 44101 -48924 -14050 -63345 28542 -35461 13190
r397 59716 41506 -3415 31222 65452 -22376 -37119 11208 22902 -9810 -14188 47497 3282 -13965 -21728 33932 34867 -38216 -56269 -62846
r398 7201 -874 43549 -21372 443 -51760 -39778 -64565 33433 -45677 -37949 48192 7936 36528 32154 -6557 -55945 18453 -28193 48494
r399 -22340 -52320 -35914 -20982 -39807 31408 10139 -4624 -42268 35217 24251 13260 -56595 14838 -57518 -24702 -23115 2456 10526 -6066
r400 -26315 -7882 -15386 6728 -14674 51423 63261 -52151 56053 19984 -165 -6256 -40069 65485 -47337 -6660 -44585 54762 -20843 57917
r401 22848 -39949 -4374 -50006 32818 -28726 -43121 29711 54089 40078 35552 -3624 41090 48105 23638 10358 -11613 13590 -57941 59671
r402 46111 -18835 -43118 -29976 65097 -43361 -5656 22144 18906 620 -45762 -26235 -8383 32016 48118 47553 -34230 -14209 -26169 25513
r403 -58437 -42544 53657 58365 -26168 30063 1019 37593 44604 -48071 20695 54286 -6535 -61164 -4809 -58018 -59253 58590 -20036 -45062
r404 -105 -41086 -14457 -25677 52168 -14843 23261 27621 46350 -5667 19706 39137 -51466 27250 29303 39635 30327 -53415 18570 -24366
r405 -52333 47134 26059 -50595 -34843 -39244 10716 -30682 -42538 26552 -59124 49116 59597 42678 13003 -6584 63801 -33393 63701 35394
r406 -62393 19522 30795 -45224 -46995 50831 -50943 28179 18432 -6326 32432 37115 44881 42375 -12333 42270 40706 -28034 33076 16015
r407 -55214 17719 32756 54964 -65208 -35753 37798 -56704 17202 -50604 50590 47992 -31615 -64853 -63857 -47766 40676 -4729 -60555 -19421
r408 -62446 38705 48277 -61970 -51501 -27018 -39938 16925 2221 -839 22058 -9447 64012 -45121 -35460 -10719 50661 2046 -55443 -62970
r409 -3197 -51924 18284 54149 49161 -31779 59528 40166 -54930 -64969 43153 -29109 -348 22849 61084 -10501 -5655 -44091 27188 63455
r410 -20121 -2319 47848 59682 -5134 51202 44724 21718 -46794 51051 24300 30426 -26331 62180 -6286 -45089 -50535 -59432 36226 -30757
r411 -62640 31460 -31833 62102 -9183 -24378 -45704 -985 11767 -39302 -26446 -36315 1807 2913 31907 -59313 -36710 -50172 -47057 24891
r412 48227 -8039 -54284 31584 60097 -6848 -57031 24182 27297 -62561 -14170 62898 60570 41086 16631 37244 -29915 22107 45855 -8111
r413 -43915 27368 52954 58272 -20482 59689 -49183 54814 -46344 9717 57690 64568 -53833 53717 52081 6793 39695 -39484 -6274 14489
r414 42294 55089 -61257 -41896 -35312 64998 36863 -4306 54116 -17450 65078 -2103 -49169 -64658 -51786 61111 55756 -22638 23313 -53565
r415 -44738 -40655 17341 -9641 60766 2512 13158 -32132 -3732 50482 43673 -36672 -13254 13609 -44 13202 44727 -46811 -26339 62629
r416 -1910 -29696 40878 -46901 -7947 2690 -40884 -58648 -40297 -47036 -5310 60365 25595 -3712 13250 26596 -54063 43685 23603 -16501
r417 42597 38295 27841 3512 38884 -18680 -7640 31979 -7582 15858 43964 41131 18136 40740 -28104 -6721 -59635 -51634 874 -46803
r418 47904 23076 18072 -45081 34907 64748 49014 -8737 -49645 -8560 -8366 -21594 49553 59746 28447 16462 -8691 3658 -60390 5603
r419 42706 -59317 2238 -56775 -61327 25344 -40306 -30728 -64643 63954 -42131 -24785 -9110 13159 -6474 62876 29306 14923 -15580 32469
r420 -24763 -3666 17543 47577 -97 57012 9526 -6243 -19223 -61610 54343 -65479 -651 -27431 -43033 33024 46121 31252 -25756 -6969
r421 10500 -18152 11586 -59285 16104 -31596 8899 14744 446 -18072 42505 63086 -55581 48107 5770 -24871 6982 -61748 -47172 38943
r422 13029 -50940 -48062 -41370 25820 8235 14033 -39257 -45155 16186 29609 11568 8297 37163 26000 -14299 -64736 637 50972 -32819
r423 4815 -59552 50053 -1372 -12442 -59300 59653 26009 35567 27055 -38153 -27076 31205 37541 23335 -48311 35381 -23060 29026 -11341
r424 -26503 -37608 -16630 5968 16376 -41522 21544 51876 962 29245 -57932 -12774 -39060 -40784 -48502 61291 32236 -29251 61447 -55619
r425 27626 62383 1903 27514 -5714 8363 -4892 -32156 44748 -35633 57311 47482 -21410 -11417 -17026 14252 21788 -47949 198 -21058
r426 29713 -48164 -48552 8589 -21541 -54541 60494 -26378 15101 8049 -52013 26889 -39653 -56678 -61755 -59488 -2222 -23359 36619 28302
r427 30447 9606 33912 24728 60147 -41523 7533 27538 63860 -15387 43410 -9850 1233 43793 37454 53463 9102 -58417 12168 19192
r428 -26057 -32744 -14858 -48548 24668 -64083 -58693 -10486 -21774 -57334 -64332 27342 -30369 35256 -56597 30396 41807 -21097 59899 18945
r429 -496 28934 53375 55753 -62180 -1252 42332 11577 7037 -65086 -42213 -61171 -36002 45954 22325 -40479 -16066 58720 -53661 35635
r430 -6871 50356 39669 5505 11365 -20087 -32177 -23018 -60740 -7962 39340 55313 -58700 -12146 60788 35556 -21705 56222 45996 -11300
r431 12551 28420 -49917 11327 -6948 -6519 32693 -27976 -44176 -49312 29993 15460 -51151 -55928 57802 -54709 -14906 4224 16914 38120
r432 14589 -8361 -48932 42952 -35116 -41390 24209 -44465 37106 -42790 31365 7687 -23286 -44960 -50989 -4413 -53291 10262 -29828 -20658
r433 17320 56700 54592 28223 2837 2913 37343 -16670 6605 -19131 -4041 64020 45187 -11311 -9000 48243 -6306 10244 -24670 46971
r434 -31162 -38907 526 10612 -855 -10334 -10030 -50738 -11615 8965 -58368 44275 -44749 31468 13557 34488 -55059 8269 -58074 -59141
r435 -16427 -52553 -37219 22325 18088 -39812 32211 55020 25695 64617 45201 -9196 -15367 30306 -2627 45685 -42434 -54789 37249 3660
r436 4436 44843 -2735 -59578 -19510 -3655 41039 26074 29003 17963 36040 13562 55685 52028 62674 5522 14706 16361 7402 -55457
r437 -49938 18974 22357 34574 18479 -14976 26939 -47390 -60457 48413 21690 -29477 -58465 49219 -2825 -11572 -22910 -8740 52991 18392
r438 -59148 12900 -18489 10700 53263 15578 -1753 -7340 7901 14757 -63106 53035 44252 60862 45963 -62980 -17995 29615 -49639 11698
r439 -34716 38723 -62324 -59634 -64750 -14098 42589 43288 -54407 -32553 -16563 1810 -45336 -20115 7005 40869 24289 -1186 45492 25956
r440 -36564 45972 -21878 17851 24856 -16945 60007 33376 17577 -4473 -18004 -24095 27162 57130 -60653 44134 4078 51422 30886 -11537
r441 -10185 23094 48592 54491 28354 65293 31996 24627 -62049 -13374 -52165 -49922 22365 -50047 6363 37150 -23810 63263 -50697 -62211
r442 -60851 -15633 10492 -24634 -9932 5794 60356 12018 -36180 8109 37372 15223 38781 16536 65297 -41991 -32192 -12322 20608 -23443
r443 27832 3297 38769 -14023 8521 35490 11762 -33849 -24235 -31409 6755 39314 25980 -14292 -35008 60476 61936 13804 -60611 -6503
r444 -18778 -52365 19828 61501 -45784 -20988 -45388 53658 -52352 -48809 -56159 28265 -32691 -18493 -14270 -14559 -9161 18285 -36878 -14965
r445 -33450 -20806 26627 -10801 54829 -32005 -2912 23996 -63579 -62453 -6419 -24810 27731 15038 26652 3622 -47420 -57953 40273 5199
r446 -542 32027 45216 62413 -19765 -14864 58502 35011 -26889 61499 -24827 -5377 49384 -18144 13892 -34153 60587 29024 -17223 -5081
r447 5235 -37088 10470 34352 48361 39506 10463 4696 14547 8395 -60824 2417 31831 25224 -61353 -50516 -44642 2225 -58973 -35565
r448 -1538 -17185 35397 -2901 17207 61279 -12658 12954 -11535 -55982 55089 58542 1496 8495 37011 -12956 8969 -64004 31871 -23161
r449 -5368 49202 -20734 -63353 28554 -46605 3951 29628 49763 -35017 14622 54662 -12412 -520 -44608 20234 -9863 12273 9580 -8251
r450 -15214 50677 10248 -35833 -49527 -41479 30689 -16477 -52619 -14820 -22605 2713 -54670 50329 -60509 -61314 6979 7248 -17792 57437
r451 -21344 -37497 -17362 -3692 43244 -30922 44438 -3303 -48876 -61574 -8221 -54500 33685 -33890 58325 -60758 64635 -62193 -40912 49274
r452 40824 -20679 1738 634 62196 21666 -34694 -54329 -11796 -43873 1902 39738 48511 39569 26861 -38031 -39960 -48243 62133 -35391
r453 6721 24671 -64803 36372 38748 -4221 -21295 7370 -63065 406 -51134 35867 64934 -39190 31792 -37128 -674 -4993 -6814 -49814
r454 8706 -23522 -2725 -60034 60699 9468 -18090 6635 8766 6713 -22920 4548 -34983 -41264 -61298 -60867 35205 -54953 -56521 -65327
r455 42294 27187 -19336 -35611 23091 -33364 -25408 37686 34909 -43022 20422 18933 8878 19388 -11016 61388 14243 -18910 -24284 -46560
r456 37421 5320 -9132 14550 62199 -61629 15674 39634 65263 -12198 38395 50427 -1959 -21853 -2244 -49569 -48201 18122 -55426 31362
r457 17451 -44985 65265 -37899 12603 35937 61829 14505 8776 -60353 -60277 -5666 -3910 50442 18959 34601 34627 52719 30828 20850
r458 56501 33781 -57434 -444 37367 59051 25548 -62594 -46241 -13627 -32378 60705 23299 37790 11319 -47648 19917 28242 12818 15419
r459 -11567 -64970 -18409 60564 29508 26763 -34760 -39629 -12351 7650 2304 -54707 49519 -40480 -57523 29462 63017 -63400 60094 -14708
r460 15313 -39262 1648 12182 58894 -11410 -54793 31880 45557 20745 -734 -36351 7220 -22201 -2386 8144 51532 -38307 -18162 25571
r461 -16428 -9396 -20216 9906 -59375 -40068 61313 52257 53613 19501 1458 2145 -47367 57204 -46346 -64457 32875 33766 27667 -35504
r462 2713 -57688 45507 5374 61106 -11767 -35305 15897 30076 -7098 49043 -53280 -41918 27691 52921 63651 -13324 -8857 46595 10763
r463 -47216 23105 -25998 -22607 17475 54881 17842 53656 21818 -1080 -10549 32510 18026 -40581 7325 -55605 6687 -49498 35917 -1018
r464 -63497 35069 11185 -28990 -3357 15427 -7236 34814 1224 -5451 40979 -19858 -23570 -46457 16663 -9195 -34321 35050 26738 -62994
r465 19842 -46465 38297 53536 -16370 -62217 -62007 57056 30383 45644 38353 3107 32422 60644 -3877 18569 39836 27414 63636 31070
r466 -4278 -39644 -11787 -49399 -656 61813 -42508 33169 -42914 49389 -36892 5900 38609 -5390 42971 -25018 36050 22758 -37975 -8309
r467 34400 46668 40137 39673 -14780 -43124 55587 -29002 -9271 28453 -44850 -23422 59064 -26318 -669 -56367 52507 -33341 8933 -32007
r468 1212 -40903 24122 -4867 52183 52014 -39202 37784 2472 28495 -56840 21356 -38670 -59148 -37007 59025 44244 44095 -4423 32158
r469 -492 -2207 -1415 39282 -2609 62993 -6604 5363 -55481 54204 690 -32511 -24175 -49909 30082 -17877 53131 48139 55011 -52521
r470 -62768 23658 -11683 -43455 -11463 47631 63828 -61814 -27959 21310 56926 -14108 24454 -55730 -31737 16242 -63621 -11967 394 -57958
r471 24147 -4728 -21083 -37419 31976 3060 -54924 25720 56687 -60034 -500 19566 20546 -52699 51141 -20893 11162 59798 36410 49296
r472 589 17250 59859 -48328 56814 16539 50002 -10110 -1823 -9638 55130 1759 1459 15232 24537 -38573 28741 -10961 59697 49960
r473 -20209 27617 61795 8668 -56648 -13477 40288 61899 41179 -19314 61866 60964 -22032 -54417 22505 -34219 -10004 5604 13528 61894
r474 -6150 -2557 46088 14686 25587 -2155 -20590 -51854 51734 -13654 50550 -51321 14871 -19209 -64212 -54210 65056 -18322 -6047 5760
r475 -40478 28183 32320 -58950 -16202 26738 -60397 35213 -28113 -17804 35046 -41521 24428 -52742 26075 31026 49102 -58793 -9201 41316
r476 -62484 -49208 -28660 33210 14648 1366 -62961 -57665 -56109 51141 -390 -3526 48160 -1781 -16212 46128 26575 -53982 42689 21708
r477 59173 -26407 -48623 65067 8531 -12993 -38586 -60124 -38524 16491 -17381 -62643 31570 -49629 33375 -39147 59350 -54798 -61370 28784
r478 54920 -17870 -46271 24685 65400 45231 11285 744 -15793 -14169 54488 40876 19357 22653 -48137 -13027 47289 18847 -33507 -36717
r479 -53950 -29481 -13733 45850 -9381 -19949 -9397 -40391 -44844 61351 -40095 29757 -56416 -18767 13691 57953 7794 -7387 52906 -62554
r480 -25632 -50528 -31332 -59227 31182 -44980 -26114 43884 33521 21479 54327 -19800 22710 -54868 39664 16060 60206 29398 -63556 -4406
r481 -44732 36619 5962 -35989 -3984 -2543 -63186 59690 7240 -20719 27536 -11238 62444 -58265 56835 22901 -45176 -33927 31038 -58066
r482 -15764 42441 -33853 -18768 27358 26862 11107 -1020 -6260 -39183 2918 8626 -37660 44836 58608 -61216 -49668 24178 22344 47651
r483 4201 47455 21940 21281 -29365 13606 -58841 8853 9672 -10983 -40965 -8223 64643 25123 -11304 -4614 41529 -22314 34344 -57283
r484 1755 -39242 63654 -3366 49730 26738 -57109 -4032 -44374 11657 59927 -25394 -13289 -48766 -20479 42516 -46192 -26565 14742 13838
r485 60000 -5998 59338 -46569 -40426 28066 -44004 55045 55157 36875 8973 -34003 40491 16259 -46205 43792 45380 -58417 11573 3078
r486 -5613 15602 -42197 42083 30125 25193 11427 -39162 14289 61325 55170 14921 -1911 -2895 44962 25807 -4928 -16997 2618 -51846
r487 55085 30716 -229 41009 15838 -12961 -2577 6362 17750 58637 27316 -16280 -54838 31776 -17750 22526 48704 13583 -56613 49998
r488 -17179 35177 -57028 63970 -54290 33151 -19432 1862 14897 -60874 -35827 -41552 -17692 14807 -37099 -41919 -19283 -18633 31951 50566
r489 59527 10776 40815 65367 -64335 2118 5425 3575 -26574 -25795 -58677 -43362 51375 -8966 -54937 39465 46422 -26416 -17887 22227
r490 45369 15521 45129 -39625 12016 30553 19901 28614 -56264 62732 51689 47948 38658 8724 17087 -7110 -56102 -32174 53150 -5084
r491 -27933 11607 -47583 -51790 -50059 40587 -20363 -7047 -19224 -35448 24791 -61013 -26747 -12259 -49958 -32190 -10040 18820 63601 -4700
r492 -20313 35583 22849 -58982 -2976 -60873 -3126 5948 -25596 -30903 -22113 -42473 -35656 -52015 -51659 19501 -609 39916 55906 45630
r493 -58944 46065 -65033 48848 -30798 45238 -64474 -18933 -25606 -49730 28116 1936 32281 -1199 -31806 10570 8979 19092 -27398 -61177
r494 59730 37249 41979 -52562 41109 -1189 27559 -60007 46860 36023 -57031 -45964 -1693 -13890 -45409 -16039 -23813 52068 -20035 -44390
r495 -16359 61191 -18437 64449 -51511 60433 51414 46486 3400 54021 29575 33924 43062 44523 57032 37918 -45391 16003 59001 21015
r496 -58508 -49657 -12283 -19006 44821 -62674 -48711 33230 28316 42609 14665 -40528 -9736 45445 -22449 9250 28021 -65473 -20063 7650
r497 7527 -44102 9238 32272 -30214 -54093 -54854 -54954 -21425 11036 -58390 61844 50077 -48286 -6959 42914 -48503 -44258 -38897 -43849
r498 26399 53631 36451 -45286 -63808 52988 -1035 47844 17842 -3347 -63132 -56692 -50805 35162 -30955 21102 32820 3962 53698 25652
r499 -19684 22333 43212 13114 -6701 7286 59562 -30969 19982 647 59108 -20971 -31639 -13176 -14878 16832 50415 27977 13348 15138
