mTable20 21
KEY  c0 c1 c2 c3 c4 c5 c6 c7 c8 c9 c10 c11 c12 c13 c14 c15 c16 c17 c18 c19
r0 22379 7455 -47362 33404 -29190 -32191 55963 -8413 24969 51065 10256 16576 -60909 -8910 -56899 -3776 -53670 -57161 -47125 -55913
r1 18678 1061 -41979 3099 -43423 11341 -33205 -44417 -29734 -27383 -46615 19282 60000 12961 38748 -33095 35554 56002 13654 55037
r2 -27347 -14068 20159 46455 27098 13407 -3219 49892 -28406 30576 55181 -20608 39250 -9958 -56862 -44908 51462 -60723 -54196 18940
r3 27590 -26357 -35328 33667 -15346 1360 -12194 -61699 -58254 -11744 -50889 -27528 -53424 4312 -16100 31192 46630 1892 -35490 64900
r4 -35686 -45003 35304 -14630 32252 -23443 35298 18754 37404 61764 19944 51077 49542 43397 -26387 18457 10981 4426 -30791 57614
r5 17790 46926 -33131 -23122 -40847 -54579 56535 -63726 -26272 19778 -15785 -23713 7969 -65406 54192 -32203 44409 -58868 27690 -34825
r6 5602 42304 -64546 -12348 -47840 52555 14595 -29803 50540 16088 -54924 -38337 35536 4915 -48205 -39549 12768 53704 39861 57801
r7 28815 -44974 -37999 -39180 45126 44854 -29347 62630 38733 42672 19499 -58874 -39329 -4084 31725 -16852 -10647 -47165 -8166 59683
r8 -33737 44962 8444 59502 -56822 19119 64082 -52949 31197 -16626 44261 -4349 45700 -22706 51443 41566 50709 -19749 -41097 64462
r9 -15270 42145 18581 -65247 -3912 -15159 44068 44391 8297 41082 3476 -38924 10630 -43283 -44904 7106 -23027 -37439 27707 -51525
r10 -61046 -9622 56701 -5422 -9245 33780 54179 -41060 -31102 -33923 27663 38264 50115 43727 -32529 42419 -36596 -18530 20682 26221
r11 39249 -52529 -22967 -32015 -55564 25149 -33009 10577 -2362 3807 46924 65137 -24540 -43259 -11819 660 -27083 61059 36636 -12837
r12 55877 39013 -51346 -13597 -14697 8657 48733 -34611 -29866 -8379 -42335 -60661 -37532 -2985 23724 -11364 -6303 10808 31798 -11508
r13 52414 -1195 -35341 10759 -22436 -23246 -65044 32910 -22071 -27103 3008 -41999 -20135 -27117 -19682 14331 13400 -62632 62765 10427
r14 17040 -51502 -36835 18200 -1687 -14051 -4413 421 -64203 -14045 -14856 -17554 -13871 -42968 -56358 51427 -53440 5590 -13254 -27858
r15 40264 -21335 -59912 -7737 -40319 -63666 -42903 -45132 60792 -65144 41654 47153 34641 -51355 44362 -59977 43400 -64993 63739 -49994
r16 52594 -8968 -30779 -7504 2723 -21691 63186 -45766 3240 15698 18065 -8434 30066 34899 -25952 -4557 -24019 -16783 52329 42190
r17 64374 29837 38026 -28453 -40655 -44850 -58353 -6927 -38673 30883 -54645 9219 -19853 19256 -37450 -4319 -4101 -41831 34891 -31523
r18 -50302 -49767 56353 6538 14858 24448 11506 61097 -23286 49444 36098 44483 -1738 40298 431 -55052 2898 37912 -20464 42928
r19 -42314 3836 30180 41436 -57432 51566 -23772 -57754 -63071 61454 -27732 57124 36087 5011 -30519 1708 -22389 22494 -6750 -3091
r20 -27393 -41520 -36202 -31419 17149 51676 22970 -62538 10358 45341 -60149 -12505 -47568 -37203 28580 4178 38663 44320 -43030 30717
r21 -32203 -21225 -63144 -49980 43392 33975 44528 57050 -64923 55120 63015 34064 56412 53176 41346 -43615 14062 4947 -33518 43944
r22 347 -11990 45669 -2442 -27252 62125 -14071 -2848 -22275 51772 -27692 17773 -48699 -54055 -34516 7489 43685 35004 -43037 -34440
r23 14473 -10645 -7875 57351 -10685 41542 59030 52528 35678 -52373 -48851 -44497 -27589 -38119 61170 -42067 -30535 -40250 -42142 33113
r24 46723 42510 -45569 -10355 35074 15693 -41704 -28733 -37329 31791 26357 49144 4927 47873 60533 -48666 33977 -15027 -33460 -13330
r25 -12033 58116 -6157 -55933 -11956 16463 -8137 9563 -36894 -36305 -22725 -43696 -8312 6211 15469 41846 -53967 -39247 -59715 -36522
r26 17943 -27367 48091 2904 -27749 -4232 -65235 -8681 687 43596 -44074 -40517 -39094 -60752 -5782 10037 -2972 -3458 1673 -61385
r27 -52024 21596 -46859 -19926 -63033 -42450 46895 14379 -36534 -24427 22093 38124 1071 36771 14292 -58303 38994 -38215 27406 40446
r28 6183 8133 47333 11498 1401 20664 25453 45889 -18172 4504 -57920 9222 -6535 -26954 -10403 -65188 41505 36669 -50513 -2026
r29 37388 -41900 -26656 -49535 -4387 -41910 60083 64917 -56761 35505 -61180 -21703 -40225 -34394 -36758 4524 41085 32783 -37896 -23646
r30 -39887 47050 -33733 -9837 -25206 -11304 -63042 9440 36283 -62187 -1259 59017 24456 -45043 -14218 59526 -27899 55979 24538 21013
r31 -29821 61521 -46087 5635 -33864 62105 61980 -39695 16070 -56009 -19950 8984 54890 -27708 -56305 43204 -30349 -50059 -10293 20418
r32 -65180 -43353 58496 16296 15480 -14722 -63875 -58027 12323 25309 -12131 -59840 59772 -45529 -1853 55016 -29931 8823 52575 54823
r33 59731 -31190 8752 -7949 -30983 -44595 -34185 45891 -5909 -797 -42246 -48533 39972 53434 27817 8128 53541 28835 55321 11706
r34 61870 -8307 -34980 -20170 24434 -47701 -13623 -28805 -29027 -50812 -56340 28267 -56783 -7520 -38094 -18250 -39501 -14617 54162 19543
r35 22885 -10151 920 -53555 -55079 14308 64278 23511 33009 3596 -21362 5777 -26674 6271 -46663 17343 -52775 50685 30379 -34772
r36 46260 -42816 35195 17301 178 9692 -26086 -64086 53198 -56953 -19090 18073 -46260 -57280 37634 -37200 -12808 21045 -27886 -29547
r37 -24796 48038 -32411 -1292 36280 -20208 -228 -23381 8339 20270 -15183 4006 42210 58784 29655 2419 -39244 -49898 -27985 35826
r38 -41487 8134 -57429 -43346 -48512 6427 -44166 -6073 -33377 57637 45195 -25008 -47951 24655 41671 46706 47909 -25682 -9751 -16280
r39 -34636 -45056 25889 -49837 47864 -62956 46987 -410 22757 59582 5988 52100 -12423 -63845 -56965 31184 -39819 2228 -39543 10154
r40 -64129 21788 25078 51032 -55933 45172 26734 4308 -48369 13980 -14847 -18829 37448 -58981 50418 -15746 2310 -42805 -50754 43555
r41 45079 9988 23968 7183 -51664 63106 -62462 -42917 48787 57515 47449 38624 63181 47689 -34949 5933 43956 -21177 -12379 18616
r42 24014 10631 -65304 -17378 40901 -1695 -58439 -48865 58126 -55647 50883 32734 16066 21726 4804 56160 50449 -7147 -42443 -55740
r43 8570 -34860 12927 54864 -27956 -20731 64964 -476 -24449 48818 -32642 -47735 -48608 -24225 -64063 13962 21450 26091 39171 18150
r44 63919 -10142 61138 -19951 31479 12640 -36873 36660 40217 -13735 48682 -49202 37453 -51359 -19291 38435 65506 -2340 51156 -63023
r45 -21269 -1938 785 40256 38144 14576 54448 10682 -28657 -2722 -39065 -4370 7795 62314 1337 -61444 55244 -35828 35783 -17374
r46 14092 61545 -18591 -45340 -29320 38784 26092 52532 21252 23010 31532 46894 -46015 61198 -55307 -61790 -20223 -42768 -25252 59166
r47 24134 -34217 18374 -13592 47174 26773 50146 22270 -23812 7907 30027 2339 58758 55315 -17092 -27557 34467 -38302 -65493 43278
r48 -50780 -23242 4496 6500 -34626 26309 7306 -31298 49394 12310 2050 26450 18231 11871 49959 -43807 32942 -62529 2070 43130
r49 33467 40312 -44433 51578 34164 -9203 15800 -43728 54470 -47185 -59349 -15226 42488 30261 11139 61105 59177 23143 15585 -1294
r50 -60397 21802 6829 -15469 -47766 50674 -38502 -9111 -40979 -36555 -1607 5929 53708 -2818 -47544 -33637 26057 7986 -62857 -1614
r51 3131 -30666 31602 15075 28627 -47809 35687 64469 -44259 56961 17101 -59640 23940 -18205 11449 60075 4073 -18594 27106 6879
r52 22056 8534 54000 26920 -20863 42081 29240 14204 -18801 -19393 -24440 63381 46338 9686 26078 -3348 63971 -53787 -40645 -8467
r53 45426 -64812 -28772 3451 48987 -28454 60327 60524 2557 -35702 -3000 21352 -28082 63351 5976 6740 24699 -45641 -16480 40421
r54 -21979 49368 36856 48929 28564 1365 51077 -59153 -5497 40318 -64753 54012 -39947 -47476 -21333 34046 -44517 54186 -23924 -59419
r55 56199 884 -53893 18708 -28016 -60830 39171 4927 -45736 65285 56794 48766 55445 -22338 -376 -55328 -3582 43452 -16397 -29129
r56 21296 44003 -27662 -63407 -54238 -2598 33471 -42081 -64302 -51046 33169 -15677 25317 57896 -57759 -29490 -58734 -7818 10284 17965
r57 -35531 -13443 55219 -33365 42825 -60710 13347 27873 38464 -37452 -58904 -51496 -18237 32726 -45719 64662 -2874 -64459 -46551 24337
r58 1796 -54249 50326 -27638 -8816 15651 -12497 -65286 49456 13143 16461 -1601 59606 -3991 -16098 -43900 -2907 21060 -27739 23145
r59 -55483 -1465 -9269 47892 56994 -24189 -15719 -52328 23412 -58757 -36433 -26033 12861 -42159 10484 -20433 60108 59500 38303 -12294
r60 -33870 -27312 -13981 51993 47337 5775 55086 -3204 29978 39165 26734 -31668 -16194 7147 12436 64962 -29330 41874 53550 37114
r61 -47093 9311 -57202 53133 -60408 9362 40276 3548 -63446 -38985 55946 -26697 -13582 37208 13801 -27774 34634 49664 52323 2354
r62 25680 -7848 -14922 48583 -48027 31234 -5678 -21243 -21283 -43321 37772 -41336 11757 -18329 23283 57146 15704 6032 32751 -41268
r63 -38748 -25417 -27353 -15819 48027 -5479 -41366 29320 54272 -51369 13711 -42023 -29535 48697 -62300 42313 -20292 -30135 -15510 -28214
r64 30627 39087 53106 -51613 39188 64496 54300 28573 -3967 -18374 59598 -31085 -59396 -61686 -26478 17380 -60304 -18085 53107 -38157
r65 -54368 -54424 51057 45895 16645 -39674 -41666 8549 5871 19492 -30213 28110 -49256 -1882 -9384 -19075 17883 -50232 52843 -48639
r66 -29673 -47966 -43300 -54011 38965 -54984 35125 -18153 -22971 -52443 32679 37773 22343 -14902 -19648 56604 -11644 -52874 36862 -59494
r67 -27760 -36485 23509 63414 -5611 31807 33616 -29292 62806 1608 -36841 -20485 -31838 -40822 -24286 -53443 -47360 53616 -53871 34501
r68 38809 -60025 51455 6792 31333 5478 10955 -12847 63046 30649 -5481 39398 54328 61808 34244 -1679 -13438 -8409 -64012 -39038
r69 14137 34895 53094 28527 -34326 61852 -7518 -30291 -40047 37561 50487 -47019 -28589 12023 -9780 -29469 -2623 -25761 -58123 58789
r70 24900 -47993 -6064 -12497 -32434 -28116 -17057 -41632 -32623 51872 -6144 -63265 -2387 -23915 -5330 31746 37636 13580 -8336 -53630
r71 41868 -50144 -145 -26606 -41708 16140 397 -8791 -41938 -59464 9355 21760 50954 -45450 22613 18889 64560 -41220 59644 53666
r72 -43903 -54316 10112 -63459 -43118 20250 -60402 35044 65287 -12477 26460 22056 39170 -23387 -16027 -34218 55513 1158 -27335 34803
r73 -48828 -61127 -47112 25232 50556 -31123 54996 7926 44418 53531 58462 20135 -4465 -25421 20299 47760 10762 11242 -23541 42251
r74 -65506 7363 -63943 -36984 -43656 -39588 -19403 27917 -19811 -59976 -34510 -55684 -56588 57190 8280 -3502 16877 -28285 -23774 3678
r75 59895 -47453 18588 -7209 -8133 -36919 4224 -50942 -49276 -32762 30881 -22550 63965 49223 29304 22125 42976 -28609 5900 -21760
r76 -49780 14803 -6364 27136 16453 -58177 -4784 28550 -61275 41990 -47598 10587 3465 59482 -61577 -44835 18846 29760 42533 -17339
r77 -28378 3517 14143 -59539 -24216 -30911 -6983 398 42344 -13669 19987 -62002 49261 -23888 -28705 -17775 -21318 43411 -30414 -44761
r78 -19510 60064 -63654 27453 -34971 -46652 -8588 -54560 -7754 -45582 -58604 -14725 53775 20728 -6711 -20133 -64837 62273 -6509 57599
r79 -30366 48107 28907 -36024 10984 28378 63036 38182 -1155 -63026 -22957 -49151 -15509 5307 -63833 14959 44055 14245 -49151 55082
r80 4756 -60567 32193 17607 -61565 60385 30082 -35050 -64561 14943 -29458 -29229 57167 13373 -47977 15187 42398 26152 8728 11539
r81 17514 49970 -7936 -27125 64445 46713 -9056 -8965 820 128 46272 -17155 -53669 61189 64168 25949 15306 -42633 -7935 -5358
r82 22638 32278 -2185 41126 50736 21859 47332 4416 -36098 -54380 -24699 40384 -6689 47491 59294 17212 64399 -39052 18472 -12899
r83 55253 -3678 -55579 -21795 -19211 -31944 9909 21863 62356 60160 -29888 -44099 59156 27439 -17561 5332 -30410 -54435 -133 61299
r84 -61848 -10029 -18300 -18684 -40561 -49683 -47383 56190 10069 -23219 -3407 33679 -20307 -65328 40428 26538 64902 59336 -45106 -33568
r85 -53509 48036 -13807 53661 22135 -38453 49843 -40840 -8012 50176 43077 22098 15514 59610 42361 6512 -28812 -64366 -31693 60853
r86 -13594 31906 34117 6580 -54311 16506 -45379 41866 37922 -46800 17358 -53860 40560 -30598 -49521 -51190 63266 59343 -41464 23151
r87 49619 -35519 -59055 5069 -27057 -3942 -23370 -11255 -29229 -21376 32077 -54699 61256 32323 26414 22653 51895 39278 55112 33819
r88 -51521 1836 -35737 26766 -36089 12760 62576 -45241 2358 -12185 37114 53207 15300 38619 38122 -46811 10128 -52085 -42942 -12809
r89 14587 -43389 33386 36643 23465 11428 -24279 9915 -60142 14416 53221 57578 -30749 -40070 45108 -51672 42071 -13411 -30706 46887
r90 -59676 17167 1579 40732 26783 -23626 -33593 60253 41342 58470 57528 27619 -60328 31015 -18416 20929 -8574 45321 -18602 -57987
r91 -58473 -28627 -3070 194 -44243 29957 13811 -28512 55463 15040 49982 16335 -26433 37536 41166 9365 380 -57177 16956 22314
r92 57601 -31050 -27781 50459 -35905 -24919 -17808 -8696 -4973 -29627 4565 59616 -54706 -8079 -46398 -37433 -26106 17028 -2928 -38559
r93 -5990 -45887 7930 34240 10776 -46861 -24644 27829 52739 -30470 -20419 37374 17782 -16489 -9951 -46361 48564 -54477 -8960 -4560
r94 -1748 -57132 -16769 -30756 13252 18801 -16296 1803 -53947 -1372 22905 5075 -23512 -15737 13210 5205 -3343 33231 40572 9701
r95 39099 45950 30850 -31649 61417 -5077 56615 5343 -28526 48367 31042 -25596 -44713 35576 -53890 -24675 -9796 -39775 54671 -5949
r96 -15468 -14512 7747 15151 17723 -53471 63964 27314 16159 13022 3819 35203 34493 -28841 42824 -27834 -6494 -44516 -22511 -42218
r97 16350 62839 -14204 -21640 18558 -35075 -36239 15455 53488 56535 40350 -2661 15651 -28703 64003 41151 59411 -64177 -36943 6967
r98 47697 39589 26273 17068 -14484 28481 -59432 -32006 61797 -26989 -33878 40933 41571 -1444 -15203 16266 -18487 -13180 -53778 45620
r99 -5611 -23118 54413 46419 16395 -22060 30454 -58386 -31243 -60255 4583 22381 -19089 59262 -21419 -47973 -50669 2386 53217 58560
r100 -8582 45247 45683 -31337 64099 32109 -4459 53769 58564 47669 30202 -64172 46267 -40732 7523 -14660 -44748 -24457 61969 44138
r101 38715 -56623 -61903 33002 -18752 22901 27861 -21576 47634 -40769 6622 44651 -4536 61805 -63079 -46985 -56557 -14752 47842 -31971
r102 -62399 -47501 -52408 -47271 -36836 -39539 -31809 -22353 -41502 13766 50963 -25224 -16831 5548 -64569 -15284 32555 -13088 -25038 -49398
r103 28244 29090 -58717 49128 -3939 -19271 2419 11473 -8027 -50930 39457 50313 32764 -55040 64649 -13823 -63360 15947 10284 -54772
r104 -59033 63148 46875 -10675 21006 -2991 -42534 -59102 -15345 38379 3004 26537 10820 -61720 33127 -54208 8767 -23656 -48843 26800
r105 64673 19135 55647 52091 -9350 14379 35525 -42624 -28559 -10901 17596 -12677 62335 44857 31944 7077 -25715 41973 -51808 -41066
r106 50683 36490 17756 52249 -3825 4807 10022 1439 64415 23427 12335 -51357 -53584 -59569 52474 8584 14684 -27829 63337 -31342
r107 -54417 -6967 37314 -38272 24021 -63782 -62508 16739 -51089 35047 -64143 52225 -59514 19572 -13265 -33076 -3428 -62509 -54717 -38160
r108 16570 34748 32227 61400 -18064 48533 57595 31124 -11763 5270 25784 31400 -23276 -11203 41311 6418 12637 -42432 -8762 -27147
r109 51249 -48639 8480 -8399 -26646 -59701 59006 -14123 -54883 -34446 4454 63815 64172 44079 45539 56963 6966 45591 -57948 51847
r110 17523 64840 20101 63652 -21840 30137 40806 33595 -49048 47530 32182 47617 10667 38442 -49700 18146 -8323 -36932 6767 64449
r111 15704 -12753 32711 44683 49993 -35913 -4635 -14361 -21017 19483 -22637 -10518 -7517 9248 -8624 45631 5965 -62066 -38881 25363
r112 -16494 24243 47536 -32679 41855 -49539 26495 -42005 -64101 -31121 -51442 1531 -57286 -23503 -50939 -33704 19926 20945 -15704 -18369
r113 59934 -37638 53015 10236 64339 -42120 14465 6200 -11524 27298 -61936 11217 8950 -46619 13098 54915 -44504 -43934 -17008 -40852
r114 -56675 -32509 7777 -29672 -52108 47439 -35699 2607 20998 32706 -37060 21661 -27213 1033 5026 -39363 16299 54161 -62772 37936
r115 61891 25992 -37078 -42060 45929 49915 7864 -47749 56867 65069 8550 -60445 54448 12793 38050 -20011 -34680 4794 18587 63910
r116 -54647 2802 -13967 -28704 24239 34056 35810 17245 -57192 -13513 56018 39199 46467 40325 -48345 18461 -21101 64514 -32370 -56186
r117 -19671 -32191 17268 3873 -4032 47965 -7909 -25935 31185 4400 51613 -34624 41995 45275 -1855 1073 13607 -7413 -62179 61441
r118 -48850 59569 46571 29872 44072 26599 58445 -57311 7699 61705 -9606 -21881 13378 -38411 -55859 -8188 54875 15492 5886 -7608
r119 -16084 -22611 -64724 44033 -23625 -23901 46327 53455 -50922 -18778 60146 29587 52746 6193 -21462 36083 19295 39317 -33123 52836
r120 -4235 -52363 -51695 58101 36167 -63918 -53732 45385 9683 -32205 33783 -44893 -15155 -64994 -19401 -25221 -3010 -65336 -33816 -64523
r121 -59867 -8595 -31893 61991 -18758 -11169 58047 54911 39830 -63124 -57481 -21415 38059 -8059 -64527 28589 -55661 -42686 -32623 42850
r122 -48116 24253 -36986 37001 21562 64513 -50925 -15241 50738 53961 3956 8790 56760 -18951 -33251 -46590 -49526 -58392 12955 58078
r123 594 36691 -13489 19393 46097 62772 -1519 -10853 -52253 -45566 58056 -3134 33980 -47365 -55935 8290 11869 7324 16137 -33610
r124 -44032 -53251 -16011 -54071 -40372 3938 -62552 623 -26860 44272 -34798 -33720 -18431 -64767 -16177 -9438 -34934 -32943 64711 29604
r125 -61485 -21160 22782 48641 28522 63443 5224 57541 34587 26669 -2765 61507 22624 -9286 -48065 -46327 13952 -37654 21249 -40245
r126 60975 54566 22353 21396 13332 -43677 -8739 -24941 -40699 64243 57090 12657 -24565 -43514 -1208 58387 -23673 57534 45702 -18614
r127 -42611 -60194 -4208 -39985 63286 16782 27664 -18593 44191 -5638 -16985 46541 55841 -33783 20794 -32509 -9892 -10890 41498 -46596
r128 13532 -10449 8247 -2386 6655 37038 -37030 28783 -35332 -41732 -45042 -34495 28995 -28585 2553 -13950 22921 41540 13103 29183
r129 7195 -21956 -53186 55262 -39410 -40243 4313 -44694 -2910 -58275 -54713 10779 25347 -26199 -60677 -25865 -41619 21141 31438 -17592
r130 37232 36537 53227 -20182 36717 -56878 -65182 -39744 -55974 31453 20641 -57062 35915 2051 52186 25177 3328 10528 -12888 -23163
r131 -20546 31 22498 -29037 -57848 16258 -58881 -45731 3327 58138 -18443 -20397 -13816 -41681 59654 60115 -55891 -57054 23089 15434
r132 21756 22009 -64735 25945 -24357 -60943 19498 5290 43447 -34386 -28102 40017 52383 -46293 48709 45100 -40222 -27223 -45670 -27997
r133 -39 -37408 -19944 29805 -36837 62793 -41386 -48497 33097 -7389 -18341 -32945 17223 -23291 -62323 45532 4252 11006 -3891 -27041
r134 -58007 -3265 51040 -13650 -61227 54879 -65150 -48304 -60402 -38440 7422 -20215 -54130 43997 21742 43451 -39117 -21974 31966 -53865
r135 20978 64282 34928 58019 -36218 -52927 12115 -47630 -21472 -57664 2534 -3171 -10054 49295 15349 -47419 -435 43483 -48241 30454
r136 -49997 -22059 29435 -25449 -44636 -57938 -31838 51301 53739 7167 26936 -21522 -24688 9032 37694 -62313 -64262 62905 15272 -2004
r137 14724 9158 1935 -11125 48016 4807 59390 -16207 -18214 -45617 2221 -45925 14625 -28048 26024 -55143 13177 50891 -14618 -55606
r138 -26739 -14838 -17114 17156 -43896 -49807 45730 -60942 -8007 40107 -21351 18063 -38167 5332 -60113 5010 38114 -55987 55462 24998
r139 -51113 14674 -47820 54180 30741 -21845 18749 -15959 163 -42376 -7392 -50676 -15578 -20307 -7723 -41711 -25417 -10933 22415 61461
r140 -51905 -59159 -5855 54569 -27350 64921 -34506 -23085 -61228 57876 -6745 -13761 -17251 -60906 -59329 56954 51028 -5697 -19162 -48124
r141 22422 60389 -48719 54180 -37018 25338 3256 -35756 29124 43068 -57765 -55863 41021 57002 -28059 -30733 -27964 16817 48933 4016
r142 48998 -4101 -35889 46525 16667 -55021 26561 -17479 50115 -1233 6015 64813 46272 34948 -20409 -31482 63121 -55759 49655 22136
r143 -12267 9897 -7782 14134 26727 -47656 45574 53160 35177 -20180 -62989 9374 -42674 -5153 55487 -11403 5382 -55601 7102 38000
r144 11083 65355 5662 7531 -13768 -32538 -29511 -9708 -12841 9458 -25706 -8591 11080 29080 2174 46439 47841 62787 -48400 -369
r145 48943 30949 -55802 57819 22840 -42621 40027 -57719 49196 -13690 42926 58648 -37656 46235 60592 15443 -21218 -49892 -57881 -49656
r146 -12153 -11752 8109 37041 25776 -15084 57390 53079 43743 22414 -40922 25073 48997 -32157 57338 35187 7151 20794 -4654 -20141
r147 -3749 -19907 10719 -15712 -11665 -54323 4566 50824 -44858 -54538 59985 -42182 -26265 8003 39186 -30294 -33095 -41282 7449 4322
r148 -64036 2584 -40956 44838 5112 -41552 145 25207 -24393 6588 -4795 -7021 982 -31166 -2489 -38602 36915 22603 3185 -35728
r149 -25773 -19954 -43443 -47367 24301 -31320 33597 53356 -54874 11920 54694 64807 -10610 -43074 -22472 35828 -28415 48545 -29012 57401
r150 -21134 30003 -59957 10746 34227 10161 64318 20873 3191 -55173 48227 -8976 47833 56035 62160 11629 -5976 -47947 -24423 -59152
r151 -56636 -26213 -48881 24231 -33373 63800 31327 49862 43118 -35347 -23540 -45631 48439 37861 42155 40095 -16680 19273 -47520 63241
r152 -15748 5567 61558 6773 64238 42394 36367 57227 55416 4406 42809 -49724 9044 -37231 19142 -30188 -10075 -14278 22415 -39562
r153 18028 -37669 17718 16136 38652 11601 45227 474 -43691 -7284 33107 52194 52259 -17220 -24838 29181 -30937 -4223 -9252 21958
r154 6305 8098 -2991 24061 -36283 32248 -37787 46570 48615 50493 -35592 7044 -5566 -15084 -44524 23073 20808 27567 43226 -19945
r155 42527 55063 -52217 -5205 50488 -13668 26537 -30845 -2288 22637 60141 6686 -60629 -14235 6272 13414 31046 -35777 27866 45961
r156 -34901 -5719 15867 12885 43730 -46240 -7960 -63148 -2455 43120 55132 -55143 51353 -21852 33368 52454 -26864 9570 42983 19734
r157 -3074 64125 -33348 51527 -59079 -17586 64483 12450 19643 28287 -57141 29859 26906 -31924 -21364 -8088 -58386 -8565 -53866 3884
r158 33109 -12075 -17269 3819 1678 -55471 35188 15902 -15979 34504 63994 16519 34275 -38542 -46642 38834 29310 -22791 -33172 -60817
r159 20081 -48789 -55433 -9343 -54400 47344 64672 57296 37140 16190 -42953 27880 -43257 40500 -15853 -2789 -7975 37345 64671 64916
r160 13998 -60706 -64363 38379 28572 6694 21299 3092 30069 43838 29592 23555 -62228 -35221 63664 50323 18102 -1473 39959 24030
r161 42751 -24380 52406 -24213 8164 26377 41922 50536 15958 64771 -53824 -59354 -56331 39694 -63005 -57533 -44026 35809 24348 30652
r162 1711 28364 9773 10256 -65222 -35341 -12104 36365 -33500 41020 6150 60556 -20438 -20056 15371 27090 -41418 31843 -54455 -45477
r163 913 -40198 -19548 31975 49312 28648 31322 -14687 -43934 52571 -13619 38691 35062 29503 -61358 -20302 40149 -40961 -39093 -52941
r164 888 -6839 14416 36243 37717 63673 55514 45054 -9037 43360 48302 46260 -4793 17448 30862 5649 -6012 18975 13364 -51715
r165 6641 -36647 49703 -45506 39459 50505 -40919 -5773 -39947 -62076 -35281 -24876 39904 23598 45936 -25842 9499 27636 -9247 33814
r166 -5498 57198 48669 -30378 57848 -517 -27254 -13910 -1944 27249 -33989 35134 45332 36923 -56582 14676 -41779 -23766 -1010 43768
r167 23042 -2732 -45472 27316 -14587 40859 48073 -30268 -14647 -2985 12205 -40602 -52010 -56501 -27597 -12550 -9139 62234 62657 -42658
r168 -39535 22804 30624 -1294 2657 16437 -24583 -33132 16247 45229 62409 60094 -64608 -18745 -50394 -16036 35605 9544 4364 -59786
r169 65249 35336 -26005 4374 -35274 -19950 -31352 42395 20163 24497 -62994 -3330 5432 7592 1209 -7157 -30260 -15876 25602 -29203
r170 -35487 23054 -49560 -11897 51162 8383 -5019 22917 -40049 -6694 -9182 -44810 -52629 -48786 59692 -38335 -13535 39526 42508 -5727
r171 13174 -4930 5960 -18849 25451 -20861 40838 3439 -26235 11017 44960 12209 -17025 -54594 39810 -471 31773 -909 -47255 57715
r172 45069 -29573 6222 -30118 47472 -64907 10056 -62992 18071 53500 37334 -38607 -4025 38728 21543 -11219 -58370 -17199 5387 -38465
r173 47679 -8409 29184 -50076 15924 -26922 -31895 20492 -4842 -13650 28970 20844 22559 -54743 10063 -54434 -3843 54418 -63835 15487
r174 55534 48177 41389 6185 27431 -58939 51865 -19756 9834 -36400 57904 41867 -45470 62077 -45844 31333 -43973 -43596 -33497 -33607
r175 -23349 25035 -35507 8755 -17035 -24458 -49053 -19115 7259 -2251 -46101 -30066 15363 54105 10834 -48980 -1214 -19698 60383 -57661
r176 16162 -6031 64190 -49914 -34698 26628 -23560 -12533 51159 8667 -18108 2511 57436 -6551 39385 20329 -63667 -42279 -15440 50969
r177 -45045 -31262 -15921 30049 -16985 -64707 -24635 14540 47724 17767 -39810 45537 2523 -52815 -23365 30970 -10914 23838 35591 -55869
r178 -6981 -55662 60307 52940 15790 36546 21543 -22098 27054 -55840 33754 1045 47527 1153 42564 -52489 57770 23120 -49541 56501
r179 -32058 -58299 -21356 61753 1523 -23332 -28922 -34657 -1387 43249 61555 -18347 -43591 -8583 34286 -21818 39897 42153 -13759 -11507
r180 -9136 31078 -56717 -57921 22125 -61299 -20453 -57713 23865 -59078 24580 43101 50044 -15451 34195 -323 -30202 18659 -54961 22938
r181 5639 -32898 -4569 -26573 -38892 3767 24228 60270 -35548 -24834 -30881 -5138 -45538 32529 -22340 -11233 -26326 15780 -53484 41410
r182 37980 10094 14959 -9048 -32145 41431 -49178 59084 -60748 61562 -34462 30592 16207 -11943 7145 57239 9754 19120 31185 -56097
r183 60310 -48801 35452 175 9235 -1843 52655 5390 51779 50032 -10275 -21056 5882 6318 -44398 -35787 34033 -38476 45999 29844
r184 -11027 35667 -3115 27608 -53216 -54950 -3415 36983 -55782 -52473 -48873 7982 -24807 -26105 -20781 -37015 -52129 -24641 -24862 46525
r185 30681 43299 -31660 -14550 -12693 -24806 44421 -30696 -52250 4004 -33241 -64326 38547 54479 56187 15872 -6414 -45978 20731 -7608
r186 43114 5788 -34254 8515 10005 -1083 8323 -64383 -61543 40810 45886 1302 13752 1 60002 51662 -26071 -47964 40388 -15356
r187 -10710 50778 -7196 -15693 23492 40722 11467 -30558 4282 25587 59751 57041 14333 31136 -61212 -5034 -23733 35201 -61958 61234
r188 -62397 49122 -27493 -12696 -36012 33117 -30052 48257 21256 -9729 1951 44233 24352 34584 50417 -21137 13671 3139 -64850 -5827
r189 44254 6113 -48377 -36419 37106 18364 -14756 -52382 16734 -46652 -35923 -2763 -57277 33196 -5824 -19471 -39588 41018 44463 -23587
r190 54253 22829 56452 -24906 29321 -51217 10402 896 52168 22007 -999 63053 -59662 57547 9967 20305 -1477 -5957 -35529 -49450
r191 -11551 51865 -64261 -61934 -1642 19919 13824 -44195 -29689 -32525 -6234 -44147 -28826 -37445 -36577 -8910 48255 -24348 -37023 -34091
r192 -3584 4196 4234 25853 -2462 31981 14325 10457 23232 42827 -35924 -18874 30511 -22769 20110 40870 45833 30992 58824 -59128
r193 -55968 -4582 23091 61084 -29065 5355 63908 24682 44572 30885 -6540 29667 -55480 20532 46388 45300 11958 -51297 -18524 62106
r194 -30780 54959 18357 -37303 39890 -47434 35698 -60062 -35502 2420 25778 -20249 -9 50736 28590 26654 65479 21995 45211 20972
r195 55409 23182 -60657 43279 -35920 56193 58638 -61387 49668 -19962 35967 23291 33626 37632 -63211 27182 -10568 7064 -54283 15814
r196 -61908 38815 15778 31114 4355 53608 36277 22584 39173 52153 34334 3657 -29136 -4007 -59328 32601 27553 -30319 -23890 -4697
r197 8068 39770 -46968 -45131 -22372 -16181 -28176 -36640 -42485 58476 -62095 32241 -3989 18422 -23803 -25987 -64784 -60613 37450 9565
r198 17636 19601 14767 -45221 52492 -13339 52454 3569 29766 -52088 -19143 -20410 56383 44950 64023 -35305 21708 44721 5029 -10113
r199 8691 -8917 -16910 59179 -35936 44413 6320 60068 -41591 -22247 -5624 41465 -34322 -53523 -56265 -28859 -25670 -47833 -11524 8572
r200 60894 -30809 -26645 -48609 642 -31973 -48306 20479 -33141 -60846 16304 -33323 -4853 25113 -16470 -963 -1287 -54491 57525 56000
r201 23736 57043 -44473 -12123 34209 11507 56183 -42825 58681 61908 -28491 53709 16624 64656 14460 62635 -21508 -13624 -59220 -38970
r202 -21267 63147 4640 42270 -50367 16724 35401 47040 -26204 -52723 -34212 38578 16435 7252 -65281 -33458 62970 -22336 -49864 10089
r203 -25272 -42763 -16214 64913 -5800 62404 -18690 -44672 5963 -33378 11760 -473 -25671 29819 -57601 -3587 -33207 -63397 5 13998
r204 9673 15110 10078 49199 41098 10795 20582 56164 -19736 -20756 -16815 -58846 25273 5564 15465 -44103 -14591 -51703 25258 -5628
r205 -52548 -48872 -49721 -15349 -23109 59134 -54453 -20284 42734 -43566 -41532 46589 2670 52274 14567 -34642 -11687 15371 51835 -53213
r206 36638 -47144 -34718 42727 50668 -27681 -36376 -26482 -9278 -29095 5349 -2805 -28381 -33179 13963 22446 15192 3387 40321 -21071
r207 62118 -32189 -45936 53150 65247 -38168 33079 -1108 -51675 -56423 23225 32257 46497 49614 -11008 22143 -65072 20353 -48373 32400
r208 12814 8000 -28900 -44519 65214 46732 42327 -2240 35541 20128 36963 62208 47687 28153 15372 -50626 -33760 22478 -61924 126
r209 -35425 -8599 32776 2155 43312 -6399 -49588 47074 -12258 4628 -32519 -51765 58106 52078 -22931 19909 -24558 15992 18296 43571
r210 -60121 -56960 -10170 54753 -54849 5388 57808 -30804 37451 13499 -42378 52030 -38852 -45738 -10394 -45868 3797 -1108 -65227 40116
r211 -52661 65266 36082 58593 -34069 43001 -39582 19722 19671 33098 -7889 -1296 -55132 -32552 -40498 49883 -2089 23760 61355 61745
r212 53671 -31145 29632 63459 -647 59767 3671 -46700 -23041 -30653 31785 19581 -53372 -4869 48829 29864 -4426 -24741 16211 -32708
r213 63974 -57897 26217 41530 -3183 47837 26263 47905 63976 -28448 48861 -57555 -40136 -60175 -18258 8691 45978 16880 -59369 -31415
r214 17549 34343 58758 44370 51860 -48441 43267 -56594 28256 -29046 -64604 -61032 -44791 20578 -22034 -60365 11701 -58107 28784 11958
r215 -37702 -39021 63950 -33319 57174 -25049 -9960 -4882 1392 21686 -52605 -22618 -59722 -58862 58812 -65289 -29758 -36012 48998 24589
r216 -17224 -34321 18967 -63630 -28500 -33528 -22463 52292 -17067 -53452 30188 -11606 -16864 49277 3931 14340 10309 39605 -13182 4990
r217 54829 48792 11714 -26706 36993 4706 59163 -39654 -9661 43298 -31976 9396 -3800 -50503 -36458 -39660 -49123 24778 -14378 7096
r218 31609 45738 33846 36189 -14843 -39599 -27042 59966 28617 37521 42830 -54964 -9106 -40900 -13349 -27810 40221 24543 38393 64509
r219 -6218 27362 893 -19438 -60177 747 -17548 35352 54470 4335 -58353 37613 -18308 -44453 -18329 -58754 -37550 -65507 35068 20585
r220 -16367 20166 17457 -5694 -12610 19667 22388 -57353 34383 -16415 59817 -15457 55064 -6058 46266 51347 -34083 -41014 -4603 5120
r221 55228 10493 -51078 2108 -39638 -32516 41703 -18676 2210 -13883 55244 18549 -3122 -62558 30028 34392 -7562 27928 46628 -36091
r222 -47813 -52942 -38768 -62691 -31128 26386 36431 -39386 55685 -41230 6809 -58813 62541 -28702 -12380 -43774 58420 38157 -18712 63299
r223 28940 55201 -35916 42050 -56434 36042 58818 -55671 -31186 41483 23276 2900 -51644 -19064 11722 -43014 58673 -47228 -64580 -62599
r224 -18116 24707 -59413 -64081 54736 -52869 -3880 3660 4058 -25034 38215 2431 27003 23 58753 -836 -25387 -40579 28470 -399
r225 -62497 -29524 -40725 48803 -41906 39884 4008 18715 2097 42389 -12362 6324 -60790 61550 27722 -13520 52811 -24282 21174 -2439
r226 2127 2586 13004 32364 -31911 8917 2969 -12677 -59801 -19926 -43132 48468 48131 41296 34237 -64910 63984 -49263 -42110 -60620
r227 -32217 -9479 2810 -65531 19008 -57811 -58596 -50029 -8146 -17137 59909 -36163 44357 59939 -26210 1950 63099 -6270 21011 45364
r228 -33944 37719 14729 24121 4788 13795 -42588 -19085 -52183 -16643 41165 -44752 61649 19373 64834 60672 -45778 -17723 22403 17767
r229 26309 -29781 -46516 -30192 52159 -62359 -3507 -20684 -29811 49899 -12122 -35124 17251 29698 -34940 -13379 55521 35645 35386 -13982
r230 -42030 9770 15515 35702 25020 28164 -16505 -11762 11891 -11194 -57800 -13575 -56566 -56752 31041 59923 51773 -32181 -60167 -48389
r231 54521 59824 55871 14436 10645 -17039 -55598 50940 -64974 -60034 -21948 -22788 -6255 30432 -17620 53167 44741 63655 24071 30374
r232 44847 29379 50493 -59602 -20534 12814 -9180 -61480 28585 -33960 45329 -23521 -52173 48507 38303 -41153 27866 -2085 13121 60953
r233 52 19931 45242 42884 29630 7138 -52713 -6168 -55331 -65202 -33657 21231 -12490 8267 64537 53010 -2282 5339 -8098 22940
r234 -6850 -9213 -1077 -8447 3926 42674 7963 -31348 33354 -29344 -20320 45388 -33201 -28714 -60722 -48850 20309 17186 -31251 -49840
r235 61287 -38658 18679 10633 21093 16230 54002 -26640 1787 -25037 -60400 -39045 64644 27526 -2740 19142 61804 33350 3866 -46734
r236 -794 -61056 -22555 -25088 -9453 5751 30374 -27483 -9620 3643 9226 16201 -20245 -62131 6707 -42911 44415 14636 48898 9977
r237 -4690 4668 -9889 31064 -48361 37538 -42663 -24478 -14954 -31520 -56328 61509 -55104 4635 54735 -62979 -27532 -36715 12949 17697
r238 3501 42568 17857 -12348 -17672 -51766 -61757 -22259 -53084 56065 -48214 -45412 -10323 -44087 64136 55077 -27870 5956 41327 -50899
r239 45610 32592 -2609 -39984 -12264 63697 -49082 -57829 -43370 -20446 48240 22375 -57078 48613 33232 -2565 -46547 -61750 -42658 10506
r240 52059 -8507 -10844 -8449 -12413 57918 44840 -57317 -61941 -12505 48058 -15329 -41586 22908 55386 57005 -8820 -31395 6512 58584
r241 -35763 -54999 -32321 32240 10711 30088 36367 -11874 35925 -32424 -40911 35240 -48957 291 -12584 -16549 48829 43513 26921 29990
r242 4455 41924 65172 -55281 -27084 -63883 -10219 -62975 -59780 45245 -42531 32858 -1444 33418 -51583 -14201 -11601 15656 14460 31118
r243 -7102 43173 30248 -18917 9515 56153 -1717 4830 61364 -34069 29623 -54151 19643 -56455 12757 59707 63680 -28544 -60636 42123
r244 -28351 -57612 60414 -25501 -64390 -13840 32093 9953 37388 -49959 38082 8279 46592 661 -62211 32349 10750 -58107 34279 -34804
r245 -56191 55917 42213 35829 32235 -54725 -5216 47026 48975 -5403 30924 -43541 -65034 43774 46054 13765 -28087 -53019 -49365 -46719
r246 61915 53175 -10681 -2400 40039 44322 26388 -32076 -27937 8616 53040 -52872 10266 -46303 392 29353 -32594 52343 38978 -58006
r247 55445 8626 56485 -22321 15171 21971 45806 28614 15680 43489 6455 -39634 16421 -23740 -9492 -49190 15094 -26948 -40845 26254
r248 -14435 55140 -11290 43427 63997 -38042 -63323 22840 -17638 -8891 -17930 -320 -32863 -47539 -55328 -2327 36790 -12710 -55072 -9557
r249 54030 -18696 -65122 -49826 48208 -8646 19027 -41918 -56310 29677 24703 -46612 -17647 -60104 -47762 29395 57334 -39695 -11556 -61644
r250 45052 21170 37522 1085 51667 40664 23742 49768 -50469 47710 -39049 -16789 -50543 8115 20388 39471 11386 12854 -57053 24719
r251 -41919 26180 -57628 3733 -60487 55873 -55755 -33961 -46203 -16032 -1775 32899 -12127 42368 -37379 -35543 -39572 -21720 16488 44010
r252 -10393 -32959 46419 -61415 -8208 -56797 31084 -48758 23530 -24754 -58544 53270 21512 10598 -49430 63970 6704 7139 -34800 61900
r253 47063 35079 2387 44744 15442 -26538 -38410 18928 22357 23996 -40767 8291 64166 -36236 -38500 53961 -29974 -28887 -50257 39810
r254 20487 -26201 -31129 -36312 -25721 -47018 12309 55115 11222 27019 -6934 -59372 -17009 -38519 -5098 36730 -40550 37179 33456 14088
r255 26684 45220 -36456 -13040 -52304 -664 36300 -27171 -9366 -42554 27283 -65483 581 -53106 -8372 -15837 55112 -7327 36914 -34027
r256 -40647 33441 -7458 1363 1524 27514 -24474 9577 -53013 21018 43573 20433 -48755 -20068 -51413 -12551 -47612 24389 29331 -61490
r257 37240 17509 14493 -8547 -14664 -26781 16861 -31135 -40798 -57242 -56463 -45882 2180 -34358 50976 8489 5763 51501 -32899 -46506
r258 64041 -39647 -36623 32297 33151 -58466 6752 -49554 -43752 -45959 -58252 21149 48503 -23209 44808 51248 -4874 -9812 -2401 44908
r259 32121 30663 39839 12433 -39205 33672 48161 12388 16560 56902 -61508 -10616 42364 -4990 6305 60005 33187 -60630 22785 569
r260 -13964 -25397 40063 -63465 59642 18721 4130 -63589 21905 -15476 53720 28419 -61928 -61904 -58834 20128 -55136 14399 -53511 -38597
r261 46918 18032 65480 50302 -45406 17969 -23909 -13168 -29568 61714 35513 -31066 28757 -16630 22944 -58672 51544 -41689 24570 12955
r262 -13555 2486 18290 58815 -56144 -45927 -32269 -63996 58241 52341 -33785 -19072 35552 -24214 -15248 -1584 22825 4503 -37449 -36434
r263 -13520 -30848 11121 14864 48653 -52733 50584 -1911 -11269 -48722 -51257 -56254 27499 46595 -29810 64869 35321 -40456 -37006 -59218
r264 -48290 -15912 413 -16562 37445 61150 16983 -1498 51329 34210 24424 50394 -9450 -44762 59735 44612 -1436 63733 -46994 2849
r265 21215 -17527 -26414 58312 51433 41482 -6721 -7746 48767 36585 26556 -35195 36297 15670 19782 4413 43074 -16240 27873 -22581
r266 13833 16985 -36032 -268 4851 -424 34493 31005 -31299 55155 -39465 -14888 43308 -58542 -22029 -58838 -49535 36749 -15205 -17392
r267 5856 39355 32795 -25213 60319 -34814 47290 -61637 4628 -49289 -65226 49793 -2529 64144 -44997 -35577 3151 30596 -50377 40190
r268 40490 10542 -26183 -7756 15787 35985 31576 15540 -18286 -59301 -25172 59736 -38366 -25415 -10971 35303 -54293 -7458 -26700 -59096
r269 22130 13045 36538 -8132 -60799 8451 -49207 -26090 -51058 51769 -62834 -56225 50274 51425 -28397 27450 -5659 33588 -62084 51793
r270 21518 44287 -10446 -37669 52581 14905 -60021 28256 20116 -23160 -2981 37605 -19192 -27515 -40190 -6855 40768 -16361 12164 -6328
r271 30405 -62442 -23264 -711 33050 9857 25903 -21128 40051 -30249 -46275 35817 -18389 -48230 -65203 -1672 23148 -2154 34765 -41849
r272 -38446 -14774 33611 38947 -15092 12674 -28536 -3921 -65081 -26586 -46646 -41016 -13944 -54348 23815 -30266 -61691 -39141 -12355 1490
r273 -55629 -58582 -26605 20117 -16128 20049 679 50547 -3632 -24071 -26393 60634 -13164 57636 25098 46527 -37453 7890 28721 -42600
r274 33614 64998 17008 -20336 36174 -53848 28277 53653 21740 24398 -4645 47713 17716 15416 -4041 -40779 -52038 9628 -42508 36109
r275 46906 44022 -49904 20765 44524 33728 8664 39304 -57954 -21987 26662 -50322 -47137 -62739 -1177 -8043 45107 -3344 -19804 61297
r276 62289 -11875 -443 7692 -9039 -37592 51191 48812 12609 19173 21803 1409 34655 -56916 6692 -45502 -46236 38563 -20234 -18984
r277 -22083 -18158 54589 -15094 -62644 -56776 24117 25598 39172 -19341 35183 -63671 19333 25756 57590 32936 36953 32685 63969 27471
r278 -31497 50541 -29156 -43392 -13622 -25536 -27845 30272 15461 -46146 -33983 -60039 61269 -2518 -22612 -36139 17976 -34992 -15194 -45417
r279 -5781 -42790 -26843 58288 36925 -49128 35451 15573 -5856 31060 -30521 44926 22513 25975 -50999 -60921 49769 30533 23790 -62386
r280 58482 -9299 51151 64674 24510 -36481 62431 -53534 36613 42415 -60117 23787 -18768 45467 55172 -61235 -12173 -38584 3920 -21310
r281 -36442 28914 -63490 44309 712 -24990 -6928 -46409 40933 -49636 -2211 -30455 -3445 10477 -48273 -58422 -4824 14851 -50116 61298
r282 -31350 1423 13374 -51946 -50740 3528 41025 -494 20886 16973 56188 15194 7588 4124 46483 -60339 33896 -21710 -22589 -39348
r283 40190 1467 52302 21079 26630 55917 -37855 -33058 36898 -28186 -27196 16980 18153 -52067 -54082 -48827 56766 -58079 19296 50159
r284 16194 31856 -46946 46125 -62611 47468 -40487 -36287 32173 -26871 40870 27429 -64687 53487 14604 -3722 -12692 51378 63547 41495
r285 59976 -12288 -26798 -21840 -54238 4306 19688 -47679 50453 -64536 57207 -25895 36753 10463 57589 -10493 -50888 -64279 -37589 33525
r286 -2644 -48424 10145 36308 61648 38585 -27879 41566 31588 16727 -4467 -48839 41562 -17616 23987 18384 56763 31129 28984 -3206
r287 -36079 -15429 -57540 60549 -19327 -1014 61469 -48250 -57398 -35033 -19637 -55614 -42597 19215 -58046 50279 18707 -5106 5514 34546
r288 -4834 -41874 -61451 -54147 61809 -46266 -26893 -22204 -33111 33017 5154 57278 -18217 -16214 -10724 -63725 28952 25052 37219 -37326
r289 -63180 -18081 -43599 -52819 -5378 -11935 -61962 54503 -50612 -53366 -27610 27856 7732 13150 -32425 -2377 1125 -18436 59845 -61502
r290 -58631 33127 -50569 -998 -25374 -46778 20912 -21448 -9414 -6183 -45998 37011 -39900 34975 -55921 48644 -55934 -30653 52664 -31838
r291 26436 28454 8605 -17396 10548 -41587 6959 4969 52258 58791 973 -52181 43953 -30961 42630 55441 -49744 60307 -39230 -5641
r292 -41416 -22715 -46845 -35040 47083 65100 48801 -29341 51178 59557 35476 1544 -7450 -25718 23836 -65206 37537 -23747 62607 -63214
r293 -63540 -8685 9722 56312 -8544 35583 33682 19547 -36517 63770 59011 55480 21985 13580 30930 -8036 -45674 32164 18483 4548
r294 46594 -58648 32914 -62809 51463 -54004 34433 -43563 26415 11846 -55466 -19296 5648 -16738 15813 9657 15935 -60807 63601 4570
r295 62862 -51171 -16893 -42863 62178 5220 29304 -36297 -29705 11787 -40923 -22247 -60966 64583 4896 34581 65143 37973 -3914 -47076
r296 57337 3616 -15591 9403 13152 -16767 -11176 7023 -24468 64731 -7431 -17650 2579 41708 -53688 52952 -35772 -55691 -51809 -44330
r297 63071 -20427 -48855 -28723 1740 -65401 2129 -35305 -62684 40261 17851 -7722 13849 45794 -59479 52515 -8232 17426 42641 44041
r298 -53637 26050 13158 -62644 -54864 -56987 32201 -54424 14253 26504 -47812 17796 6343 -10610 -22508 19704 51363 29976 31458 -21844
r299 -4368 5459 11635 1123 -10697 -3475 32895 -50034 12195 -2674 35038 16181 54545 -48785 36752 52970 -25885 -40668 34511 61053
r300 295 65347 -32204 37956 -43766 55831 21426 56946 6008 59678 -29779 -40815 64810 30012 -7760 2463 46358 -9982 50668 7877
r301 12702 24137 45365 -21017 -3810 -65379 -52160 41763 -60865 22138 23988 -60870 1930 -4727 -42693 38041 -34504 -32796 -22068 -44815
r302 3428 18373 43247 -28957 36996 44781 11764 47803 12775 -62898 -50703 28308 54571 -47651 -63506 -53334 -30440 -5334 -27324 -13959
r303 -50381 15082 -6103 51317 -21672 51117 -15944 41896 40915 -36421 46767 -61916 -38652 57051 57427 -43222 52945 -50847 -47808 6720
r304 -17998 -31687 27460 30869 -41747 -19645 -15578 25137 9673 31376 4120 -45462 -38084 22410 54208 -39594 -39627 -37455 27286 9367
r305 -50140 -56632 61267 1366 13492 62504 -46786 -28216 34832 -48671 27623 -18456 2038 -2631 -38098 2840 -2416 57591 52963 21993
r306 52608 -16542 -22287 41293 -62873 34184 44728 18221 7165 17623 11604 -50019 65052 -48834 2530 11742 -43457 -39210 34108 56189
r307 61403 -8902 4351 -17318 -50076 27802 -29678 26170 6876 -28380 12343 -62861 -21076 51865 -7231 23996 -4777 -21156 29059 28411
r308 25379 45287 -5536 23751 -11870 -18960 43943 52329 50330 25156 -51341 51496 26842 25406 -42571 17995 -52053 34252 -26804 -15444
r309 36279 9838 -24708 -43552 31550 54220 53458 29746 52911 -50965 -43412 35091 48186 32889 -17452 -5962 46700 -16932 45436 -43894
r310 -19357 -18584 6211 7599 -14179 -42360 31357 54285 5306 -7490 -62681 -32215 -32401 30630 48184 28199 -31772 22120 -40128 -12508
r311 35725 -50403 42320 -47284 -14526 -3253 -20596 558 -57848 51221 34684 39170 48147 48487 -2110 -41298 51067 30288 30284 19925
r312 53076 35637 -44354 2234 14148 8464 -53355 -35357 15414 -20713 -15743 56804 -59875 -29703 34131 38212 2149 -29771 27265 54447
r313 33918 -63196 24549 -46250 -62833 -58186 47551 26148 -9600 17280 -64675 -13330 6873 42635 47491 20978 -60201 25908 47867 63198
r314 37150 10688 45430 -21713 7692 26636 -26517 -47630 -14182 10791 -60066 33034 54082 -9807 15067 -59470 -24563 9368 -25764 -187
r315 -38056 63590 -6616 53177 32464 -21197 -37080 -8133 3569 -4963 -57732 25132 -45501 12142 -13639 43854 52884 -42771 32499 48367
r316 -52643 -60157 13022 18350 32911 -17237 -57638 54081 30997 -64133 -30456 -37450 -42674 58193 -35881 -25256 64012 -3120 15483 -6999
r317 -17655 20387 18565 36704 -15672 -22406 -46887 60133 -19139 45822 8848 -44586 -6818 52195 -9486 12250 -55094 38855 32430 -33364
r318 30602 18545 -50249 25083 -956 -5569 45932 10852 61216 55075 52308 15852 10588 -7871 -9226 65183 -5944 -34079 -21805 -59318
r319 62797 -26466 51993 -37942 -9221 -10873 -34114 45618 -2521 -1518 64640 39120 33678 49513 -8523 -63476 -53052 -48791 32170 -7492
r320 -41274 -28206 20206 -14075 49072 -35438 -65332 -48213 -51056 57679 -36394 60688 62208 -44957 -51725 48078 26518 -1143 6153 -45720
r321 -14876 -47610 -11639 -38727 416 39871 25092 54778 29930 41444 -9180 -41768 16113 54618 59669 4000 -48643 4724 529 5585
r322 -13453 9366 52906 34150 -11829 31272 -38772 65432 -26702 -43261 -48906 -652 -26372 3000 65446 60764 -41930 -23855 58812 -9776
r323 -16523 -49891 -58242 -33223 60407 -45208 59009 64416 21301 -54284 -30131 3222 -1018 -19346 32134 -18115 -47848 64257 -18369 33155
r324 -43709 -25590 -31553 44281 -1201 51411 -23500 1926 61429 15021 -49755 7810 -52229 18626 -3163 28535 22835 -61284 -51580 2529
r325 -3338 -30914 5007 -12343 56769 -5901 -62727 48110 -4809 -37963 50588 -36934 57687 -8212 62995 28287 54224 -19697 8160 20610
r326 34234 61473 15003 -56586 12154 63960 18686 -55851 -60036 11166 -53551 -25909 51744 -6215 -3104 20636 35443 62523 -45514 -63292
r327 22389 -7004 48280 -57476 15910 6798 50330 -49462 1029 43493 -50901 -17137 -16611 -1186 54946 -6000 40588 -61169 55860 -64488
r328 60291 -25080 43798 57501 12456 -13920 36334 34490 43740 -35169 -33202 -25301 -45037 34538 59885 -23118 2259 -63682 -20468 3409
r329 16634 -7190 -56233 -56766 39624 -16258 36025 -33384 47873 -46434 -38347 21524 -56519 49493 34013 -1178 -39013 14702 7440 57898
r330 55561 6774 -17960 -14938 25877 44652 59178 -49282 -6504 -44723 31286 -48444 29540 43960 10025 -7019 -19842 5026 61969 -48354
r331 -14769 -4101 -8976 2913 47009 -9464 13064 47369 -24544 62796 -65058 -4410 37532 -51626 35251 51352 56879 3498 -53392 -47226
r332 17145 1251 46143 -10437 137 1335 -21058 -24155 -2513 65390 39629 -22914 52116 25564 28593 -30625 -61498 -57807 30113 44137
r333 34337 55333 5347 -21614 -51377 22757 -56226 49074 10370 29353 32395 47680 -36055 64728 -34822 51197 57461 18642 -19653 -31532
r334 -43350 -55985 28572 47238 16867 -59293 5047 61898 1066 -64374 -30881 54938 54599 16556 -2716 -21897 5904 -19601 -34757 50592
r335 -63454 -47979 60443 -64580 -62469 60483 42426 10347 -9413 26008 -56937 -38710 -2394 52900 45503 -64657 -56694 -11488 26934 -4353
r336 6302 -44856 65419 -550 -45903 -11032 34608 29148 8538 -18893 22112 46363 32287 -53074 -33489 2254 -13716 -6174 -61613 -32113
r337 43966 -63078 43587 27134 56700 45348 -61371 -19549 56594 -1185 -62888 -64680 4372 -39685 27998 3036 -58455 61579 18379 -15633
r338 -47914 -44298 6798 21252 -25814 45094 18229 52698 -41093 22373 -27711 -60716 -26915 6250 2106 -40944 -21176 30986 45627 19353
r339 -47645 13112 -44814 -18559 -55467 -11814 -56963 -28120 -64318 -29297 15618 -37252 55134 -24118 -255 -31897 7347 9739 -23962 45473
r340 65243 -54977 48060 -3953 5255 -39659 -16312 -14134 -4714 -49336 37333 -49035 9162 -57592 11179 17038 58687 -2160 -50497 -52827
r341 -62779 -31096 53056 56413 61472 1122 -22169 -4116 6114 -18767 21295 -46534 -60246 1146 52161 -8839 -3332 -513 49249 50271
r342 43610 -5860 48721 -2247 33770 -49394 -44385 22389 -6367 -33897 7101 -49368 60339 55056 -21719 -46863 43840 -17583 -10761 19311
r343 -827 2353 -64375 39003 -65359 -21608 50341 33718 -20668 50156 20904 -11489 21936 46202 16872 -6455 10633 -55634 61983 -8209
r344 15949 49480 44924 27489 15147 10764 2647 15121 16532 43541 -45407 -64815 63024 53133 -51206 51247 -57255 55964 -56786 31464
r345 65061 -58171 62257 61160 20883 55955 -325 28011 -11639 34408 -36891 46170 -7078 63288 40360 22027 46266 -17720 4048 -38723
r346 -3665 20988 -59751 -7508 -51641 -25657 -53052 33268 -7219 -44253 -5887 23367 1533 51176 -23913 -21007 -61100 27924 -3693 -28940
r347 -14097 -42470 33820 64138 -12297 -7573 -9643 -34080 -4156 -2481 19415 -34981 -37237 -25567 10551 -40669 3142 -32900 28539 36387
r348 -49493 -20453 31328 64456 -36839 7568 -15262 -33790 4382 11058 64617 -31763 -25776 -42047 5106 -4619 63779 -58707 48280 -33334
r349 28922 -20220 61715 25321 1201 -8455 25834 -52750 65025 -35278 63810 39632 57141 43747 65190 61922 -25323 49603 -14749 -31675
r350 22324 722 -1639 -58435 16161 22351 -40823 -59328 29540 21823 -5055 -21875 8963 40060 -2101 -48655 -25348 64017 -48812 45443
r351 10379 12940 54603 29632 59238 22544 62151 6798 -57997 2485 -19640 7086 -44777 35571 -43111 -15047 48312 52714 61412 45392
r352 -48269 50591 -31508 -45178 5355 25830 -52654 21555 -43981 57772 10761 -58941 59393 -47007 27396 50232 12790 -9059 -38424 -32938
r353 -27124 55039 18512 -32010 -39944 51416 21325 -47282 14944 -64358 35981 -47382 -8254 -58266 -38492 4054 -18636 2413 26967 46026
r354 -24221 -30822 -33669 25615 1593 -48150 -51230 48346 22701 -49650 -62013 -57757 5721 -29481 40674 -64179 -10319 -33158 -1190 -55322
r355 2442 -56669 -902 36614 -58264 -36843 36113 36994 10362 -59706 22596 -24715 -58003 -15023 -50242 28326 49847 569 9491 25564
r356 63689 -14737 41974 35692 -22454 -43795 20519 24203 -9227 -60068 5688 -64115 6080 -14349 -56583 42187 -46829 57117 -23120 52162
r357 -48042 34621 30160 14697 -58913 27247 -26764 60212 17547 -43673 15907 13797 6174 1318 50602 -56291 23450 28329 45651 -5982
r358 46917 29771 22478 38057 54597 13073 35173 -36851 -42790 35315 -49858 -58287 19462 -37722 -3707 -26256 15 -25772 46019 -1674
r359 63450 -1559 58100 23871 -737 46883 -22520 -2911 -6872 19975 12934 24803 29159 59817 -1471 -17051 -35561 -38712 -18188 -21685
r360 12316 -7391 29368 53211 51854 41881 19443 31154 58524 -3673 -20722 55440 3705 -42035 -19408 26300 32381 25738 37622 60409
r361 -48655 -61282 -23135 22108 58372 57911 -541 -31160 60980 30002 5792 33303 -52954 -42078 -38555 64023 605 104 20678 63140
r362 -40600 -44280 -31224 -41955 3617 -33033 34810 -29572 43838 15367 33445 -65226 -60110 32284 -2412 -16405 43672 49613 -51991 -5322
r363 -41134 29110 21542 -19743 -49020 -32143 24115 59596 -51455 -48360 -63537 -54732 53737 -62203 -50766 28528 51213 -7956 -44026 33760
r364 28842 60710 2547 -3500 -54959 22335 17859 6054 -59995 6399 32319 20228 -27557 49951 45604 30765 -4064 -37762 -16899 24792
r365 1901 -42241 7507 58313 -3034 -4289 33657 35937 42755 36821 -61026 -41984 -40283 -63874 35760 -50637 -50517 -27495 -42384 61721
r366 769 -30583 62733 4021 -41074 55059 -22562 18651 -59330 -37515 37315 22174 18900 -25892 -48207 63253 36956 37733 -32641 -12292
r367 40519 60428 24470 -42986 8843 -3159 -26883 -22369 43617 -43569 -31355 17038 42334 -22753 -7219 18318 -55134 -45061 38280 9733
r368 41966 50984 -6845 31920 -60762 6753 -48729 13814 63211 -28064 17630 -23902 -56820 57801 -20519 -44340 -47308 -6928 64501 29877
r369 23873 -47897 -44030 -352 -10766 -473 45166 -47611 -54893 13397 21529 49971 53262 -34846 12419 39502 -54501 45647 3691 21026
r370 -7656 -9498 44013 -42615 -48329 20536 -6731 -9549 29244 -28441 63489 -59471 48903 -9413 -60526 -54960 -64267 43741 34306 -18114
r371 -53809 -35219 39317 23443 -31401 20927 -56204 -47892 -27138 18948 -64278 -28320 -12591 17117 -47195 -61895 -11396 40390 35508 17427
r372 36776 8154 55694 -5352 61579 27713 -36976 -7444 52035 7228 -51978 -3304 58948 62364 -30962 -49781 34421 24846 -787 16907
r373 -18881 -12421 -10061 -29072 -13512 48131 -9991 -40304 36085 31981 -57655 -16051 34956 -10741 55270 -2333 -62993 -21374 -6738 25150
r374 -24244 42142 28672 -64507 35346 -55259 35229 -48023 23084 -39620 -58498 -40475 -26806 46701 9913 29240 50436 -47050 -33041 58675
r375 32824 -45693 -25552 31192 46359 35295 -24779 49653 -6360 15220 21304 52514 12575 -1044 -6112 32479 -50176 41823 -7007 44043
r376 2108 34229 61357 -55744 -4517 -36032 40268 42464 -60964 -58756 4215 62438 17688 9416 -31790 -7287 55138 18396 -31926 64510
r377 -52934 41726 -15806 19816 36376 50799 -57437 -56129 40996 30618 -65050 59660 60357 -60873 1696 -39933 43842 20950 43108 -10337
r378 -39498 -64094 44036 -48189 -25238 -53148 52884 -47534 -64892 -10754 7000 7430 51349 -63262 8721 20338 36406 56432 18914 -23573
r379 36773 28332 30219 -61123 59905 -12997 -34252 -21933 -2060 -12596 54978 40800 61496 29708 -37237 -36865 -62096 -63572 -23841 21422
r380 -12995 57309 29053 -20166 -20638 1185 -28231 -3075 63626 -22603 -35606 60185 -58172 -44348 -36033 4346 -58572 -35673 -14608 -34197
r381 -8907 63970 -58898 -5990 18058 -62472 -62557 -37189 -51083 28607 -62529 -16780 -7974 51137 -27274 -33829 32376 22631 22744 -12504
r382 -52834 55544 -23639 -15626 -30956 50199 -27387 20813 6699 33453 -25066 30090 48936 -59000 -34592 -52232 -2912 -7762 -43501 32720
r383 32668 51081 -42042 38469 46201 -19596 64695 -8670 -3301 35464 33167 44064 -9710 -23396 51088 -46665 62315 34844 -40638 56361
r384 35962 37232 38711 48737 6027 -20251 17963 33440 -25801 -6212 49766 45820 7349 64014 -37193 -13879 -1077 1246 -61571 799
r385 -38565 64868 42200 -4949 -3594 -59158 -772 15695 -28400 6557 -51948 -29647 33851 45289 13359 46765 4928 -25629 14668 30107
r386 -62748 -36499 -55596 60848 35472 2938 6876 -7990 39987 -6930 20954 15157 48276 64165 -59517 7941 -16819 -44335 -27013 -7939
r387 -24030 -38982 -38470 27526 27398 62135 27157 -42655 6883 50870 36241 14630 41630 -13804 1475 -6803 58627 -30982 -23880 23999
r388 4856 59654 2287 -39029 -17504 47833 29080 -17106 -39104 54896 29036 48640 52401 39181 -12915 7923 -42751 26345 21363 -33243
r389 570 6864 4859 -40303 -52690 45957 -35710 6768 65112 -44517 -50603 48355 53307 4380 -35184 30907 4489 20696 -39861 -31109
r390 2684 2277 -50345 -2164 -31763 5363 -37511 51611 -32503 -33342 -60647 -44562 45464 -38888 -38413 40639 -20013 -52487 22210 4977
r391 59659 -65201 -15742 -23948 13731 -36013 -56789 -4805 -4330 51703 -35181 54765 -48234 2551 19749 12606 -40830 -57754 55715 30469
r392 -40948 -52457 54554 2044 -46725 -13684 62713 581 8424 -46446 -10976 41273 59607 27209 -5845 18544 -40879 17290 23215 -27329
r393 -14174 59056 -32618 -24962 54759 -1909 9027 -22613 61874 -63206 8560 28805 2516 -25109 29630 14794 52734 -20577 11738 -61802
r394 -24884 49607 20217 -9053 11631 -61543 -57901 -52166 -53900 20117 61564 19514 -37652 20447 -48108 -51614 -11709 -10957 -24716 21087
r395 -32880 26158 17246 5033 63760 4353 16254 -9548 10591 -53111 33142 -19002 50837 18516 59402 -9035 3041 -59372 22306 -54075
r396 2673 54350 39476 -49191 60987 -35842 13007 45380 -61119 56764 -6065 -42644 61636 11987 14770 -25949 4881 -52654 31875 19922
r397 13134 5768 8174 34930 -37591 29677 18494 18530 -5100 64443 39279 -12119 17359 -61697 -10698 -23753 53424 23204 -47231 12491
r398 -27224 20194 40791 30027 16261 -3658 -54108 2600 40205 -33984 5633 18596 54166 -29261 10794 -42414 -32962 14795 -8816 -54122
r399 37926 32105 -33289 -25337 48691 47400 1923 -46125 28374 43635 -59578 45928 39713 64122 -34150 55927 42070 -4813 13367 -32737
r400 -45635 18554 48535 56034 6130 9213 -17067 -374 15465 50928 64699 -4353 -57137 32761 -23153 -212 -48944 -29753 -14649 -5029
r401 2843 -3952 17863 -39126 62939 -15295 64854 7711 -42943 -39197 54873 -23577 -44337 -47621 -57237 -39448 -57580 -40524 -10529 37319
r402 50105 -16522 19797 -43033 56331 6741 52398 -20388 -45809 50656 42085 -22634 25589 -29392 46314 -11515 -60170 29187 -2487 -51948
r403 -34500 -52985 40966 -9820 -13171 16097 20952 -38155 60082 16432 -51583 28499 41515 -48261 61688 33294 -17828 5789 -30515 -61293
r404 58823 -23220 -45783 64558 26695 35946 -45674 60412 13692 36811 1243 57190 -30516 -14944 16250 -27106 59041 -25973 -14293 64219
r405 42684 23076 -1626 -59569 -25686 43590 -65283 -20556 -43321 43399 -39759 -9263 18890 48963 15581 15452 -32753 -56227 5536 -14072
r406 -46238 -55117 35812 41870 757 12943 -60644 -23887 -56939 -31282 -48417 -22950 -22392 -43804 54902 -1810 -41068 38704 -42513 27515
r407 58533 -8128 -30457 22139 24129 -31691 -20699 57782 3524 -39895 14719 52533 -41739 -18494 -42612 -32036 -36723 -30996 -48010 -14747
r408 -49551 -40872 -44704 25140 43570 -32568 45868 -53164 -6266 -39689 34904 65456 -18401 -52531 2004 -20404 37712 56931 -26058 -58629
r409 61851 -51663 -12243 -49617 13281 -42393 31979 -63188 59065 -8472 -24963 63532 -21316 5602 -43152 20780 -53731 65431 27825 54839
r410 15586 -5528 -17049 -42560 -5964 -46322 -59779 -33091 51823 -64938 6282 27118 -9989 26924 -54498 -54015 3202 42189 -62342 1307
r411 26276 51136 7337 45305 63785 37649 12409 -45138 56984 -41958 43044 36242 65305 31984 -25867 43030 49971 63140 -29376 6281
r412 54767 -54918 41705 -19847 40488 46523 -33964 1892 -60229 -4733 38993 -13024 -29520 -35112 64440 -14002 63795 36998 34420 61614
r413 -41689 61248 -23486 43461 -17153 -56033 28595 14974 -19100 40475 -43602 -34723 43330 -37884 62190 56170 37481 12676 57384 -57098
r414 42397 49493 27014 -13495 -55726 -30776 27624 34196 2365 62156 43281 57232 -15166 -1244 58915 9809 -16424 22722 13860 30933
r415 -14868 -7687 48138 -9712 -38257 39668 82 20494 51481 46724 -53523 -14859 52587 16959 -4296 -55236 18397 -59174 -31452 -64972
r416 -12212 27454 58194 30308 -3597 -5011 -65061 -13540 36779 -44745 38727 -21508 -4913 -44167 11740 18907 -22292 -28792 57101 51155
r417 19640 60064 -17624 1470 61847 38017 -30559 -33295 -12130 -76 62408 25451 -45155 60856 -30155 10674 -4736 -48190 5011 46499
r418 -59861 -44348 55811 -20009 -46093 -60698 8738 4880 32319 -19029 9064 -21102 61519 -47697 7471 -32091 36483 424 26723 13898
r419 -54275 41387 7804 23829 4452 54788 -38829 1028 -16219 27478 24067 -52109 61641 57892 55352 5165 -51265 15838 54544 -52802
r420 50764 1149 -29211 1728 10185 17843 51730 29940 8026 51694 -40346 -31615 -24584 1308 -22984 55494 -42670 -40997 41934 -1077
r421 -45865 -21573 -61526 3155 49897 -46775 -18697 -15547 -11932 41883 -886 -34600 -33783 -15885 -34997 -17978 -46763 51231 13651 -36535
r422 -37328 -16581 -41708 -16373 51763 33295 53061 9698 -37371 35706 3897 -63304 -26857 32393 -29243 60753 -13897 -50481 -61679 -8116
r423 18223 46067 49441 13824 -61146 -41174 -3682 61404 55465 28765 -47937 -25442 -39191 -63407 -35890 -45437 -25359 -34413 -4246 -9188
r424 -46397 47591 30225 30348 -19291 33921 37942 41293 33777 -8799 -52991 -18958 -56963 6919 27367 2120 -55525 52618 759 31460
r425 38306 32713 -6121 56031 15188 21962 52249 27296 -64706 -54084 15685 -39132 32443 -48944 -20299 -20229 -14719 14842 61036 -36620
r426 -57399 7787 30306 -7096 -22763 -44249 -50452 55604 -7028 -11040 56520 -54241 -20619 23876 -46565 35141 15352 35694 -39038 33877
r427 -6699 32302 -24993 34210 -57482 15298 1245 55440 -52444 46758 -36432 -31086 10494 -4703 55518 -42907 -7026 3152 58658 7918
r428 -42349 -42356 -53516 -14387 -36742 8414 36510 3810 -33479 -13266 -44515 -35811 -43708 8488 -19571 -24559 11944 8743 25285 33699
r429 -31928 -2689 63664 37312 -52168 21005 -44048 -6220 -49854 -14537 -51511 39633 5040 -18666 -10283 -60251 -46652 -55885 47503 63948
r430 -34777 915 36303 27997 28624 53040 -40699 56494 -46894 -26677 -50086 57447 4726 31427 -40448 -44549 -38441 -35178 -16130 -20940
r431 -7788 -12652 25321 51355 -65034 15776 -18591 -31537 13600 30891 -50910 1124 -59859 -46608 10612 22183 -63446 -39680 -47959 -8300
r432 -23273 -54621 -2541 58955 -1617 -62528 61270 -44004 50758 -59254 -50032 54453 62447 41781 16814 -57300 24213 -48354 -51815 57897
r433 -405 27936 62551 24593 26815 -226 -47224 -19094 -19591 -57634 7868 -29021 -48969 40145 26936 -13119 15786 -54433 13528 -13992
r434 36007 810 -41813 -39813 54361 33007 -16026 -17566 42288 -50849 -20289 -26542 -23025 9866 -29633 -64415 6494 41085 63508 -5726
r435 -24824 -12192 58129 -26045 -9623 -36530 8231 -12125 -20876 -22498 64337 -45316 58523 26098 -61985 11604 36229 -5776 17543 -53266
r436 -41183 62548 -15101 54621 42810 -39531 -21034 65511 -60336 26712 -31340 30338 -30748 -19353 63643 -35319 -34700 -50402 45300 -9730
r437 -4949 42657 62049 48505 -60525 62566 49425 -60991 47648 21253 29265 -44068 -32059 65326 42188 -1826 -32440 36245 -23480 -14608
r438 -11311 -37369 -56820 -53046 19969 -1509 -63753 -14097 44231 4807 -4295 11414 -62042 17892 -42546 11769 8837 -45892 -34724 -5955
r439 -58585 1322 -27973 -31183 -64735 -48119 2899 2200 -5781 -7881 -45060 -9265 9079 8220 30733 23959 46648 45868 -29614 61217
r440 -45782 29384 -43441 -32338 22941 9039 13710 23554 51622 -26240 -13957 -9025 7037 -13579 -15346 -17611 49971 7621 37498 -9950
r441 2417 -18561 -40368 -14554 -37930 40098 -57520 -5112 41066 -58411 -24006 -6060 -38566 -65416 26319 -64164 -15125 53045 48647 9159
r442 33970 26424 -49119 -1944 32006 20070 -58648 -9175 38856 27275 -47095 56912 31949 -28686 47374 23451 -28101 6251 -51282 51018
r443 -61771 -43092 -13470 -3785 59974 -53574 -55503 -18670 45855 -25690 -31802 -43242 18765 -43917 -49687 58566 51877 54969 33691 -59964
r444 2952 35812 -8942 -32828 56741 -16397 4822 59286 57224 6773 -10254 -14413 -27003 -62569 7517 -6450 -54683 -56148 -17059 -51994
r445 -12365 3004 -22147 -38957 -19801 18180 -64294 11203 -14100 20981 -58232 -15682 -20287 35447 34131 21820 -9911 -35729 22681 2905
r446 62767 -21568 14994 51567 23139 -19485 57050 11713 7069 -46639 6121 -60413 9568 -54529 -13694 -10282 -3730 -242 27807 -16765
r447 -46985 38549 -29171 32431 -11874 -50895 -65062 -48623 8548 8759 -12929 2261 38783 -49408 17502 58751 -51603 -1906 60027 -6492
r448 -61009 -52870 53779 -33266 26553 27398 46581 51835 62697 5982 62755 -42014 47055 40798 8491 61419 23136 -12916 37435 -7900
r449 -40752 -47781 48749 -7151 19174 -2607 -16688 49368 47233 25725 34786 -44804 -35838 -697 -23714 57899 59573 -8146 5417 44444
r450 63231 13617 -54996 -57737 42848 11199 17725 -28226 37640 -683 41435 -47840 30144 23035 -3927 9432 -56182 64488 23113 -2644
r451 -13510 -55488 -39960 25672 -40424 -15082 64480 40209 -37723 38229 -5062 -2915 3060 -15452 27635 -18738 4471 -36418 295 -21342
r452 16087 6698 51326 30137 60114 -43640 -59933 -43108 49519 15644 -4856 -14343 -43033 -8920 15418 11745 35290 -63069 -11675 52746
r453 18943 16359 34315 -24468 -62388 32587 -48403 -32704 31147 32917 60683 -62819 54556 58202 6090 -55688 -44942 -8480 -29044 6687
r454 17954 -30054 -11858 45869 8951 -45867 52275 6790 -63605 -11148 35097 30268 -15464 -25916 -36112 -33794 -42572 56993 60147 27099
r455 -65037 -18446 13574 -13239 -24782 23032 17314 -45181 49765 62082 -3030 -39187 -53919 -18487 57306 -39473 23560 33765 -28259 -33454
r456 50304 215 -57714 65233 -22572 50366 14292 -43599 9757 -6749 -47264 -23072 -42217 -7155 116 -49669 -8821 8644 -13410 24555
r457 61736 28637 -61127 36039 64035 56311 -41784 26481 -47215 -39310 4137 16805 -39884 20239 -33200 48577 -38701 -9257 36598 24608
r458 57949 -50979 5714 -53283 -48123 -52030 -30894 33686 34008 -52423 -8928 -14265 60440 -32350 -54642 -22201 -20257 -20526 -39716 -36896
r459 57018 -22888 50802 3159 -34913 -16980 -11313 39546 31505 22920 -33073 -5303 -247 -18810 23349 44702 -4973 -24745 -17042 47610
r460 -29008 -22083 55777 59541 -29621 56393 -48423 57701 -18694 50079 -6708 -6556 62248 26546 26665 37898 -60741 6512 -23700 20760
r461 62810 29419 19763 -10547 63078 64044 -14547 -64300 36563 52472 7013 58423 -6657 -57744 15059 -42941 64118 -34678 51003 -51117
r462 -61842 13271 -557 -30384 58798 18875 -48566 -1275 5121 -36742 9366 60737 -37218 -16785 6554 -43859 -33542 43083 57107 -26664
r463 -16829 -9026 -12927 52629 -39476 -60408 1369 -24839 50341 -56977 56192 -56481 -23945 -52255 -20378 -2549 37136 17905 -37528 -43956
r464 -17660 28392 40396 3024 -9793 11463 -3113 42479 29023 -9638 46883 37654 57261 13497 -18694 -20962 -59128 -60631 59097 24880
r465 -36055 45189 64666 -52076 -6417 -3369 -14377 -57844 56275 -61613 -37203 -22335 27239 9196 -3223 28454 -20570 1262 397 1375
r466 -8720 4364 -9075 53422 15654 -20005 58797 33439 50105 30915 38128 -48941 18857 65198 58207 -37889 -63942 -33311 -37344 -805
r467 58616 34949 57215 -43736 -46620 -23989 30920 -41714 11920 19091 -27369 -57721 -64641 28507 63137 25135 -29552 31567 -15196 -17492
r468 18141 -28991 -28579 55280 22423 32296 -64177 -43630 50185 -51935 -58169 -27474 -21964 58654 52378 15956 -62326 64712 -39737 20935
r469 60633 -46942 -51732 26003 -17442 14894 48031 32699 38760 55714 -59318 -38225 13604 64483 -23687 44936 63735 53770 31271 -12907
r470 61156 -24973 20535 -43430 61208 44774 -8799 1593 46403 -19139 -18456 4496 51965 -44709 63886 -37703 17060 -12642 34880 -48049
r471 62369 14342 -13163 -36052 40766 -65079 22325 -64724 56228 -9595 -13719 -64005 -37598 62297 -35760 -64846 -38649 -23378 -60461 -44670
r472 -57005 744 23238 62900 -50897 -47942 27584 27422 -48505 -7613 -18004 -5040 21542 -59305 63314 -5615 36845 56477 46485 58563
r473 14992 -18525 -65109 6613 1755 -25153 11371 30233 14769 -32115 -46802 27680 49394 -35899 9307 5091 26877 -31545 11235 -25827
r474 -33632 49096 -54515 17946 -21708 -35319 -23200 23633 11875 18914 -40116 -14893 -37808 -42017 -62915 53645 -39767 -45784 18641 53552
r475 -65309 -46520 28236 59889 -52116 50502 359 10209 -8215 -22094 -9609 18593 23057 -19793 3776 -39912 -29145 -6069 10759 -24775
r476 54842 -42975 -41805 14443 -48269 -26631 39392 -2465 -28447 -2257 -14389 60140 -45400 64269 61295 50611 17760 -63109 11213 -34091
r477 207 16203 40941 4018 -53019 58925 -22731 -1216 24034 -4506 23493 8192 -35640 12881 -35009 65204 -60025 -22787 59573 -56725
r478 -11140 57060 -11267 -26090 39923 49041 -49225 -7266 -33619 36888 34378 -35345 62401 -60121 -14943 5145 6599 43448 24747 32912
r479 27707 -51438 46438 -1954 -40661 190 61667 55516 35447 -58134 -20518 9173 -52303 59491 4005 -1585 -55385 17142 -42093 30727
r480 5762 7754 15126 -217 -43295 -63327 -8931 23185 35075 -25645 -7685 -16761 -56655 40876 59694 -55753 -46166 32300 -34992 -23530
r481 11594 -42639 4326 -59354 -45823 1108 27986 -63313 -43217 -55260 -54418 -25390 -25770 37160 32813 -30727 -42008 11742 56744 -61454
r482 -12059 11974 -54275 58419 11853 32036 20171 21448 -20114 -266 34315 1477 32331 -38933 -60850 35971 -54615 58453 -3344 -1698
r483 44508 42325 49322 -48399 59403 43998 -46859 -5340 -50937 -54085 10409 30539 -47949 38196 771 41162 20543 -31659 17022 20074
r484 -34754 -3481 -36935 19357 -35011 8535 9029 -29629 -26446 49079 -34742 47648 40165 -41201 27281 49407 13022 29031 60262 -11861
r485 -61205 14947 17543 -41991 50250 45277 48029 35722 -62513 -22517 -3655 8951 37038 21739 -2116 -11184 -48272 18976 -5709 13513
r486 -44849 -55123 47197 -58067 -29705 55043 -64873 -61756 48272 -29930 42293 -18105 25405 -60704 34490 -38842 -25978 33486 14826 -31077
r487 14698 5464 -21585 35612 26179 10652 -55589 4429 38558 -58871 53510 -51506 52580 -2075 22253 -45569 -33149 17413 27468 -40702
r488 7331 35127 41168 17991 -16411 -5530 6747 -6593 13391 20728 22405 25224 11039 -7705 -12931 -14768 54845 14889 19350 -7607
r489 -320 -37603 -16802 -47448 36454 -41224 15095 32540 -11214 51072 -19950 -22645 -42945 26332 -39177 52359 -12212 -4968 -40477 3967
r490 9054 17615 -33895 -40672 60104 36538 29740 -49110 47929 54454 11050 37383 -24197 48551 -44158 35745 14309 28540 57066 9668
r491 22957 -32583 29282 31845 -3871 -6448 5208 4609 -34983 -13648 64611 10631 51623 63667 36357 -60444 -30055 -27922 -9137 -9111
r492 3980 22259 29917 -46826 -10299 -47145 10621 25183 -7942 43584 44342 53346 -1773 -9647 8337 40692 13818 22771 12521 28968
r493 56927 29739 -64746 -4483 -41396 61767 50205 2634 -46718 -29422 17135 -26591 -24830 24977 -47077 46183 5799 -34717 26769 9405
r494 -61749 -20119 -37732 14782 -54064 64367 57229 52260 60122 -19163 -61977 61305 11905 -37035 49764 -23104 17727 -38878 -52781 60198
r495 -56484 5607 -32472 18677 53286 -60915 9771 -37362 57503 32385 44754 15213 3540 15100 -18544 -42314 56336 28656 -31381 50253
r496 56501 -8909 10971 20256 -53894 -62546 -40144 53055 -29343 -40993 -24231 36625 -47079 -25388 30036 -61598 -55458 54305 -16287 -2486
r497 47222 -37471 23630 58856 7952 51174 -5090 26780 -22830 -11375 22890 -4577 -30653 56778 28829 29872 55756 48681 45534 26980
r498 -14720 59256 43529 -47857 -62090 -57507 56826 -33696 -31139 -6472 -757 43301 50369 62744 -52364 35260 27801 21955 8801 -32362
r499 30961 -28227 54237 47841 -30381 9051 -46964 -58746 46372 -12817 -30127 61755 59112 -41331 57006 -42263 56270 4652 5617 -5408
