mTable24 21
KEY  c0 c1 c2 c3 c4 c5 c6 c7 c8 c9 c10 c11 c12 c13 c14 c15 c16 c17 c18 c19
r0 -6197 -18879 -42654 -59996 51533 43284 17317 -47466 55917 5032 59238 -43664 37484 -61461 50664 -55430 45074 453 -49752 33565
r1 30663 -31247 31848 -10882 29479 40106 -10826 45056 -6369 63446 -1157 -2775 -51069 32332 -38160 47626 31081 42168 51749 -25238
r2 20061 14385 51948 -10721 44074 38527 -12009 48773 -4247 59440 23911 5923 26583 56220 -20480 -21463 65525 38946 55286 -53500
r3 -30163 56405 25086 -41907 15737 -50666 -55199 3740 58392 47922 -14082 6114 6179 -30065 -13893 -20294 7396 36542 -40375 3148
r4 -9744 -26862 15837 -51877 -33735 29673 33337 -3391 -14048 -25629 -49251 41018 -9469 33143 52463 -47481 662 -13042 -5018 37994
r5 -230 -21509 -36625 10888 -57652 11899 -63572 27429 -18350 -59697 26255 -35896 28852 35620 34060 26527 63175 -11710 -64717 -29506
r6 11164 -10109 63688 36309 43288 63859 -44669 -1474 -3634 28144 -18291 -65158 -36922 9296 55587 -44589 -560 -12805 -13610 -40649
r7 46488 27275 48902 27862 33524 53174 25529 35815 17838 18202 30478 -57287 -2424 50198 -60946 -63052 32204 -10725 -45590 63877
r8 -543 -62438 -40696 50263 45027 -60154 -24104 -8882 43366 -43783 -16457 -15656 9750 26565 -35108 64805 30321 35730 24149 57194
r9 16027 13807 31689 50520 5518 52910 -12003 -31205 29597 3431 50123 42131 6336 -32477 -17720 16593 -57892 -61470 13630 41421
r10 38999 -20154 -36468 42386 54286 32438 35946 41869 -38139 -30489 -37123 -49882 -15027 -11595 12989 61759 43535 -38424 27687 -60501
r11 38716 -27767 -36004 -63010 -28820 -16581 -16133 -24208 53444 52414 16942 -45744 44222 -61840 14513 -33586 -19618 -30470 -17573 36941
r12 14078 33194 -43193 -42724 -57590 37714 49965 -40208 16270 -44587 -15813 -7139 -30956 -63259 -63036 20467 54200 24684 46147 3811
r13 -29933 -44297 41117 -56487 37283 46023 54084 -44143 50283 -47875 45664 -64565 54348 47056 27125 16961 -64606 -39768 42613 -4367
r14 2599 16535 61361 23910 59414 30299 -42833 54905 47426 23099 -36816 -31418 3079 -42262 -18704 -30039 -63617 21164 18938 24960
r15 -15845 -59470 -63682 -22826 -26503 38009 -31777 -46008 -12235 -41999 -54379 40157 57035 -64857 -36348 13157 37173 -32029 -2965 -5147
r16 -40218 -35942 -62404 15497 33525 38404 -32195 -1643 12240 45488 -21472 58523 31246 -21437 36773 4595 105 -16861 -61189 60907
r17 55072 -25613 -23286 2478 1061 -17441 -36097 -57024 -55190 29617 -54335 -934 53098 -41487 16474 64631 26258 41085 45280 3318
r18 48723 -53060 906 1917 5723 25137 -38612 -33465 64914 -53766 -32733 36992 -32336 5238 -14675 -3652 -37479 63871 29132 16210
r19 32485 30501 -41783 59312 23652 -54196 51292 -37318 23583 58078 22048 -38505 -59642 -24991 -12767 -36392 -6414 -42429 -24095 -42133
r20 -5427 58442 -31656 45998 -54383 -36269 -62161 13192 16917 53653 5771 2307 60352 12144 25649 62452 -5807 -53960 51133 -53176
r21 21955 -60139 944 -43272 11951 -54558 -30633 38437 -48204 -25089 25965 64994 15079 36092 40231 -15777 30524 -40866 -35799 58422
r22 -55512 17824 54698 -22524 59170 -49890 -51729 -3913 28 -10035 -46067 -42745 27208 -30493 -7728 54777 15683 32546 -14388 -65479
r23 29540 -64087 4183 39471 -41088 -57914 -61364 2539 12589 -60939 -14531 8044 -35541 41354 62284 -48370 -9988 -41593 -52219 -38114
r24 38980 3531 -53006 -53783 10112 43313 52029 44506 2885 11813 11620 -4172 -63008 -41162 -8057 54729 -37057 38489 -35840 -44530
r25 60820 29579 -51500 62784 -17170 4235 45107 -25757 9365 -6380 33159 60105 63386 -63179 10648 17890 63594 -27467 -41675 -19092
r26 -18022 58450 -28396 -29668 -21942 41241 -42799 11714 996 -3225 -19082 -64385 -28835 10341 -63226 36067 -5270 -18723 -12028 63577
r27 36813 -24672 22819 32383 -64999 -16193 10087 47349 22068 -62999 -53886 46620 -35363 -35519 -58757 7401 -27467 -30668 64250 -18240
r28 -59543 15399 -9285 -57931 -50187 -40270 -36888 -18794 51235 -53835 18225 2553 23510 17428 10420 -22717 -52643 -15316 -30544 1783
r29 12407 -18392 31036 -33208 -47490 17645 37153 45653 -27741 -45937 24499 64179 -38847 14688 8711 26796 -51786 54097 -40122 -49868
r30 -4429 23752 14406 -43388 -65363 -18635 47043 50510 -32587 16085 -51225 1889 -17924 -40131 49995 -65463 42655 -921 -15373 -11227
r31 830 46598 -10411 -15660 36960 -26508 -54531 -23026 24819 -50620 -31312 -32991 -65195 -22910 63579 8379 37763 13925 59386 -48117
r32 -54871 7751 -62672 -1963 -52621 31866 -59801 31504 -19832 -61057 55353 37118 3447 -43702 -57946 -27004 -62107 20223 -3223 49181
r33 -52694 -39567 -54312 -19674 -31839 53825 -22022 -29101 3184 3593 31561 60012 44087 62755 -21835 11102 -9878 2084 63869 65196
r34 -17753 -13990 -63976 13922 -38810 -26596 35888 -3395 -43549 55784 -65343 -26338 -45486 -38564 -65236 -64993 -21536 59001 35437 52674
r35 47825 -14415 19365 14149 -23961 46887 54012 25332 -20512 -54025 11168 2649 28370 40893 -16980 -60561 -46624 37338 6649 -30248
r36 37902 23919 8103 38290 -17267 57589 -32970 -54806 45441 27589 -21491 -26291 16895 60974 -47419 61502 -8828 -28254 -19709 16169
r37 -33653 26102 -6799 12233 -6052 -61175 -24681 13252 -12761 -3269 62040 -58205 42096 -31 32925 -29641 -61918 63168 42600 -10467
r38 59737 -29358 30518 48251 -32784 38374 34982 13689 -59749 -41257 -1769 -36610 15319 20973 -27521 -19048 2163 2236 -19223 -22034
r39 38034 -46704 -35067 -36119 57213 29332 32609 11808 -44279 -29642 39394 12618 -31463 60675 -57982 7929 -19979 -22316 -11906 5334
r40 21464 44066 -56886 -58797 -54869 32951 62290 15062 2604 -24920 -62103 -42254 8084 58476 39020 -44942 5358 -12269 -28049 -58184
r41 61951 -51449 10738 59133 51401 -856 -62357 11531 56235 42640 -33724 9612 21795 22682 -13230 -57600 38559 1505 32442 -46659
r42 415 48298 17961 43563 -25325 -7516 -40615 49956 -62300 -18707 9938 33503 16202 -37628 -46010 17879 3508 -47535 -37978 9039
r43 -12568 58613 31990 -4293 -9344 -52259 -63039 -46555 34856 37234 -31674 -16548 -15576 12923 48280 10890 64677 -50349 22309 57591
r44 22226 -27229 -59953 -10070 23313 7199 6850 2729 -11784 56586 -50845 35563 13607 43407 -26194 49261 -27789 -35906 -24411 32296
r45 -14407 -38341 -23223 -8865 -5954 -30139 11054 -10941 49325 60397 12048 -63462 62162 -52983 -37848 39253 -29446 40213 40303 -62132
r46 -10780 -65015 -63720 -55755 -46781 56094 37190 63591 -55088 41057 48700 5005 -54121 -27496 -4782 -49955 32432 39396 -29973 -13462
r47 -28060 21827 -38214 -3824 6029 -50372 33028 -54116 62078 -47072 8334 29039 21153 -34420 -17077 22094 -53115 21751 -30553 -34648
r48 -49048 4650 7064 -3155 47588 42339 43221 44198 -34640 -8228 -61234 -49018 -14701 -3724 31530 36655 46345 55416 -50354 -8276
r49 3532 -35283 20224 51280 17049 -61152 55763 22728 -34817 6937 -7625 34260 -25039 -54836 61235 -51888 -10885 -9114 -48961 35426
r50 41349 -46070 61464 -50099 44319 -6780 35219 -1491 -60585 63177 35338 -60057 20134 -20873 46626 13420 -56460 47447 1589 -49296
r51 7686 36280 55413 21401 17189 -58337 25951 50388 45927 43087 38253 10617 45148 -48688 38714 43334 48241 50302 44949 -18193
r52 -33501 -13774 64895 -78 16936 59353 -24066 39555 42211 26418 50572 -55171 59040 -24731 -57883 20274 31787 -7231 30824 22001
r53 11152 -41211 -33107 -33419 -62784 -12959 56764 -9099 -58223 -33982 -16861 -38215 23193 6026 63051 -12888 63208 -36913 -15793 54836
r54 63158 42797 59524 27843 7377 34519 59495 -37185 14918 64958 -62405 -27195 -26475 -20569 -1955 9469 59129 -56186 -29740 -2838
r55 -29192 -40050 35715 -42521 -50589 -42302 -37110 32204 -39679 -3380 -11744 52382 43412 -43052 54793 60569 -28686 62797 28881 -18648
r56 57212 24349 -65202 -10687 -17665 -37643 -23591 -39181 56834 -14241 51830 14786 -27298 23472 -30159 43945 -35295 -24983 10360 -23579
r57 41464 -2869 -20604 18664 -31032 25554 26806 25405 -55211 -44891 994 9545 -49534 -6695 -21267 -5458 17982 -57747 47534 42983
r58 -13692 -20559 42910 16472 -34060 19048 -36778 -55318 48288 -47609 -46996 -32971 -35741 61190 -45653 -51788 -2265 10005 36265 -22936
r59 -63547 -61998 36613 -24163 -46744 20615 33989 -7899 -18269 44809 3981 34854 14282 -27936 49796 26192 -18083 -455 41028 16194
r60 4236 -56354 65037 6989 31119 -15519 2913 62896 -1874 -577 35613 57328 33710 -16796 -45972 23044 -27173 47899 13135 43409
r61 38899 2967 12014 -3878 37588 -16445 -28395 60362 59255 12243 50800 -49782 39459 59392 -11662 63396 2444 15074 -5759 19
r62 49785 -2462 -22461 13622 2013 14628 23878 -26968 -32913 20234 44722 -47346 -61283 -46368 -9111 -30352 45766 -58058 -27684 61170
r63 14776 32731 -40583 52803 1976 -15606 2572 -50618 -38360 15176 -46211 -46094 8573 -20526 -58732 -39905 34776 -16385 48126 -47634
r64 -48368 -47650 -26106 -11216 -22958 35025 28258 19198 -60974 28205 -44605 8752 -41851 38044 28086 -21204 -55467 -35233 -26822 -28047
r65 11077 41700 -9665 -9053 -6677 8852 55301 -58299 36477 47688 41842 48419 53469 -11209 18464 -44029 -29209 -36154 -45682 -14355
r66 1199 -44588 -41528 11153 -60594 -3565 27541 21951 -5018 -47072 -1824 27523 28788 -29540 -22000 13112 -59067 52048 14969 -865
r67 -58496 -27461 23673 46190 -20456 62813 -63897 -32690 -49334 -55902 -2180 -32354 -8748 32809 -58413 -46410 8819 58631 8322 -63344
r68 51194 49165 49482 55799 53609 -54973 2860 56546 -909 -62597 -42484 -516 49709 58087 -40321 -60028 -2701 875 3752 55955
r69 -31280 45132 50165 -57499 47829 -27288 11797 9875 -18626 -61559 -22512 -33704 25629 38546 -63878 -23341 34197 49318 36426 -6416
r70 -58369 -7907 26921 -27685 -31811 16448 43008 56129 -34049 -15480 -14340 6005 -15049 45721 48196 33648 -59827 -64452 -3905 -34628
r71 35567 40938 -15508 -26798 -34310 -60262 57808 -13293 10232 60546 64973 49581 39461 35534 50473 8183 -13109 -48953 30265 -29257
r72 36451 3201 37414 47236 34152 -5626 43343 52183 -44352 56672 -58813 15297 -28591 48068 15056 47084 63357 60723 56207 -20997
r73 914 47629 5405 33811 -4679 27779 2175 -52337 57522 33309 -2489 17455 -11649 40688 -3280 10847 -53710 -49158 890 59108
r74 32684 -18731 44614 55549 61201 32480 -40778 38689 -62728 -15710 -48947 -21534 49576 -941 46318 59095 15840 64387 45895 -39401
r75 38152 41038 42565 -24494 -33496 -52087 46400 33589 -28043 35503 54387 48059 -44194 -58486 -64217 -50718 -39789 -52627 -33936 54811
r76 22742 -40141 -50160 29883 -25814 -23738 5570 15150 10655 11797 -42037 56596 -8247 -41151 37858 11266 31834 57206 -43198 34752
r77 -58146 42475 -41201 35429 -27399 -44567 -61262 32460 -46084 46931 18032 48187 33877 52519 47154 -42404 -9943 37952 58744 -37524
r78 -15121 -8026 17669 28151 47206 -39965 -22475 -27591 48086 -3137 -65367 -65430 34940 -47048 -60117 19044 -22830 31225 -50414 19126
r79 19081 -2486 -8955 -20122 -33958 -52870 -37872 -31791 -48339 -6165 63978 -14332 12597 -63258 61774 -37426 40252 -23728 43570 -61584
r80 -48248 -43869 -52579 24603 62598 51727 40390 27395 -4309 -5120 -13457 16139 23774 -31851 9472 33775 36903 -25422 46762 -36264
r81 54321 34840 25939 42025 51342 17295 20575 -2358 -17311 -40215 -46542 9729 38591 -4203 -23179 -53571 -25341 64004 17521 -55
r82 -29009 29995 39895 39184 24379 3547 57192 40812 15724 46125 -42609 34153 -63547 33133 59286 -9263 -10152 -15745 64253 -12954
r83 43272 45837 64158 13217 45915 -38893 42456 -34758 -23492 583 -3004 7573 55066 11461 4105 30200 42252 8519 23171 58303
r84 15062 5905 10305 -26601 42574 -62695 26719 -16541 23637 -36554 2788 1158 -42065 50484 -3122 14210 -38095 -56285 -37789 -57881
r85 3028 -36397 30389 -64131 -57337 50437 5500 18392 -54562 34988 10308 2576 57527 2494 6691 29592 -12450 42965 -28624 25931
r86 -2366 -45665 3482 -28832 6551 43415 56025 55539 55702 -36618 18396 47908 -14538 -8088 -64552 -22458 31180 -6735 -42752 62301
r87 -19033 -22508 37235 14491 3852 64483 5174 9678 -48342 10644 -36179 47260 -5670 62268 6703 22049 34715 63362 33539 5620
r88 -21329 -35151 -44954 -49518 -10965 16585 39443 20454 33168 -60 -51063 49920 53333 -26228 -22545 -57485 -50803 -55530 48912 -4509
r89 62829 55995 -1028 56229 -34573 -63745 13557 9235 -52388 18914 58487 58920 -55231 -23069 -28935 -40549 -9241 -23920 13475 43523
r90 52645 -52297 -21275 -27042 32005 962 -48593 -34994 54908 -14556 51003 -22472 28067 -23793 54650 -50443 -40642 24659 12702 -41279
r91 3874 -28416 -21990 64803 -19114 3798 -12952 -64781 64566 -49984 24464 15997 27313 52660 -19269 -46195 4653 39362 -60417 1482
r92 60807 -15639 -7086 42812 48269 34289 -36856 28715 -30156 55323 37885 -12137 6894 26397 -50138 -56105 3812 -52986 57236 44819
r93 -12229 8067 -12108 61298 8530 6152 -51641 19966 -38307 24354 -48912 -36269 13090 -32248 -57693 62646 60217 45628 -45673 -3378
r94 53965 -2313 32214 7788 38579 29375 23972 -40965 -12800 50854 -18714 7255 -22396 -12225 -48278 23524 16504 -57377 14852 55183
r95 -23743 32359 4198 -33939 40384 -49668 -30221 47329 -18810 -14780 58126 -22129 -17786 -47900 54774 -38477 -62583 20394 11072 51364
r96 -32813 9013 -21029 -4267 -15339 6322 -16167 55002 20355 -63665 -56237 -17424 42280 48639 49702 -46501 35655 44509 27261 47422
r97 36475 -22647 -17335 5986 58772 -5363 49697 55807 -37011 -51151 13841 57445 -50267 47042 -25188 -29301 543 6324 -38796 44025
r98 5996 -22786 47373 758 41155 28356 -45053 -25733 -64337 10975 16900 -35497 43198 27374 47180 -12973 -58787 31459 -29632 28666
r99 2522 -52133 38752 28546 -30610 39811 -48099 -18331 14807 -16308 21939 31022 38029 -22224 -32764 -18122 21819 34215 19537 47836
r100 -45738 -40833 2238 62498 20096 45211 -37317 -5588 -8878 -59446 -12570 6689 -52734 -2742 -5599 -58652 -25596 -50446 -14382 -3470
r101 -6997 33798 -63315 32785 29785 38043 63563 24598 -10991 53484 -64979 2297 -30455 -2164 -18546 16956 -10977 31995 7749 -3570
r102 23289 -15970 -23067 40919 18741 531 -49781 1960 1712 -57612 58437 -17688 -3137 55942 -38712 2642 760 26934 -11307 8762
r103 16680 -14937 62606 -30519 -36584 -14680 -65121 64817 -57528 15275 -21705 -9000 33818 -50301 -39298 -5088 -42080 33007 61169 33900
r104 65320 7120 -30265 51297 -15149 -42858 -13434 -52294 -64443 -20930 57528 -11591 37309 19140 54279 21168 -49263 -56065 7352 -18278
r105 28522 46112 21427 -64834 29993 1662 49705 57215 -27687 10774 38965 -42288 -8512 -9857 -25684 -57719 55684 -36498 53922 -2838
r106 57923 48746 28846 -24964 -25029 9539 -1739 -49179 55572 -20613 -6612 -50310 13211 -41463 -56807 44626 -56058 -4738 -20914 -64570
r107 -6769 56147 -40661 -19184 4874 -34217 -57376 -10946 -49699 -64806 -30630 -56854 4180 59328 -61297 -24417 -9177 -40860 -2873 32437
r108 36725 -12514 18271 19322 -45497 -50630 15487 32335 -56164 -9641 -62148 -58018 14713 -62292 -60397 -62449 -9029 -22455 -14749 8971
r109 8110 -44560 -21437 -53537 16298 -17333 48987 40869 17827 -25650 37012 21133 -62178 59178 -45832 38038 -1993 60441 -65438 -34358
r110 31741 -48258 -40278 -34174 -57730 -53545 -62173 -36545 -65120 34549 -62834 -45067 -23860 64810 -25484 -29722 -49425 -24429 61711 -58465
r111 57759 -19761 2142 20432 29779 671 -64148 -27651 -11156 -12894 -36511 -14268 -19210 -46382 -63121 -9048 12371 -60443 34972 32344
r112 38531 38911 61338 8920 32900 14476 63080 34253 4414 64432 53878 -20092 -61190 -59621 -754 -4551 -13060 -33252 -24975 37439
r113 26849 64081 45683 -51248 -42045 -29249 -7518 -5346 -950 60222 -49932 3462 31601 31547 -61514 32239 65512 63984 8096 -2237
r114 -54410 18925 58640 -2990 -59568 31651 52060 -18901 -37014 -1255 45085 -2824 32859 26141 -18138 34567 -63811 -26155 -59346 -7374
r115 -6275 52270 669 23613 -40402 -2969 5045 -16891 -3490 -49723 8070 51539 159 52833 43586 -55736 23679 25367 -38483 12198
r116 -36163 3471 29846 29575 16235 32569 -5124 -25551 29664 -4692 15383 -61557 5121 50643 -55368 -45587 -45337 15077 8122 -9614
r117 6023 -13500 -24564 -54726 -54320 7147 -24381 -12892 -4701 -58807 64472 17155 12714 28483 -33955 14485 11436 -10601 3266 46605
r118 -62054 3554 -48598 11748 57637 47606 -64229 16787 -53600 51871 15470 -36571 -15692 52188 42377 52304 -3374 42117 -64033 17594
r119 65188 -50934 -43814 -15803 54630 21309 -6088 -19624 -39189 12075 1428 43830 16454 -43568 -17523 -33639 -24801 52055 60493 35746
r120 -35176 -24813 -9165 59408 23259 -39771 62233 -47054 1130 -36603 -34431 -39753 49022 -15818 -17759 -16401 23529 -21758 628 -15509
r121 23457 59099 26439 -5988 -44235 -7900 -29840 -40520 30667 -3849 30836 36386 -42540 2317 -61139 -48084 -13845 -27982 -9271 51387
r122 -42213 61051 6292 -32604 -61337 55214 33445 28761 -12310 -65147 6743 -59210 19218 36737 -32393 31660 60648 -19052 44654 -52530
r123 43656 2247 -34222 -50471 -13653 -1822 26603 40646 -4161 -61305 -19172 46144 -28989 -22300 6394 21619 -25156 -56315 10865 -20290
r124 -17679 13586 -42726 41153 5549 23889 3642 -22909 -64387 -47424 54019 -57748 -48698 -6157 -39048 47311 10623 -6889 -30229 55174
r125 -4219 65296 61450 -42263 -26821 -62661 10703 -14269 -47569 -58292 42532 -1935 -16894 60852 -34575 36454 -37103 57386 27682 -56713
r126 -24791 12286 50237 29561 15451 -15032 13399 -2310 -35133 -7317 31827 -25464 29877 -59862 -26397 -42115 -15386 -41908 -18849 -45834
r127 -33529 -35970 -34398 54515 41088 58322 25181 -2127 345 -49598 -46818 -44530 50478 32007 -42856 -43178 11273 -44987 38789 29539
r128 -56886 36595 60001 -503 39112 18840 -44632 -58725 -33697 22725 -53249 -43427 -46988 -40834 -49962 35492 -48149 -26980 43681 5025
r129 26068 276 55575 -25858 4366 49265 23745 47579 -45760 -45943 24834 -51086 -63344 61678 -11224 38346 1420 23446 -15143 12697
r130 16625 -14933 -6352 38478 -25247 -60084 -38650 45231 6335 -25083 13980 -36938 49658 -22467 -56367 20425 41897 -37178 60729 49325
r131 -16094 54749 46091 -37598 62090 -22974 46954 22360 14258 -19223 56813 -5242 -9457 36044 -65076 49287 -16358 32331 61364 29262
r132 -17405 -23546 -6407 -18181 -12218 -34842 51288 -14891 -3932 -58357 -15472 14219 -51897 -30115 1402 9609 -26503 -57284 20498 33295
r133 32524 15474 4776 57702 21661 -31091 -10335 -49609 59176 37780 63252 -36166 -64550 12844 38578 -49295 26621 -33912 -12575 25413
r134 47855 1036 -28405 -776 49331 4141 -34963 35842 -56343 1554 34212 13016 55601 3472 -63868 33185 -35807 -857 -54130 -9381
r135 -9162 -6772 -8672 63560 -24012 33005 -2324 -761 12032 -45568 -34507 7405 26079 34308 -27143 12077 -45123 63781 -9732 -8375
r136 14123 37800 32451 16423 2060 8609 42426 -46845 -27746 27056 -14347 5855 15847 -26557 -23306 -64245 -1273 12948 -54315 29215
r137 58705 21600 57777 -15676 57782 -40540 -57755 51037 35036 63210 -12108 -10042 -2560 29727 2109 28329 15949 34753 -48957 23138
r138 62398 26859 -59354 -52414 -24446 -63234 -3815 -31342 37745 -9393 15460 -8039 -54923 -16610 -60180 40362 55975 -14576 -24930 51108
r139 -63957 -55989 -7400 -20857 -36119 28783 54987 41554 57410 -63823 -21011 43838 64098 -63697 16578 -49694 44847 -52902 22631 -22684
r140 -62575 2515 37952 4929 -9731 546 10403 62867 -17288 55603 9573 55542 -31613 23003 -21553 -23095 -39499 -25712 10927 -28942
r141 26256 -50299 27910 -36880 -63397 -4570 17222 4562 -57161 36743 -42254 4035 -12273 1390 33072 40940 -34840 21723 24237 -4779
r142 63869 60550 -7625 27302 864 -61510 -53767 -58128 -14348 -47139 50448 44522 -39910 -5878 -54698 32852 -15003 63204 44870 -23126
r143 27959 -44474 -57174 59317 -12359 -53881 34863 -46151 -39319 -1486 -33461 47504 35040 -2063 -46326 -49197 18364 41494 15039 -4969
r144 39326 -22992 -1778 36334 -35576 -38202 58928 -58869 3658 63838 -38827 -33105 -38327 39503 26977 24282 -38948 22792 56572 23270
r145 27266 -8463 9685 29258 40255 -26276 25760 39160 29756 -41298 57466 35420 2367 17354 -44635 45665 40879 10984 -30434 62307
r146 -63641 19985 29833 11114 -22583 41769 -6443 38865 21119 16375 -39549 39231 -9564 38715 -58426 62907 1015 35523 -58491 -23854
r147 27522 29299 61076 -21404 36639 43728 -21118 -13098 -30204 -60863 4701 44155 -28449 41888 -15395 -53721 -52775 -9603 29786 1962
r148 -9669 38686 59403 -1895 52322 -15882 12601 -7844 34627 18794 -22754 34466 8342 -18115 -15232 582 -48355 58307 50701 30790
r149 -39449 -52571 -37801 -22248 -30951 -28556 60758 62514 -28233 -64112 -45213 40428 31066 -15313 -33881 -1430 18542 -13921 26753 38477
r150 48037 -3173 50251 63988 41053 -17965 -30806 -9417 -57816 16210 -43816 17617 -162 -1211 29804 37485 39194 34888 -12731 14507
r151 -12540 -42419 -11234 -22403 20497 33689 9297 31009 47552 -39470 -23330 -56142 55632 -35295 -58951 -58678 -17166 38746 5189 50531
r152 -54093 -29419 52997 30245 -8593 49943 5508 -34702 -43088 65248 -30619 8955 14221 4591 -44695 37946 34638 8086 27185 30559
r153 41008 -47598 62098 -36627 11196 -25416 22557 25399 -36182 -7629 -7132 25244 12671 -23503 36232 -14748 -25567 -58596 16901 23437
r154 34207 -28835 29752 -4581 -25225 58177 2754 24262 -56200 8268 14333 43041 -25540 42255 40608 27456 44079 45055 -36577 -21126
r155 24115 -54509 593 42993 -31708 -56450 -31348 -1729 26130 -17009 64504 -41956 59328 -55246 -42777 -37783 -27834 -62181 -1907 36832
r156 20778 -44323 10902 -32083 -12849 -25894 51642 -28472 -47377 15102 19886 -12061 -43595 2604 10593 59431 -36145 -24980 29133 -58090
r157 18402 -18681 23216 41942 -49036 -18204 16605 64735 45410 -26953 20602 51989 -11981 14225 48704 15771 -33374 43711 -52018 -64063
r158 20019 33615 -43315 42630 37886 57115 -63626 -33860 39612 3541 -56370 58755 18159 -20715 35191 47928 -27758 3633 -16665 -54992
r159 50332 -3490 -5963 48706 -24714 -36404 -13612 -56201 13660 -53131 -39098 -22012 -39696 21496 -42166 -24820 -42545 59243 -35053 -22288
r160 44108 60874 -17369 34696 47876 -41839 -7992 -17385 -60598 -57530 -6406 -33058 -27235 24438 48041 -11626 62488 -62368 -48049 39723
r161 -43943 -19497 -40677 -15862 15778 32892 -20636 13635 -29950 54340 23482 -43650 11225 -8703 -11513 54593 29653 -62110 51997 52870
r162 48668 52487 18548 -11946 63916 22339 3554 -48432 52099 51128 -3085 -34871 56900 -28293 299 43929 38404 -54466 14012 44298
r163 39167 -50620 -32232 -43907 31462 54229 20810 -11837 1040 -12927 22200 29581 26323 9412 1640 -10240 -32497 -6878 26259 -57075
r164 20657 32374 -21369 -32207 37479 15452 56887 52498 41327 -44871 -22272 45078 58502 -31354 19019 -51141 -54063 -7312 -58400 -6371
r165 51908 33049 -40900 11571 -51809 -60902 -32732 34873 -33004 -16513 -23598 61649 -43724 58907 32224 26850 -14039 -34270 40718 -30002
r166 53482 -18909 7614 45023 4450 -10344 53592 -5668 19294 20858 -12979 -56914 57784 53015 -13912 22857 -49745 50335 -3317 32160
r167 59268 -47470 32924 -12205 49229 23988 -21518 50985 -43923 -30164 57119 -50600 16819 2358 -8926 62579 -53607 -19079 18680 61015
r168 5750 -15603 11446 -44198 -7417 -36266 64565 31296 -3838 -24705 -3202 -26808 -1017 5931 -40744 197 30592 -7198 -63787 -57003
r169 19872 63049 47649 10164 32053 37551 -10603 -3814 9819 -17667 40662 49250 24759 -43625 -21756 34963 -47470 44003 26963 -59967
r170 -17044 20100 -1387 62569 -65506 -37806 14020 59700 -56668 -22329 -2782 -21746 44146 -50143 39906 20000 -23978 -13791 45039 -59070
r171 -34842 -16968 -57839 -56221 47635 30979 -59229 -63004 -52401 -43458 23792 -7730 17353 -64271 16058 59851 -45609 32134 46011 -41014
r172 -64541 3526 62224 -3750 18353 -40728 29160 -23271 -21185 1718 -1910 16927 60639 -4341 30011 55578 -64357 44328 18643 -56552
r173 -1077 -60752 57326 -56004 28111 -27652 37739 -32707 30753 -17268 -9035 15676 -46440 20900 17275 44825 -10964 17032 -28933 -30619
r174 32968 -18872 -38368 43845 -56560 54970 -8252 60498 -37790 60646 -3532 -6559 -39213 -31435 -52971 47387 -51121 63611 -19149 19655
r175 3148 -28523 25588 2820 -61414 311 -582 -44222 9169 -57128 25779 60917 29996 22513 -14389 34559 44072 59219 32234 -16810
r176 -15123 43142 45838 24507 16638 -35254 12732 44056 23318 21437 48808 -56874 38657 -3958 4113 -17590 -4521 -37515 -47028 -11694
r177 15869 14466 -36017 -34952 45093 -47915 -3642 -20076 -996 12453 -12057 -27914 62612 21130 -9509 41619 29164 4989 815 50113
r178 -14451 -3359 -58223 47847 -60604 33087 6890 2531 25522 38566 2873 -49955 -15983 46187 45723 23103 -47537 -38987 -57731 37235
r179 -47045 7016 -62836 -16859 62279 -12197 -11336 -5114 47131 29770 -40999 25491 40660 -30571 61940 -26548 11640 -25913 -11631 -53633
r180 47120 19431 44433 -12510 23667 57435 34783 -63758 -27946 33713 -29760 -13845 -65168 -59626 14685 -42351 -39568 -59895 -5589 -41362
r181 -16073 -63815 -30085 -39015 47274 -58556 -2949 -10829 -8710 13330 -20240 48120 35646 -31066 -17586 -10931 -21449 -52202 62726 -62519
r182 -17408 57863 55114 11233 24340 45809 18056 -29366 -37750 -19275 -18050 48502 -50588 44752 65065 -7309 -37970 -20946 5134 -21864
r183 -715 -15436 -6949 35499 40580 -26498 26179 30084 -52128 33537 26960 -21773 43284 63198 -19218 -64609 41638 17291 31233 -23108
r184 32352 13537 -1713 46623 13006 9906 43501 46065 -18041 -55710 -749 31475 13308 -42981 -30266 -57884 -46157 -33982 -18096 -19830
r185 -8485 -45253 58803 14353 -4349 47629 43882 52820 37376 33046 -7156 -24433 -63578 10640 42877 -748 -17284 -1371 23802 -19967
r186 -19431 -23591 -2585 -40939 -37432 62551 46310 53010 45737 57819 -24160 20362 37620 -38308 10390 -5575 -11620 10943 61034 -51969
r187 30301 24504 42152 -26094 -21340 20428 -47131 44145 12995 -34675 55036 -21391 4083 50477 -47744 29109 -41770 -7725 -24473 -1050
r188 -15144 -51696 39022 -7122 11321 61647 -13029 61330 19732 -12109 50743 -49661 -44129 -46746 38750 -35835 -10086 -30142 34339 51956
r189 -5071 -58216 -5312 18547 31849 24600 20253 -25781 -60102 -26756 10510 21597 1093 19843 21183 36175 24816 18691 45146 -33898
r190 405 -48183 -55743 15982 -25697 48702 -45062 -58671 2929 -4745 63472 -36661 23341 14509 28386 10915 47809 -13247 -8869 -46910
r191 -9742 11339 51734 45154 -32488 62214 -8990 -35485 -33132 -12913 -42120 -35915 -59116 -43010 -61977 -43038 -33965 -7699 9860 39071
r192 8660 -42673 62117 39575 -784 -41079 -4459 49690 23817 24556 -35791 59447 -65219 26234 -22443 14050 21266 -64094 -26939 5221
r193 13771 33220 43309 -44640 -14533 18620 -6649 29011 35656 36842 -60030 -27563 -15879 -57322 -48361 55854 -39276 50184 -62370 -27946
r194 63919 -52613 40445 12066 19379 24285 56234 43770 -63186 9052 -23314 -54564 36530 -62135 -6573 -63597 46843 38151 -25703 3169
r195 -276 35330 -23451 58175 15550 64545 19580 -27971 51979 -30966 17531 14081 -25791 -46335 43151 1181 -29059 59797 -18696 -61502
r196 -12646 39299 -16618 -62527 54467 -10538 41097 -22048 63838 37059 -10364 -44683 -37543 43262 12518 49264 -1624 33555 -30726 15487
r197 -27578 -59525 -56099 61986 5689 26191 -40278 -63534 60308 59855 -25135 39663 52222 -29208 21283 51036 37352 24097 -18114 60594
r198 55729 -9068 -38108 17972 16719 46755 -30634 -56367 10151 -50894 -43178 49685 5478 1183 -21440 8318 59096 15777 -49699 23623
r199 41869 -47858 24928 5860 -26321 -40200 -47982 37025 63544 -35926 -50212 33180 -42316 -48484 -47731 51470 -46700 -17634 31567 56794
r200 3045 38778 869 -36903 -62359 31695 -43023 -52680 -11964 -1224 24362 61013 41030 -51986 -28841 -58600 43571 -29969 21536 45256
r201 -25554 -64543 -3075 -13067 -28010 -6719 46653 54911 60831 40884 -54802 -42711 -58858 4857 36674 46889 2136 51742 -27408 64987
r202 14215 -62130 -10996 57228 27207 13818 -57227 62191 -38202 45711 -38311 -9331 545 63092 12272 32919 -30698 -12859 -16243 49315
r203 -56826 51772 49609 431 -56717 16278 37419 9001 -11987 44629 -49830 7928 -40928 13353 11698 -18402 17804 10836 37599 -57243
r204 -59423 -50689 1763 11724 10292 -38414 41437 -42440 26908 -8927 -62665 59767 5649 -25418 64844 -54813 31484 27108 -43027 45791
r205 -3529 65443 58730 -24014 53736 5548 -41007 19199 57327 -37348 -8979 -53030 63196 4546 -46919 -57362 43425 17710 -25979 -5082
r206 -41333 -20752 39654 -28968 -64244 39411 41481 2082 44985 41410 -32101 8305 -14689 10931 27967 -19044 -53004 -30123 40057 33761
r207 -57132 -28386 -23979 -53477 56033 -47639 -26740 -50071 63358 19642 3752 36208 -22902 -51303 26142 45758 -7908 55178 -26118 4269
r208 11851 22840 -49244 -42440 -52490 -22533 45457 14666 -27358 -17005 -9432 -55228 -44781 32709 29672 56954 -170 35139 18862 -49640
r209 -415 15577 -62308 -65074 2758 12835 15895 17134 -2723 -13060 2852 -29396 -16679 -6300 47506 34464 29830 9216 -9465 -59023
r210 -62765 54557 11515 -7268 51263 58359 48229 -20134 21628 -41505 14071 1826 19562 -62281 -13048 6575 60036 32707 42226 -63762
r211 -32262 -1046 33954 41061 17108 -32501 -55039 -57223 -50950 45787 13768 11795 -52428 22203 -35368 -55127 -46905 56908 -32809 38355
r212 -11368 -18631 -63311 1834 20887 -49516 47598 10490 -54297 -17697 -1850 58313 -54104 -26716 30197 -6847 47514 -41339 1486 -42858
r213 -27673 -1705 35192 30939 29915 46619 -39434 34488 -2510 27455 -52306 47143 8806 -56282 -54266 33400 63349 -10825 19506 27540
r214 -18334 -33869 -25329 40804 -46968 -36895 -28894 57864 -52497 -53767 -28493 35969 -42631 -13299 -18017 -23413 -16528 30786 -28372 60082
r215 -162 -3093 -43823 18201 -58810 3846 5397 57932 -23937 -43711 47170 17331 -5751 16557 -59547 2663 7287 59728 -7967 -47682
r216 -54185 -56121 -5423 15693 -22525 16724 18816 8582 -59196 -16993 -1105 -51326 24590 11911 46058 16713 47232 -38106 -62680 15686
r217 -58446 -44935 -56596 22961 10454 -29286 61884 -6447 10382 -5684 11279 64708 -16143 -57811 34865 -48821 7486 57872 57390 -14510
r218 23660 -9322 64488 -3781 7212 16876 61057 3321 -56169 64826 33376 42458 29572 7919 47376 -54274 -1875 -35706 64184 36385
r219 27544 2662 25039 -58924 33095 14384 -37083 57955 39706 -25506 -37466 36047 20444 -34743 3323 -58501 29660 60718 -22542 3015
r220 15069 -47274 -1836 23396 18082 52418 57357 20573 50409 25734 31411 20865 -60305 -64886 -18691 39752 21786 -44761 26468 39141
r221 12225 64033 58410 9739 -34800 53192 -41057 49316 51282 5463 -36674 61466 12047 21971 57279 24495 -21907 -54959 -59835 -13542
r222 -2999 2118 29394 46596 -37098 9543 64566 -47941 13246 13093 -11979 -8642 -23157 -60088 18340 -37173 -55994 -24879 -51694 -33033
r223 22963 -28756 -37030 50884 -17776 11659 9508 -26646 24018 31971 39630 -30550 -41061 -18466 12406 -49822 -22601 -62891 9253 55873
r224 52341 51956 8315 47997 21491 -62557 1272 51830 18619 -32821 -8873 31689 -40969 31012 -46969 48585 42503 -64372 44269 14195
r225 -40003 44374 -2075 -15814 -65466 -21642 -63117 7798 -28405 -50866 1515 -11896 -53088 -5050 -40886 40741 10468 -34446 60059 112
r226 43404 39802 -24110 -8487 41113 -26584 19964 43365 13189 -1149 -2569 -50968 -3408 44304 -38755 21457 23946 18713 16372 4826
r227 26553 3593 -59736 -4751 -36091 -64680 -44695 10768 -28417 -50726 31936 21194 -63850 -46495 36390 1793 -34868 -58201 54160 47830
r228 -3919 -27536 -11692 -59893 17356 -37662 58717 -22741 14408 8261 35577 52250 -62498 51201 56619 -34266 57451 50976 -52329 35445
r229 3748 7740 -24195 7512 -13637 26320 42107 -20117 -6656 8463 46785 -5573 -48822 -36062 -47836 6216 36196 2136 26212 7951
r230 50773 28752 57999 -45082 12120 -30911 35296 15481 61021 39261 40218 -53415 -17954 -24410 63451 -57611 57649 -31528 -28811 -45215
r231 52235 63251 61972 -45746 20646 29558 16403 62774 -32160 46458 -1286 -59203 -25216 -35146 43918 -3629 10502 -60529 -2551 38429
r232 16503 -9663 14194 15570 5628 -35446 -55772 -10142 -6380 -5707 -49837 -9369 -32141 13329 -33052 13591 -61022 -61150 26229 -58214
r233 -18834 -47651 -48380 32918 44872 12079 43844 -16029 13438 48301 -28252 -41433 -45963 34493 -19578 11559 -14513 10765 45664 -14904
r234 -29411 -46052 5521 31736 -12209 46800 -34563 11808 28060 -4469 -12890 51841 -60736 -12954 13442 59656 31138 -57690 -5923 15742
r235 -17903 -23919 42658 62416 63286 -17934 -13929 -28715 -2273 -21412 -13097 22047 60996 -10866 61172 25784 -61191 22480 -58315 -49410
r236 2971 47181 -33133 38699 7742 56172 -9581 23951 13659 10686 24293 5633 -17875 42155 -53118 -50080 -11790 21194 -21654 34685
r237 4370 -5938 -30242 11286 -42591 -45188 -40945 43343 -52815 -4042 45745 41315 63492 -45294 21389 -7412 47589 -53265 36359 21344
r238 59140 -43030 -30354 -23729 21173 6486 -28323 25315 29739 16468 -5313 38665 -14912 39170 9201 -23169 -45994 60389 2246 16210
r239 -1846 33109 27653 -60301 -33785 -59863 338 -22262 -30751 3451 34317 14258 -60241 -51318 -37855 -64937 -8967 14251 48217 16260
r240 -31311 -25172 -1445 -15421 7036 34823 29428 -59501 -20824 -54522 59009 -23862 35256 -41947 -15362 -20017 33484 28972 35898 32944
r241 -59399 -15991 120 37342 -62973 29500 59855 47787 49215 -818 -11177 -37350 -31379 34125 11525 -42496 38100 -16470 10904 -63538
r242 20249 -39182 -11047 -51680 -31910 -414 2063 -27328 -38494 20411 15547 -7417 -58464 -49242 -43112 15032 -56412 357 -8888 22061
r243 -54833 -31662 2392 11976 10931 7088 -8803 16226 -64248 -41412 -35246 -42185 -51805 -56653 -35691 10463 27304 -25224 -51429 -14970
r244 44898 26056 -45816 -27189 2430 23904 -56954 10459 43821 21226 39934 42190 52104 -34589 42757 2058 45037 -2623 43030 1296
r245 -48796 28781 2230 27678 -46240 -18007 -51179 -31989 37563 -19265 -55800 16351 -20834 -37662 -59786 32881 55456 6122 -41452 10732
r246 48910 29291 38542 35120 -57427 37009 -3352 -33201 10660 -46130 39386 -65332 60412 -34210 -13445 -52923 -36502 -39301 -34015 52742
r247 50612 47577 54885 -32354 -25258 44780 5761 32995 -956 -62036 64796 4900 43940 -14021 -41969 -26975 17958 -7199 -25559 5147
r248 -11043 -38741 5835 47796 -33283 -43829 24214 2455 -20677 -1145 55423 -59681 -62179 29666 23348 10723 -58704 51468 -29730 17390
r249 -48725 9947 -19533 -52976 -29277 -59921 52065 -62926 -2948 24409 -24277 33060 42083 -42337 13594 -43377 22539 60847 40909 -25020
r250 60325 58162 -54290 -40867 8898 62628 65238 -45954 -26408 62732 4482 32601 39281 46061 -14785 58920 38588 60799 -4379 12786
r251 -62121 15024 9290 -31276 -11309 -33256 43810 17802 -23831 -45649 -47778 20499 -10841 22092 45455 19419 -12144 49940 13403 -54149
r252 -21560 -14251 25500 -12555 29920 -36053 21736 -1396 -35432 -21214 9707 920 5291 9791 -18899 38504 24193 38510 -37452 60572
r253 -25918 54964 -64382 52677 14761 -21837 44187 15187 -29797 -27145 -18797 47384 -31481 -42448 -11428 -39613 -7405 -7071 53362 11814
r254 39857 -58035 4024 -35007 -10124 6378 14959 4552 46097 -44966 11764 -463 38460 -61192 -63275 -12406 -11949 -48160 -58577 51464
r255 -53440 6822 50226 44328 -42730 -62321 19310 38344 10843 -56382 -19810 64329 27024 62633 28708 21814 52941 -34139 560 17022
r256 -15262 -64483 -54722 -46352 -64365 -8166 -21243 51631 -21506 -10360 -42017 -27191 -2700 -60884 -22960 22892 6537 -20053 2875 -29894
r257 59321 29312 20177 27398 58544 19215 6609 -59195 -19516 53574 51932 30491 15624 38946 40059 28105 -28834 53900 -47272 -46031
r258 -50717 -10823 38816 59759 -31417 -48654 -60844 56646 12949 -46469 10996 -12769 -7652 -57735 -38551 -21342 -50972 -4995 8938 -13759
r259 -17196 62066 -59038 -16760 -2577 -25130 -2437 -2684 48972 -5165 -45884 10699 -37567 28413 2716 38795 51025 -43727 2914 -23517
r260 -29460 -37130 40112 -35832 -32502 20987 -22646 -24815 -42581 -20941 43449 25071 38958 2673 -21808 50949 59290 -7306 45817 16877
r261 -19642 -30169 49404 35037 65281 -50760 25405 -24423 -37621 -1531 56567 21120 33319 58813 29289 25635 4599 -37867 -14377 -17780
r262 -33578 26799 61539 31837 -23559 59902 -12341 12096 38036 -16434 -35666 -62494 42072 42985 -37993 -5204 21409 2669 -9030 9568
r263 4456 -22493 -25709 41550 33709 -2201 64647 25499 6138 23870 -35464 27047 9702 -38642 -65108 17670 48321 -3400 -58769 29
r264 42256 -58068 -18214 -23600 -38669 25717 47821 -32832 -60450 19939 -58952 28616 35781 -46225 -4071 25259 -45291 -18590 -44692 -14811
r265 -38712 15088 51896 -3527 4808 55745 65480 -11835 -32486 64819 53030 -49975 19815 -21936 -53469 -28235 11473 25874 29030 40502
r266 61154 42817 -33321 -49684 -38684 -3292 -3526 -63490 24931 51786 -56643 -38338 46365 7068 -41860 -36207 50776 49162 -4886 1255
r267 -39686 -24178 23599 16280 60650 -15212 -36330 -8301 -5140 36510 3610 23389 -14424 -32024 -10571 675 -535 -46588 13514 15296
r268 4347 41744 3356 -63063 -8979 -10308 31940 32585 5296 -2662 27835 -37728 39581 26020 291 -62693 -11644 49507 44784 -45898
r269 -3937 -46026 38623 -22196 -41843 44548 -60324 -11439 48131 22977 -3815 -63795 14255 -40052 42062 -44096 -53298 -46013 -59235 58214
r270 51080 42368 50946 5951 -7875 1623 49720 -50060 28542 40525 -62487 14983 -18067 -2351 15892 -16634 27717 -470 -13593 64640
r271 23470 3126 45114 -56132 60264 -50806 5321 62397 2646 14410 13615 8922 -43998 -67 12108 -39744 17347 -61517 -32461 51503
r272 19626 -21396 -38479 31629 59469 23633 1842 -38524 30303 -13029 -43022 48738 39185 41443 -26074 30016 8619 -25926 -42914 -1167
r273 -57195 -33339 11865 38125 -29327 -24135 1422 20193 -1257 37001 -55251 47511 -20817 -37349 5364 -39219 -6772 11421 -50359 57936
r274 47719 9286 35144 -39471 -48144 25152 -24627 -18478 -50098 -18837 -63927 62014 38032 -13276 16915 26122 -37398 -17802 17897 24421
r275 -61504 -36370 -64390 63417 62859 -55302 -9239 54384 -60187 7195 18502 -13948 12657 41242 3744 -33443 -60126 -10442 -57084 -30789
r276 -3211 53531 -10547 8301 -32299 -64502 18140 6747 39058 14967 10748 21483 12386 -59676 44820 -25459 -17515 23169 51184 6037
r277 -31653 58488 40647 12337 -52388 -52972 50284 -54744 -39505 -43379 5132 3480 -52416 -56969 36478 -64211 2533 53361 44482 -18356
r278 10678 36276 59025 -16638 58649 -34379 3535 33301 21071 51282 -29984 61039 -10113 58995 -54098 3848 46058 -54477 65298 5301
r279 13473 18396 -31124 43155 -58723 60343 -9107 -27367 -63920 31566 2096 19543 -12401 -48379 -22684 13768 25363 16210 55162 59972
r280 9075 -54712 50218 31339 57970 -34845 63720 -35967 42415 5146 -32556 -62962 -8762 -39620 -9364 -30401 498 -60017 38098 53528
r281 9532 -44918 -4194 28177 -3536 8542 -27259 10631 18576 52457 17547 40578 -91 -33973 -30732 54562 49185 40007 61855 -19734
r282 -21546 25704 -54689 22366 60804 -19217 -41423 -38058 56397 34975 8617 -3107 -51655 44441 65263 5029 -4498 -13734 -47335 32703
r283 47348 -14220 53698 23275 -6647 -14602 63789 35201 62024 -8032 -48080 -40441 -34862 25690 1813 61518 -53613 -11745 -6431 -5975
r284 -1998 52409 -34266 12365 -10058 37898 -41024 32405 62923 46357 44022 -62523 -48006 42954 -63054 -39511 19259 42189 -6599 25327
r285 11453 -12170 47940 26419 44250 64298 44199 58857 13699 61146 -58820 -14994 2905 -46887 -2595 -39338 -48449 15422 46588 45000
r286 -51195 -22908 22656 32432 47138 -54138 -37429 -25249 21189 2945 37887 35651 -65057 -5765 22802 -22851 -11531 -12430 62267 10069
r287 26568 -32761 21716 -49898 41421 25950 -556 54919 -57626 -20790 -31721 -38266 -32370 12801 -56239 852 22810 -4227 -57914 36629
r288 2261 8831 11085 -45449 -38822 -35644 -52076 30512 58172 21215 -8787 18499 -11503 2140 -54295 20490 10827 -12344 29375 -43995
r289 39887 7020 -9046 -3883 63129 -28128 57926 18025 32925 -18580 54810 -57929 -10459 52388 41014 34198 -3250 -31534 28331 15621
r290 -2735 -21014 -59471 17297 11642 -41331 -47086 60792 -8676 43568 -42041 13650 -21360 -3265 -11649 -5745 52939 30450 -46071 -43949
r291 -19157 -33156 -40155 -2905 -33906 -25738 -11774 -43617 10220 31606 50643 14573 -16955 -55947 -4733 -52095 -19891 -47507 56171 -7169
r292 -54653 33705 10676 23366 24430 12389 27059 -4741 -60834 -14681 -63475 62051 -63552 -38401 33216 31745 54577 38909 53586 21608
r293 -41542 19020 6140 -63711 -53639 15477 -11374 216 -55677 16055 -64900 16072 -47734 -34676 35285 28518 -57395 45830 16072 -11867
r294 -61655 -14470 -62892 27571 -43044 -7339 -27759 22429 -24596 -37918 -56679 -65123 -8890 32741 -38575 651 -51438 32040 -12728 -57528
r295 -24646 5538 59324 64627 -54797 -30503 -50674 -26266 -49644 -56682 -27259 59329 53112 -13589 -51867 9788 -53675 26877 -36553 41919
r296 41351 20156 49694 62490 -5382 -27394 45319 -22860 -22627 -29779 8684 49427 38452 -321 60843 -27377 -20636 34601 -26606 -4520
r297 56096 -42819 -19039 55597 7699 22755 -42466 -64270 34974 2153 -32781 29345 34449 41281 53862 -9112 3477 38672 -36631 -62969
r298 -16617 31516 47550 32913 41867 -58433 56867 -10910 -39645 42917 -60353 22554 -57974 -24508 34716 36842 -30511 10098 -29291 23217
r299 2522 23316 24041 -27958 -58795 -1988 -39414 52603 19015 -38277 -11791 -61613 45491 19041 44563 54266 -20025 -37420 53064 -22177
r300 -11356 11929 -22668 -27692 -21147 -35134 -58551 -3009 -25577 25147 45736 28366 20789 54569 21095 26652 13594 -31499 -2923 23409
r301 22374 -23148 8642 -10238 17436 61166 -34550 5207 -25299 -60179 -12882 41133 -28818 32040 58189 -38454 -3824 -9421 21595 -18492
r302 -23321 -8823 -30554 32477 29650 28241 -36250 -19213 -32544 33412 65151 34877 -13249 -55654 -11812 -65003 5562 30754 33327 -60023
r303 35072 1211 -16944 10072 -19268 43783 -23769 63012 -37296 61534 -22804 30840 32434 17651 17236 -54692 43895 -42622 -15863 -54379
r304 25896 46341 -39097 -32458 -57749 62857 -18239 -26176 27463 -18846 -12368 -51797 24882 34267 65283 7202 6715 10371 14076 24292
r305 36342 44191 32392 6773 27415 -39908 11521 -38377 -35991 8394 63244 30320 -11234 -64441 -46966 37888 11095 -51884 22129 33825
r306 50930 34645 35039 52236 52850 -37772 4622 -39322 12697 -34471 -15713 -3921 17960 -7386 11912 -64163 44951 59495 17969 -13420
r307 57083 15583 -48910 19336 -42215 8047 -37357 24526 61520 -48373 -5675 -22195 -47246 -28941 -20396 -63727 -32819 15196 -2758 62921
r308 46867 -23702 -47008 58137 -12632 10997 -12853 14019 45264 -21807 -44666 32927 12011 2348 19058 -19959 -10589 21483 23046 49770
r309 -35254 -48263 24117 -15635 -42173 -41848 40544 -28584 -45101 32389 -27481 49205 1056 -54186 48198 50437 29752 51071 -5041 -41727
r310 5168 -44978 36538 58085 18637 -46123 9523 -14458 26435 16184 -47922 -33232 -844 11922 50834 -25181 -5128 -5530 -58816 -40302
r311 1997 41371 -5585 54524 -19151 -64144 -49887 49931 -8368 -46678 -27717 -34780 -65107 8120 -12101 25210 41100 58926 -54100 -55676
r312 41158 42376 -65358 15695 -2851 13985 34806 50449 -61708 -3105 -62814 -35706 61805 17488 43819 52304 17862 63061 -5535 17523
r313 62495 63395 27820 -2242 -30626 -27257 -63612 -8331 -962 26976 -32992 23873 -63999 -13943 11855 31813 29055 44903 37880 63436
r314 31642 21871 -52112 -13453 -33308 -17877 -18426 43743 -7453 -22312 -48290 -13936 19887 3294 10791 -30278 40658 -25578 -54384 49354
r315 -58672 -30528 -39276 56217 6996 12746 -27170 -3012 -46878 -65385 43782 36309 -8631 -63805 23922 -12178 -27529 43571 58552 -5521
r316 -26503 -34279 28948 46865 33231 -51574 52758 -42303 9483 18644 29998 47243 52202 65124 15819 -29298 -56545 -1747 -42225 -2698
r317 -10596 53475 39572 -49019 -57255 -47493 -62346 -57258 41336 15990 -32178 46196 -3176 -4114 -18113 53484 -28479 22860 6391 8003
r318 -28849 -34784 -44555 16338 22342 25340 -10445 -9339 31286 36483 38066 -6841 28494 -6330 37230 7777 -36516 59052 22819 -24849
r319 -40580 1609 -19979 -7300 43877 35985 4181 -30867 -193 51781 -50372 29352 24090 -33247 -59005 38214 5451 -1000 13471 -55739
r320 64845 62964 -39214 29432 59889 21204 27871 125 -49629 -22293 8864 15097 33231 -37263 -20615 -17435 33567 55581 36843 -42717
r321 57311 3849 -31310 45674 -52817 5730 56264 33842 -29741 44349 -2995 -10687 42529 -14677 -36809 -16977 -14796 7440 47479 -34786
r322 47424 37388 6090 4057 -59284 47800 -4215 8326 27222 -30943 -6464 -32277 -1795 -35854 -29722 -40967 -35184 -35974 -54849 -48526
r323 804 -41632 18439 -58630 -57940 -1656 -42758 -56752 -14218 46179 28363 -3696 -59927 47975 13900 -40207 -59880 -31281 -15593 -34839
r324 -39842 42072 7081 2145 32783 12511 46891 49635 -58235 29321 -5316 -30873 -40546 -41058 -64835 -36885 -33218 21600 35578 39782
r325 46541 -4619 -28070 50462 -32075 -51559 -1395 32795 -61910 -59086 -5155 -33143 32057 35541 -30851 19935 -52745 -52217 -29035 32403
r326 24620 -19623 -46647 -49477 25638 -21807 35477 -29531 8535 -4153 42561 47462 25741 6421 30405 -56123 44631 12229 42375 -14580
r327 53504 -25465 -62602 -38590 12646 29780 19155 -56752 -23611 13700 22895 -45581 -40011 52401 -53242 -56543 -27780 -52763 49966 41300
r328 19220 -50309 47282 -6346 55913 24298 3672 -14762 -8500 -6646 -54990 27154 -51892 40136 -58436 -14943 42116 -54421 13506 37060
r329 -43167 -53758 -27346 41807 53837 -46890 58705 -9018 16565 18442 -50083 -33234 52559 -65308 41327 30041 -61412 -14025 64737 5608
r330 14687 62036 -32750 20468 -64500 -55527 5186 23629 18086 -57558 18000 -31019 -11619 16039 39321 3 26087 23826 45038 -53857
r331 20317 -43455 62370 -61967 -56797 -26800 53190 6636 -21902 -47304 -52773 -35997 -21007 25881 -22152 971 -37080 51692 53770 -21113
r332 -50090 28420 -15343 -27524 27673 54689 16086 -38699 -53124 -1546 -23561 8620 -18225 4680 38105 -28950 -22023 55937 -1160 31821
r333 -57089 -25607 59247 -39240 43773 -35647 35570 -60748 59356 38505 57130 -60320 57327 32261 -13536 50268 -65413 -7597 7051 36768
r334 -62955 -5657 57803 -38981 664 -24334 14371 6523 -54606 9950 -47177 58317 62624 -58808 38275 -28527 -22711 11445 -26294 -64873
r335 -31899 -46937 24687 19508 -64509 21675 -17885 15233 -11885 34251 16391 62303 45204 -9944 -46003 55220 31067 56865 -17800 -22969
r336 -22844 12746 -61449 6829 -33206 -31396 7078 -62385 7014 -42386 -62681 46262 16107 33664 -13128 64510 60499 51615 -24352 -18986
r337 35910 63507 48639 -36550 38738 -43427 10223 -41953 -44009 -25414 63986 8442 26791 6864 43438 -15566 -25663 26706 -2402 -48257
r338 -19003 20566 16816 561 -58961 -45619 -19408 -14157 -19754 -16582 -53876 -48593 1989 64927 58453 -1899 26677 -33091 31463 -59882
r339 49869 -51694 44881 48400 49209 -29145 -1265 13201 56914 -21106 52947 -23861 -61935 -849 13755 37394 -25832 -28161 20430 -1144
r340 47776 -28613 -22413 61298 -31161 54269 -27490 -51775 -23171 -35716 21495 -9422 -26177 -11248 58481 63864 44181 56611 -37173 57494
r341 55423 22664 26824 -21480 7624 -2203 45603 53170 -46699 60055 -14430 -34971 25779 60830 24132 -46415 -12845 5562 15594 24387
r342 -15179 -16261 39251 2266 -34168 15518 -6429 16667 43910 -16110 -54136 -2691 -29360 -43630 -43555 27803 -61611 48249 49157 62892
r343 -23314 -15897 40361 16285 17802 32332 36438 -57327 -50508 -24027 34476 -26033 -11257 -45222 27407 45123 22884 -59726 -37147 -49277
r344 -54479 65138 -24459 -11234 31148 -16882 33341 -44996 -40063 11117 -45675 -9202 -42222 49219 18038 -165 33202 1654 53295 -16913
r345 30541 29693 -46659 20361 62836 22525 -50384 -4245 -17429 -61919 -3477 42750 4543 32672 -11277 -63227 51965 -38018 -41318 45564
r346 41113 32086 -47439 189 16507 54696 -33973 24268 63649 -25131 -47035 -7997 23245 -57516 -63582 -42128 13245 11383 47259 -2605
r347 -25280 30451 12980 20337 -32172 -60558 -28118 28358 -4884 -8707 -12776 -40251 -65027 -33780 -22854 40126 23383 -45457 64013 -59842
r348 -21500 42938 -43011 -17552 -23776 -5516 47073 50645 3468 2856 -24844 42918 48918 35370 43088 -33634 31615 -11593 -62468 -56854
r349 -51511 50490 10989 3233 60148 31204 48544 37012 -32971 -4724 -57123 65108 53256 58980 1498 54173 -4638 -54620 -21623 -13844
r350 29310 25357 -7052 35394 -26205 64843 -51455 -49953 -42860 -63096 -7937 60532 -29724 -3048 -37386 54999 6421 -31674 -4482 -31471
r351 -27334 5983 -30028 38147 -28043 -24466 -34931 -39429 -8884 34387 -28869 -47306 -9238 -5730 30714 -45928 -31444 -49935 48677 58421
r352 3275 49448 3915 29091 63649 41999 49580 39581 -46746 14126 4093 7546 -49963 4011 2764 59559 -33322 30741 -59021 54411
r353 -5370 -57262 2708 33316 -64596 65035 6428 -56897 -37055 61228 -4862 -23948 -7975 27581 -27529 -41364 12422 54280 36993 -64338
r354 -62101 58253 -33582 -9550 21027 57106 -23629 40045 -18922 -49462 4990 35898 -15472 53649 -28802 -32590 5037 576 39552 -37120
r355 -45258 -54663 -35007 -20798 -38202 -31742 63983 27471 -36459 6490 -16821 31318 21587 53901 -56412 -36356 23134 -51431 -39167 25362
r356 13280 41519 30772 -14692 -40417 -4596 -30312 -8915 40298 -54917 -20732 44 -27751 -52515 15975 64499 10062 17776 -63832 -47349
r357 4996 -28861 -31873 -2795 -7267 -47861 -21570 -43173 -48958 45797 60885 -57661 60401 -23849 43557 41841 -16813 -3272 -7767 -36077
r358 -40377 -35374 21649 5003 19456 -54286 -48086 -10170 16269 2039 64816 -41181 54898 -15846 -53482 -5851 -53508 60834 -44470 -7253
r359 55192 32233 29566 44764 13893 -18682 -20995 -33161 -24514 -41714 -4591 44540 39826 33454 10066 14167 42492 13059 3189 -39176
r360 23475 -23659 -15317 13941 -48275 15299 -37134 -21536 -15258 -24413 4292 16252 63284 56428 50908 -38427 18357 40448 35012 48867
r361 20233 -21853 -5018 -8406 28503 25487 -27481 -45730 -16930 39883 -45768 20680 -25264 -33165 52522 -5998 31185 20627 -57299 11275
r362 -15005 982 -22546 -24934 26879 -20530 -26291 35164 -3469 6543 -32286 -54859 61625 30433 57920 -20698 27002 -20651 -9442 -62274
r363 59675 4348 41267 -36246 57953 -58476 7240 -53380 53236 47826 58732 -49329 -37634 27975 -9357 -28880 36538 26451 27119 -20132
r364 -59259 -37813 25252 559 15918 1994 49587 41519 -802 -56243 -30423 -51900 -16011 -61424 -10365 -48473 -5433 -9630 33797 21889
r365 62399 21169 -40957 -14495 -46635 42399 61564 -35560 42301 29413 28245 3162 10781 12005 -15396 6326 -39972 -12833 49507 -2384
r366 40469 -17351 27859 6647 28969 19775 -39612 -64179 33976 10673 -11019 -33834 52257 -62685 49365 -33350 63972 -7496 49726 -23057
r367 -16784 -46572 -4715 -63507 42845 -46953 -36265 -5922 46122 12279 -60993 14447 56097 -47386 37824 -44170 153 -62401 -7554 42828
r368 30088 -4005 43039 -44771 61241 -13568 58544 -26468 -844 -20399 -17860 -57857 -17848 -35940 -51803 45547 34450 59288 24917 -29202
r369 -10810 2048 25036 15359 -2093 -38915 18131 40344 -42143 -44660 64579 22368 26198 15615 -52 -20806 -61302 -44145 -14091 17158
r370 -5988 14655 39540 36436 -64468 20211 24339 39876 -39935 16763 -60126 34870 -56507 46714 -23072 -14279 32204 33693 49674 -18551
r371 24009 21033 62019 32908 20816 48033 -56763 -16386 64134 36576 61830 -37149 7050 -10876 -25241 -17284 -36512 29667 15624 49077
r372 -20455 4411 64205 47130 -634 25491 -62604 -4349 19467 19024 -59352 27343 -6830 -21304 45061 63588 51743 -54739 1456 24078
r373 55351 43446 6888 -17528 64983 -59676 -10790 -62490 -13758 -25676 -56414 5173 -29390 53591 48134 -56056 9597 -56419 -55854 -16325
r374 -53203 -41990 43694 20214 58404 -36002 57675 -14007 -21428 64291 41568 24842 13816 -14571 24063 -10651 55999 -31196 43699 4297
r375 19454 -2197 23346 11636 -53416 -50157 23483 -17180 48707 42582 7372 -36084 -48888 -14970 -6351 17533 -58662 -62063 -25083 -32234
r376 -35439 21242 -54992 -12575 44865 49676 -57892 -6264 -51732 -32086 26949 21724 -10988 29728 54883 13615 -35738 -4437 42039 -42425
r377 -18492 -48054 -50272 61455 -29424 12321 30833 -18876 65129 64099 -60933 57287 39856 54649 6510 9651 -55050 -27673 50732 16706
r378 64716 34428 -16690 60085 -61481 44184 -57454 60353 -48103 -26142 29663 25456 -5074 -62866 26087 48881 55967 -23276 35500 62236
r379 -16912 3159 4992 16721 58978 -24048 22381 -342 -16978 3043 58640 -17950 2494 -45362 15570 -26462 -35049 -32138 56027 -39305
r380 -25789 11205 41542 -19122 -4921 49957 -64218 59172 -30012 59107 -51663 45527 -3475 57261 -6750 -28474 57784 -28354 42565 36922
r381 59953 50742 -37291 -63523 16681 -64502 -41715 38252 20236 -41996 -22111 -3832 -23299 24391 -539 7699 24041 -418 64354 3990
r382 22029 58244 27960 22779 -53922 6360 14501 -41366 -44645 -10460 35204 60807 -33489 14869 -40562 -7031 63109 -65376 -60978 7989
r383 -7519 -14322 20830 17877 -25968 26418 -48597 17184 -41547 53910 46678 16604 -41509 -63977 -48056 -53257 -19916 12575 22075 44716
r384 -12567 61399 14694 -53519 9407 13361 35187 58208 -30685 -42188 -46732 932 -51982 42583 8594 51991 20448 -54856 -64680 -15234
r385 -4167 -32817 37653 46243 -43822 51353 -8116 43316 -36754 56542 64336 60913 -35025 -21390 -21201 40169 -46189 -26359 -46158 23366
r386 33196 37362 27180 59818 36433 -39356 -60880 -19658 -8982 -52410 59510 -3787 549 -49695 14607 -5588 42518 -6747 -17708 -13442
r387 38984 -10573 -57003 54612 53781 54468 36530 3034 2415 -61538 51228 24969 41786 -694 46965 34456 7443 34714 42742 25424
r388 16126 -49221 -17824 -48928 31714 58167 -63384 45127 -26593 54766 -13526 50183 -18229 -49245 63297 27511 -63671 -26586 -10151 -5646
r389 -32655 43713 16259 30496 -55857 -40567 64189 -20877 -36982 -18350 -55734 -41169 -64554 64155 -50249 -10640 22491 7856 -57595 57639
r390 48067 -20712 65057 -31307 -62337 -19613 -29184 -61026 56483 60648 30492 -58446 35754 -43433 -21746 5487 -50572 -47928 -40655 -35893
r391 53529 -10822 -54970 -17386 13729 26712 -10888 28348 3973 23143 -3113 -41836 -30226 42524 24978 51675 -5741 -54729 -863 -23503
r392 57872 32677 -6078 16970 23994 -38539 -13241 -23749 -37789 55660 64705 -58088 -49261 53444 8317 -23933 -59562 10326 59230 46550
r393 -25318 40266 62996 35090 -23870 -34 29087 -8131 63489 -64922 15500 -43983 -26743 2095 -15046 -53781 -60832 -38874 -14405 -16631
r394 -1875 13692 -28295 -33762 35206 -28464 -54400 40546 21405 65209 -47022 -39182 60223 -60009 -12138 -48642 18209 51958 21836 856
r395 12025 44309 48807 7709 -29509 -7688 37111 -52687 -28854 48272 -31718 -25237 32474 39514 57833 -45320 -44734 -36193 63160 -17572
r396 55591 -34455 -456 -60256 -57903 38885 -25126 -18504 -9482 -16546 -21275 29867 10132 3110 -26770 7987 -42816 14009 54843 -18350
r397 -6952 7656 19662 -26781 -13244 23349 51917 -34412 -34615 -56018 -56953 45546 -48010 63061 26753 -49311 42039 -29410 10061 -65133
r398 26622 3132 16653 -61108 -21458 54532 -60942 -16170 -10739 -13723 23997 -24730 40077 -27333 24071 10214 60282 -680 26571 42057
r399 -47423 58112 62801 -3026 20785 -1892 46602 -36695 22902 -54662 -7730 -22183 24347 9432 -51099 -44171 59230 49659 -29522 -40975
r400 38910 -28611 -36960 9893 3504 -34901 62642 -15761 -61345 45831 13208 13716 -46668 1578 -18687 17087 -22482 43479 -31201 -13713
r401 37345 42804 313 -48915 24491 -53236 52163 -54494 -58671 -18520 -14202 -11840 -17163 -61831 23827 23402 -49451 -40317 -4178 -52074
r402 48689 45503 60238 58612 48544 -33196 28673 -64615 226 -54808 -64390 -3928 35312 -55688 -16698 -39375 24949 60371 -30894 23679
r403 6712 -8119 35671 58450 -60023 -12099 -14273 40461 32424 43240 21763 63455 63599 -64656 -28551 45370 -22540 -42920 -60226 -2720
r404 -26570 -19580 5020 11401 -47626 6001 -23992 63585 -51671 -62493 -60460 24085 -24196 38788 13910 -63833 -40778 -15245 18246 -31207
r405 -15878 55068 -3634 60692 -49053 36835 -13501 65192 -44124 4522 61016 -19639 -35505 -63013 33135 56548 -25579 -40181 -47355 268
r406 -59662 -17358 19444 46750 38897 42387 -8317 -28018 19525 42452 41379 11443 41240 -8986 -59418 36547 43181 -27027 -63399 6426
r407 -42772 -47325 -14485 28255 -2334 -2159 31882 -11071 22281 5637 -36201 32176 29217 -36991 -30982 12803 -52549 51016 -41397 61456
r408 -27624 61637 7745 52366 11098 7170 -15017 52563 32379 -25245 19580 -16373 -57057 40610 -33664 -65147 -44379 -52818 -45854 -57621
r409 44811 -46545 -1223 -50877 1727 -10481 -64774 8023 34852 44109 -64928 -58150 -6549 31802 -59715 -20211 27436 12101 3965 10460
r410 21326 16041 32612 10158 -12083 29172 -35237 1086 16505 -32626 -23180 12280 -54941 -20013 8843 61688 64337 -17424 -14453 9534
r411 -52008 -16102 -49686 62726 -4430 45800 11875 46472 -8766 -32128 -55693 -13279 -45279 -54145 -21040 -30559 -11515 12102 7324 28217
r412 -61929 -37105 -53529 59776 24445 -10466 -5009 30695 -27704 36760 22736 -16208 21391 51705 40161 -48442 44070 33118 -55699 -46863
r413 -12579 -59536 -520 3560 7357 -53476 31134 57851 45168 9760 -11844 -34523 -9996 4838 -1922 57538 48562 -64638 -41703 -52599
r414 -2731 44051 -59157 64502 -43319 40484 -65225 -39875 33735 -3578 20009 -25403 -38151 -17701 33530 -35735 64954 24361 -5162 41400
r415 -52053 -29679 -42008 -3446 -29398 16583 18124 -54403 11831 -37690 -23055 2678 7989 2990 35485 -3529 -48180 64191 -35826 30822
r416 -55765 -9346 63297 38123 25403 48289 30467 -23845 -50310 48445 62506 39335 -62150 19173 -33042 -33933 31865 29063 -63003 61136
r417 51049 56893 10165 25248 -37360 25742 -19849 54431 35095 -354 -10259 4895 -48309 50492 -46778 -1536 38643 33175 54708 -42959
r418 16312 -10418 -20401 -24696 -32394 -65302 -23643 22158 3161 -18315 -61999 -1804 -47265 -61488 -36753 -25160 41987 22535 10619 53215
r419 -10153 -64093 -42958 27271 46940 -38862 -39788 -35769 3543 -6047 -33019 32584 31610 20033 50854 62114 -34796 29054 -36005 -25748
r420 49076 23965 44728 44444 17074 28282 3929 -50383 40712 -15917 50121 -11216 -944 31873 -3260 -39380 -9071 -17873 19274 -969
r421 -39865 20746 -58047 12234 43133 -30983 -11852 -60321 -4411 -52735 -46470 9659 10395 55839 16589 -56039 55857 -41925 51209 9322
r422 -33084 -37285 -19 22240 -56675 -62552 20046 -13475 -44196 12519 -46596 -43175 -22335 11476 -34933 -53433 -46006 60065 -59079 55704
r423 -107 30945 57814 25598 16810 32328 -27422 -17211 28705 9945 -55480 -15898 -3651 23926 -17601 -13707 -8524 4151 11161 -7917
r424 51706 -42765 -62321 -25827 -50455 -52318 -47130 -34867 -62811 -44690 -29803 -7037 61519 23694 27368 61499 49372 -54093 25237 43147
r425 8781 8716 58455 40733 17432 -19218 45730 -62548 -62158 15416 -23077 15981 5159 62700 14346 -2268 -1960 -58246 -33104 -26982
r426 19852 -38667 -32738 43463 -58384 -39772 8403 1289 39818 -6176 4631 15946 6219 -24637 4165 5599 60202 34063 -56446 6826
r427 45465 60903 -19953 -26527 -62980 -51352 716 404 -53623 61020 -55802 -42613 -32137 12698 -25279 14706 55983 45734 -28148 39370
r428 -53160 43024 24284 57405 62745 64171 -2868 -39339 -59359 -48167 -29163 34916 -12300 8835 58318 -21038 35663 50967 49090 55978
r429 47039 -7802 -60513 -9201 44621 -2723 10509 -41390 58275 13694 38865 -10099 8960 727 -47663 58723 -53526 -54591 -27960 -10382
r430 59489 -36183 -26356 25728 11143 -6006 -10804 -20494 43328 32192 -57775 53509 -55603 44217 41541 -46920 -61717 28976 17949 18079
r431 27019 34772 -20640 -46046 63843 6454 -46284 40884 19963 55599 -25719 -64019 -51394 -14125 26341 63921 -36530 36700 -1867 25699
r432 64440 63192 -13328 -29890 63262 19661 -41987 -2714 58504 19638 -19752 -59631 26389 -41364 -23033 -40922 64184 22551 -49521 2769
r433 44597 52763 -9882 56309 -39917 -112 -2461 -27845 59318 34394 30257 40505 64189 37773 -27651 52947 39060 36120 42019 -7636
r434 42279 54337 -63996 55786 22348 -50228 -47895 39365 -36856 -7641 -57874 -43683 -35644 18242 31197 -4238 65493 -210 18354 -53640
r435 15519 -49334 -31721 -12834 -8633 50188 37305 -65344 -51084 -16987 -26847 59534 -36815 1976 18538 47738 54893 10679 40291 64781
r436 -40785 -40469 25371 -27339 49755 29647 -43077 24222 -49942 30363 -4300 13848 30057 -37359 38209 3006 -40359 -42727 -43450 -14612
r437 41612 -62003 -12736 -21724 46790 12137 -39609 54908 36984 -28373 46116 19205 48709 50220 9482 64438 -34700 42766 20361 41068
r438 -33449 32981 9189 -59288 34239 42681 19436 -42325 -55289 -24535 63729 -5317 2283 21442 -29190 57074 -54436 13317 43407 -46224
r439 -33931 -63784 63774 17202 60507 -32001 -36523 -25879 62646 -50279 53818 36586 21028 33793 44953 36730 1024 -9663 59290 -38683
r440 -32110 -14874 47092 14482 -39695 -58306 41342 47643 14966 -7234 -25410 37815 35847 -56665 -13901 19327 -43871 40303 -14762 36343
r441 -1558 2415 -19385 -6185 -45679 -46352 31090 -62195 8665 47876 53913 -57282 -64817 54978 -20549 53575 33781 27743 25535 -18973
r442 12663 17131 -55631 -54336 -59151 3036 -27741 43527 22726 -1154 -54140 25517 8804 -55765 -58374 -59741 -48406 -54626 31984 -46822
r443 -37135 1353 6881 -53134 5605 -27612 -6842 19595 -56553 -34615 -47072 -27871 55179 6643 12007 36049 19937 -14431 44909 -9736
r444 60659 -7816 18674 -49217 21166 30660 -25190 38956 61471 -2285 -62305 28783 51143 -24099 -22001 -1388 -41485 -60164 -44839 7839
r445 -8147 30866 -13808 56947 -61434 -3761 38153 -64469 -5804 39520 27662 64423 -47041 -51917 -27405 47878 -58773 6314 -44484 6734
r446 -38362 28641 14569 -44801 18340 -44898 10417 17260 -17482 -47375 -51459 31539 57367 20945 -19577 7244 36655 -24340 -10719 -4515
r447 18160 -34506 -35585 14975 -39346 1575 -22007 27657 8505 -45107 4632 17420 15049 -7357 45829 -2595 -33249 3221 -28269 -53805
r448 3546 3064 -52040 1756 -21001 57466 -10561 -28714 8409 30217 43633 -32718 -2583 5188 33136 20323 36706 -55107 18640 23235
r449 -44316 14044 -55135 -24025 -9784 -62011 -21006 -52374 59194 11418 11599 34803 49312 -22369 -33270 21399 63461 24211 56731 -34365
r450 -56996 19038 61738 -42654 -23713 34255 -56152 61299 45636 50465 41 -50794 53253 -7187 -64844 -42172 -26371 -57194 40079 -41624
r451 469 40648 -14133 -36570 40901 20710 50047 -30195 7021 -35120 35268 34856 48319 -22310 51504 -39734 -45704 62196 -54570 3998
r452 25760 -32848 -11736 23587 47451 -7458 41468 -18139 9002 17448 -51616 42078 -16827 3419 -54390 -4377 -42071 58606 50527 -40649
r453 -8946 -739 61034 -52084 42324 28180 62276 27399 -35993 -34683 -23186 -25138 64213 37344 -64422 -55108 -12154 -18653 -36968 -8602
r454 52362 -44921 15658 -63988 14143 56029 12427 -35490 35798 30544 -40815 33968 -19441 -13833 9984 -2650 35350 45123 -61850 -40521
r455 -34126 -10945 -1928 43429 9624 39632 38951 7531 5017 58659 -135 6945 38719 9518 39842 -5433 1822 54978 37355 -56896
r456 29207 23613 -40138 16217 -59380 53538 19169 -50099 -10830 2279 38987 17562 -21573 -4296 -34121 -7025 103 15878 -53283 44129
r457 -1031 52302 -11084 8103 62350 30345 -5197 -29800 -16695 61419 28271 -50620 53889 -9716 -16621 65291 49418 47541 -8986 -43017
r458 33583 23916 -54725 -56449 28272 -51676 40073 -55932 29503 -35866 -59089 -26541 -57631 2171 48256 -20996 59010 -58419 -28976 -37832
r459 55394 35127 -28275 30154 60485 23899 42605 -43078 14499 63041 -57772 52099 51931 -8914 -28942 -49629 -40397 51887 57673 -54962
r460 -12075 3851 50885 49477 -3601 -23230 -49156 19433 -39173 -37664 32749 14539 -47023 -61808 46063 54932 32301 50647 -5846 -30979
r461 -52190 -44250 29207 -14718 -29211 8309 -48357 16647 22072 -7251 60650 26132 -59678 -43090 59886 21817 -61734 17139 -60000 15170
r462 -6669 28581 12952 32374 24714 45310 32789 11724 -40725 47516 -16131 56186 64393 30188 19329 61512 43663 -48413 -65532 -15595
r463 52521 -44183 37437 13914 -64993 -52203 -27794 -5697 34815 -17921 23433 -89 17914 44473 -44427 -62737 -18372 -8553 -19205 45702
r464 -41019 -3362 48870 -11220 -29566 -18345 -39392 -24956 -31332 -40567 -23041 -55761 -51459 -4966 35923 17209 62924 16107 -36424 -37886
r465 -25031 18288 18516 59327 4286 -26634 -12377 19654 57266 -50607 -24618 49527 33912 -37222 -24554 -22948 59315 34038 9194 35794
r466 -55092 -45435 -36051 -6562 -35138 -50815 -65421 -5806 -6985 -54240 20309 -4815 -2736 2240 -63176 -25697 13198 -35324 -54581 -54744
r467 10921 -31604 -50267 27022 37700 -47470 42807 35174 -17272 -17478 -47886 50049 38965 -57366 -43804 43428 -61 336 29477 -5210
r468 10688 -29627 -48549 -52308 -20998 62900 14298 3935 40065 5895 59851 -39162 -21123 58029 -54591 -4025 -11292 41376 58279 -64037
r469 -11578 -20090 54780 4960 -35095 4599 -4699 28784 45160 -25473 52744 42510 50595 -53406 -54458 -56691 -55066 -18495 44224 -54884
r470 2270 23742 -30295 -35491 33859 52847 -1451 39129 19617 43472 -18083 60745 -20981 -41593 -28349 27562 -5599 -45646 7361 -4484
r471 -9574 56419 28155 -63756 -3456 -27070 34206 -17873 -54318 -31686 -57154 -51158 -29820 -21597 27464 -61827 -17966 -58749 49985 46737
r472 -4639 -54202 -26707 -52822 -24733 -307 -30787 44618 33755 -36026 55505 -1818 54648 -51370 -60197 -56627 33995 5991 -62962 6266
r473 -6489 5109 -34460 -26283 31538 -55517 -15762 -34264 -63173 -3018 -56456 -37432 -36951 -782 21850 -20998 53604 46543 10064 -31719
r474 -10231 45485 12958 58807 47086 26068 -46570 -55828 -53707 57661 -7549 27688 -50087 -64542 -11460 -10271 942 -21249 -30435 42988
r475 -1453 49028 -23317 -49119 -5198 10618 -58884 5748 -61288 22226 -46075 23640 -1648 17556 60197 43234 -27668 -50439 53704 -22434
r476 -35350 47625 52102 2343 13925 40797 7603 19554 -8844 25051 61985 63527 -50502 22876 -2178 53546 -61097 -33544 -15774 52523
r477 57159 -40754 -7899 23726 25131 -62297 6082 -30174 -17559 23776 63841 60940 -33177 33851 -28862 57650 -11981 -495 -52629 62096
r478 38497 -31235 -55035 -55331 64838 -3630 -11484 -49555 35367 -41024 6155 -23433 -60208 -40263 7119 -7987 -44676 16209 -62168 -63826
r479 -59975 14826 -39065 -19796 41917 -45645 40952 -29683 -59781 57167 27649 -38371 4579 38885 -21615 18938 42348 -1669 27460 -57757
r480 19010 -12199 -51810 16031 -59978 41504 12893 -28558 7246 32349 -25115 -57351 46967 -11957 4355 54771 -11755 -48160 21942 3023
r481 16459 -11022 -46006 -53647 48495 42648 294 24518 3184 -44675 -11803 -48164 44970 21296 46782 -28241 -61072 59871 35121 41666
r482 59597 29408 58611 25861 1614 36247 -17157 2112 -16268 17886 42881 -12180 40938 -39920 -15631 -16932 48981 51501 -8811 -22279
r483 -7705 14260 -28354 30763 43572 2012 -45649 -51499 -8259 4685 -58322 1683 23346 8138 -16197 -41605 5246 -55146 -63642 60175
r484 56842 29628 175 13550 -8585 63661 -26736 -26347 1371 12212 -16363 -32140 -40359 55931 43079 33846 -37758 -19965 22821 -61811
r485 49316 28920 22071 -39273 -63641 -25465 49861 12888 -55250 46701 1271 58883 18066 23865 4797 -61488 35356 10762 -36412 44571
r486 -65326 -36500 19781 30571 18479 25636 28834 -43736 -37479 -51711 -61192 -7751 -16192 -18513 -58869 -25359 -21929 -28016 -8561 26765
r487 -30912 -34585 7390 -2520 56994 30863 -22383 -5032 63832 -54915 -14384 -29051 -44488 -19982 -9170 -9649 -2570 -50622 -18699 -818
r488 -55312 -26935 -41642 50367 -41229 8028 -17032 37592 -12330 2770 35043 10958 -55187 27270 62245 -45443 -40191 -30074 42524 61784
r489 24397 -57363 62261 57013 50633 26281 2932 -29813 11631 -22103 35063 -28658 -9794 -48856 25332 8362 -42314 58985 -4014 40701
r490 45972 40013 23781 -8200 60656 28105 33729 15792 -59579 2136 -1877 -48158 -58661 62272 44795 -24005 -10717 58502 -53346 57317
r491 -64359 -47869 43560 52234 -36232 47456 4824 4718 36752 63804 -14694 -43040 55830 61119 14443 -49259 -56893 -58952 25228 -3203
r492 -63334 -48394 -7652 62838 44167 11440 -23843 -19906 -6457 65487 17471 18178 43208 51727 54003 56849 56275 -23590 25099 58496
r493 -32384 43797 47629 -46229 41482 12017 33400 61714 11303 -38840 54242 8082 -22507 42166 14565 -63188 27515 29911 25429 -49622
r494 -39575 -62669 -29585 6533 49233 8491 -46673 -51615 -35682 17141 -10370 -12057 8429 64830 -38270 34934 -50758 -27857 -22227 24421
r495 -33457 38606 13123 -23103 -47259 47267 47141 48290 16798 -52907 8567 -34726 -18793 38583 53805 -36098 -12934 -7683 -45700 3363
r496 -30611 52586 -23263 15605 61365 -9450 64851 18983 49256 -56750 -9275 41966 -65414 -20042 -42460 29661 -58366 40128 -15040 -10732
r497 23057 -31546 23841 10441 46740 -11320 8817 64206 -17367 -4417 -28355 -11294 -42655 -35383 7897 493 21318 -9869 -18391 54557
r498 -12955 -50113 55141 -45075 -12840 -4208 -42579 -31372 8053 -7704 45193 22927 21793 4012 -64497 -1858 -45047 -40669 -22796 21180
r499 -4722 45714 -31695 1008 37467 20896 25861 37889 -38607 50376 52330 -65212 21026 -2563 -45215 -37413 45718 58102 -45532 55216
