mTable38 21
KEY  c0 c1 c2 c3 c4 c5 c6 c7 c8 c9 c10 c11 c12 c13 c14 c15 c16 c17 c18 c19
r0 38614 8057 63872 41902 18473 -8992 18732 -45022 23008 -60575 -56099 22116 -34633 6328 64739 -36927 -12019 -24951 -30 -50155
r1 -35956 -18808 20471 -6984 29401 34998 -61164 -52160 42321 48013 -34156 26473 31340 -39581 -62678 -26404 -13921 -47824 5389 -15580
r2 -21383 -33542 49411 61719 -42839 33934 18189 -16237 -9058 41219 -54634 -58413 -10171 21225 -6843 -4761 -57314 -37021 9388 319
r3 12372 31804 -10832 -12879 15368 -10560 -32898 -49030 -11496 8927 59051 34186 -26431 -43035 42763 12355 31791 -14364 -16807 -63101
r4 -7874 -40333 -63225 -13564 23133 51465 39488 -19295 -29954 -51886 -57890 20121 -45006 -24871 -60072 -900 -35190 3810 6060 -22260
r5 -9862 32082 -65013 -50258 31660 -19989 -2013 -16844 -14145 45537 14059 -24216 38175 -10312 28675 -58105 36028 -17398 25956 7137
r6 -21465 42716 -64803 -62659 58841 -11659 52352 -41962 15278 -9676 11258 2262 -43689 13475 4238 3289 45258 -8666 30346 38090
r7 64076 -3494 6621 -60950 -64419 -62989 62239 -46725 1706 24667 10630 -30640 24388 43581 -54221 -24900 50032 59890 31671 33514
r8 58680 32438 47657 47127 -64586 -16430 -43682 -37269 -49122 -34876 951 12915 -12033 -53662 -43536 62164 275 40533 54197 -44437
r9 -29761 5760 -8246 -47000 40167 21262 -37618 32579 53733 -57088 54157 46445 30257 -7260 45579 -49206 -33358 17269 795 53258
r10 -59862 -18047 -26480 47602 34055 11940 27413 -21767 -18593 -10531 -14129 40432 -42621 -47807 -25885 63987 -63213 48359 53166 -41169
r11 36655 65278 -59742 -4254 -30808 -49402 34459 19863 43959 -18030 -48312 -53389 45724 1924 -47681 -10564 65191 8154 -37467 -5494
r12 -35295 43290 -33065 -33157 -61068 15010 47266 -16603 65441 -6862 62439 41564 -118 23945 38908 -25581 17377 14347 -39132 -12972
r13 -51662 47079 1691 31091 52510 -50236 -35789 58162 2996 7455 34296 56324 -24976 -64128 -42720 6597 -10263 19213 -106 -4077
r14 -23352 974 -21362 764 24957 12531 -9241 58880 61134 -10215 6176 63732 -55632 65265 14769 -10336 46292 31631 -9822 18940
r15 -43760 28158 -62797 31745 54756 -27500 31121 -44554 18982 60632 59658 -9970 17782 16623 26888 -49856 27555 -37159 -18132 51376
r16 2862 23188 44941 63945 -25618 -19582 -7511 55258 5172 -55913 24113 -9177 9395 14470 7341 -44231 -55843 -21072 -20 35868
r17 -35361 -36675 -20122 -59252 30649 19883 -58529 65336 -35770 37891 -41380 20108 62975 -22462 29936 -15139 -15598 18202 -46947 21989
r18 28609 -24389 -51766 16148 36925 47646 -14472 -56554 2382 50553 16273 47167 65361 63879 37867 -31193 -36544 -42847 13986 -45194
r19 6606 57229 -56672 -3763 -49011 -58472 23730 -59595 64699 58826 -25681 49838 -11892 17913 11939 60071 65473 -38546 -54494 31908
r20 51702 35492 33460 -56278 60153 52746 28097 53917 57698 60971 -23937 13705 -13190 -58663 -62016 63755 12987 -15781 19956 -36964
r21 26822 -26501 -65346 -27730 -27181 60874 -61633 -17930 -53565 -22239 5123 -7948 43272 -63943 47558 42096 45690 12538 6031 -48170
r22 42491 50309 64018 2949 46136 26951 -4156 38181 60093 47871 62681 25036 63247 241 2990 51322 63822 64868 37429 -50639
r23 -938 6970 -42963 -21800 5116 -58495 26649 33186 -62390 63422 -27071 19145 -3281 -21378 -30771 7174 5489 26930 9214 -25405
r24 -49401 12609 -285 -27429 25255 -48549 32229 -27677 57800 -41152 -36513 -5085 15377 -13191 48873 54768 -22319 44484 -15442 57914
r25 25581 -10645 29876 -32874 26881 23152 11892 -25201 46414 -48034 5629 27584 -33125 -65114 -48595 -40536 -39697 30082 -35189 -54117
r26 -27521 44952 -30961 28294 -15141 -62591 -22306 -42517 26439 -33843 -4693 26627 611 34775 25216 -1819 13568 47020 -27544 31113
r27 3230 -7206 -13930 63828 48818 -23214 -17748 -38165 -1321 64137 9214 13853 -37753 52415 5342 -16942 -2022 40094 10779 51464
r28 12149 -49945 23257 35010 2114 10775 13447 31315 -51362 -24530 -41374 -39189 -1528 -20159 52293 61835 51576 -41466 -52982 -2739
r29 59867 20740 8313 33516 -9684 61665 52843 63342 65336 -63006 490 -63255 -48495 58276 63847 -14695 -3641 34401 -57586 48623
r30 1459 -55889 -58123 27924 51304 -17172 58552 -43689 23996 5577 -13950 -45840 45272 -1894 -64413 7421 36106 11166 -53740 -35178
r31 48175 -44344 16243 57207 37249 48851 60769 -9782 64632 35917 -39485 -62793 37654 -49730 -60881 23968 -23570 18448 32405 -50322
r32 -20717 -33266 -45110 -63879 -11889 64756 -51143 21392 -34553 7516 -2391 787 57218 25188 -42131 -30709 4135 -53078 13947 -45252
r33 -35548 29898 47973 1714 25975 -13948 2565 38769 59751 -60826 -27656 54092 -62044 5823 -13762 22337 25417 -30785 -53488 -40544
r34 -53316 43626 65393 34858 -1492 2044 -18699 -42800 -23165 44508 -13895 -42870 -39452 -16709 24717 56283 27518 15589 63409 -26333
r35 -33042 32564 -13813 -60905 58836 17838 -46389 61851 18094 55320 -53300 -46688 -21485 5626 55329 -10836 50740 -50293 -14786 -42934
r36 25106 -20951 62887 -61873 -11771 49235 9637 -64247 -47558 -25764 -59488 -53564 -31722 -14547 -33542 30012 -37245 12168 45910 -50909
r37 47847 28649 12547 -9898 -25083 -38598 25801 -54790 34005 -23542 -57446 -33434 -15923 63535 12983 5561 3143 -17857 -23827 59782
r38 -10435 30249 -13488 24270 2871 12746 -55379 22928 48415 14552 -28570 61308 -7807 -17598 -59472 -265 -64473 36362 -14848 5087
r39 -38659 -61213 16271 19205 43144 46937 -775 -32544 -56820 34022 23290 -28344 40784 -47428 64326 -23068 -47987 28085 54254 -53770
r40 5991 2502 42915 15594 -24993 10177 31266 -10373 35822 60369 22752 -3467 11176 32764 15759 45726 44412 65320 -32552 12537
r41 -4148 20600 -28674 42729 37872 58017 28862 -61792 46541 35308 -27245 48207 29673 55910 -43757 -53947 -5434 2141 -64885 -52846
r42 -14509 -55862 -37487 -44711 22699 -27103 -28109 2686 3824 11761 12719 -61524 -44122 -56081 -62365 47330 62633 -61320 15172 -16473
r43 26589 -37489 -12395 60247 -49438 -54431 -22576 -5991 -4499 36511 -275 63625 20427 57558 53598 4580 -12422 -22160 -62241 -19575
r44 53865 -24683 -27060 -55515 -20082 21290 -12254 4810 -36642 -46431 17457 15733 -44160 12068 -59620 48311 31691 -23893 46152 -1185
r45 16483 -42217 35049 -50070 10035 640 -25907 41361 -13117 -5115 -16284 -26978 -14811 -43610 -53679 -6238 -17645 65060 304 25846
r46 28471 4418 53226 8827 -37479 -10259 25830 -26244 48300 -26176 -58883 51367 59097 -8169 -11304 49414 29736 50436 -53842 34612
r47 -11365 -19904 -22616 -30227 8619 55510 -50060 -9480 -10809 -56492 43224 -64286 -2712 16292 -52897 24542 -13110 -4476 -36902 34692
r48 54988 22258 55705 49534 33528 -39609 -49011 13817 -46786 -38671 -10100 -60790 -30086 -12490 20396 -22845 16970 -57773 38582 -20012
r49 -12021 -30204 -2646 15516 21977 -11535 -8840 -14759 41908 19470 15380 -14474 30407 -24666 59240 58411 55235 16014 -14977 52346
r50 -41154 51165 -13809 -4159 40207 -13463 -29629 -44920 -29692 33400 38345 -61757 44712 13111 37402 -44680 8963 41578 10460 31211
r51 -36570 34922 -11413 20692 -16878 41942 -24503 -1833 -23695 4104 -49996 -31352 -28028 -24905 -55246 58210 -4545 -4769 -5369 57535
r52 19340 -35083 52535 -13810 15438 46179 -16337 9446 9250 63196 -52566 -33858 10391 -32515 36461 283 28613 47701 -57779 -6623
r53 -37278 60730 -5920 -65389 37165 38801 -63265 30968 34606 -63796 21103 -55621 36851 -50708 -49844 -29374 50354 -8118 3747 -38471
r54 60590 -50605 -39849 27748 -42232 -30634 31532 -20597 -789 -51010 -47090 7523 21887 18255 10671 54733 -51285 32325 -33250 -37001
r55 -42430 -41718 49583 -39304 51156 8010 -53384 22250 -47492 -20371 62630 -61598 18458 22116 49098 44546 -65483 5672 -5072 24257
r56 -14579 52841 -41246 41453 -4095 -55018 41831 -37645 10558 -18887 55165 -5119 18228 38721 52000 21523 26648 -5490 25260 28701
r57 -64234 48265 46704 -59643 -10545 -4944 -39820 4464 -22988 62010 25310 -15896 42610 30084 36163 5366 58853 -5449 -14405 -4320
r58 1695 -21483 -57263 45207 -45448 14751 63564 28211 44562 -35570 -46850 -54464 51437 -31014 -33102 7511 -20257 47416 -30791 -59795
r59 64311 38297 -59926 -28901 59363 57233 -11996 -31883 60465 -54489 56702 45166 -56420 -15784 43538 -34025 -63915 30965 52632 -4291
r60 15810 35244 22501 25241 -33345 55111 62991 -23370 -21500 24593 47533 -13842 -8884 39722 -47644 -43749 -183 36861 -6514 62958
r61 13101 -36775 8397 -30810 -56903 8616 -50577 12164 58471 -57741 -63599 23157 4760 56467 -36067 -64665 32665 -58817 38420 -14300
r62 -10801 54502 -58914 -14921 -5493 51033 -40899 32008 -5243 16873 39313 -23350 -28801 -38374 -17017 30575 -2349 -60223 -594 -37286
r63 -5005 13002 -54651 -30051 45995 62201 24497 -17558 -60370 46433 -27280 -20444 28497 -5177 8665 39167 -28546 -54178 2608 65314
r64 -45873 55806 -52508 58899 -36932 36367 39094 -13132 -14587 -25012 -29082 7605 -496 -47584 -54154 -51994 -1158 -26989 59646 -37006
r65 23236 -28319 40404 -16905 35274 58038 49561 660 6070 38348 -55222 -50869 -5549 50024 14534 -57694 -60716 -13054 35920 -29817
r66 -20722 -41225 -15530 -2532 -41753 61532 -11962 20139 -26869 9589 50333 51464 44101 12270 -20308 -14400 -33703 62327 -16246 41433
r67 -10628 -12980 45879 12814 -44664 -49136 11492 -3143 -62103 22834 57627 -55443 -728 51500 -10049 51426 13268 39417 39068 59146
r68 40969 7542 -52303 60380 30064 -32707 -32871 -1413 -12986 -1131 -10847 -57242 -37501 -10563 9079 58270 -33078 -41708 -33715 -25476
r69 -47691 -56433 44318 15496 29151 -56733 -52077 26105 46103 63796 55025 23033 -29817 -17667 -40721 -39643 -26042 33469 20243 46799
r70 46141 -25685 -13741 33534 -6414 -32079 28960 -40792 24081 -33444 50316 48431 -57639 -20693 -2693 -46992 54619 549 51018 -11353
r71 11692 -11570 -45064 -28257 -23986 29739 60771 -12481 36639 44968 -56996 40303 65434 34566 -27998 14760 43300 63584 9608 -50024
r72 -33234 -17602 -6783 -57102 24220 -1416 -28259 -22782 14872 25842 32155 3560 25347 18680 37820 44525 43432 1165 53492 -64430
r73 49282 -61258 57476 -39174 -52754 21018 -51170 28207 -13783 -7374 -53664 -24884 50137 28600 -57729 -47709 27951 -7232 -63105 25102
r74 -32198 -29867 -34436 23954 58284 -1586 30198 -922 -39550 -53744 -36 39656 -49729 11113 63629 -42025 20127 18717 -5230 -5120
r75 -56780 -22551 -55423 64015 27758 22483 -37219 15364 48212 -36947 21526 34279 38269 56576 12831 -31199 -18639 2355 1748 8021
r76 -57389 31982 -59139 -50337 18797 20170 41906 8724 -24025 -2178 -59027 -15921 3167 34839 -42334 18643 43337 -22895 -52470 -43383
r77 28923 23965 -59803 52588 9333 -44596 1467 34176 -41399 -9666 -33018 52031 -51417 30398 -47676 -21234 37289 61277 49049 -10695
r78 -2516 -19656 -45885 -13263 35859 -38138 45352 -55631 45919 53240 15879 -1947 -24436 64367 -20424 -44982 21450 14203 -3488 -33041
r79 -51440 48372 32452 -15143 -46162 -27460 5802 26700 -4146 -56922 -42933 -50813 -56332 834 30495 10739 -17011 20777 -36573 -36946
r80 54953 -30863 -9608 31172 -58412 -13111 53947 -56449 12897 19924 35764 -43882 -18178 14892 -52949 37076 61061 48778 -53609 -39011
r81 58296 6022 -62669 7270 -57956 -514 37717 -44833 17607 -38071 61267 -14199 -25167 -12591 -61894 -25809 28121 64330 -64314 53624
r82 -21871 -49437 -22562 28622 7421 -62357 -9215 -43870 -39971 -42738 1778 -28874 -7437 58182 -2049 31416 63674 24601 -63552 -65408
r83 -43260 25171 -62054 -62809 -44219 8116 -1352 221 -25898 33125 -4363 62520 -46135 -22327 -38654 50089 43466 28981 -13708 39128
r84 29926 18200 19627 55402 -58179 -11708 -62401 10720 54654 -26102 28812 -61437 -22753 -27250 -22451 -11778 -63087 6197 -62977 60438
r85 37381 17991 62088 50753 -9641 28043 55732 35728 -9689 9367 -30545 -41444 42726 -46655 49110 -44363 -9420 -3622 60011 1951
r86 51206 22637 -19096 -1785 28573 52566 -21930 -37439 20203 1346 50362 30788 53493 35725 -49517 -14995 34922 -23250 9445 -3565
r87 -22642 -48360 53753 61413 6703 25518 -59612 -10939 -13432 -39051 -50145 -5493 -59383 7243 -22733 15642 -65117 23450 -23258 25454
r88 36780 53109 -22276 -52750 -63572 25344 33240 186 -44982 -51809 -50264 -33181 -23528 42365 -64461 9057 33953 54125 5811 41085
r89 -37803 55017 51703 52222 -12974 44586 21565 -63423 60720 44441 29582 57327 -31540 -57507 -49205 1195 61022 4110 -18771 -10724
r90 63447 10634 -54562 22831 -39609 4216 -35536 42603 65033 -22811 32520 15 -21704 21444 -2718 50775 -26735 37137 -37528 35947
r91 -40117 34032 30790 -59264 59535 64959 47322 -51748 30102 36989 -2143 -62386 38394 -35513 12650 56960 16062 25662 43011 17312
r92 37998 -12226 19406 -10264 -43091 -24713 -56997 -39968 53178 -3853 49822 56092 -1465 -21118 42992 4389 -53241 -11736 -14104 30004
r93 1529 55428 4424 -21513 -42201 3195 -5698 -1244 -35796 -35786 -3640 49656 -31236 -18345 63142 20268 15289 12316 -24783 29737
r94 -17132 64757 7293 24709 5065 -39968 25264 -58914 65234 -2629 45232 -25027 -25493 41427 -14662 -22829 39768 -48778 -57674 -54410
r95 50778 11719 42920 64541 43810 42821 -36955 -35013 59799 26158 21292 12766 -17862 -56510 -22043 55034 -62706 -21817 -38435 -6876
r96 61326 51730 64036 -17531 49996 51536 59024 -34548 -4312 46047 30817 44217 -65305 -47449 60711 -28977 58225 13376 -9109 48838
r97 44778 32415 -20683 48371 13864 3715 60014 -46504 -55397 -5713 56898 29081 -57706 29484 22200 31978 -40301 -41223 8319 -21251
r98 -29322 6715 -24657 -40149 -6652 -62890 43500 -31159 8787 58670 8148 4707 -19536 -12552 -16838 -24361 -19411 36778 49279 49381
r99 25562 -13579 -58772 41921 -52180 -54776 -2821 -60839 -24989 3297 34885 -50801 -34331 24458 3147 52965 52501 -39922 -13673 -52254
r100 33001 14478 16264 56105 27132 -25797 54600 -65501 5466 16868 -6698 -17474 -2409 32207 -53794 42060 33101 -30762 31811 -50207
r101 11713 -24498 -51502 -4081 -58718 40625 -38878 5869 49537 34400 24025 -36189 713 -28484 59561 -14369 -58060 -25986 18151 -43757
r102 13895 -63157 -35690 4787 25499 -24330 50676 37486 11748 -16024 46815 6647 -64650 53676 -20363 1104 -40450 11038 55647 42160
r103 -18061 -4228 32860 -31132 5714 23581 55630 -41826 -64993 14657 -30640 50568 -50480 49295 35118 -7772 -63949 28798 64182 44838
r104 64098 4634 -49522 50132 45544 36481 35446 -28123 -58197 -63808 1717 -63048 -25546 32444 -9930 -4200 63862 -2257 8637 -20072
r105 19883 -28845 -27057 -57855 -25376 39115 -54910 -23883 -54668 26732 -57676 -2637 -25143 -30251 1993 29226 -6860 17539 -20725 50985
r106 -26288 -42690 212 11881 34727 30504 -32014 39226 -27655 -31647 -55660 6658 14837 -31497 -30554 62736 -41629 -63651 -54662 -24995
r107 30493 61811 -7120 42474 3836 -6461 -4183 -14652 39722 39848 -51335 24190 37087 -62311 -27395 36838 54629 -26508 43871 17792
r108 -38382 -62540 -52877 52267 -44082 -19419 58393 -50714 -6895 -51615 4074 49126 -38568 -46777 48185 -63654 50710 2312 10465 27756
r109 -41578 55827 46321 -5640 60907 -52084 -9185 38008 32080 53444 -40000 -30434 -21273 4140 2935 -44826 -62573 -21455 -47312 65293
r110 -22448 27715 -58686 -31353 -4201 39934 5990 -11328 -4602 -22961 34804 54757 7486 -60159 60831 -43777 15524 -7853 4024 30753
r111 44416 29147 26456 -39562 -65327 12183 18158 -1148 36105 -55703 16670 44851 -53239 29361 -41673 60257 -33145 -51797 32944 7171
r112 -59494 -31064 -9429 13547 32289 21336 50476 -12980 -51202 16791 42452 10697 58135 39343 38623 -35266 -35725 44035 60697 53066
r113 12104 32508 29768 20626 3132 -50232 14058 -48209 -54157 172 49576 7822 -35191 -48430 -21798 30349 -63299 30784 -13474 -13613
r114 -9201 51292 -31542 -43817 -610 -45850 -57520 12667 58688 -43570 20968 -40141 -37507 47090 8798 -30686 27214 17251 48162 -19605
r115 -42713 -17219 55353 2461 6761 30257 12050 57768 21501 62963 -41279 29679 -62605 -54029 -10297 51629 24978 62666 21222 -30164
r116 -12028 29751 -6026 -41829 32885 -59992 -48118 21382 -65353 -16668 -58224 50610 7128 5 53004 -36977 -57505 -49426 -43804 -21203
r117 -56009 -4458 -51380 33916 -46022 -13339 47569 -42090 14331 -49187 43091 -2237 6946 58187 52029 25866 -44369 35819 -33286 -32016
r118 23379 34134 59487 -52726 -10410 -7933 -45323 -13645 -53056 -18834 51898 54307 -3224 -65470 58203 -11840 45829 62708 53119 49688
r119 5650 -25179 -27732 1562 -12867 -20229 61599 -10411 28993 -61993 53020 822 -63054 -35702 37019 4646 -7933 58275 27282 -57113
r120 -11744 21282 29961 42505 -38135 -15468 -26341 58443 411 28639 30108 12721 5306 -50643 -50465 44216 -19175 3390 -57246 20226
r121 57320 -15346 60703 57977 51176 31411 -6416 14225 -31486 25630 9466 -27166 -7728 -7685 -35257 -47515 -25208 60443 44035 -46926
r122 -35072 22457 -64804 -23807 -36527 -13116 41483 -10926 -62804 -23549 1266 -27245 33009 -3033 11645 8185 29339 -35434 45440 -33922
r123 -60487 -23845 9988 -63234 3325 -39812 28406 24484 -63269 16391 18436 -26432 -58686 20246 -20337 60173 9272 -11030 35226 -26552
r124 6905 -27413 51371 -1811 56705 29340 48216 52083 -54679 -51703 26479 48016 -43332 19871 -1221 -55248 26989 -10258 -10518 30007
r125 -56024 -37912 -32555 -2677 -15779 -43125 26973 54394 -34884 -49694 -55560 60542 59716 59429 50700 -65177 10324 -52469 36609 -53420
r126 55826 23889 -1227 -16341 53087 -17974 -28178 -35362 36873 63466 27929 31742 40824 -17741 15070 -49579 31439 -14065 -32137 19825
r127 39197 -39735 7775 33134 -1863 -5418 10223 47478 -53996 -56255 41361 -25380 15586 -24763 11704 51279 -48017 11886 40494 -31536
r128 -46451 37894 62618 -58305 24189 -54752 58174 32465 2604 60527 46060 -36272 35948 -30382 38282 50718 21600 46256 11386 30765
r129 40645 2493 58787 -23137 1272 15574 58022 19522 -27051 28641 -33450 43892 -4091 25880 35451 -58912 -34261 -60604 -65335 64463
r130 18961 1459 27613 -47294 42893 3945 -997 -2774 -15715 -61537 -45572 32763 32825 8661 62733 -5750 15248 -46914 43998 -48080
r131 18758 8023 -23001 44656 -36247 -10641 13404 -41885 23358 56307 25059 -4978 -53333 6456 62677 3209 32388 62118 43892 -4756
r132 -37112 8752 -6089 57655 -39278 -41427 24330 53496 19936 -12114 -36209 21910 10649 43740 -28207 -59431 -50258 17171 -17734 -12096
r133 -2095 56217 34087 24232 36247 -17256 -5227 6700 -38424 55535 52625 59174 -59013 -31247 40916 7364 -59228 -18030 19385 33362
r134 16501 -52130 -54584 -29941 -61205 60976 46129 -59273 -12550 -17955 -2266 35299 -21272 -60718 59639 32693 52090 -29181 -53962 -6560
r135 -53516 -22331 55669 -14890 35684 1482 -4566 4861 45879 -24479 -29948 -35380 -46589 -54999 47324 -46103 11301 20151 16791 20296
r136 60682 -12978 -25474 26643 10598 -26015 -15747 15202 22857 -47716 45541 -64534 -14095 -22414 21173 42838 15325 -9404 42942 29965
r137 30579 -9893 58369 15293 55638 39920 -28654 19079 -56761 17033 -49117 57206 -11241 -20520 -64237 63044 62167 14895 -58755 -18021
r138 36925 -6808 89 25219 58874 20356 -5392 -59138 24675 -11363 -13203 281 -12253 30411 -3043 17394 33521 7488 60903 -59785
r139 -53641 -29108 59637 24730 29973 -23029 -3549 -64074 -50063 -6474 -58549 -26539 -15404 63694 -7422 -38085 4669 -34960 -65218 65517
r140 59672 46020 58650 -53021 -23077 54014 -43369 -23283 64882 51631 -1500 60502 -10256 -42935 14168 32821 -26957 25537 -3430 14618
r141 -6792 204 35256 -59484 -54570 -19631 1359 -44121 -9911 35498 -42625 -39981 -39946 57591 -36252 33364 -57579 -53023 58492 -12102
r142 -50455 34170 47946 34174 2675 9545 7279 -35773 30833 -24752 -50333 39155 -8568 -61835 35300 34730 31060 59751 -23264 -57014
r143 764 -28963 -1265 -51977 20197 -28153 52962 -18507 -25019 -1980 -15376 -48114 11068 -21978 27057 7957 -15569 -53058 -51005 -6091
r144 -22351 -64521 -49910 19889 4162 -7763 48354 -60534 6542 -43156 -11581 -51866 -39745 -8707 -64007 -13399 32986 -64638 8205 7833
r145 -54865 5759 41741 -43243 -52853 -18617 -12592 -42338 -43130 -22515 31102 59453 27948 -54251 -92 60374 6548 -50252 5306 -21376
r146 5103 -18474 50892 63575 11452 -37365 -62124 -28461 23268 49265 -19301 -52201 -32236 2295 42670 -17740 9286 -9875 19387 3175
r147 60516 -20294 -51835 -33525 -29704 591 41437 -17505 26657 28192 -128 -40735 5534 60762 -21431 -43367 13048 51087 20712 -44882
r148 -9355 -2348 13131 -25020 2820 7697 -50848 -4715 -36702 42079 -40081 -41225 -25246 41918 10371 -37640 -57450 -45555 -31637 43443
r149 14889 -12401 61651 -48226 14631 15698 -41927 -60861 -37364 8126 56206 -5188 15883 30004 -59970 -50403 -41910 25795 -7343 -39925
r150 58096 61624 18255 46732 26499 -46201 -44954 14390 -45891 25097 13528 -18057 6269 5112 8676 -3316 60990 54594 47416 -63282
r151 -5450 25453 64261 -55345 44881 28032 -22015 -53642 -39678 -27952 12251 -11203 38073 37948 -18581 -54996 -46962 -38550 -53592 49116
r152 52711 -63969 44628 -22081 58995 -26779 7230 53926 -60975 29539 -39503 -39682 -42353 42222 -34543 8372 29331 -24573 -5303 6395
r153 42825 -48280 -17818 -3208 -8588 -11853 -52944 -49085 27467 42772 -40367 31911 -52497 -25784 41654 -12886 -26581 -33908 -3743 53181
r154 23313 9971 -33804 8073 29067 57049 50238 55242 -28851 2495 -4983 34902 24141 -59984 59749 -31540 34886 -40558 -2737 61796
r155 62472 134 19915 62852 -17237 -41183 -34455 19517 -29576 -17970 5467 42890 27765 32196 47031 49122 29118 31198 -520 -63125
r156 44543 -45592 -18784 35653 34504 29039 -15148 44064 4950 -61871 -31279 -62954 -34714 -59522 -48738 -60736 -57063 39585 21928 -17768
r157 16555 -20715 -1825 29416 -12848 -43697 -64636 12031 -45533 46669 -42426 -11612 -26631 -22355 -24 -24405 37186 -55225 37324 22336
r158 59318 23111 46387 -7051 63941 59469 20212 52430 29286 -9133 29992 -44866 -19112 -15443 -43690 -4326 -22209 -47732 51833 53720
r159 47293 3721 -42518 -30305 -24276 23951 12093 -38447 1117 34310 -27680 28534 46135 2500 -26517 34250 8156 -44410 51512 45725
r160 -43783 -59817 -25891 -62211 3891 63921 -40585 20531 -54121 53297 -25620 -10562 -9285 -46273 -58580 -41484 -12986 34080 45069 4801
r161 56784 -49874 30486 -24210 -984 55767 -62555 30960 -28876 -50085 31171 -23416 -33047 43278 40010 37093 -61366 -51786 2142 -4352
r162 -39481 -30380 42932 -55139 -29490 -43755 5624 -38536 -37373 53144 -50926 33167 -51461 -24486 6002 -24439 35874 -56360 23512 32732
r163 -52919 1182 39088 22996 13390 -14640 -27027 -46469 -4433 30247 -56063 -61823 -32482 40214 -17924 3232 59803 50017 39286 -49107
r164 256 12136 35964 -3637 17197 -20209 4945 -65103 -63363 -65398 35294 -16117 2652 33032 -35599 -57749 20087 -42592 36789 -10228
r165 19995 -50469 27192 55063 -61641 55923 63122 52313 -57455 -48794 -27317 -14199 -56134 2879 -21571 -62503 34941 -23381 -7434 -28490
r166 -26238 -26292 39762 58251 52358 -17241 61743 30539 -63693 -28918 -30868 -41621 17401 14878 61520 -32995 32805 -3377 18544 -7357
r167 26366 -53202 -64878 42529 -20215 -60493 -40700 13951 22034 43943 -3738 -63737 -22136 9134 49462 -33151 -29282 -49295 22875 64855
r168 64111 -46240 -34962 48589 -32861 -26507 57853 -46153 27466 13541 64729 -17443 5239 -62595 -9218 7520 -10307 54530 5915 -26973
r169 37873 16856 -50476 10274 -8497 12999 -42281 22061 64492 -48123 -32636 27514 63727 -20040 -10616 51154 49978 20443 -9197 13938
r170 10 26235 -36700 -35151 28052 -64438 45474 65441 -61478 -50439 -30619 -13358 32952 21240 49713 -53241 -52065 -17188 -7312 -63289
r171 -39581 45995 10158 -20606 -15389 44464 -22665 9738 -64865 32290 -11532 51475 -17557 -13070 -46597 7497 -37815 18006 64316 43246
r172 1438 -51779 -28439 17364 27403 -34245 -53637 52967 7477 4627 -4044 18052 6128 37211 -28980 26183 -56685 -38902 -23536 -53930
r173 -34878 -10685 -21578 14937 -28414 -37056 -19032 57916 -54432 22581 28830 62 55953 34110 56928 -59939 26323 -57732 16188 -5159
r174 13077 -36807 -41144 32998 11662 -25936 59150 30894 -25457 -13575 -22536 32101 -31037 61072 40223 40404 -16536 20351 -22718 49541
r175 62317 -38431 30208 57337 40246 -23987 41575 15865 -14320 -65454 -52071 -26891 51611 16490 15296 -58032 -53233 324 -62104 2047
r176 -14200 -38212 -29729 35320 -13833 33707 -34559 -15146 39942 22581 10045 42696 35155 -24471 -50761 60059 6850 -56230 -1032 14274
r177 -54656 21251 53960 -48247 22316 -19659 -4404 14058 -19462 -17421 -23586 34542 -11880 -3130 981 -63133 62607 -24575 -26305 -60805
r178 639 65076 -33182 -47271 25948 13927 -24855 -10242 5512 -19120 48929 62156 -9966 -51289 751 -28583 35064 6982 40553 -51656
r179 -22280 24944 -4876 -35665 -46799 51093 -22306 47837 -43480 10568 54686 -57696 -62909 -1098 -7240 334 -27965 -12690 -43392 -31037
r180 -19071 -23458 -56684 -49661 -36742 -44485 -52794 -3691 -6666 33257 -62127 8743 32847 64782 -28320 -7961 -16696 -29607 5867 -57271
r181 -23904 -7949 -56865 -2203 30300 -18031 -50853 54998 46210 56431 -42589 49744 23424 -27471 -35830 -25028 -6024 -19459 -55645 -1091
r182 -32012 -24108 35811 502 18506 -17006 24327 753 56542 2889 10712 51585 162 46270 26380 25490 2972 46624 31443 61073
r183 -43500 -49682 -5179 20436 -40737 -23321 29529 -10513 -45046 -46552 -29386 57155 -58884 237 11964 -58934 23684 47557 -61769 61537
r184 3093 26349 -52321 61082 39647 29726 -4864 44846 -30301 58507 -36618 48709 18270 -40294 -29865 21732 -36194 15914 45236 -25303
r185 27588 -11168 -45211 45210 -38296 15256 51160 44245 -51415 6400 -25122 -26495 25365 23482 -10165 -34026 21790 -64091 56648 59377
r186 -55090 16462 -64579 -15707 -14006 -8341 -37994 38043 -15562 12501 62681 42127 56430 54061 56670 -31513 -13050 -6988 -44061 19603
r187 54313 -46535 36701 -7941 -26684 -11562 21628 32277 3666 27877 49544 -55423 20972 -32963 52796 -58297 5143 31355 31395 -64209
r188 -5030 -24597 -10104 -39365 -18912 -11354 -29423 17679 -64812 60909 -23140 -7322 1586 -18601 -33120 37944 4281 38414 26378 -54962
r189 -8513 -63237 -25927 50355 -29134 46368 -58742 -8168 -62415 -43428 54258 7552 -19177 -23228 -12274 -25812 -9748 8690 5406 62585
r190 -15074 -30861 -4716 17519 -4201 -55781 49196 40860 59463 38809 40202 42328 20859 -40227 59467 -49711 -50775 51916 11982 -27272
r191 14923 -55984 27171 51592 -37400 -40426 23736 63951 -32648 -42167 -24032 -189 43860 -64130 58313 -28204 13875 -25637 11404 -26972
r192 58041 -26651 -44151 -5233 -19035 51911 31746 -52301 -53543 -37403 8087 -48829 -51844 -21200 39570 -14235 7113 2104 37288 35415
r193 -38858 -21983 12459 41656 58856 -21002 2976 48444 -60607 -23496 51347 -23870 -25207 49208 -222 -21699 -583 50416 31248 -45265
r194 -22754 -41029 -60020 -22929 -40036 23370 33408 31056 -30835 10906 61900 -15939 -21320 41291 59520 5072 37662 -49341 19911 -3657
r195 -39820 -15751 50780 -35525 36907 38558 64080 -45282 12905 37407 -45872 -51211 -14678 56433 -59419 -46572 -37739 -62631 -48003 36952
r196 48099 21901 21607 -23982 16355 -34725 23522 47178 28694 -65232 5551 -49041 13803 -60890 -57484 -3988 -7392 24518 -36162 -48766
r197 36598 23575 50015 -23574 19822 15428 51408 -59143 -56754 42180 -29049 -126 55391 -31414 13546 -18547 -21929 46665 -14026 19206
r198 41762 31700 -61817 63007 45089 -23451 489 -27866 37822 605 28537 -39396 50327 -11173 1762 26567 -42718 49902 -34324 17903
r199 22462 -18006 -12209 -49634 57398 38728 33511 54500 -50940 -56191 -40511 61679 12115 -42330 -15511 8643 7471 50162 1661 -1111
r200 -15909 17697 -43069 -64753 -40352 -64347 14041 477 24316 16058 -39534 -25454 52071 -52294 -11211 51 22610 917 -22149 -52988
r201 20398 18366 42724 -51195 -2341 44724 25142 -58842 -26649 -51537 -54827 -18751 -20573 62205 -60661 1484 -45634 38144 -46007 -13702
r202 8300 -26119 35996 48279 12273 -33756 3491 -64556 -33033 -63842 48334 -18766 31706 -56306 -60191 -808 -46685 1117 30216 -54466
r203 44217 -48273 -59499 -14893 -2557 13470 21383 25892 -20266 -53259 11628 -48941 22310 -13524 -22081 24702 -27051 -45663 -58113 -41795
r204 2844 -36023 -60896 26121 -40587 11297 -47659 -326 56147 -47547 46726 -37748 50236 -50558 14309 38698 12011 43774 -32462 -2789
r205 -50480 2922 -53998 4618 2268 -48362 34664 61397 17318 60768 -34471 -63710 12779 39276 -44400 -18302 -21773 -57448 -1224 32592
r206 -14143 -13813 -12654 -27067 -41824 17986 -50880 5659 7134 41812 -35820 30387 65094 7270 38196 -37099 14708 -7858 -52945 -44888
r207 35125 -34839 59364 21563 -13487 36594 -65504 51021 38269 15758 -48081 -16299 -60537 -20893 43565 33391 -22188 -24791 -6521 -55579
r208 -47687 -5145 38973 11597 -1774 3968 -42003 31101 62896 -46908 -53399 14068 50657 4106 42103 -40083 -23773 1834 17118 -63797
r209 -44554 -49847 39903 -19868 -12472 -50719 5401 62584 -28827 1305 12772 -50212 -56506 2133 12019 48675 -58684 64743 10211 -54316
r210 2649 17945 -43610 12192 28268 -33254 38020 15838 9530 2086 -36001 -60944 -4780 4222 -45276 -47033 -15861 33732 -50867 1411
r211 -30889 -13890 -57800 44357 -22322 -30669 -55443 -2113 22007 21318 58053 -29969 -25465 -65401 23314 -37342 39583 63906 51966 -61737
r212 -63644 52229 -18703 -26585 20830 -25906 14246 53100 -27272 -44750 45830 8335 45869 -29236 52022 -32962 -37181 -37071 -49372 9039
r213 48916 -43358 -61598 31475 15495 -14518 -14542 33783 11298 63746 34247 -29898 21808 63863 60300 20320 60449 -34043 -61118 -6200
r214 4661 7899 -39542 -13160 -16356 57841 -26977 31000 43281 -8746 -11964 61967 18013 50869 -10555 56855 60750 57047 -53163 63481
r215 -21350 20902 56032 -40091 -28161 26184 -59585 -9875 -628 -47016 -41692 -7420 7800 17764 -62840 46407 46539 14007 -22660 -34788
r216 7474 30869 -42495 -45758 36032 -63445 -50518 47261 -41844 -42165 28813 -36496 -32243 48320 42630 6504 -45374 55967 -13312 -25762
r217 -62005 -17212 43031 -9961 51292 42573 -34695 36041 1432 -21623 62682 48573 -49842 53646 37573 54537 47803 -44570 -7322 64763
r218 1908 62575 31245 -6587 28009 9549 -1122 50806 10388 -5928 -8041 57768 11668 36141 38374 -64397 -63162 64882 -61349 -46466
r219 43117 64454 -48782 942 -20559 1016 -11440 -7671 -1083 -19321 -26608 5048 59803 -58944 -10564 61915 11953 55995 -35511 23692
r220 47648 30894 17541 -16106 -53128 52883 21997 -9580 -43344 -61058 -61645 -42773 51033 -49597 57319 -43282 19776 52497 33879 12729
r221 14007 5716 44510 -58221 34192 -38998 52885 36388 57604 -18206 -62893 -51468 -50196 -30393 -64431 39925 59389 26376 -22540 -7178
r222 -12935 -38584 -55876 12013 -303 23033 20504 -49169 -8958 -35395 -54688 -3743 -32853 -21787 -203 -4058 -44536 -17441 -11435 2966
r223 18410 33789 54223 -44573 -15779 -32874 -46500 53201 -47938 -61843 1097 -65237 -4764 -35140 -10146 -9905 49620 -7064 -49869 -40592
r224 -43774 -22256 -24171 4286 37557 4961 -28967 -35727 24677 52485 -42533 65044 36429 -34899 -34322 -4574 -17924 25771 41316 -32962
r225 -30660 7230 16974 19 -53142 -52789 -20808 -48555 -23482 48674 -36929 51436 -12135 -54821 33414 33685 27443 -58496 10743 -15749
r226 37722 -49850 -50206 -53883 -26488 -16341 -54434 -11502 27191 57007 41429 57535 -45286 59992 -51026 -18866 -5719 -52896 -12818 38860
r227 -57166 51729 -15278 -31297 -40475 46729 -14440 -9780 24937 26531 33190 -30497 64551 -52739 -2798 62758 20917 54780 -37107 -46129
r228 18610 12400 -60721 -36316 31156 -30749 27288 -49071 39517 -2070 -5729 10735 -56080 -15597 -8110 -21098 15657 2501 -38902 -33921
r229 43361 54565 29061 24997 63723 19070 17986 -28234 -34204 39228 -41152 -38250 -7128 15337 57546 13741 -52489 50633 14582 -23752
r230 23941 2600 37228 48458 -34320 35700 -89 15486 -61800 33378 35962 37224 9327 -40482 38449 -63699 -3822 58441 64066 -55698
r231 -57959 -47345 14405 -60519 -13462 47933 -53252 35551 29401 -16276 -21430 43696 22022 -308 20279 19218 -16700 54785 2276 48435
r232 35011 55244 -38693 12160 52466 28275 -49758 -32649 -7148 7837 39346 45284 32942 15241 43848 61868 5752 53046 -63943 -13947
r233 5091 55893 41713 -11047 -64957 259 -50481 -60823 -44018 40686 -15898 -48183 -65155 -50461 43097 -29435 -18867 -39951 49001 -16392
r234 -29984 -59930 7258 46579 32405 12545 -32865 22697 -55320 19926 25502 59500 38214 23826 9192 4714 51835 61436 23703 -48901
r235 -18194 23792 -6577 -50412 -3768 -57793 -3442 8625 -51681 -42369 -53019 62326 -30564 -37518 21662 30037 22512 -388 -28043 56949
r236 -11915 -65110 63025 -60792 -47329 -42562 3997 547 18367 23675 -37835 -48578 -25171 55308 38646 -64552 11853 -53252 -51295 44241
r237 -43628 9971 5546 -7271 -15121 -3588 61902 -40303 -38589 -44562 9748 -23940 -18797 15805 -64030 -39741 -30146 -33197 -63492 -64159
r238 -9693 62704 54103 -32486 -49815 -35416 8137 7931 -51921 -53696 35394 30508 52173 -49003 -16720 23291 2347 -59161 -57591 5979
r239 64037 44548 10413 9013 25612 16730 12841 -2020 -27965 -39247 60734 -53452 9052 35810 32162 13535 65121 9834 -20876 -53504
r240 31028 60622 -26174 -580 -54853 64237 62094 6883 -41920 37026 57470 -12850 9017 4364 -65301 43283 -44157 -6529 -49179 -63912
r241 -57907 -58792 58578 58060 -62202 -32009 -25749 -6012 32871 -4279 -45980 13009 45766 7767 -55469 25002 -11794 36468 21525 59541
r242 -50075 6842 34421 -49239 -8215 -18899 7994 64681 7935 -37269 27026 36087 -65360 20603 -48831 43268 -46245 -64871 30700 -41979
r243 -5245 -41736 23905 -326 -38933 326 -62438 6961 -30629 21464 -53438 10177 31144 19318 -63602 31464 -4076 46201 -61 41893
r244 12280 54020 -46273 -33630 11342 -12803 -40228 -30441 11151 -26711 -44312 -52175 -53626 32086 55337 34948 9450 -4455 59635 59851
r245 -21556 11297 -25850 15664 54531 20273 60772 37979 62742 -64222 58267 53251 -15908 9781 10446 24918 45635 -48455 -56440 -31253
r246 -8984 -31421 -15147 29841 5993 53498 -51193 -39708 26801 -44956 -16244 31721 35453 43392 -56329 38026 38657 -14182 45065 28197
r247 28302 -64157 29688 -62580 -12366 -5267 59172 41020 -39519 -28267 -35940 -7708 -12177 -49364 18850 62247 -47782 -21740 -50341 -45437
r248 -2770 51307 -2166 12918 -61796 -26653 -22534 15245 -13434 -2102 15998 -64528 -54443 -37341 -58061 -12016 -53162 54826 -26717 47032
r249 16095 -19574 51866 -37581 8765 -38958 -5470 8134 62890 -62507 -1788 -15293 45741 -49070 -22353 -36717 1213 -60644 -18591 -58253
r250 -14920 -7822 57589 -40747 -40686 1568 1788 28961 9026 -46805 62270 -55058 14497 -41393 -3447 11043 -36512 -36078 -62711 26089
r251 56991 -61014 55249 14008 -33900 41125 -56946 35021 37675 -19641 22902 4707 -16603 -32405 53091 30859 -57208 14481 -799 48079
r252 47815 -2975 -56770 -59667 -27527 63314 5938 4718 -60857 38940 -28514 19598 47261 39371 45302 21593 63076 -26363 60663 -15736
r253 14223 -20725 20860 -32358 -20766 3415 -17578 20787 15506 22844 10251 -1836 14829 -9289 16609 59316 26859 -47146 -15583 -35344
r254 16518 5742 -15189 41848 -6840 2465 34697 4439 -24117 6810 -21714 -45427 37091 27678 39344 30310 31417 35550 33201 -49767
r255 12475 -55286 -58577 28676 -32984 4898 -33179 -54976 -31090 39844 25591 -7384 -4369 -47154 48995 -45785 -1539 37575 -51142 64970
r256 35609 -20912 -23159 -33647 -36923 5594 50725 36138 -35076 -28163 39354 62131 641 15066 -19842 30570 24582 24327 -10338 -2879
r257 20963 25160 -34597 -23287 -29201 -56369 13425 -6261 42882 29713 -52206 47241 -41158 56434 -35525 41421 -49595 -63068 22642 -572
r258 37901 -17414 22576 33352 -20674 44189 37734 -57139 10562 -62037 23218 44083 -56013 27724 12894 11257 19977 -37476 -13168 29607
r259 34440 -19530 -57197 12626 -57323 -54954 63976 -31152 -12446 -21105 -49191 56075 59260 23524 -39838 8028 22946 12137 -1950 56825
r260 30615 -30907 16394 -63906 26215 58268 -16937 -1406 -39642 -29443 -4106 -6868 -27050 26492 -34121 -21371 30451 -823 -26151 -48392
r261 61664 941 -46476 -40816 36096 33070 33315 27667 59838 -8972 51029 41413 53961 -52620 2449 -36821 42049 -36509 -54331 27171
r262 43617 51705 49204 33160 -18533 -13494 -31189 14912 53584 -53238 -20080 -58804 26234 -62723 57283 65017 -17613 -40756 -15913 -43075
r263 7 16107 -49456 -3224 -50673 -5050 -60235 37613 48137 -18384 -46836 -376 -8067 5221 15120 37570 26578 -16586 -65086 -39521
r264 1552 25113 -5169 32099 -48371 -41171 -20810 59197 50763 -28817 26971 43934 49037 -23458 45972 51532 41059 -20237 53855 32629
r265 8648 59118 -55642 29661 64514 -5249 59819 35643 10976 14741 20215 38454 -46851 32675 -16291 -33675 17877 52541 41546 -29073
r266 18831 -59835 -4985 -24502 31424 -16679 52549 -48489 -22965 34554 15139 -58517 19269 -64440 -5292 -34759 62597 30929 27242 30159
r267 58134 15725 6702 -15034 -51800 -170 -40358 -21580 31664 -2966 40840 -37446 64672 12434 27239 8407 63529 -11099 -9080 15196
r268 -45619 50429 40657 -7172 34805 -56938 6415 41178 866 -62185 9301 43982 -45859 -51563 -37097 8658 -35959 -13798 41385 25089
r269 8882 -36481 30418 56415 -18315 -13197 -20941 -64234 -43584 -29101 21554 11160 -44918 11276 -51677 24416 -44258 38035 -16480 -55633
r270 -11939 -57038 -4179 64848 -7471 28456 -61577 52467 17655 21935 -31747 2185 -3484 16767 -3060 8203 10423 -59220 -61910 -30271
r271 37149 55416 -3213 16956 8951 34613 25088 -44090 38116 -36577 9742 -10513 34206 45715 19689 64927 31860 -56776 56964 58526
r272 50025 9512 -11714 1266 27248 -11614 -48042 -52081 -32418 62221 41936 64435 -59461 24547 -44779 38605 50703 34641 7814 27483
r273 -5163 42671 5122 20138 -2192 20475 17420 -22968 45315 20509 -27067 26496 45099 35144 1604 -46592 1621 -28706 -3262 -5657
r274 -22165 43578 -10579 -15547 29079 52099 -52866 -15978 -62414 1313 -48516 64016 45886 -38011 -63001 -29147 52972 12325 23026 4065
r275 38045 26361 50051 57950 -42174 22817 29844 -48613 27471 38448 -16378 41800 -47784 -9224 -28656 16804 -20518 20857 9485 -27365
r276 9096 -17906 783 -61962 44623 47408 35534 -60429 -19725 51166 16380 -17269 -127 -21832 24607 13728 33290 3720 -7370 -26712
r277 -14488 8840 -32664 51860 -45782 -46234 -63971 60607 -6481 -13069 -27864 47515 -7883 -9758 -2984 -20261 64983 -650 -45237 -36388
r278 19160 35369 48440 -21694 -63746 64492 31428 13392 30346 3029 65068 -2353 -38188 56014 46937 2171 60717 -60044 25865 -4745
r279 -29907 -20755 938 53713 47003 41165 -24650 -33594 33475 29969 -57390 -50403 14076 23264 60055 -35026 11286 -44553 -8013 -12873
r280 10063 -22105 -39402 -6716 -26975 29490 7780 -41075 64585 -22405 -44562 28745 48157 -29480 -9331 19774 -11193 -2548 -16021 22053
r281 53735 54392 -39714 -61387 1565 -15850 -53855 -17635 7607 8750 41621 13996 15492 -41964 -52030 -29224 36690 -26810 38238 -37937
r282 19559 1958 -48605 -52263 38122 35467 -21977 30222 -31545 -45875 9496 29231 40342 -51251 60485 -53439 -40636 -58288 2254 -52742
r283 -13992 3103 -61263 3779 21024 -44834 -52656 -23432 -7205 -56233 -60766 -10199 -3100 -58976 -52506 -10427 -54352 -18774 56725 23752
r284 23000 25690 -53297 -6540 -37995 -18482 -54630 -12091 45671 -58652 51564 -2280 -48531 -41961 36828 -38267 60966 -59755 2900 -13156
r285 -42074 -7503 -21054 -61587 34140 -35361 57818 50111 37094 14992 44216 12132 -22660 45898 65422 -28168 -54621 -43539 -56423 -8150
r286 -30996 8380 56742 -55553 -985 65001 42007 62692 35297 42419 15936 13353 -141 -17897 40136 55702 -35242 7384 43661 22401
r287 42124 -54323 -64441 54398 28899 62684 -52775 53076 44236 19602 -15898 -9689 64987 -21406 44437 -46751 25802 -6063 -18324 30468
r288 -58785 -48320 43490 -17970 -54980 -35300 -34619 -39915 41099 59781 56574 16544 -21602 -51804 22866 -16905 -40377 -9889 64535 -35164
r289 -40944 43076 37532 32084 -40015 -63928 61949 16891 15627 37682 37297 -41842 37622 45434 40605 58941 40248 -33295 499 -34988
r290 -37506 3475 -44346 -40897 1300 -7605 -50448 -14229 -42725 44344 25062 20175 5289 -16533 -50078 -63979 -59035 -32065 -38814 5455
r291 -37052 12044 -2481 28235 27645 36862 41439 62782 11304 -6998 42831 31173 55679 -65390 54710 10329 -45887 -59101 -15830 -1467
r292 15590 -63605 -23161 33007 -59222 11358 4912 6133 -63164 -21151 -61398 -3251 -34332 -23886 -55810 -31705 -6942 -42917 -8846 -56674
r293 63254 -496 -10709 -6606 46115 32854 -54178 54074 -23946 -51398 -11412 2527 54487 43609 49364 31503 47141 50030 35461 -12127
r294 -29754 -61867 -58055 65253 -42444 3799 -24854 8671 -8787 -22621 59316 -28251 -53166 6755 -44118 48779 29226 -20138 14237 29366
r295 -16245 -22631 47993 -63585 -15853 -16086 30241 -55179 -34487 -25227 17942 -32242 -45791 -19678 21707 4084 42513 30522 -7221 33378
r296 -59776 -20918 58282 -15732 -43313 50038 59408 62505 -5667 -50550 -12268 43785 -62455 -50243 20743 -21487 16006 -55364 -17577 40329
r297 -29540 -60059 3991 18756 50587 35036 36898 -61174 -57496 2547 62949 -57002 31122 -57888 -9202 -45235 65397 -20559 -2555 26805
r298 -60885 4807 -64779 47497 -16305 34172 54618 -13427 -51020 23624 -26677 -54927 57480 3111 -17919 -50247 -10403 35984 -1220 1650
r299 -35990 31868 -16415 -12773 60251 -15454 51996 -17249 28174 18902 35326 -29387 57695 -54495 -51971 -15559 16267 -7657 -1376 -24514
r300 35848 -25369 -34731 -48815 -30331 41660 -3998 59491 -46589 -61762 -51821 -4701 -19479 38112 -19098 43710 21861 58474 -7278 -27646
r301 10683 39863 -12381 16414 -15664 33083 -65369 46045 1914 -7174 -63476 -14609 -50188 50009 20890 28059 11654 7439 9203 46197
r302 11383 -60861 21466 59005 65504 42423 8306 50716 -21297 -13318 -28483 -41331 6383 49792 -45026 -64457 20556 38106 37628 47600
r303 -51212 40153 -4456 -2434 31360 -7699 -60540 1436 8114 45376 60282 -38494 -31439 36936 12169 -45459 -25898 -24041 -24920 -24097
r304 -17576 -3216 -58088 -2213 15898 6408 -6674 13197 4551 -52941 -38528 42367 -39375 -47050 -63248 -8039 -29370 50425 46525 2789
r305 46839 -6493 -16690 31721 55113 49454 52126 -31613 15136 -5146 -33535 -18529 -138 53798 5165 -21274 -41416 4285 -36292 -5032
r306 -24209 63039 -19838 2332 -55114 -54204 3148 28975 19255 54881 9705 -27897 12848 20482 -52074 65395 22466 -21083 -24057 53801
r307 30797 -21529 -1039 27822 -51467 -14313 37150 22559 13625 28626 28491 41366 57176 -41356 40781 22601 -49051 -60627 15904 55629
r308 -64616 24987 -55397 43011 -34108 22236 41158 -53451 -35911 -43171 -2212 50558 -22054 974 23224 56000 49591 -10206 -34331 -64672
r309 14954 5611 -19771 -28248 -41548 8570 3489 -16010 33756 64513 -33740 -50652 -30350 -27902 -48198 -18049 -24884 51889 60864 19059
r310 -39009 47004 54428 56944 53914 -11692 23296 -53059 64458 56643 24104 16968 43661 -17661 49138 10246 -49903 -10353 -34172 -60036
r311 38926 61345 -1739 61153 -2692 -30198 18900 -10653 -45117 -46045 -11608 10015 -59080 46566 13907 36434 -50701 -17623 41970 -18157
r312 43359 -42776 42020 -33050 -5813 13643 -29973 -32530 55087 -15479 -60645 50840 -21908 54527 39510 3818 -16354 5842 53070 36464
r313 1066 33526 -60373 -24108 59883 6623 -47199 2713 -43172 45417 -48718 36529 -30798 51316 -59934 -30006 -15663 61325 -41515 -34658
r314 11946 14218 -26553 -31245 52450 -38415 -33103 34733 31155 -39933 33880 30916 -49646 -4370 43167 -15602 23605 60491 -56681 -40231
r315 -20237 -35761 61109 -57784 40716 36417 31615 9279 -55079 15323 -60666 -46493 36987 41265 -59132 43660 22391 43280 2947 64408
r316 56643 -24938 -43914 52257 32517 65301 35786 -20665 7767 -4488 5394 49717 40935 -50591 -25612 56762 50063 21060 5804 39497
r317 -48125 51376 -37509 -3689 -50550 33174 -39313 -51795 -14833 -26779 48722 -51235 47468 19290 27421 14823 -26470 50232 -63704 31539
r318 -52929 45541 1235 -46191 -63615 57451 -14849 8981 55325 63080 -4693 63981 -14101 -52196 -11315 -58064 -31563 -40793 30622 -48411
r319 60446 -64283 5185 25361 2719 -60991 47392 17536 54243 24777 -48791 47119 -56920 -56615 -57204 -29654 -11466 -15968 35618 -5980
r320 -11966 59251 3164 -26301 35244 -35326 -41774 48480 -6113 -62629 -51970 -58553 26172 -21332 63789 -64979 16772 39171 -60820 -31866
r321 22601 -64241 -24801 32843 -12706 -31227 28835 13210 -19253 -6507 -61303 27669 59118 765 63889 -9667 -43605 -50811 26937 42317
r322 40087 59254 17514 -5088 -24376 34202 -6872 49202 -36065 -18726 -53347 -41514 48322 -18009 14356 40767 -37546 -63943 -38370 -53553
r323 37725 37645 -33140 -61317 -1972 38077 10938 25832 -14988 40248 -8040 60475 -29606 -14512 -59917 -16889 -58323 -39905 22024 -7761
r324 -42470 36187 63644 -35999 6181 41537 47209 18414 8321 5166 27856 18327 36278 -28289 -24180 -5852 -997 -24010 25108 -39318
r325 -36762 -40460 44367 43406 -23643 -62892 -26590 37582 -28588 -39477 48344 -43417 -7078 -5794 34628 53386 26540 2623 10621 -29123
r326 64800 -28362 -15133 22005 -47040 9691 -30486 1 -38040 44250 10975 14535 -22053 62427 33158 -42251 -19929 60516 31130 -6418
r327 51897 -43036 -15438 -19096 -26779 32435 -22343 -21734 10404 -26803 -50175 65340 12493 -24079 8110 36385 -25990 -2264 -63658 27676
r328 -42016 -19053 36308 50773 22161 38162 317 1823 57218 1011 14930 13180 37315 46415 -56281 4038 -2277 25860 17681 52433
r329 -63705 48720 -50443 -13963 -56743 -5302 40909 -47833 52132 47448 12085 -6507 48588 -4576 20229 -6768 41879 -13028 -2485 -31713
r330 38199 25714 20883 54478 4003 62574 -25415 19379 -25249 -13926 744 29935 22874 -8692 48361 -26197 -57877 -49670 13882 -63558
r331 -62483 -50105 47966 -31848 21141 16400 6131 24082 65114 -16619 51192 -14237 25035 -14000 58618 60367 4138 6130 -12001 24135
r332 -35065 -58655 -60146 10916 49747 -43661 -25155 26597 61200 -50614 36184 27267 59948 532 -16758 22783 36592 -21295 44825 12800
r333 -1776 50838 45457 17727 2325 -1234 -53293 -5285 -49979 -29335 62670 -46787 -33497 -58300 55314 -56047 32991 -41371 -17811 16658
r334 32605 -32520 45780 -33207 1914 25279 12953 5054 25755 -5743 9398 61788 -24837 -25212 9218 24390 -61468 -47051 -43975 -19714
r335 58117 27624 -9772 14524 33908 -48347 14719 -43867 -43117 -21497 6021 -21489 22853 14672 56148 -62334 57997 32649 5009 52398
r336 30414 -2548 -33769 -26763 -33754 30007 20131 -22361 -31108 6210 6473 2022 -41535 60040 60647 -44271 28097 -27678 45333 -53438
r337 -50572 -18803 24276 -42184 53388 51622 -44671 -60039 47067 42558 -58423 33005 48030 -65366 -64707 -64450 10185 -56411 -49483 -55569
r338 -27852 6065 -50327 -58389 9279 12739 22464 14738 -13380 -54064 25735 59978 -54437 33060 9270 -60253 -13367 -4230 -33346 -45826
r339 -50365 -29241 58110 -43503 44447 52345 -39251 42434 -1607 42554 37455 -60441 -60440 42307 314 15419 -34162 -54747 -64549 18415
r340 58456 42708 -27233 55238 51210 -50269 -24479 -50820 -52188 18975 -49973 61685 31168 26006 4085 9859 49208 -54474 -13964 -60940
r341 20866 8587 -54498 -9693 593 60526 1774 4635 8236 32222 -37060 -43937 -12559 2009 10134 -34323 16324 -49810 -63968 -13239
r342 -61323 12672 -24650 -55834 63528 56192 21455 -26973 60393 6073 912 -8701 -63367 -22827 -36440 -30353 22609 42005 21771 -58239
r343 7414 40436 -50533 -60732 -16285 -2947 -41110 19989 16628 50871 12987 58522 -64632 39656 -34984 -16233 26531 -1375 38970 -58797
r344 -5623 -57782 -58792 -41362 2536 60398 -14075 21070 12920 -45929 -2176 -23444 -47369 -45330 6747 -5946 -21576 -44534 -40612 46711
r345 24104 -1594 16105 -61119 -2561 -7505 -10502 20102 -50741 -20712 9524 26563 -23607 9755 46772 8993 -65302 -25064 -28981 41542
r346 -45396 -44891 46469 -64312 -23445 -62134 21982 -61852 9942 -37676 25332 52571 56472 60938 -40843 42127 36228 -46553 -13380 56150
r347 50628 34648 -6174 -27080 -1302 -46684 -27084 57516 -39463 -6912 18043 -64162 -48397 -26903 -6633 6616 -59608 -23010 -35428 -54183
r348 23070 -885 46548 -49101 9200 29142 42195 -26816 -25974 26751 52483 45105 -12426 41093 -55232 59471 -46857 -60306 27018 53801
r349 -2030 -28410 -14712 -61862 -4836 42327 51677 27684 54208 40223 -1769 -9823 15959 42883 3814 4571 -61947 -5266 -23900 42380
r350 44968 65028 -24553 26757 25909 34025 -34544 15085 -31220 30153 -24569 -24613 56722 -13063 -56898 18648 -50549 -44155 -17832 -57584
r351 -22454 -32764 -25173 18642 63340 -2341 26841 28807 -49256 -35814 31851 45489 -30281 2152 37215 59440 -17792 21865 -38636 -37686
r352 23381 -30243 -59701 -22689 -11043 11302 44423 5422 -43693 -18479 55394 29071 -61890 55243 41781 28344 -24545 -3993 2998 -54142
r353 42844 52911 37652 -60877 28837 48830 36122 63436 -54336 42282 32586 6118 -11479 -15403 -54481 33555 -5400 4481 -64362 2965
r354 43817 58366 24444 5639 -12906 -9871 -6948 -6910 11195 39283 38253 7157 -5963 -28659 23829 21606 -61099 -14204 65308 -15419
r355 -23679 -64539 58923 -31858 10213 10710 -10582 -17268 50512 -10598 43955 -25672 -64613 -26620 -40705 -37159 24251 53663 37126 35589
r356 -1906 -2812 -1584 64895 -43315 -62249 46563 -382 28819 -54854 -9963 11528 27599 -56830 -42755 28202 60960 4301 -20738 -43432
r357 349 -29746 39448 -4580 59645 7274 14025 17976 40620 -7773 58817 4656 -8501 7416 -39067 46402 -61601 -23843 -23231 62852
r358 -574 42631 40350 -1894 -33231 -45311 -44 -18411 -13687 13262 45207 61888 -42249 62640 -61314 50943 6453 -47276 -9538 -16840
r359 -47283 14495 -56658 36886 37278 -11509 -40345 45675 -44321 5180 -40706 -14007 40718 43977 22655 13839 1924 -31801 3589 15184
r360 -19653 24005 19844 25700 60123 -57259 29971 17330 17263 -26155 -51817 3366 -23384 -63462 -21986 39315 1681 41694 31157 2025
r361 -31657 44270 50246 57543 -25788 -8266 -20007 -9169 -54593 -5264 19629 -25472 -61642 -3821 56742 -12303 -41320 46046 -3694 14151
r362 39392 -1059 2189 -22395 37114 32169 41227 20969 -46390 -41201 29841 54790 55556 19588 -31500 10713 -53979 59473 29092 8477
r363 -17839 -35074 -32139 -5067 -13287 -21093 -27412 -55033 -53436 -39001 -46444 60464 43450 -7869 -13852 -37650 17677 61119 11934 12586
r364 53938 -27268 44726 22296 64643 29775 58277 -57794 51574 39051 -40622 -47277 -29373 56914 -27203 -48344 9358 52813 -51009 -2735
r365 62114 48039 -38190 -20717 -63466 43630 -21016 53921 58560 12850 24709 12484 -15834 26657 -3787 -30178 30138 -61342 39885 -20371
r366 -60107 -4803 15370 41917 8275 -18776 57087 7257 41981 -42230 -1775 -34819 60027 -34102 -37728 -65225 -7466 -11343 16981 -47458
r367 -58651 -60184 18954 39682 31780 -15366 -21573 -39395 29080 21902 13050 16473 33393 12101 -42328 50068 40275 -11186 -26233 32992
r368 -7340 -32483 59204 36813 54395 -942 -39801 10734 -26574 -48000 -56009 48855 3680 25903 -14 -20268 487 2576 14929 51322
r369 50282 12864 -41193 44441 -5522 -18733 25733 48054 -30204 -55497 50266 43037 -22675 -46497 -60951 -32525 -21798 -36041 -62659 -57316
r370 -54314 -16859 12679 30852 -7872 -40920 -41206 29326 -6441 -55680 -17633 -35040 43904 -23980 55601 -44288 -16990 -53610 -29394 -52513
r371 -24534 701 42630 -30647 3951 -64491 -17594 43522 -64207 -3999 12226 -6895 64807 -13573 59562 -38184 8357 -59276 -34438 399
r372 23070 -60223 36624 13931 14270 36002 34191 51872 23908 22505 40910 24379 -54066 -13816 -53665 33376 1784 8618 -34285 50407
r373 -10486 44176 2644 29686 62025 3952 46418 -13948 57437 -14361 65129 17344 -41367 -37480 -63888 -20555 -24145 19143 -36168 11178
r374 -10270 6741 50533 31809 -33483 -52806 -26020 17349 7644 -22269 59577 44423 -50836 -50508 -51158 -7879 25598 -45706 21570 31230
r375 -2887 10315 -42896 52154 -55 -11946 -25897 -46922 -20698 34351 -38932 52358 -59741 -8189 62037 -41966 -24927 900 39792 15642
r376 34118 13469 -32746 -60701 -60864 -10803 37673 -58186 -18982 -59779 -33108 -31025 30721 -65071 63998 -10372 61682 59075 -36916 44517
r377 -51102 25854 -61396 18493 33760 -45051 -2148 -56697 -39800 24289 -49592 -54631 -6270 5887 -27422 54209 -38360 -10167 4740 44744
r378 32859 37719 -296 -30796 -19128 45829 7954 -54811 -16837 42859 63708 59807 29068 -7678 -11513 8578 56661 -15631 -21710 22262
r379 -63464 -62395 16921 26587 42988 53002 828 -28006 -54858 53739 -33103 -56341 34079 -21697 -34032 -61601 31367 -15294 -14348 45648
r380 21312 -27300 -23666 1491 53088 -22173 35318 -64762 -7767 6526 3795 -58110 -40008 -12265 2625 -60640 2180 12165 58474 43714
r381 -34577 63690 51418 -30830 9089 58404 54678 -34893 14387 60548 -45219 37172 -3095 -44919 29324 55989 36560 60728 -56540 31006
r382 62939 -11974 35395 -54790 -62976 29258 -63216 -39168 -25246 52705 33236 -18867 22239 26019 -50094 -24456 5675 32449 -34214 21294
r383 -6184 -64578 -30753 -39257 -55701 -12354 -22048 39790 24381 -46921 1315 25949 36856 -8030 53942 -45218 -2910 47962 10457 -786
r384 14305 38688 -41246 -55895 50973 61085 39696 22762 -48094 -54630 29000 61654 25301 47989 -13410 18867 8916 43007 -22198 4391
r385 6126 -28186 -4685 49040 36760 2483 45660 54631 28038 -42630 -44421 -5118 -38125 13007 35277 10635 44294 -26309 46588 -35698
r386 -57948 31527 -51777 -56226 13204 -19860 -28989 6243 -43266 -47421 18142 52918 38693 -20939 -48252 -32354 -21229 20786 -54420 -1017
r387 55254 58367 -51028 -32939 36345 -60345 65047 -48810 54447 -7121 -13947 -28097 50906 -34607 46834 45975 -15206 -56073 64387 -65534
r388 -37199 49197 -15423 -12711 43595 56711 -56678 -25389 -6986 -37273 -47127 -21116 -64386 -29559 35767 -60284 52010 -31686 -8918 27174
r389 -20421 -9413 30546 52752 -31612 20131 -54963 -39204 169 -12811 56241 -62043 39036 -35010 59679 13675 44630 525 -53087 -15830
r390 23375 -39804 -21205 -57069 -15522 -9312 61266 -43714 -29744 15239 42773 4690 42471 -50699 11573 -35591 -55992 44059 -31607 24395
r391 34184 64270 9269 -39227 -62068 57498 -5182 1649 58376 -12455 65372 -25765 19764 44737 16719 2909 -24674 38278 38490 -49930
r392 -62028 59363 -49544 -56760 31700 -33563 -43828 -63554 42536 37952 26374 -4818 55299 -46161 -35469 33833 -52406 61081 16297 -5866
r393 -22793 -10726 49421 -64790 42468 -50417 50993 11081 8042 -14334 41828 -6100 -53264 58959 -56766 59442 -45074 -6343 -6694 27937
r394 -7522 52540 -18534 -48612 14423 -2813 -28827 11618 63110 -58135 9158 56794 8728 11827 -666 -54919 -50375 51831 -60791 -42737
r395 -51973 -47564 48895 27914 -29193 -3841 13529 3311 28317 23564 -46538 -39536 27834 47351 46240 -36815 -55171 57177 18965 55300
r396 12336 39029 58464 37222 16045 -9931 46017 -27976 -46092 -16224 59436 -44923 48110 -39518 5197 -9631 -35617 64301 18693 38203
r397 -30336 53035 4368 -30154 -47722 -59086 59375 47433 -13775 1773 -20748 -47477 -17191 -24935 97 -583 53671 15835 -42013 35193
r398 -37929 -10424 -46306 51282 -49573 -58658 -34608 4029 -19333 34878 -40794 37024 62743 44782 -39211 46865 26307 -34125 63559 4347
r399 -10477 -46476 -63776 -33218 -25115 -45422 19771 -4896 -26812 -45330 -11054 -17723 -8757 34303 -58009 61356 -36044 40398 -29602 59492
r400 -64585 -28111 -37439 -23329 -5081 43935 3521 62567 -2137 -14861 -50166 -35515 -9309 -43103 -52258 -14474 55463 65136 62238 45906
r401 -14230 -14226 9186 -39667 -51521 14039 19442 45692 19275 56515 58679 6384 28439 -21177 60644 -37947 42969 40100 14148 -18184
r402 21251 -43371 2706 -55721 1490 21994 -35700 -1149 2427 -48778 -63665 -13671 -63940 22158 -4664 -55216 5864 -27495 14429 -17631
r403 -40669 26015 -18252 -53796 44456 -18415 62847 15648 -55594 -36565 37224 -26875 -3364 13042 -31802 13043 13981 32141 -36284 -39770
r404 50746 40851 -23975 41056 -34970 30358 5227 27641 39115 -55736 16274 47613 63850 7885 20123 6143 47535 27288 22150 39374
r405 -47954 -55235 58031 58159 -49825 11810 -59511 -17962 -28830 -31683 46680 -64446 21804 -65360 -180 -34779 48699 28504 -20453 -39003
r406 24513 -3361 -47132 62953 33324 -3023 30000 -52606 -49141 -7554 63395 -42374 -18336 17254 35986 -10958 29827 -7185 -41528 13971
r407 64286 19693 48980 -11435 23422 -19553 42923 -55888 -45870 58276 -23061 23783 30163 61907 10823 47970 34611 -55271 -16594 4633
r408 -4027 61408 48639 24705 47088 57694 63960 -8114 -26963 -43983 -578 -58127 40415 6351 -2885 -25964 -53700 -10724 7424 28212
r409 30686 -21618 -38944 -62229 -50856 26179 31631 52282 30546 -18314 -47363 47129 -58364 968 -1097 -46765 63880 61348 -22587 -60534
r410 46060 -25811 22632 26474 -46209 36229 16680 -20960 -49292 10458 30718 -14187 -50553 -857 -48082 -25921 -3389 18637 23642 -53517
r411 12045 23202 -28432 624 9816 -53279 -27589 -57884 -18509 34670 25605 15256 -31744 -51205 -55129 3593 60307 61463 -38072 -44206
r412 -64101 -20040 26913 46966 51025 -48599 -836 -42943 -13886 29061 2545 -63798 -5400 29209 -41574 27241 55572 -7096 -54550 -52505
r413 3931 -16872 -8965 -31725 -23400 26552 -12873 -61601 -24817 -23051 32065 -55105 -13059 -48748 -29554 5116 -29042 21995 -47794 -45823
r414 -53822 13179 -57539 37893 -49360 -50373 42272 -6695 -2655 1178 47528 39362 38738 33435 17092 -23307 -40220 51700 17903 -42211
r415 -14743 -17729 11382 64987 48869 2546 4180 -30654 -16362 30111 -52624 34969 64816 1127 -12952 62940 -53265 60848 64486 -520
r416 -43703 44119 -8696 -10317 59362 24613 -25271 34224 33446 59776 55934 -1160 45521 -60501 -34249 45964 65154 -33613 -22244 53470
r417 9949 35671 21520 41712 1529 1157 27602 1835 8739 29446 27936 23248 -12169 9018 -22607 -29541 41606 -43651 -20154 -26138
r418 58395 37793 35646 53212 -56908 -6705 29622 -11755 63982 -21850 5291 6094 -63340 45858 -55696 -42688 56847 17997 60329 -1547
r419 52356 18278 -18885 48610 6617 35277 3999 56650 -28690 43233 32774 -58589 -7458 -46107 -46618 18711 57557 6864 -39041 -3212
r420 -839 -23489 -16736 26918 43052 16348 45283 -26151 23553 -63641 16509 -24439 38560 3580 -19321 3106 -33951 -10037 27282 -36497
r421 -11753 45019 -8786 -23542 26694 -57460 29738 -60281 -47981 51321 53800 -29186 -11653 -62566 7795 63438 39495 -44261 -6884 -22700
r422 24256 25736 -5449 60716 -23566 22490 53182 49490 4547 13614 -6794 -23362 32277 20709 40571 -22973 -33028 -11137 -2732 -18516
r423 50566 38454 -13092 -2483 -37743 -46149 -7783 -51158 -62053 54449 63398 17455 9441 -22506 54229 31667 27462 4398 54755 -39339
r424 -37431 53320 186 14486 -10571 -59530 -6181 26787 -31250 -15459 64632 -54619 61153 19245 -16902 -7714 52720 40015 -42020 62870
r425 -64398 11954 -32607 64429 5526 20297 -62806 -22072 42390 21337 -55693 -46152 -8751 -41737 10097 -25644 16994 -2657 -48650 19074
r426 -56449 -5288 3572 -23945 56676 4016 44805 -22003 -7218 41016 -51395 18704 8264 -7327 -59724 -59003 37641 49971 10241 -10395
r427 41427 846 -6801 61968 36008 -823 55579 50348 18548 -17745 9753 18832 19448 -24252 -51608 5395 -13998 -43626 -58202 -21346
r428 49431 7449 54131 -38876 -41700 -53996 -48303 -16537 -11311 -44509 23545 -48294 -28354 54287 13079 -57207 38010 -47172 52894 -30037
r429 -2677 -51196 -14852 -55279 -19433 -42606 -8444 -19000 10173 3229 -44612 50449 -37456 -25299 4520 -29246 59944 -40879 16255 13894
r430 -28447 -46823 -46767 -5286 -2489 -48698 -57565 -55707 57906 -6624 36756 9133 -56196 37452 50106 20393 30317 45116 44425 -3763
r431 -48121 -42782 -48051 -20113 -20303 7497 -7854 18936 26876 22495 18077 45968 -26556 41836 -879 -59353 -48387 -23188 64143 -61910
r432 -10937 -25519 -50934 20479 42917 15561 -7503 405 -9667 -57308 -43328 11723 39747 24166 38296 -27922 -57008 -26015 32084 -20043
r433 44182 -61096 14437 -8796 -48998 -63474 37570 34966 60606 56566 -32466 -55543 -28012 -15383 49284 25391 11283 -64124 15177 58755
r434 -40000 -22358 -1424 -4371 2412 49469 49880 64354 8551 20789 -17799 -19819 -1676 23286 32338 -56351 43367 251 -3712 -9159
r435 -62903 11635 -16721 -15260 -34452 58344 7154 6935 -3317 -63911 60951 -46305 59199 -13643 33715 62015 16484 -6285 57235 1089
r436 59439 56425 4812 42652 -18266 8693 2519 15861 50166 -37200 12423 46178 52445 -3172 47219 58898 -45573 -620 -61141 -17792
r437 65519 17216 -63839 -13006 -29888 26448 -52114 3714 -8491 -662 12233 -11791 -9079 -38505 37404 41804 2690 39217 13373 42719
r438 -63216 32352 2331 -5141 -53922 61493 62305 40518 -27169 -10682 13577 4332 -63140 28255 -14937 -32918 13609 -61671 -5108 -63439
r439 24713 -26331 55800 38391 50216 30639 44391 4185 25930 2511 44203 18796 -64459 -27814 -48414 27248 22147 -28009 12479 -5431
r440 10700 25555 16182 -30443 -15410 -1829 33025 34558 58113 30639 -21439 -45741 9199 -27202 10255 34248 9306 -65424 -44309 59392
r441 -6151 61898 53031 46561 -52637 -21101 51010 7993 -52946 -23061 -41836 -39761 43171 -59611 -59987 27616 4244 40182 57511 -53626
r442 -2278 25271 10063 39202 -51687 35538 -36080 -13535 18035 -39840 -62172 -25579 17470 -39858 35317 45400 -10791 51000 39024 -12056
r443 -1630 13257 46790 -36019 65446 -59528 -2763 32044 30177 38996 -29562 -23850 48332 55443 14021 42417 8823 44957 42348 -52314
r444 -32526 52426 -25746 56106 24320 13866 -7513 -33393 -45683 52961 -58107 59477 -22766 -17328 14143 48012 -20488 60205 33055 28864
r445 -22785 -58783 64196 -6921 13987 -38712 -37546 -58461 12599 45080 32162 -55697 -61535 -51676 -39705 -27816 19867 32361 31085 59862
r446 40712 49973 -25516 595 -29429 -61754 49647 -42831 -39529 -58573 27306 -52222 -39203 14422 5007 -57768 -11611 -33679 -62341 -8708
r447 50598 35532 59830 -26566 -5865 -14876 -54916 35506 -30534 -16840 -22298 50816 31810 57418 -62116 -38177 -61495 51252 -57425 -60186
r448 28886 -62380 -20977 -57451 -41147 -31461 -21530 36018 -60461 -6663 -3298 24157 15069 -42651 -36699 -2298 20383 -44110 23990 33831
r449 -43770 -4262 24841 -28445 43159 59499 54726 -9498 -37152 22971 -8148 -3500 34082 61412 -20073 -27298 32963 -48704 65001 -15405
r450 -49635 58850 -40051 -58888 -18406 49921 -39231 27964 49917 -64430 -30526 -59848 26009 35268 -27565 41687 -14790 -10152 -65281 -49550
r451 65146 13563 22305 -5989 -36713 -9257 -58895 11679 46591 34408 -34501 -12771 59012 -58199 35378 25153 -37628 3462 -24450 -37363
r452 -36098 52137 63756 -9105 -59415 4696 42436 -14852 -11912 -42077 -6259 -53654 -24195 12179 -8451 16471 258 -42003 39368 46640
r453 65525 43727 -54472 -42947 61568 41568 -6352 54960 45455 -15150 40501 -46149 -118 -22209 -38229 -12024 -25762 -43351 -29507 13904
r454 38606 -9898 38999 -56261 44245 12144 65491 17154 60018 -33795 29667 24917 -51485 59580 -44210 49194 -60873 -19202 -57332 4967
r455 -31869 -52431 -22948 57820 61397 31879 26917 16695 28300 28727 37751 -34181 -60569 -15861 38903 19073 -47350 -47564 -4151 -63630
r456 18865 439 -61326 55947 -14050 41704 -13053 48248 17159 -21863 -13878 9087 -37701 40569 -28609 -23432 -64037 -848 -32155 27578
r457 65433 -33178 -34353 -15962 51912 47167 -11678 -44006 -34149 -62525 40031 25108 53992 63401 46109 -38264 -9260 -2571 -55247 -43510
r458 9093 791 -64320 46043 7518 -28386 -58858 -22367 22186 -28383 14935 24105 -31620 13364 25345 -20484 -2461 43450 -48483 39713
r459 58318 -56343 36484 33615 59406 58436 12582 18254 -14755 14566 17666 61714 53978 59536 40786 -44907 40335 46838 50427 44233
r460 52561 -60666 64757 45225 -38411 6306 11271 681 38569 -14592 -33480 5032 61026 -27841 -21551 29210 -4505 -65225 4186 44564
r461 6936 20557 -2630 -57412 -27660 -52162 -6595 59434 55370 -20703 -30752 -381 -1722 -9816 31078 27427 -19555 2589 30271 61088
r462 -21276 49165 -60451 36448 56797 38385 54601 -5335 22629 -33572 6962 13842 -62845 -52787 -36598 -363 -57563 -19946 -50993 41678
r463 5696 59549 58785 -46224 31562 -21310 -33991 -1022 55990 -4289 61267 57966 35053 -24406 19359 18653 -13499 62124 -4084 56099
r464 -4686 52774 -7851 64969 32017 -32811 20836 -41719 -19973 -32381 37914 41762 -6067 -11889 -48838 25357 -21536 -21404 61366 -53040
r465 -40829 37958 27439 20901 52646 -16150 -36443 16132 25206 45576 -33909 2018 45449 -36703 9030 -61213 -17256 -37719 55200 -5866
r466 -32926 -42263 -19410 -11210 -60024 39045 23215 55449 -11255 32469 -12180 3634 15376 -12619 -42658 52939 -24310 12121 12290 63266
r467 -30890 40660 -6511 -36173 63997 27541 18039 -46363 -957 -13694 -15646 22978 -11721 -63655 7248 23593 3251 49394 63185 15667
r468 53978 17383 -58512 54178 -65451 7973 43081 -48642 32511 60437 60064 12675 34491 27592 20427 11526 44365 65107 45286 49034
r469 45959 -37005 18414 24615 -49162 -59047 -60790 64687 15118 59860 -30733 58881 -7372 24855 17305 -37137 -564 16768 29826 9738
r470 32411 4378 41920 9433 32466 -4953 10703 29956 1759 34942 47591 21114 9390 -62491 -24532 65491 -39813 -57762 30860 5744
r471 -41164 -16145 -5518 45631 28463 63661 18177 -20653 24471 61430 -38062 6024 36405 -62140 -26695 -45627 -24473 5032 -15028 7382
r472 46180 -9915 39300 -30931 -61848 13907 58671 -9852 -43794 -14895 -30853 8141 62232 15847 24766 -31705 -55056 4762 63578 -44197
r473 -42406 44663 20979 56216 20341 -18882 38187 49915 51828 1934 -7838 -40396 -16565 51789 -63341 -1741 33847 23808 -37595 55774
r474 -22517 -49613 35961 -13417 43259 45394 39357 -43982 -27867 20366 -21332 -3754 36824 57031 -35367 57212 -40468 18654 -34031 62696
r475 -22145 31614 14726 -35883 -40985 48021 53524 -53022 23820 -48250 60638 -22612 20715 -48568 33307 -35842 55271 40952 1255 -27502
r476 -7881 4526 -40653 -51955 -14408 -34838 41385 35493 -30554 -21249 40837 16523 -36710 65134 3796 2338 -55684 23188 58962 -45455
r477 -41099 65066 39470 37465 -54300 -46797 5902 -12262 -3700 -64039 -57666 27847 32859 36747 21264 34744 -46203 -56432 25594 27571
r478 -43036 -56808 53288 -32134 5840 -52832 54742 -45280 8299 -47135 -13957 -49301 -4154 23698 45953 -26206 18018 -26128 -45681 -47430
r479 2466 -12516 12203 51304 -4961 -50197 -58148 54049 -54922 18292 -34438 -25863 -29490 25920 -29786 -47250 56245 31289 -16136 -23719
r480 -37226 -53235 -5700 -28384 1461 21738 -37774 -59734 20830 49595 -5314 -55875 35457 -36382 63049 15541 17513 24206 -55895 377
r481 47646 -17041 -8637 50293 48506 -26877 16592 60651 -24781 -36475 -28777 36345 41950 -65105 59655 -23232 -40253 -35205 -49912 -32157
r482 4361 -54473 -42740 -35991 -21148 -8852 51602 44998 -51056 2182 4010 -22520 -46729 41734 -41376 -21342 -43568 58317 -11684 -33877
r483 28973 65354 -27518 49552 -14232 28890 37169 -50320 24476 23815 -12035 49453 45424 45114 19393 25243 37080 -36114 -14682 -24961
r484 18811 65278 -5659 -15933 64513 30211 62075 15115 9141 6817 -21314 -36955 -64129 17588 -49916 -24778 5295 -47220 -3713 42040
r485 52027 31904 24932 21175 -49099 -25635 -47249 -55319 -64243 16979 50737 58578 -63359 26208 39481 -25643 50838 -27976 30795 27798
r486 -10343 49932 14934 43820 6922 35663 -50973 -7227 -58388 -46968 -33453 -17941 -31714 -13399 28067 29246 -56711 -742 -38463 34326
r487 62628 -8913 -14417 46178 -17502 -48232 -53192 -18152 19311 -63558 -41298 61253 -2338 8487 10629 -11852 -12377 -15824 48299 19340
r488 10713 -13967 -34379 42645 8541 42526 -27506 20215 44953 65123 -3023 44219 -44026 8648 -52074 53561 15224 10361 6599 -65198
r489 64123 -26917 -48717 39215 -37559 55471 30876 23831 -33605 52641 13940 -32276 -56058 -48727 -2940 -7389 30255 -23046 -45842 -30051
r490 45186 13404 60699 45535 -23450 -63497 -33593 24720 5374 46926 43913 3876 -32117 -2121 54374 -26625 28032 32093 -5472 -27962
r491 -60233 -17334 3211 30368 802 -60644 53011 -34633 64986 20535 -50128 22388 59061 -9576 46149 47559 -33221 -44177 62788 21584
r492 -38430 -64172 -17367 49041 -51832 9163 -39583 24072 -26742 -16191 13361 -18907 -8089 43398 -53615 5799 57050 37822 -17663 16937
r493 43114 29881 32470 -44468 21819 58601 -45012 -62648 45989 496 -59875 -4366 31798 -34431 39809 6706 -28987 -61668 51956 2507
r494 -28280 -17180 53205 29445 60081 -13023 13678 -19604 -32047 20573 22227 30396 -33896 -48735 -44849 -4424 -65081 29957 57915 52558
r495 29378 -6732 -27083 -52237 -23468 18531 55576 9414 -10668 -5860 53502 38289 58538 60009 -64307 62191 23010 -19509 -62157 43131
r496 -10105 32248 61440 8659 -55192 37228 32680 -38128 39771 31754 7327 5835 41874 -61687 -31719 -808 -38859 -3009 326 18945
r497 21395 -33180 -53087 18264 12228 51296 63914 -16276 -33584 57644 -10966 -14478 26688 -53126 55778 -14709 49176 4578 -15316 -39780
r498 -54932 58558 51351 36539 -9956 4755 31045 8092 1493 -55161 62889 32237 -16202 36477 -15982 -3571 -2412 -28825 7527 -53332
r499 -2422 16053 -270 -2588 20932 -25821 -13160 16929 -6309 -58264 -59513 -26455 -17950 63318 42726 -50174 -52877 4586 -49287 21412
