mTable49 21
KEY  c0 c1 c2 c3 c4 c5 c6 c7 c8 c9 c10 c11 c12 c13 c14 c15 c16 c17 c18 c19
r0 9109 -16498 -61684 -52587 15020 -20593 41956 -23788 20286 -20550 11923 22518 58698 11489 7301 -18709 53816 48591 -49096 -49944
r1 45088 -41909 -1068 -65003 18845 20276 3797 64170 22453 16429 45375 -54486 10287 32425 -46219 -45058 -8077 5393 57988 42824
r2 40917 -17615 -10331 -11849 -44508 -8376 29659 -59877 55809 -13897 58678 27112 18682 32243 -29157 -58195 -50208 -47048 45075 33620
r3 -17223 14115 -56649 30491 65181 -48379 -36991 58526 -9629 -48664 -55843 10882 22078 30282 38016 13588 -65104 16486 -41687 56373
r4 -40604 -32735 36108 49679 30930 -27720 -104 -5831 12633 -3131 -61743 25182 -35466 55887 -23333 32373 55137 -63733 -46597 -35699
r5 -1888 -58279 -65477 -46163 40826 -41540 7796 45981 -64015 -2418 -59632 -51960 -63401 63285 55787 -44172 -49244 61488 -36778 -4968
r6 -61110 6704 40736 44645 -6502 11814 39938 -48178 -30530 -40864 6948 47249 -2012 62446 -54972 -41265 25598 -15908 48834 -14814
r7 41744 -51211 37528 31065 63247 7537 -19437 -38787 16160 31140 48479 12735 -27250 -49668 45611 7351 -6971 51035 17201 -43871
r8 -25574 -44086 -28903 52889 3853 -58398 -5105 33872 46513 21499 -53857 -65264 -82 -2648 3057 10962 -3787 -35556 42762 10930
r9 -10572 36648 -17262 -2205 29798 8238 39325 24932 62643 -23752 27580 58899 42256 30422 45412 57211 -30106 -49510 60002 13397
r10 -54054 48942 -36300 52812 -25813 -46509 53397 14070 -36116 -20748 52733 50148 45359 -36957 -44539 56785 -50579 -63931 11063 23050
r11 -34707 -40534 -42851 55755 31591 -22370 -50750 8637 61800 52489 -30447 46010 -19606 8883 -7815 -45290 -62556 5457 -38553 63797
r12 -35338 -15911 -52318 1998 26111 -43753 19664 49668 -52880 55142 -33054 -30866 55187 54716 -16900 -23684 9029 -7761 -62995 -54562
r13 -51313 7389 27972 52153 -36069 -8267 26911 -25653 -20827 -63977 -17753 -15240 16481 55043 -62808 -54061 65353 -45317 -47874 43604
r14 52030 -18263 13356 51496 13361 47808 -25574 -32574 -33452 -27837 -44807 35161 -62075 -29976 -27228 28938 -34547 -50947 -27651 16815
r15 6665 -36806 20280 -44954 -2449 -31923 28414 24636 40077 -7639 52951 10510 -46855 34779 -38063 -7132 22722 12286 -65511 12865
r16 46033 35446 -9024 -4104 46463 -60968 43644 46335 -5819 -20296 58078 31714 -33889 -40145 55512 -46441 35975 -13911 -60364 48010
r17 35926 9010 30471 -49600 28506 -2934 -1366 52044 51969 13134 46563 21302 65099 -37869 50830 59892 -32172 3091 -55146 -3726
r18 -19038 6148 5889 2292 32164 -347 63253 -4680 19054 -31475 7824 -48410 -19555 56090 -58417 45468 -22732 -15567 -62115 -7044
r19 6396 25703 43574 28727 -24639 9695 -52969 19301 -44663 31620 26334 32431 46526 -31299 -21956 -4749 53264 -59423 -32940 37433
r20 54535 57899 47886 -58134 -31939 13367 53841 31196 -32541 20073 42145 -7373 31784 11581 -4287 -46176 -46116 30961 35621 54637
r21 10008 -2884 -19289 -56726 41843 -27924 -58944 3489 43462 -45723 1370 12133 -49184 -33000 21724 65534 -31661 42879 8235 -59379
r22 -23373 65334 -15390 13675 -37150 25008 48593 -5083 -32460 -37529 55864 -44469 38688 -20730 57714 513 -33972 -410 -19075 28874
r23 27642 6247 24972 720 38747 40086 -5050 -28353 -9609 -264 -37163 -39617 28193 -30581 8337 26917 -20191 -43298 -23042 -16587
r24 -45308 24020 -62854 61977 13842 44457 -53013 -41443 10515 -9113 49790 35246 -30766 -4184 -1949 754 6479 21471 32100 47399
r25 4297 -5271 58604 -61598 29046 -24724 60283 31542 26931 50229 -43010 28114 -34509 -35436 39202 -58643 29255 -52052 9379 45085
r26 -59000 -38102 38983 63846 37802 12067 -34854 58171 4266 22405 25627 63410 -45498 29420 -12809 -55365 43655 51604 -29883 58912
r27 47770 -47331 -39182 19959 54293 -164 -7340 36099 -20434 44294 44073 -41332 38240 26365 -34392 -5366 -7601 14480 -59242 33091
r28 -27740 35514 47917 -46154 53486 44938 24812 41722 25599 64109 -40678 -61885 -43942 34252 -10003 61040 27210 -6723 -42608 -38814
r29 -186 -17190 287 29822 56243 46271 -46803 -31046 -57178 32582 46798 21261 19738 35485 40875 45765 -35686 18915 54029 21009
r30 -56910 51272 -7928 -17649 -286 51722 -46864 55775 18308 -10515 -2930 36340 65158 -13034 -11481 6745 40669 33104 50947 -15964
r31 -64448 -63199 -33681 -24358 -38551 -42281 -21676 52942 5549 -52643 -111 -51604 28039 -18162 -6876 -24933 -38092 -24902 -43605 21998
r32 -58971 -62109 -32029 -41124 22192 -15192 22646 30179 27152 42926 -27453 59891 -17410 38202 -53408 33931 -19857 -14440 57044 -37722
r33 42946 27413 62208 5120 63155 36106 -54541 38095 55793 -30358 14763 43109 -24039 23773 -53547 24785 58395 6678 22789 -3890
r34 -33454 -4032 18495 39324 -63388 60402 5055 -2584 -7035 33286 17282 31583 4216 -1385 7749 -16735 28883 -59072 -27551 50407
r35 -10136 -51402 5837 -50001 -55146 24493 51311 -2537 -28126 -22548 -34020 9549 -17284 57265 -1616 -35936 -37234 6966 -52804 51274
r36 -26545 32657 49570 -32995 40247 11820 42614 63580 46482 -21448 24291 58913 51833 36569 -46776 -1567 22561 45349 -48069 -55664
r37 2653 -19306 11807 35337 747 50910 23988 -61547 2310 -23489 -48702 -47 -44269 -55203 -42376 36563 -27295 17520 -26681 47832
r38 51510 27564 -53113 626 -16739 10570 16311 32634 38950 42001 -2825 -29584 -9353 2741 -10712 64308 -48359 -17679 -39943 16930
r39 57638 -12114 -16916 49604 49157 -41068 47803 63545 -1620 -63617 25512 -8891 -35536 -9148 62512 33537 13903 -26867 -20105 -4754
r40 31358 -15224 -3124 1116 -47214 -313 -45500 47812 10600 -40968 31251 -57291 -14891 25668 35354 -8425 20711 61519 -60398 -49477
r41 25200 -38803 -61047 56990 30625 -19079 -20218 63499 3178 25505 -60748 11918 2311 -13554 39419 -61508 -1963 49571 -1475 34020
r42 21205 50042 -52594 -15324 -2931 56234 -928 -51067 22613 13076 -6959 -20677 -24582 -11723 48343 1408 34164 -26938 26710 57404
r43 -25995 -43007 -33550 -42468 -24036 -9382 63466 40622 -3478 63151 -59823 37992 29836 -34573 -52166 -55305 -55708 -11327 -43270 36640
r44 54198 -42998 34343 -16358 54786 9335 -40775 29484 42094 20994 -58102 39527 64570 32553 -5027 -47125 38398 -60219 41162 -19135
r45 -58727 60980 -57309 -4467 -42137 18882 45023 -25471 -15779 -1319 25157 21683 -3150 -52911 55847 -27112 54232 41516 -37744 -14185
r46 -24669 -28539 43906 16546 11696 56556 58143 -17580 -36237 -18616 40285 -29352 -56187 57016 36797 23039 4775 -54287 48108 -33752
r47 -51445 31172 6768 -11013 42888 5470 57344 -61166 -32989 18276 -2414 59662 21062 -28124 52212 -28060 502 9463 -59509 -43212
r48 53718 -63611 -14408 47764 -64427 10153 27638 37968 17725 -17298 -6123 50481 -61161 -3436 24879 -18646 57448 -31232 19818 -1631
r49 16653 58210 -24543 -55945 -7647 -437 31034 -3476 -16498 -34462 -60059 -10774 -35453 48161 47175 27577 -45972 -6004 39240 11988
r50 59094 -32721 41504 -54583 -51814 -42607 -48542 -61800 -2701 24508 -3035 36533 -3965 -13279 43176 12896 27404 57290 29275 58971
r51 3113 47818 -23226 -855 42481 42449 -62319 -24530 24276 -52208 53636 -48879 16574 29304 -57154 -61634 53235 52394 -29315 47601
r52 -21464 -54588 23894 -33523 27131 -56250 -36359 41484 -41965 -64597 -8913 -10611 -41737 64922 58728 -31119 -13846 -59508 39387 -45632
r53 -19581 35756 19090 38709 3889 1963 34784 -46530 -309 -19824 -51109 -47458 -57942 11923 -31557 35032 16838 -27870 7650 -10133
r54 16501 35480 -16574 41977 31838 -38173 49054 -60544 60024 58503 -57190 6739 10225 -26931 1939 13124 -16332 -65525 -32776 28111
r55 -20263 24245 9191 -41780 -16225 -35311 42012 60691 -53251 -892 -2111 51865 59601 44876 -42850 2079 -65176 -39716 -54196 -3344
r56 65083 -33929 -24313 -1664 -55933 44314 -4483 44164 -44314 -2248 -42397 -8882 -10202 -41689 -20574 -6865 -27349 4424 -6951 -3902
r57 38525 9005 -98 16262 -59120 -42609 -50239 -23756 46173 10509 -26173 -27320 -45394 51474 -6875 -11603 -5302 -21252 46446 34277
r58 -6083 716 23502 -40940 -53289 -14979 -6990 -55826 -35789 -9484 18068 33583 12571 51237 23426 5316 34136 -15051 29127 43342
r59 15215 27501 -5660 13290 -33517 57492 -11782 -46813 6402 46612 57110 13492 32197 12570 -49321 24949 62011 -6622 -54705 -34731
r60 -5529 46768 -41901 -60425 -7429 -38550 -5822 -18149 55875 -1462 -12177 51073 60101 48546 3720 1934 -60825 -37184 -19110 25158
r61 -19316 -27686 -52223 -35696 56231 -62267 -17548 -50463 50055 -39559 6847 22454 53181 23787 -10647 -6755 -53405 -57547 44949 -22351
r62 -34657 30916 58308 43930 -1429 34037 -23033 43436 -42333 -15867 57911 -30687 51354 -36407 -28867 30842 -50111 -7773 -24157 -167
r63 60246 -61114 -31660 26265 -22387 -58346 -37162 -25210 53774 49041 -61954 41436 -51433 51941 -19968 -18970 28521 -47128 -26761 1082
r64 -35013 -32751 48304 -52196 -8011 55033 -50516 -4641 504 47726 38570 5987 15052 31264 12652 -10257 60097 -37295 13669 6286
r65 -65242 26674 38150 -30960 37220 2613 -53554 -36236 -61367 32306 -44229 -5176 63577 52384 -15953 11400 10007 -14800 -29580 -40255
r66 -62708 23397 -37928 -17204 -52954 -32928 26140 53197 -24045 -4972 24163 55510 12929 56193 62195 -43997 -17072 -46299 43789 -57006
r67 34280 38660 -64873 -65050 26008 49714 16889 -35472 -18051 156 -14959 6844 52054 26165 -52774 30506 -16007 -13536 11138 62040
r68 42725 -47982 -47204 -8903 -64135 -13252 56369 4755 13348 -58609 -12119 -31759 18638 13378 19600 12963 -44676 49889 -43971 20767
r69 7470 5221 -40607 -17734 -61033 -24955 -21042 -13432 29447 -36887 -16869 49395 47541 54549 11371 36301 53201 25504 42050 -53466
r70 44124 2539 54680 9880 62920 3116 8488 33699 53648 41203 -59430 -49147 62142 6602 -51762 19888 -45214 51245 -44509 -36269
r71 11502 -15588 51110 32551 34216 3935 56137 -37267 61039 23728 51070 -34302 -22736 -55583 -42402 -62945 -7458 -27746 -52874 151
r72 -57899 18617 -24556 -2487 -51969 -1894 -32241 49867 -60292 14658 -35943 -22633 46972 -43680 38468 -17778 10099 27301 -15357 32119
r73 -55171 53014 -55802 33562 37171 -20376 11665 40501 -48613 21259 11235 30283 -18580 -22397 30264 24990 4351 -29196 -7792 27619
r74 -32227 -48260 56403 -20725 58102 30201 15814 -32271 -24618 64231 58436 62573 20135 -60839 59754 40545 29518 -61332 -38748 26716
r75 588 42088 -30582 32427 -42722 32177 28687 14909 37371 -6761 -63137 -55477 -58401 -1760 -33787 23275 -45829 -59200 59202 14252
r76 31829 56187 795 -45164 28379 58554 18707 -28464 26493 21414 64063 3084 15100 -19401 -56509 63459 62153 -21778 -62290 44333
r77 42540 61799 -20254 58881 -9350 11513 31985 -24074 48507 -28446 -29629 34046 -14797 58924 39962 56698 -7065 18020 31442 1581
r78 -35703 36744 -64843 21448 65121 52167 39715 33053 -54146 12429 -53432 -38581 -12597 -17457 -60758 -9652 1455 5517 59687 -192
r79 65173 599 -51623 42201 52844 41355 28382 -42261 51008 48194 -18568 -18554 -51090 -8432 42034 32476 7859 -55914 -3147 47336
r80 42054 10094 45369 21841 -17408 25130 -12042 -43134 -35782 -11305 38881 42796 48308 40673 -31470 17851 45914 33551 39716 58431
r81 42149 -29819 307 58770 54114 -56268 18249 49505 -33110 16178 35237 -1150 -42238 21344 27847 -40809 51951 -21898 27345 40683
r82 -59422 20541 19491 -15529 -31160 58457 -38265 26736 2081 -37431 -9148 -31519 54050 55880 61116 53517 -26728 3599 6427 1382
r83 46768 -22904 -60626 27724 45853 -49161 30362 -64879 -64821 -37419 55456 -36404 11667 55425 1615 -64193 37977 -48117 -60607 63248
r84 65485 -24856 41060 4061 -19587 -37378 -16195 -34026 -58718 3786 -58494 2820 -58952 21188 47807 -31685 7367 -34433 -37198 45403
r85 53907 13762 -3623 -20223 7077 -36895 -1843 -36191 -35484 -61436 -37522 -1424 -40465 -27425 -42048 54664 42541 57829 -24263 -2189
r86 -32851 15881 46068 -61048 64615 30449 -2972 -15785 38417 -3768 -45893 16245 11156 40235 -4369 50083 -10364 2730 13769 -51123
r87 31091 -23950 60519 -64986 59227 -21726 40235 36953 54886 2870 -45798 -5657 33741 17282 -39084 22971 -42153 -28453 -24379 -32744
r88 -54697 15801 58440 -43612 34655 52149 65359 -50534 -38016 -23912 21152 -38766 -56078 -40692 -16626 20018 -9308 -19186 26952 42748
r89 -18717 -44883 4680 -36737 -45372 20005 22001 57763 18864 -27715 -26641 -23881 -37629 -10366 18870 -15805 -44171 -51271 16839 19423
r90 -15007 -24676 -23088 -6383 3733 -52818 -7255 60727 10355 -59228 12710 50860 42363 62707 -56280 -32065 38125 31087 -9854 -44208
r91 -11265 -37273 -58321 16339 49923 36652 51308 29623 21902 38212 13661 -15304 -14935 -38646 37144 51962 -738 -21288 41903 472
r92 6705 60802 -6581 54589 29997 -62500 16390 20905 51975 -54159 5895 -30722 41691 28330 -39414 -44431 -19392 -46407 21165 -588
r93 -44923 55963 27257 2379 -26388 16054 2378 -2962 16875 -55716 54380 -5705 18301 2613 -31435 47303 -62593 44710 7448 32260
r94 -41202 2002 -41470 -59760 10388 33509 -58021 30801 50059 30553 56581 -26881 47392 -64973 -61959 42675 -26279 63248 -43478 -61909
r95 4328 -20060 57115 42003 21049 -14374 -47749 49950 -45904 -36236 6730 -51949 63016 -10812 64322 32104 60814 32247 41961 56111
r96 55752 -56031 41741 -27969 -7671 31989 -11826 -28192 14268 -38322 59116 35367 -48094 12352 52305 -57480 11396 -36550 32554 23474
r97 41769 -40961 9068 -46246 -62411 17447 -15631 38107 64270 -34010 57415 -33262 34821 -5607 -24856 32316 -19978 -54957 28613 -47373
r98 -11 -39448 -2516 -51844 57393 -49933 -3031 18129 -60059 43679 19699 30841 28144 63403 -55510 31639 45131 -2747 -27478 32190
r99 353 -6584 2993 -3703 -16406 44119 4666 58442 -58967 -49757 3969 49695 -53712 14551 1464 53267 -37334 55043 51871 3542
r100 -63848 -8882 61298 11330 -64817 -51038 26270 47434 -33403 -3545 9577 59378 12644 -9193 47490 -9058 -65499 3552 53876 -682
r101 -32390 22866 33402 23974 -45135 31817 -24539 -27516 -7305 -36548 4860 -44258 -53283 -35952 -23391 16087 61339 60132 -26845 34230
r102 45230 26254 -64156 26790 -2352 48295 44282 -32550 -22366 -13688 -1842 -37532 -31918 -25998 40916 -38563 -44631 36034 22356 1636
r103 -3519 26268 43437 23646 -15776 -9230 21261 -55787 -35890 21885 -28271 -23138 38609 39322 -48688 39779 -31641 14058 -52089 -48513
r104 54259 6080 40141 -28756 2996 -43853 -64631 12129 37198 40730 -23159 -43916 -59087 8359 32424 61781 -40996 64239 -30023 -29166
r105 -54270 25274 -51390 -47631 -20794 -58941 21317 25241 -56504 25329 -28905 20008 -1966 -48290 57715 -61257 47394 12290 -60557 -58962
r106 -31449 25364 -38411 -52652 54750 59928 -1915 59382 -37275 -5693 19750 22036 -62048 -36459 29614 -45947 -36148 -48517 -35513 37238
r107 54072 -35130 -15655 46463 -64599 -2705 6296 26990 301 5992 44380 25291 51771 17614 58580 -28188 39925 28716 14449 45305
r108 -50797 52525 -60378 4652 61483 -49145 -12762 -42877 -22017 52586 -6831 -48050 24388 -63183 22449 -64212 1812 -19959 -6532 -28051
r109 -26146 51138 -54104 -61417 -33886 32127 48399 62649 -40703 -35262 27517 -23352 -23378 9878 54101 -62187 6698 25475 62374 41991
r110 -6906 32642 10114 -5897 -48782 -52296 -12603 -21836 23715 -42517 19498 -41665 -58446 57844 -30763 -31818 44093 4921 -42869 -16033
r111 -59431 -14956 -38490 54809 26140 -2802 5241 -17241 -9851 -8773 -19104 12905 53034 56790 41531 -24983 -49482 -37716 -8921 26035
r112 -60585 3928 -35800 -2436 -24316 -3652 -51543 55635 65182 57543 -45598 -39763 -26452 -64908 -33428 -7161 -26004 -41380 -45072 52698
r113 -31902 -57437 30524 58728 39756 -57727 3903 46902 28127 64909 -41412 -61553 -59438 23205 30270 55780 -51005 56687 11625 4690
r114 -64401 27836 -58000 65498 -38986 14993 -5377 -14994 -50204 56371 26671 -9660 -40212 28690 -59403 -14298 6212 35885 51249 -36717
r115 -52608 -29126 31714 -19311 31267 -54100 -8282 46198 528 -39924 -21536 22789 -45032 49456 22554 61165 -61136 20922 9287 22509
r116 -61941 50855 61535 -8840 -43369 -63851 -45980 -26351 11319 40556 -57631 28950 -49204 22396 4268 -16060 -12195 41661 -57925 31370
r117 -49024 64050 -14376 59033 -5308 -31473 55907 -3894 -19934 -37988 -62327 10418 16548 7874 -3967 -20004 26243 -3699 7079 65227
r118 -57970 50060 47716 -11466 -18511 -1344 16748 36334 -21668 -38567 -37943 49840 26481 14366 -62457 -52562 45461 -60795 40325 45007
r119 49361 59937 -61020 41258 -59075 -22275 -44203 21511 4587 -59221 -12488 -17154 58456 15989 61298 -31098 -23107 32474 57338 16856
r120 27036 -836 -65419 12670 -64253 62894 -9477 27893 58788 -64314 -51106 11383 35986 35796 -17535 65338 -1473 -31723 -30313 -16019
r121 21500 -15736 -23949 23628 -7307 21161 29161 -55302 34854 -3285 31716 49730 30979 60889 34809 13014 20087 -57186 -27407 -16648
r122 -11765 33723 -58214 39542 -31874 11513 37761 -48032 52451 34249 31145 -54195 13432 6148 -11498 -52875 14845 9078 16847 -9751
r123 40695 14470 26693 51464 11665 -7428 649 63948 -22590 -4923 -54913 -8727 -30637 55410 -25496 -46412 -45673 53784 -30757 -23014
r124 17740 47382 48921 -24035 -13174 -63272 31968 -4918 -37517 -53802 -29821 5067 29237 -55207 47362 11571 -54273 -55542 26114 -14911
r125 -32502 -32923 46199 10584 -2397 20444 -22497 -23986 8179 -49739 33373 -53462 -10236 -42703 50812 16842 -37841 -62980 -61768 -49183
r126 32528 31819 21632 -47520 -38726 -5535 36386 -226 56826 16422 54190 8787 12464 56659 -52310 -46630 12284 15699 -51285 -40482
r127 -16757 -30952 644 -51366 20780 -51780 39710 20737 -31927 64971 46097 54244 -43674 -58907 -64449 48189 -12963 -46973 -33915 12476
r128 -28651 -13173 21855 -20884 -28008 13273 42709 -9320 27069 68 -39553 -1088 36878 -24989 -33372 24994 -33226 -62557 -5757 1396
r129 31409 29138 -33294 19603 49523 -16266 18974 -53974 4220 -57399 -22372 -5886 60929 7356 -35346 51992 -63908 47570 26006 -56191
r130 -57759 -64381 63671 57797 -10281 47341 -36164 15056 7249 34838 57403 56647 18393 -11137 62048 25237 27853 20416 -62696 -11111
r131 -20257 -53993 -46838 -17106 -35048 15165 21402 -29490 -43354 4072 -24720 -40413 10705 -53460 4790 15265 -15595 -14873 19767 -23280
r132 -35319 -60067 14874 51315 9395 -35271 -39239 57235 14087 -23747 54158 54184 -46139 -63723 -49649 -38720 53489 39208 -8527 -55672
r133 22379 34518 23761 57727 -7656 -37640 -49182 -24789 -18537 -3609 -12154 49994 -37541 -10978 9568 43134 -1564 -58122 22507 9073
r134 -55558 45438 -6002 -51157 19826 62830 -61839 6073 57045 -61092 -40737 -9478 -16383 -64684 35189 -47476 21649 -1984 -5476 -27109
r135 -21371 59705 -59042 -34349 59672 25546 -60250 34839 18263 32108 -57248 43960 -32031 -25173 -9232 -23747 -49366 18973 -41722 -11041
r136 -21053 -57449 7399 23764 -14029 -47941 19186 27703 45856 -8280 -15844 -6494 -16864 -40075 -64086 5734 10430 -28122 34325 4700
r137 28053 47497 -64834 -52894 34971 -26634 -23376 46475 -55802 42250 -14120 -37752 -26012 31182 44958 -54125 -38845 33088 -58328 718
r138 51577 16348 62084 -59019 -24745 -35313 25030 -59870 36716 17689 7766 -48671 29633 -12586 -60073 -7737 13820 27720 -40838 44751
r139 -59936 -54179 6080 -46202 -3073 -12623 10350 -11618 -32902 -23117 50693 15044 22861 -17765 -28078 -61625 -41806 7735 -32732 23901
r140 56568 40826 40220 46868 -32258 45911 -42714 13781 15748 -42451 -42174 -60674 32495 10545 12357 280 19080 -33527 -43747 10454
r141 56779 61812 -65513 42900 -40198 -21603 -4654 50919 32796 17376 29631 27375 46071 -63438 52215 27900 -59231 30684 -32495 -14966
r142 -4309 -59143 -43650 -30640 -27400 -1424 2305 32180 -44596 -60474 31835 38265 29464 45964 -33000 13313 46037 16660 -11676 -46452
r143 11525 65387 -7298 -65441 4613 -21047 -11729 36677 59049 -37012 -64133 62822 -61773 -9884 -50344 17031 -2864 7609 -2881 47200
r144 58345 -45817 52165 -30447 -57388 -63847 21465 59560 -52938 63154 7625 65106 -18994 12807 -64387 -35717 -49665 61002 -50379 -12542
r145 14244 4020 -14538 -36673 -3100 -34590 40420 -50998 26158 -45710 -16288 37270 1202 38633 51228 -48573 62278 16435 -64630 -64944
r146 21604 15510 -21164 45321 -14217 52461 -9661 -45021 -23720 55491 12252 -5293 -19113 29634 -46582 -26725 -44021 967 46572 -52858
r147 -11256 -31860 -29584 -2082 47642 -57598 -52340 58903 31035 -3878 8509 -23002 -30748 -63186 -39567 49179 42153 -10464 -32810 -59649
r148 -15826 -64386 -2754 -49919 41179 20899 -58193 28230 23425 39478 -12842 20104 -17361 -18728 -46422 20531 -47767 22190 -6162 1070
r149 -22643 -23918 -5774 -35632 -401 46252 36400 9329 35775 -26951 -50204 -47068 -32308 20315 -57420 -28319 -51900 3784 22716 -64273
r150 -35264 62434 9891 52714 -18237 58583 12973 -3998 -34246 -29846 26329 -3883 -33799 -39084 -39602 -4601 -2318 -30002 38681 49793
r151 54131 -49364 -48299 -57669 -54054 58248 55070 -31242 19670 -52701 46744 14761 -46214 -7269 33908 32955 -28898 16735 -31410 35416
r152 64776 26014 -28693 62417 64782 24889 24259 -47918 -4472 65376 31928 -33575 28406 -10027 36380 11164 22516 -23835 48197 49395
r153 -52575 12221 3520 5125 -49732 -1029 21266 11944 56794 -60172 -30223 370 58217 36637 22883 38577 21997 -3367 36443 32147
r154 -44196 -16157 11176 60198 50188 -28814 -65404 -4145 36890 43622 -46030 64706 -22389 -58084 -49614 19233 42478 8874 63635 49323
r155 38590 35015 4495 5359 -31280 -61175 11896 -26865 49613 7688 24985 42461 -35288 7826 24142 2119 -62376 -14326 -28013 -54084
r156 -20181 34777 45641 12392 22172 -15132 2751 5598 -33000 31492 18441 48739 -25501 -51677 38244 50815 -29639 -39137 4805 58769
r157 20092 32845 -47815 33284 -24703 39864 34572 -19864 33947 -39593 -18690 30401 -44657 -57625 -44391 38898 8017 20684 25708 -62491
r158 19755 32211 -57398 -37572 60937 -24646 -16105 -62377 -49813 6593 -15321 5321 -23265 31560 -60572 53614 4482 -20015 4783 27455
r159 58185 -51837 -4010 14878 -19059 63613 26478 -59020 -41580 -29208 -46425 -15250 61579 -21279 -2039 -44060 -55339 47710 -7275 -20068
r160 -49763 -19010 -64422 -65449 -49403 36262 11248 -31139 1004 42758 -35061 11559 -55565 36772 21826 49638 -332 -22215 16174 55869
r161 30320 64544 -6363 15890 -20696 -51351 -58672 52136 -41334 -50800 -53867 62758 -22928 20096 3439 62266 -29750 -251 -23849 -37323
r162 -25514 -16599 57164 -3354 -58539 -2603 -10614 -37106 31399 -55348 50567 -53622 17165 47057 32465 -19306 21513 -25101 -2021 -56550
r163 -29241 5350 64003 -47655 19414 48800 -50443 60622 -44715 -22927 -1719 43849 -48410 -44682 -19540 -49833 -8045 28144 -57089 21662
r164 -21297 28468 -39491 12750 -28571 35240 -2640 30328 -15573 30322 -13964 57036 7095 -17499 -62166 -3424 61790 20012 14528 -35476
r165 7078 -61428 31786 36652 27017 -6442 -18841 39214 -50811 -45488 27344 -12076 60793 62004 -61528 -2430 2794 22960 54017 43213
r166 -59558 -30447 -54086 13193 53227 33908 36181 -54566 30167 -2439 -42208 46622 61617 -42464 -10992 61730 -36171 -49455 17769 28913
r167 -52506 12646 -45513 13214 -36454 43689 50608 41565 13088 5660 63993 45737 22149 28668 44947 10308 -35821 23372 812 -12272
r168 12676 -13145 18284 -34730 -23032 -17508 37655 -15263 39362 21311 16409 4718 -59132 4092 -33696 -42192 -56203 38825 6023 19216
r169 -3206 -36351 -2537 44174 -10662 58074 32058 -59534 -15177 -24637 -60838 34991 -59520 31986 -46355 24042 50808 65275 20844 16967
r170 8257 -7991 44881 55853 3239 17917 -36646 -12249 -24206 -2945 -59397 -21548 -24707 20085 55132 -5606 -24146 60636 -16209 19732
r171 -60145 34049 -20129 9107 47255 39334 -771 -62259 -44647 -63610 -48426 -46212 42675 23270 -38853 22674 -5421 8935 -11995 59586
r172 63585 6664 8551 43880 47311 -54940 9959 55258 63803 -16348 -11533 60237 52331 -16683 -50359 -5531 25440 -54647 -54546 9151
r173 -9154 -56804 -47264 -52844 25977 55723 10443 879 -37761 -38992 23129 -38737 -26024 -15287 -32864 -53827 38382 -12041 -38336 29186
r174 3050 -49382 -27994 22240 30525 -15890 65033 -21806 2758 46714 31025 -39326 48435 18795 32795 -34977 -19934 -15484 -1447 39697
r175 49566 41723 -29992 -51743 -64393 -3471 -49381 30546 1764 21533 58887 -49044 -35632 29590 62234 -52380 2516 -36091 -54243 -15557
r176 57019 24508 39 -61108 -30540 -1655 -65218 -24935 48613 -52348 -39104 -50666 5328 -5933 -26478 63154 -54561 -61086 -63115 -29813
r177 -36494 3310 43434 36206 -38828 36063 -59355 9961 17521 48919 14055 39700 52441 -34419 -51608 2668 -59113 38229 -31245 -34688
r178 -11139 -44049 -15921 -7669 -47712 -61035 -61251 60228 16414 -4025 -64778 -40738 -41174 -25775 -57187 34317 49853 59311 10344 -56165
r179 59136 4529 -28290 -28686 39229 56988 -64462 -21392 -26811 -28240 -21798 63804 -23989 -57163 31968 -37251 -41963 49862 39736 -2708
r180 30172 -57409 -4378 -33530 -30135 58765 9447 -44448 -48345 -34612 6047 -11163 32698 2165 -23135 -57885 3977 26889 -3248 -64446
r181 60364 47971 29118 -14358 57291 -6557 40856 -28189 -18950 5601 12080 58857 -51772 11353 40447 -53032 19274 -27818 -46048 -55028
r182 45478 21287 5261 -9414 37046 -63845 -37293 -43418 38491 28860 -17885 -42962 45071 42126 40434 17997 -22572 3474 -39571 29958
r183 4806 20453 14636 -9816 60731 -38117 15868 21293 -34088 12900 -40279 -56953 -5833 55740 -9175 -33108 -7011 1420 12340 -29597
r184 29596 24273 -46560 -57447 -43724 10719 -22817 -1584 -46412 -51731 -27084 52836 -6776 34768 25549 -62585 53815 -51725 -20489 41215
r185 -7030 -15145 34770 35148 42425 -19439 48099 -51496 12591 -582 1982 63363 -25901 27568 -15087 -21718 19328 3821 7417 -455
r186 55654 58532 25111 -53493 -58751 4040 57273 -17157 -48168 -32328 50743 -6347 -33666 59781 21084 48263 16428 -42024 62040 -62352
r187 -61749 -54643 -23749 22959 -58115 47674 -56935 53700 47061 48202 7031 -36127 -7164 -64509 -42112 61579 -12350 39769 55054 12765
r188 483 57470 -14445 20382 -22591 54414 -34250 44465 -1174 -28573 13245 -44584 -11884 5207 -40975 -14157 3422 -27942 -25066 -47904
r189 -33557 -19321 48595 33242 -60130 3279 15919 -37314 54359 -20727 -34876 15829 1901 32514 -57753 45192 -52459 -217 -14271 36772
r190 -3888 30115 53368 48166 -13573 -6585 -29208 -60369 -53334 63037 28021 -19642 -3303 57610 1041 -5148 49126 -21880 -26644 -38598
r191 -37028 -59975 -21161 28170 -36335 -15474 -5557 -2329 14965 18404 41503 41834 64100 27970 -42382 -22545 -53983 -9259 57191 -64182
r192 34531 -6032 34488 -5387 -63665 45259 29030 45495 -27079 17662 21172 -39269 31110 45814 62906 -20780 -32338 -1383 -35211 -34843
r193 6269 24155 57420 28690 63277 50876 -36749 22854 44886 -11726 62651 29303 50578 -10944 -56177 -5103 11752 -7616 -22365 -64313
r194 15973 48127 21361 10676 5961 -28606 10817 -41177 17702 31020 22068 32630 -31432 48912 11421 64393 -18307 -18317 44622 1203
r195 -26085 -47290 -51111 58800 8301 15210 -31973 3389 -56617 -19928 -4077 -28870 -48407 47262 60312 31775 -41149 50848 42436 -65165
r196 35096 42164 4779 -33376 -28493 -18406 48157 -17810 -38120 -48472 59753 10542 41451 33379 -4035 -62876 35262 -23462 28934 63584
r197 -39769 -27882 -12945 -38923 -53850 48771 -50568 -37486 -64487 60827 -419 -38104 51123 5974 49034 -54625 57343 13690 34468 -45619
r198 37798 3495 22928 38317 33575 -3525 53260 48906 37845 40528 -64217 29940 -18416 -2898 54705 -29185 -6458 -14583 -37790 -27796
r199 27887 5149 -60745 24409 -63063 36342 -49176 -64371 26790 13106 21631 40447 21964 14645 53203 54486 3225 11360 -45161 -38292
r200 -52823 -32930 -24777 63389 -11346 47697 -46347 -18039 50806 3437 -61892 -3915 -42441 14635 -159 36147 63993 46478 -20091 -13167
r201 35991 -17465 -2963 47844 4652 15675 40575 748 43996 62546 -13602 -15400 51684 50923 8604 -62582 -40026 14938 60672 8369
r202 -35365 9068 -8851 22518 -58192 20278 1773 948 -35635 29789 59172 28791 32343 23289 6153 -59235 -51216 48987 63065 -10176
r203 -9341 -30543 46387 -24735 22828 -28235 -39489 31680 38230 59601 38287 -25170 -39228 -55257 11023 52533 425 8925 44599 7692
r204 -32432 56264 -17691 8932 48404 64640 1412 -385 60903 55303 34756 -11224 65388 40715 39772 -19675 39401 14763 -7936 -30771
r205 53963 -29034 -27711 -1912 43251 23494 -21766 29070 -7437 -5055 -262 -58433 36618 63633 -17883 48760 -55072 32875 16199 -62346
r206 1996 -2430 -60741 -19165 -25170 -43851 39013 33278 -3759 38503 37618 -32918 -1083 6562 -5583 50759 -42270 59596 -6579 -28179
r207 55414 37735 25064 -15895 57884 12963 2514 44315 -37698 -47046 60670 42090 -18858 16275 -35003 24157 -4690 57685 -25633 29845
r208 11321 20447 35954 -42407 45506 -36590 -60739 -50793 -61564 41023 57933 -38689 -14104 7640 36039 60762 54754 49511 11172 -64264
r209 26354 30117 -15307 36264 -52658 -63240 -14612 -51527 -51444 48236 -27385 33399 8949 60632 -50476 50339 -26744 48247 -14204 -39533
r210 -1453 60488 60539 -39281 7704 -39273 11326 -8217 -18174 29962 65280 -19798 -64192 47409 21857 23957 -50415 23510 -12415 46238
r211 4999 -51091 51297 -37722 56138 35440 -22156 -48210 63496 38823 -2495 -51640 36779 58189 -37092 -4511 -27645 -352 -58360 1764
r212 -10253 -7581 -40997 837 -41859 -49768 -63978 -64881 -58973 21497 59581 -18360 13550 39476 22198 -24362 -2155 58671 29616 -9891
r213 -11458 56541 32231 43164 -64024 9178 -19272 -8103 38559 20257 41246 -11817 64797 -236 36263 24554 -23659 -55480 -58370 -18998
r214 -18132 61562 -24044 -65393 57492 -5062 -39880 -41658 -40190 48044 -31740 -8715 31902 448 -23726 59591 54456 -30773 30668 -36313
r215 -61549 61151 40649 -42021 -334 -5588 -43578 -55102 -60116 4059 54284 -19150 -36530 -58054 51965 -22731 -61067 -63823 -64002 28949
r216 -19299 -7950 46096 -33572 37434 -58285 8879 53969 -42762 -50600 56190 -54476 59314 37837 -18757 -61492 -7185 9111 -22921 -51040
r217 -41544 -56669 -30740 23336 -8084 60533 -55194 -38674 41818 47509 25813 40817 54957 -12889 -9230 -31101 -24352 45080 -42843 61001
r218 -8002 -6799 28630 13980 60134 -5760 -4880 -41913 36684 -47680 -23913 42092 53134 34856 -957 10387 -41457 -17444 48237 -22483
r219 26813 61106 47850 -45735 -23632 -61812 -65329 24082 23553 -59109 -46477 35271 52858 -54033 -45137 -6307 -39118 -59097 -24317 -20496
r220 51065 -33089 -33685 19827 -460 28408 -41181 -52892 57976 -23822 -17391 -42001 25607 -8281 46710 -50979 39661 39153 60344 58752
r221 17770 10525 4163 29335 64287 -52343 16117 -27465 53172 -48535 -20839 29769 -1560 -27101 29667 51944 -45507 18586 13430 6157
r222 -47314 43128 59050 21817 30478 -35487 54174 55853 -38377 8877 2135 40428 3463 -56467 42241 38235 33390 -50670 -61694 -25020
r223 -63163 -14051 -2116 -54784 -34282 -44983 -58210 17914 -2402 -21008 40309 20467 -161 -20284 -12496 34923 17552 -38873 3337 -51240
r224 20910 63335 52354 63213 -49877 -50174 -60519 -48338 -36261 -48091 -46553 8580 -16537 -18715 -7221 55323 -18675 63155 22421 -60732
r225 -23520 15883 4054 1825 12705 -38509 53260 -26125 6392 -50517 -36883 -4118 -24947 45640 57949 -62401 44596 -40546 -52456 19571
r226 28328 -48105 -29164 62100 29908 -8370 -54195 2051 15297 33379 -32450 32104 37162 -35035 -48262 -37750 -28135 -30117 -59518 33048
r227 14502 -54086 29353 -47651 34129 2609 -47460 -4492 35777 38262 23507 -26788 -62274 -57315 -8008 -24875 20775 20592 -42012 17685
r228 17520 -32546 -43489 36958 -51437 -63208 3660 40580 54706 -19336 -4296 -27510 -8078 52521 -12263 -17102 -6809 36679 43193 33583
r229 56267 46394 -16666 -44119 13528 -42495 16269 53676 -37433 57803 20742 -32495 -17661 19544 27933 -62194 55462 -18016 16422 31837
r230 53192 -5288 -25419 40448 -13917 -32985 8302 -4716 23978 -23333 23448 -47221 -25140 37232 52657 -31490 57871 58941 50666 24345
r231 -26029 8725 -58692 -42222 -12849 -54729 -4607 17665 33641 -35653 -35134 36697 38268 -30805 -6247 2079 -14410 26021 50363 -28224
r232 38836 25827 3034 -15321 -719 41052 11873 14298 56728 -23219 22930 -5000 4610 -27686 18289 -13459 42155 32639 -13405 -42993
r233 -14182 21710 34412 52635 -15232 -36855 37969 -20724 41172 -36282 9595 17831 -49896 -50165 46446 -55545 5991 2004 -25635 -18771
r234 -15334 4849 -4211 51906 -40432 34306 -31523 61989 26562 49510 23638 -54675 -55261 48063 -13509 42253 46508 -50469 18467 -24512
r235 -29154 2598 -11808 59337 61833 43622 -52464 -62691 25260 -3278 8194 46435 -23868 -12025 50417 -43660 -9715 -30414 23617 10468
r236 36193 -26078 57852 -53214 3707 28992 -53596 -1642 44472 -35955 -30157 -35575 61723 52222 44822 -39797 5659 -15110 44052 65137
r237 56642 -51654 32368 -32158 4752 -37745 20544 -11125 -57951 -44742 -16534 -19169 36096 64261 -42201 1714 28927 -30518 -4173 -25285
r238 -25495 -52185 3424 15430 31049 -42554 32610 -48729 -5458 -12629 -53675 39798 53845 -53908 -26365 -45466 53309 33322 48375 -4148
r239 26878 -65132 17367 12697 56234 -43690 -33358 12263 -5737 32797 65252 -46568 -5846 52015 25710 48659 58942 -31970 -60039 59532
r240 -50429 8813 -32984 17378 56812 33255 43682 57358 -44138 -54345 -24070 62560 7936 -47560 -58706 -40308 -34953 -36062 58828 -10300
r241 -16688 19625 28643 -56373 17740 44900 45967 -56915 -26940 39357 49192 -9094 16516 -54619 -10238 -50866 -3415 9066 -38108 26762
r242 -37080 -47796 -1552 47202 39004 -2680 -21748 14723 45863 -2232 -10109 -30787 -36746 -36306 43280 10878 -3853 -41738 41705 -34469
r243 61256 -1103 55776 57061 -42904 -53886 -11874 -45813 57790 18714 -61649 35190 -57522 756 17786 -64061 26872 -17046 -3965 50087
r244 -63714 11716 5116 -12223 -48603 -9076 -2516 61697 -59584 -26908 51687 -42112 -41332 50121 31700 -52173 -7444 24337 3633 -31924
r245 18413 -17319 4664 5637 -61102 62233 -49874 15330 -27846 46393 61085 -8463 -43974 -57565 -51706 28304 -23690 42788 54188 15535
r246 -41222 47095 -24377 5586 -13746 -53572 -58079 30500 1184 5704 60711 10090 -9949 -21792 41214 8847 57744 61638 53655 -52223
r247 5108 15187 -14517 13209 53255 39204 -7443 58726 -47334 -63497 -25696 -33606 487 -26727 43011 55856 12342 -6629 41560 36276
r248 -19977 -22458 18914 -59988 -39324 46120 6910 -2522 -31621 50863 15696 -25493 64558 54672 65070 31103 51311 37733 -6901 -33941
r249 34603 10526 -15990 45220 22194 897 18705 -49348 -21441 17264 -50550 22953 -20482 41634 -58769 -39896 25488 61237 3768 -51237
r250 -33842 50765 47699 -39406 -55725 50555 -47949 -10874 -64694 11480 36828 39826 -52016 40613 42833 -31017 55375 -57329 652 6318
r251 -51118 11467 28306 2119 -57172 32371 -52569 53517 -4823 51807 -36867 -24167 -9711 3596 -59353 15103 -9151 63996 -38727 51541
r252 45515 -7971 -30516 -3936 -34327 45744 35402 -11745 37329 -36184 27003 22838 49890 51427 16128 2210 49780 16468 45807 -7646
r253 34808 27757 -25936 49416 -43128 27111 -41430 39991 8674 45611 -21655 59473 -36813 14200 31498 -16208 55993 -1845 -24278 39656
r254 60398 60743 -7620 41845 14784 -37494 17110 -16833 60112 -33977 53636 64026 -34394 23268 -54586 60576 22925 33696 -58284 27143
r255 -9227 -9013 -48587 -6555 -61816 28122 -47042 -12722 37043 7487 -57080 -48001 -58265 56355 62517 56739 -36610 -13331 26124 -15344
r256 63174 37838 61742 -7293 -16017 -12625 -64581 52338 21845 -56362 -32369 20603 -47506 -38663 -27707 34234 -27637 39941 -43341 -47153
r257 6689 59499 21551 -16629 -35241 -40584 -20082 -36843 34488 -52596 -34642 -13340 34918 -56912 -65188 -33963 -57618 27908 -47654 -63835
r258 17038 -49581 -19486 -52602 -35549 55357 28914 7709 43818 39899 -40208 -63181 -2159 28956 62836 -6791 -21692 -56372 30300 -47922
r259 -49072 25133 -7003 2092 -48183 59461 17564 8575 -49853 639 -57281 25529 -64567 -49661 -9598 -1451 -29455 5622 57927 -16473
r260 -20645 61283 37007 39286 9609 -46115 36015 -10212 48411 8941 155 46035 -35805 -40620 -57416 61667 856 55724 -49186 50710
r261 9836 33577 -35984 -45225 -57241 -24037 49248 12290 49212 -49241 -40767 -8149 -55344 43076 -36191 -15806 42148 -6676 -60971 23900
r262 65217 -46524 -23410 -44425 -52842 5407 31819 2204 25772 -9372 -33360 -31996 22981 -28126 -19931 -22943 -46708 -140 33651 18340
r263 31088 321 -5672 65231 30728 1034 -64243 -62021 61582 64245 -47393 -29474 3803 58281 46366 46592 -21495 -15123 58798 8733
r264 -4010 -57088 59394 23539 -22897 -3778 9024 1956 -13241 57476 16654 -20832 -32333 21478 -59227 65422 -27181 -11424 12773 -16473
r265 12333 -41700 -49877 -56336 -38318 -34950 28869 5553 -59799 25211 -37977 33986 7025 34319 56873 -26338 31763 32104 -9784 -4159
r266 55693 -22469 -11118 -23526 13385 44013 -38214 44933 64922 13860 -8764 29533 35245 -57017 65095 635 18897 25181 17373 37194
r267 30508 -63128 -10944 5368 -27344 -64568 -35549 15466 -2865 -57592 44073 3804 -60010 14994 42518 -39905 24398 21249 -21057 12097
r268 -59414 -23166 -34752 -62253 35922 62383 -30436 -58852 22412 -5937 -55691 -27407 53024 -39595 29580 -46181 -38591 16230 -52783 40582
r269 44524 -34924 -14675 58884 44810 -31832 33659 35807 -35662 -11449 27623 -1974 49528 -5598 57282 -6649 -28073 -5206 12203 18386
r270 61947 -6459 52460 -12116 -13513 615 -23006 8104 -25364 -20558 59230 -3454 51457 56918 -18652 37026 15721 22287 27013 -12576
r271 61204 -3313 27607 -34508 48028 22511 -17909 -9541 64471 -7022 47449 53356 39174 38312 44278 -38689 -61693 -33037 -21994 -50042
r272 10452 -21268 -30535 -745 -62311 60543 -63101 27863 -43378 55360 -54113 -65128 19883 24419 43642 -56781 -63009 25436 -27598 -27510
r273 -52689 -15410 43616 4942 18423 -53238 58029 -1669 -57445 56593 -19736 63034 52618 -14092 -19804 13812 -5021 -7601 20326 41442
r274 -20696 1999 31818 24768 -14660 27923 17862 32530 15191 -63551 36631 19272 9073 -13611 -8290 -20563 31753 2044 -55928 -7969
r275 55952 -56216 5031 757 16394 -23325 -61548 -61934 -17727 50605 56394 -7351 8162 -8597 -8070 52761 -26889 6175 -25664 18076
r276 27551 -64707 42081 -36238 -4190 -58251 23270 -24136 -4635 48339 -57644 -39273 -61668 -9591 9622 -33541 21896 -44235 -61911 -12337
r277 -40801 5572 -7188 57167 -12704 -39606 25497 27557 28504 11954 55980 -1134 -19584 16311 18336 19648 -43459 1399 32387 -15860
r278 28034 -11868 -46264 35781 -7282 -7150 3668 15250 3525 -6607 19288 -64027 15803 42364 -3520 21826 42558 9177 -42586 59775
r279 52071 58417 48872 41623 -2511 -13435 1866 -12366 -27900 39279 -33482 -19988 -12099 -25021 52636 23003 -12767 33331 -8113 -12647
r280 -28096 -20027 -41766 -14483 56416 -14515 -49087 42188 -58296 -36265 417 15947 -23884 60103 -41625 3596 -38624 -27184 -30403 -44492
r281 33707 -27703 800 13013 42850 50866 46248 26443 37369 42511 -18245 55228 -10402 -11833 18743 -13084 20515 14036 54849 14074
r282 -49843 -34651 4841 26559 -58223 54672 -4416 18006 15906 -26304 28320 23633 49108 42139 50217 37975 -21661 -19448 36644 23761
r283 54926 55440 64540 -1851 -49108 60617 -51636 18177 50068 -4874 12993 29225 -63890 61545 -59085 -62901 -48692 22479 42625 -12180
r284 -13850 33614 5431 59182 41421 -106 49581 53121 -22925 12574 7207 46957 47668 20897 -34317 28622 60105 57077 12498 -49337
r285 50801 -25631 -45896 47080 15656 22890 -4499 44528 -35704 -29199 33387 -37376 57708 -13236 3383 7793 -53674 -14951 -44678 -3806
r286 19431 -57585 -41154 -62086 -29676 -32834 -37080 -58131 -6715 -35940 -43403 -64779 -36006 -13783 40249 -44383 13784 -10244 37670 4897
r287 -1945 -43081 -38697 3107 54287 -15218 -5711 -58710 -56444 5699 8075 -10961 -55936 16713 -26713 20212 -42349 52300 -6774 24174
r288 49479 5243 34643 21937 -36153 -9826 -44267 22532 -9049 -2271 -662 1020 10730 16123 -46617 -57840 59695 -33444 -15693 37312
r289 1348 37344 -58465 -42116 -41324 -52602 -21147 -42527 44128 -27294 -42882 23660 -60344 14634 33233 -11623 61721 -59742 44319 -24366
r290 5920 37932 56101 15032 39291 41516 44892 42356 -7116 -29438 -42042 -48454 13708 -61213 -20627 -31483 -44460 50332 -63249 -51380
r291 -5890 40285 -32741 45691 11445 -27290 56091 9561 55763 65052 -51595 51303 -14489 21750 -26056 50695 -19840 45629 -9556 -27483
r292 37616 29948 -44669 49323 -59784 16983 25739 13105 49591 43778 -62634 -13927 -64841 22170 -14093 -50764 45092 -60151 57091 -57852
r293 -31141 44251 47135 -49148 38536 62975 54188 46663 -19713 -62037 -49778 -5197 44016 44276 64951 -46654 -11303 62200 4015 43799
r294 -25043 7273 10437 -38746 -21545 -9089 37954 -36152 -50080 42659 -44520 57798 37734 -39315 36322 -18976 -22134 -20232 54200 -64203
r295 -51514 60770 -40464 26921 50810 -38233 -50956 41253 23072 55736 11250 -16154 -47865 -28212 14188 -5341 -46515 4057 51621 50556
r296 -3250 -44893 2676 -27626 58076 63414 65041 43507 -36524 27626 -15404 50497 34875 -49928 -50063 42430 -18512 18419 -23502 2254
r297 51264 47240 -34021 55744 46807 40677 28648 -34325 -11405 35227 -64164 51629 6387 -40804 -31597 -13681 -34434 26688 -16713 -33165
r298 63256 -53833 -30820 36792 -53360 41740 26134 32837 -16295 -8178 -61327 13282 -55659 8553 43666 64566 -43173 33663 9027 -17763
r299 23984 21949 16503 26308 -64531 10923 -44282 -28415 20827 55423 -26926 44412 5223 -6016 -24787 -47986 -7364 -63815 25603 15620
r300 16200 43505 35900 12511 -2806 -25393 32760 -970 -47779 10549 63620 42965 -30583 13270 -20021 -38732 4860 32062 -2421 60435
r301 -42587 38458 -9590 10979 -18690 29365 10981 14621 22221 48205 40960 16481 -9836 -54733 -11202 17016 26353 60772 -48972 26867
r302 33318 -60391 -63214 17301 31997 -47500 52942 18558 -23244 8978 -38624 -17836 -55213 1515 28936 28211 8420 18319 -35368 -53449
r303 -30309 -24402 50973 -42241 -50181 -27291 -55948 49449 48909 -33924 -18871 -59557 27132 -51161 -4295 10150 -28641 46256 58436 28221
r304 14667 -50206 27813 -33294 -39633 41850 11103 -6454 -42901 1587 45741 13803 4804 -14949 60144 43169 -17456 -62921 -62263 24845
r305 9710 -51668 3442 -51067 -20253 -16854 56368 1575 39225 -10692 34453 -44066 48362 -859 64697 24289 62663 -42737 8879 40228
r306 3149 -22393 -28003 55129 -43916 10482 -17521 3678 -20372 48534 44350 20037 -29393 2023 -32872 56493 53791 49492 -16996 41567
r307 -23094 4332 -56931 -2191 -55658 40447 -17916 -19611 -54507 13241 56868 -39191 17825 -27750 -26535 35100 64373 -31172 32471 -40510
r308 -22679 -40699 13526 55391 -20102 17024 7152 -31342 -37198 55871 -17787 51985 -60810 -31382 33531 -57765 32666 56137 40901 -54055
r309 -21197 53941 -51119 -12795 1326 1461 -41833 30349 47045 49128 -57800 34051 28021 -16819 -49112 -23781 3675 -56883 13208 -55161
r310 -11631 -24608 2909 -14305 -62095 20230 -46874 34328 14870 43519 -37885 10452 -47792 -11684 -4660 56399 63358 -23602 21684 -20669
r311 40297 22272 32261 3158 -46336 -7999 -9727 -1941 -10576 24138 50061 -53774 24660 -40745 -11803 62574 36459 48991 -58166 -49842
r312 -47889 63942 -11048 -59876 -14640 44443 53811 -22855 28550 65023 56007 41648 2855 60594 -42529 50825 -31205 37497 -37029 23584
r313 44569 739 -14006 60940 14022 19390 50284 53374 20595 35406 -59511 -103 50796 326 19735 28313 -48922 -4909 60434 -57755
r314 49109 -35103 41942 46527 -61298 -32427 -19516 -16998 21110 44969 55767 6625 36367 56026 -43614 18680 65406 -50757 -21663 6240
r315 34061 -37502 -30186 18935 40937 9583 -6748 -51870 12807 28073 14159 -529 55593 34211 -31283 -63524 -22088 -58792 -30718 10568
r316 -57160 -3010 -64019 6698 -54230 -17060 -54012 -12043 -62402 -61405 52716 -10545 -60828 -44053 36017 -64024 -52735 63928 -22488 46987
r317 -62401 3400 -11412 -40457 48032 -55697 20149 -31925 -20301 -26078 -41032 -12946 -30233 -50510 -61776 -27760 -27901 33120 -11186 -64942
r318 60211 -6133 -49142 -37578 -56172 -60821 47567 22545 25516 -23221 -24618 39640 -63826 48115 61319 40431 -58105 29285 12001 -22535
r319 47563 23890 25771 16149 -62791 -62530 5635 -22656 -52924 -29452 -40338 -31346 19127 -33187 30660 -20201 56549 -55581 -50469 -55292
r320 17652 -10109 14583 -9313 13904 -15261 48331 26897 43203 4605 25701 -64736 -52150 31157 63757 -55889 -28449 -28753 -56468 -12752
r321 32153 -60991 -49142 49310 -16673 24257 -28323 -32419 23577 -41159 -53305 63930 33975 20819 -36426 -62331 30879 -18865 65159 -36078
r322 -407 -21281 63711 49362 -62816 -10272 56169 -2499 63994 -9163 -14596 24502 9859 -25730 -26338 -9529 36736 -56277 41239 -841
r323 63615 23634 25165 16657 12889 64326 -30642 59761 8852 56124 -19423 36972 -2270 -15096 -52778 41046 26707 24039 -65070 2695
r324 -3350 36554 33843 -28850 17108 -15842 59208 -45868 -58396 49225 52781 -59255 -37039 -50874 12163 -14447 -54167 -62768 13263 21334
r325 -7905 65101 -64747 -33214 57278 -8601 -22597 23703 49922 20709 -48880 31488 44027 -42356 -13443 62006 -46791 -50199 41297 -60775
r326 -37128 26093 -50354 20571 -59461 -10869 -35015 -1303 -56174 5492 56780 1647 10121 27121 35077 37451 -47095 33410 58920 53215
r327 36551 39690 27989 26584 35541 54508 -32584 14087 9635 -59195 64165 -16122 -64912 8715 444 60718 36927 -43437 18377 25609
r328 60590 -58163 61843 25908 -48907 -53622 28939 27210 -4694 -14053 4090 45530 -14648 -18635 52134 -59459 -62518 -61673 -5671 -47768
r329 -336 19718 -59512 -15205 40053 -10060 13493 -32607 22127 3971 17088 -41350 -24799 -46906 46620 38953 -24426 -4731 -6896 -49602
r330 9451 -45458 57721 16072 -17995 6406 6212 -31889 11461 -47547 20445 2963 -58934 44128 -30331 33270 -33590 55514 20002 55971
r331 60990 -33955 -29111 24302 18475 -18955 -41878 -19599 25671 -55907 57834 -39058 -22597 -18635 -37947 -37769 62182 -48462 -6883 54761
r332 46884 32549 49205 1831 41864 45051 3286 13735 58845 -16888 1591 -8704 15388 -17110 41598 38149 36592 10785 -9610 -34148
r333 34230 48613 2606 -36639 64324 46151 -38608 51742 -48585 -24433 -16731 30154 25748 14988 28948 40219 -41406 57217 -45578 22242
r334 -56927 -58082 58444 -51861 -36628 -9897 36169 -58771 -28834 11454 43939 -11340 37065 -769 13938 -60420 10993 -33973 11314 7560
r335 32847 -12293 -51086 -35937 -56986 -38338 -20937 36313 26273 43351 -10158 -33996 -29516 13232 55477 -13936 -34576 31617 39808 -15735
r336 -49331 44166 14232 -36513 -9433 17405 51942 -35669 -13652 5770 -29499 27883 -353 28410 -45897 -24590 -52636 -10101 2492 -25386
r337 -54973 -32537 -60219 -64130 25967 53848 11500 21195 55544 -20264 38238 63336 -24270 -60287 -8722 -63493 -36543 -53060 4517 62699
r338 -10432 11110 -37903 -48772 52919 8443 65438 -23176 62308 60195 -23212 51134 -6854 -32769 35610 -36814 59002 -5527 21467 18566
r339 -15074 8236 51146 -32668 -30913 -54498 19571 -5088 -60762 23201 -44694 -12005 37864 -87 -41600 11481 3642 28968 58154 37401
r340 -23086 -17343 41134 -27008 29844 -2251 36252 -30942 -28498 37895 33799 4010 -26726 56998 -59828 -21450 20451 -37724 -41627 35265
r341 -45748 3540 -11065 472 -17612 10435 -19085 -58879 -39714 22820 -39793 -48219 26982 -55470 -4174 -17843 49006 24751 -42507 -34420
r342 13675 18706 59296 -24934 -51268 63052 27372 63133 -400 61799 59308 -29538 -6625 51665 59648 -54009 -30562 -4012 64961 -56236
r343 49550 -44555 -47898 -4534 35748 -39449 5521 17560 24524 -43248 44587 -30195 -29713 -48431 -63682 11431 61564 61372 38004 -55529
r344 -60957 -45840 21090 -64682 -25393 -33608 58725 -24925 1674 -29394 -17706 -38716 -8904 -63527 -56884 -56416 -6588 -58536 49302 -34669
r345 -50155 5365 2720 -32120 -30557 39501 17530 56463 43226 -2627 -43354 61490 -25425 -3518 -44768 -26948 -31468 36538 -43752 -23927
r346 -6972 15389 58354 52543 -21802 -6813 -445 -28622 -20336 64346 38907 56797 65226 -45081 -62390 64759 -50111 -39024 26127 39506
r347 -51002 -19325 -35837 26360 -5716 63520 26676 -20139 2934 -33616 5131 -33512 10385 33786 -50656 33008 43662 56055 34937 58299
r348 55133 61420 46906 2104 11708 6217 -49807 -57231 11930 54182 -6995 3890 6610 24067 23933 -23858 30588 45917 64584 -37940
r349 64165 31824 -40939 -61712 10104 34737 -51708 63028 48458 62725 4954 -25718 -46193 -46816 23543 50793 7163 -14477 -42379 23300
r350 14801 44182 7986 9034 61641 25582 -57497 10438 37261 -1114 -29312 -33093 12434 30409 -14450 11100 3669 57174 -57770 -43541
r351 13994 -61867 41821 -28672 16175 430 -40368 64943 -9520 33469 -11552 65123 50383 -9417 -9668 21291 16167 29392 11929 40165
r352 -63078 -28548 21472 -14509 37649 -4663 17491 -26269 56681 -37031 -20577 -58119 42144 -45539 -47724 -25205 -14816 -31584 -4975 -999
r353 -13144 1576 -53118 -56076 24777 -32977 17037 -61215 61861 35251 -32586 109 -44050 -53491 -40761 19984 -57439 35888 39932 -13527
r354 20784 -63647 -3338 -12164 -32190 17956 -13056 -65033 -10863 -26519 5808 -19008 64070 10655 18744 -25737 14557 50455 49429 -148
r355 52451 24372 15855 2428 38968 26841 -9696 43730 -29956 -50324 -30273 58718 -53317 19120 -38867 -32569 -16505 63180 -44013 64834
r356 13796 -29532 -62971 52729 -56436 38492 -20916 -15811 -18790 -59999 21084 8107 -53040 10091 -15304 34346 22738 42279 19789 6566
r357 31158 27677 38125 -65498 -52621 60182 -3623 -12550 43437 51310 48253 -53811 27889 12215 -31430 -65023 -58309 -4399 -41093 11125
r358 -61409 41023 -61003 11406 54898 -57445 -64445 -43446 50049 -53290 61047 45802 3502 -53060 53022 10856 -15537 -55423 60000 55449
r359 -9019 38455 8623 3476 -5753 62112 -17554 34933 -27976 58351 -20182 -9061 -21759 17423 -57835 -42 1717 -8794 64129 -48626
r360 -33897 -65205 -12090 57197 -54482 -18303 -9815 53053 -33623 35619 -43255 -28560 -50980 -218 -49523 25744 -7388 -22662 -31250 -30157
r361 -7377 13936 6357 37834 38771 -10348 65078 -33577 52584 11884 32645 28868 -14958 -41234 -4958 34824 -46332 14990 56265 19963
r362 -58430 -44199 -14239 -7151 49050 -14153 -47540 -7973 52181 -15023 17351 50696 -54264 35528 -64898 41839 -35799 -56096 60093 60037
r363 -31525 -82 -30186 21678 36544 21881 32492 29551 -26446 -3815 60399 59465 -3784 37735 -37465 -4780 -8156 -33584 29710 -24367
r364 -19565 -47399 1333 56208 -50557 -41729 50733 38715 48001 63273 -27050 -8927 15958 -1803 34515 -33563 -7562 10411 -14589 51836
r365 18758 26198 1994 -11313 29873 -38386 -31151 58839 -56826 -6606 59857 53045 -53316 17592 35024 47891 51441 8590 -578 21844
r366 -53289 -29999 -39890 -27302 -54048 27302 25334 20724 -7350 55804 58680 5703 17874 -4677 15261 -65295 7675 18382 62039 -61595
r367 -59910 23921 22373 49113 58726 42104 -5999 -18306 -25219 -39532 12915 -45049 56449 5139 -4934 -52924 20655 -62352 -34912 -65340
r368 -49141 -51605 52076 63707 -39804 44551 15098 -64072 -41201 37277 25718 58662 4171 -55601 12172 58110 57771 49061 8720 -57026
r369 -41050 -56080 16359 -23657 53951 -57976 -54416 24132 -52122 -46087 -60706 -58069 54585 -4171 19056 31709 37102 -11805 8218 -11835
r370 63328 31644 13614 22510 24791 22651 30497 16586 43117 23400 61477 -22743 -12693 -43517 -8843 -64319 63587 -45804 62031 -3959
r371 56371 16634 -13136 41007 44906 -4548 7177 14782 -31913 -49587 -33288 63323 -22260 57639 -44750 -10164 63913 -757 -35352 -13262
r372 -51096 -43294 29085 -56345 -51494 -32994 -1831 16394 54636 29177 -23548 -29545 50916 -36875 9271 -39547 -37661 -27160 9938 21027
r373 20883 -9458 -5176 14129 17998 12967 5851 -29224 -13389 -40624 58033 -36989 55138 -16802 16351 -25846 -20013 55633 12292 -53553
r374 -37390 764 -63644 36133 -42811 16544 34478 2293 -1138 47027 -40212 -46799 -62791 -9937 21724 -19435 -21218 -15017 53849 50936
r375 4871 -7455 54761 -24784 40670 13768 56308 3407 5657 39085 23077 14916 -40521 -57807 49865 6535 -18022 26767 -37317 -51909
r376 55057 61030 16574 -37355 52252 -59446 45994 56914 52254 31347 48507 565 -41301 47297 24871 -44157 6345 27591 -45996 26951
r377 28179 12474 -48107 -19611 48949 -35272 -43624 -22468 37896 -21960 -43825 -44685 15122 7790 57959 -12937 287 -45541 -34151 -21218
r378 -22341 47984 28467 13351 -26096 -922 -36137 -64675 -49116 -23355 -2150 -25702 -53180 60235 -40766 7836 -28895 -52931 65077 62195
r379 -29733 41967 36387 59884 50043 64622 -52833 -57304 23663 -62441 44215 45892 -630 31787 -50062 46652 59177 50837 -24600 52417
r380 -31183 20023 56990 44903 39072 42388 -19724 45754 36897 -43761 14438 3093 -30445 7844 2645 55309 -47978 52313 18525 20508
r381 25330 56093 -17627 43190 -5401 16403 9152 46552 -60713 55109 34970 39664 21924 -10156 423 -65519 -63858 -11213 -3129 -59530
r382 54740 -9020 -34933 47684 41754 -50218 -65049 1140 -21720 -45112 49584 -24992 -2659 -58866 -10864 -1870 36500 -52675 -43065 46322
r383 -17215 11047 8339 -44400 -41084 42301 35982 59288 38333 -23005 -53033 -36051 -43966 -55766 -29538 -46919 -10851 -39136 -8054 50064
r384 35113 -2353 32545 -47304 26842 52244 56789 -22703 -35280 30658 -44679 62832 22072 24586 58201 -64892 5944 -13697 -30862 -41517
r385 -52690 -17467 19347 -11612 15983 -11582 44537 -12509 24172 53074 43100 18033 54151 61282 37943 -289 62718 -3651 -1947 -37658
r386 2770 55164 57762 10884 -11704 -12113 29088 33751 31815 141 -29879 -15545 -48364 11835 48321 41448 54625 17012 17887 39997
r387 42878 57506 6409 -45480 51436 -18108 -3422 -17141 -59658 48154 46243 -27342 -10647 50520 30677 27372 -25826 -62442 26953 27379
r388 15118 -14032 33274 5344 9032 47374 -40237 -138 -10331 2310 13509 247 -62106 19010 30457 3423 64298 -35946 11909 64036
r389 -56799 -17173 36661 42819 -44999 63096 -25480 10424 55206 16107 -32927 -58594 2467 -24886 21822 -35910 37576 -23403 -1785 -51830
r390 -41678 9582 -38894 9273 8359 -1993 45170 65026 -8394 34441 -12064 1446 -45226 59903 62274 2098 6468 -315 -7555 47614
r391 27497 20997 -16503 -39628 32181 -21920 -52362 -22106 47092 -25484 -43296 -1273 -35350 -48718 60516 43250 26083 33020 33226 57151
r392 -2604 -50921 11590 -44801 1477 -19738 6636 -7869 -50944 -37698 -9931 33353 -23345 62288 6091 -1736 50993 4921 -24297 -19207
r393 1180 50773 5302 -65429 37532 -10632 -53310 -42561 47977 36719 8959 18246 64055 39007 28217 7442 -7456 -30697 40157 58624
r394 -19778 -10675 -64193 25219 -36008 -20051 37435 -57684 33589 -41469 -21363 -38016 -33431 45579 -64479 3782 -51429 -61494 -65497 54943
r395 22353 -63401 -20375 10655 -15750 30407 42491 12271 -63188 -51817 -644 -6816 -2411 -45205 32860 23772 -61691 -61461 57639 33175
r396 26197 -31140 -21346 47491 -50571 -51510 62956 10737 62265 54339 -18766 2320 2874 31743 42034 56454 -22877 17885 48468 -6163
r397 -48976 -38999 -18553 -63698 62236 -37654 -2420 27328 1512 -58331 -5035 18017 47003 -57173 35728 16553 39313 17588 -27560 -56214
r398 -60837 3254 13033 27577 -36361 -62627 -11070 -22826 6182 -32845 -10762 9710 -707 11942 -4406 -3070 1269 -45708 -8680 -59221
r399 21125 45715 -5423 -2813 44556 -14680 63040 24760 -8488 60150 -21474 -11839 35348 60905 30418 -48826 1999 27518 14445 65194
r400 -15204 22279 -17606 17834 -45047 1513 -11288 58884 36051 -49935 -11558 -27928 -64419 -15804 11927 -62357 -12129 -50414 34574 21201
r401 43629 36218 15552 46922 -55161 -41170 12226 36832 32077 -13888 55250 -63655 55553 52799 -42570 -51860 -40829 43731 -29890 -15134
r402 47976 1321 -62581 55836 34630 60985 9277 -2766 41623 -9743 10882 -18915 -4912 50893 -42367 -2677 32820 -6468 -62554 20874
r403 26505 27788 49527 -26693 9319 64433 -30860 28320 -34286 11499 21731 52813 -58244 -62175 58823 -43970 34426 42014 -60358 -56160
r404 33736 -25899 -24090 -26180 -3388 -53107 -41627 -8108 28033 26756 398 -35043 57004 -19049 -59987 -30444 64164 25212 -13572 24100
r405 28789 -58617 -40836 54286 -46320 61218 -54308 -41026 -10203 58687 -3095 23320 -45036 21250 28039 -15416 -2517 -34736 63564 -16669
r406 -5033 -51721 -1120 6911 29274 4920 52027 391 -54284 9895 38042 10797 7816 17289 -50040 -34083 -57195 48557 2095 39611
r407 48668 60255 -46033 -6529 36845 52785 -54752 5995 -22194 8176 17417 -5448 11141 -51536 -43223 -8857 -21977 21961 -25174 -61325
r408 33610 -59363 -29879 11929 -8245 -27831 3796 2172 11323 3742 49939 10359 38929 57978 -38781 -3440 15387 2987 -27091 43632
r409 -40534 -14272 -32471 -63391 15901 -17541 37673 45784 5179 64254 23315 3030 -8738 -56737 64729 58306 9980 -14036 -18345 -42234
r410 48381 59568 -14206 -54641 -24572 -50480 27904 -54272 64734 -45656 -42659 27204 21363 -40270 -52530 847 35911 -61055 32370 12184
r411 -7243 19290 22490 -30452 33942 31333 -21024 4768 56282 31791 39907 26281 13362 -32461 38874 -43830 47072 -53214 37065 -61093
r412 -15194 -36696 -32835 20757 -38279 51148 63439 -4434 31296 30905 -53818 47887 -8754 -32003 -14505 -57127 -28424 14905 61578 -43454
r413 14687 34934 24920 50722 36347 28239 -62583 -30016 -42221 -47307 35774 42345 -64372 27628 44128 13398 4391 -157 -8069 16691
r414 59447 61992 -6205 -41892 5769 40462 45108 3509 60702 39274 -17899 -6010 39239 -58245 43933 -11277 35267 14765 -60827 45896
r415 -61046 -44545 40021 -36411 50992 11052 -53274 -1714 -60902 30697 23545 -32462 -45779 -50526 18496 -32908 -3279 20136 59159 20432
r416 -15309 63111 12328 64602 20638 -29130 -16820 41837 -65523 -54640 41887 37262 3359 53595 -36449 -62912 21378 -2703 -12236 -59779
r417 45971 -61610 21845 5812 -24689 64995 -35627 29619 -10600 5347 -48596 -23954 -51739 11003 16698 -48497 -53679 5387 15441 -16796
r418 -49301 -53112 60715 -13795 19765 24809 31820 -6019 -26180 8985 7286 -48090 -4118 -62813 -47271 44636 -26479 -44515 -18782 -54869
r419 2153 53856 28680 -57586 42726 -19018 -54581 5766 -10337 -43639 -35364 45596 65083 525 48909 3345 -53376 -865 -60104 48796
r420 28220 45040 -31381 47053 -7246 21328 33791 -61632 -55456 -40896 36961 51174 64345 52496 8053 34221 61581 65292 55597 17821
r421 -27088 47859 -26021 -56122 13856 -60801 -60088 13188 -43404 -36644 50270 11290 -45533 -57857 26597 -4797 17025 -29493 10840 62207
r422 -64685 44995 -57046 33884 43710 -39715 -755 42225 37046 -31055 -64494 -956 -14915 -49853 -43578 -38094 -48344 -60580 -19379 -41873
r423 58320 10347 33399 -27847 -7576 -42719 -41193 3285 -22061 -43634 29648 -52936 -23376 -60422 37631 54743 18223 11285 -14612 -59003
r424 -25215 26306 12327 -34735 42382 -30874 49791 -52293 45056 44602 -63741 56578 45734 59591 -47687 -60681 55553 31854 21927 16019
r425 26106 -26509 568 -328 62172 59152 64431 -43382 44221 -9429 20994 23657 -57320 -63281 -3600 -37916 32550 17712 -17099 -18069
r426 -47418 58657 -1618 52700 -32959 35140 3932 -3295 12578 -23888 52544 17470 21792 -50058 42199 -62752 -38740 -47055 -43448 -50757
r427 -59868 -17067 -30171 16855 -54106 -18130 51685 62966 18271 -60 -9590 -19544 9257 22930 -62264 53141 -18263 56430 55360 47547
r428 -47858 12182 24286 37599 44075 -45232 -60197 36460 6046 -30897 -22383 62650 25235 6475 1386 46551 23718 -3804 5794 47453
r429 301 -14645 -45031 840 -53753 61052 -38171 21463 -10074 -2032 7058 16380 31678 38499 -34871 42943 20401 35782 -22079 39763
r430 5652 -18779 -57896 -15102 -27834 -37510 27693 -38444 -16819 -36998 -2909 -44714 -19863 19413 -40900 64664 9982 25531 49853 -2789
r431 35349 20782 18963 -13692 -65454 62349 59088 -11254 -51139 -40578 45929 16271 14497 7020 30302 16926 24527 -38047 40704 16267
r432 -51040 -29176 56746 -49521 42366 8750 -34655 18022 -14544 -31449 -44178 -50896 17174 -10893 21817 48824 -15811 -52418 25725 39160
r433 -24910 21973 -33817 -22828 -33109 8358 38925 -13092 6387 -40354 -5675 15870 -29950 56885 35373 58522 -16251 57244 -4716 -51701
r434 -35184 -27549 -62249 -46737 59891 -48354 -40933 65466 15082 -13534 -55711 48135 61192 -17809 -28768 64840 40244 12317 -59850 -18871
r435 -39192 -44315 383 27265 23787 29478 -14317 43925 61234 23662 -15838 -2048 -16507 -21854 6513 -1168 47618 -63136 -18702 51663
r436 13162 58034 13391 -9750 33086 46410 60526 13914 -51287 14878 53842 42543 -52023 38800 -2381 31525 -40460 40825 -18479 -1163
r437 -42084 -18724 41952 61784 62846 -43815 17657 41207 20386 -40949 -34587 55484 -58093 39117 47951 -49424 -62967 -41957 -48691 -21719
r438 5106 -28133 -44840 -57907 -53387 18237 -50071 -27169 5048 47579 37062 45038 -27845 33269 15544 -32694 62775 432 -45614 30744
r439 -1750 30316 13738 -29466 13764 -39727 -16556 41954 49178 54356 -32128 24148 -38488 -35653 -46850 414 -3678 -44129 -2035 17630
r440 18319 38047 -39516 -21266 -32053 55820 62702 -20493 -15721 -20786 21493 -25344 -33032 22075 -63513 31130 5235 5345 59709 43085
r441 13042 22040 -9158 -61616 43300 35733 62601 804 56233 -42668 -7793 22433 -33486 58982 49217 -18941 25258 60716 25246 -29139
r442 12795 4127 22336 57412 -20467 40829 13820 28826 -36687 17921 56072 46410 12912 -57449 -58813 -15922 6674 -31436 -38603 41763
r443 -2047 3806 45512 -5945 -50144 63861 55162 -7198 -46078 14918 11092 15783 42586 33994 15344 8019 35129 16647 35413 -21455
r444 -31940 54729 27331 3715 -10791 26769 29937 -59187 -54380 -57920 48936 -50190 -12919 -12960 -54652 -20079 -8793 -56569 22574 54951
r445 2436 13436 17945 -7503 19502 -10988 -45910 -17656 -16219 63534 13047 -52031 -47638 15644 53555 33079 47644 -56512 -46134 -4193
r446 10683 12957 -55054 -24563 58501 48785 49392 3763 -24152 -25101 1218 24347 3479 27376 44188 -35007 59198 -15591 27644 48100
r447 -25798 -58113 -64408 -35840 36685 30003 -37730 -21545 21493 -58100 -21078 4879 -48677 5301 31714 39446 -25774 62600 -42776 46612
r448 -58695 57864 -9164 7383 -42587 59109 -27918 62283 -26686 -44577 22159 42070 15454 8182 -44582 -11114 9034 22211 20105 13359
r449 40122 57412 38916 57752 -7651 23757 -57112 14934 -29091 -42160 -18823 -53721 -40120 -19392 35551 -36087 -1006 62262 64753 56544
r450 16928 42978 60487 -30104 37227 -49328 9573 48552 -42504 -25873 -23030 5810 28325 24027 -23054 47140 -41904 -36577 28894 -677
r451 -20118 48722 -46188 9277 47219 37709 -62569 -20074 -20215 -43747 23374 14299 64098 6174 56317 -31544 40757 35356 24978 -40522
r452 49817 -32926 51467 35436 56104 37998 -50879 -21929 5359 -44972 39264 7371 -32510 39287 7209 -42968 -11328 -20860 19728 -21346
r453 33106 -35656 13910 8533 -33597 -34351 28591 2148 60590 -56254 37875 64586 567 -5724 46115 28425 -4111 -9586 39452 38625
r454 19170 36896 63440 27952 47099 -53864 -42415 -6257 40540 -2289 4810 33515 -18177 -40609 -45264 55876 -39829 39815 -35246 -35968
r455 12590 33347 -5180 -49703 -20315 -41484 37055 -44412 54629 14699 -15179 31251 -45954 2099 37866 18936 59352 -4363 -163 31115
r456 -49675 -54443 29001 -49420 -61795 -56717 -36674 26865 -30400 -24998 -34419 -32390 -41682 -32137 5203 56327 -2645 -51416 16644 5618
r457 56035 17746 19039 54023 -24459 63552 -39235 -25238 -60814 50043 12436 41489 -23607 -64908 25702 48307 -60104 46849 -25726 54293
r458 15406 -38343 -5077 28500 -13163 -9866 49299 -60973 -10259 54973 2871 59358 44776 35204 -57586 62626 18541 -65461 953 -3982
r459 19435 -34577 -6396 36064 4312 -56742 58178 -61019 -43660 -9613 -49864 7746 58781 -8696 -60858 44540 -59323 30241 25286 7263
r460 51260 -25874 38031 19439 57935 -11994 26473 -22815 -51168 -64523 -19641 -44008 3249 -44407 -52443 51074 44171 35241 51802 12002
r461 -59495 57563 8051 51416 -44505 -3433 -3380 -30684 59943 30149 4199 -53008 -38662 -15988 10749 5517 -37353 42774 64323 63370
r462 54779 -23997 -48748 -42304 -33783 7523 58821 -50226 37781 18857 -56285 -31126 11271 45151 37227 -45462 41538 -29529 -20442 -41293
r463 -2716 -59815 33898 -58762 -61741 65051 23029 20417 -59709 56065 12787 14424 40148 64503 50610 -8037 39882 -37303 -53664 62103
r464 28846 38743 1706 15948 48169 -12556 57129 3683 7022 33624 -62359 52693 59859 -3345 -30129 -17793 61058 -2896 -56228 56024
r465 34997 15610 -3217 53969 61712 -60172 -64325 -8533 -8108 37418 39644 24842 1592 3278 -18176 -63467 18141 13455 42302 -33548
r466 -7192 -17044 35411 27635 48049 -62077 -8897 1740 -901 -14602 -62051 24594 -54554 59934 -63329 44933 21615 -54284 -62944 -60948
r467 59023 -11815 -34099 -39764 -12138 -36332 -39509 -12661 51758 3868 58238 33585 -24037 29395 -113 36846 -31774 -4978 10506 -40252
r468 36052 -1864 57822 -6604 7303 62725 53614 28595 -17532 -32450 38263 3491 -62548 17428 59042 -27810 2866 -57249 -57136 -42259
r469 -32073 40752 -5253 14307 -51030 38095 -48954 -46496 -22419 9307 -50276 -6548 40066 -63864 -53503 31717 51459 -36192 20603 -55098
r470 18868 -46746 35723 11090 -38685 31517 40812 13162 -57354 10672 -34828 51055 -51264 2688 -26436 33160 46738 20576 -56870 -20521
r471 -32948 41946 -1008 -37057 -36872 -10561 2654 -16995 -56772 53968 -51847 -62151 48757 57193 -31278 52152 5921 -23527 -59378 55392
r472 -3917 -54759 -63019 -27217 25038 21797 -14898 -43122 14465 7951 25640 18080 -58927 -29705 33313 21502 9003 -24573 58751 -32300
r473 29655 -39408 -57351 56438 34814 -59351 34773 -48957 28233 -26072 9318 13752 -2788 -26736 -32830 -7726 23344 24181 23075 -28068
r474 39871 65145 -63876 -33074 619 -35059 -8133 -49226 -8743 60029 1149 2593 -34279 -48829 1507 -33206 -32485 -4495 3684 11280
r475 -12230 59081 -35920 17332 -54008 -55009 -58394 -16302 -45054 -32706 26080 -18026 31912 -27611 -28887 -1003 -34297 -2503 -19444 -56100
r476 34426 13059 -12208 896 -58042 -33179 -35269 -7789 -54037 -24701 -32449 57514 45042 55789 41483 39430 64326 39418 -31978 6702
r477 18796 -60793 -2552 34145 4082 57286 -28918 -12007 -43195 21482 53745 29898 -40020 25648 25497 -29069 -11255 -17341 52224 -48317
r478 -18733 -52420 -10660 -63310 56802 -19471 -63091 -43736 -60829 -40958 57957 8993 20691 -12206 -11146 -52882 -56855 -591 -37481 -53495
r479 15873 4678 -51593 -14891 -39008 38466 -55401 7626 48744 -28755 13932 4822 27503 -46743 19238 42068 19709 53531 16445 -64255
r480 -43651 -1782 -58896 -48268 33763 57270 43918 -37958 18203 -26936 41066 36755 27601 -19082 54507 -50616 -59263 16201 64719 6244
r481 49955 -64721 30436 -37141 38465 25109 19641 -35316 -62332 18328 -5531 -42905 55748 -26894 -50769 -9065 -51371 39796 19083 -43793
r482 24969 -33922 -42262 35767 -53926 10303 -10494 -53321 61296 -28003 -41678 -42232 -3420 -65099 -14407 -36078 -56149 60562 51127 2420
r483 54366 63768 65009 44438 -14190 -17430 18980 22493 20445 2453 -6449 -47818 -54075 -55685 21106 -35960 -52285 -22956 45909 21896
r484 -3741 -18193 -37694 -32873 33793 -45318 34085 -20106 -3436 37451 61665 -65288 -64 17845 35788 2835 64755 56909 -48891 -48289
r485 43824 59023 43415 61174 21073 -2645 -53716 36888 32576 -11255 27773 49020 -64789 -57013 -45822 -61987 -654 1750 -48306 -58607
r486 -13731 -50089 -5232 -234 -23704 -57770 8938 -50290 38930 -51452 -7764 -29482 -50288 -37399 -7486 -21078 -31756 -12170 15547 -14456
r487 -18030 59367 22724 -37973 55541 -27791 49920 -37557 -29098 22872 30929 -15004 -42039 18769 -19049 22682 -15044 -50957 60401 -24042
r488 41410 24820 30171 -23194 65374 -10202 -4648 -62593 -59576 41194 -17005 46531 -59839 23256 -4353 -63805 -1716 -43734 35242 19615
r489 19999 -54826 -4101 58119 -49785 62397 -9060 -18117 34010 -60974 9423 60716 6862 35236 -33723 61261 715 -4369 -58987 -25944
r490 62031 -13653 27371 -23882 64758 27316 24009 42880 -52748 44222 -11559 24080 19275 45435 -32909 -38058 9540 -1346 55537 37316
r491 52871 18605 -48102 26248 61602 -21634 -53703 -2152 -22637 28212 -27962 22411 -45333 -11001 19288 -54662 6209 19012 -54488 9251
r492 -56006 -26767 -51864 -54455 17659 -23176 37845 -9230 17292 46041 2776 59151 1774 56533 39753 -53939 -10933 -24697 15046 3220
r493 -37081 53918 -157 46910 62858 52314 58950 16054 38558 161 61845 57567 -64775 -47042 -38426 -489 -52589 12095 49585 32381
r494 63243 4263 -3776 -57345 -1624 62723 -42451 710 -9890 -24465 58906 6260 -65133 -10258 9513 -12057 8696 -34962 -58814 44224
r495 -2213 23063 -58457 43579 -10846 -19345 11622 -57818 65444 -50125 63588 26574 -10607 -15644 -6345 -48081 49896 42508 -50812 63901
r496 11868 17018 -25778 2616 -341 -33282 -29495 -499 33956 58493 -51761 28661 -39765 38829 -53016 36066 18606 35262 -28124 -53219
r497 5445 -7827 -42018 34685 -33908 1713 218 4172 -9702 -43542 -57641 -3870 19144 56764 56798 22799 -40030 -43459 -52508 -33097
r498 22140 8694 29200 10091 -27018 -35466 -29861 52201 39120 17156 -37909 -64184 -31871 -52803 6289 -41585 -48097 -16272 -65311 -65407
r499 58541 15962 -53927 -43263 -49445 8102 -27287 61013 12664 -40427 26948 33572 45514 14447 43800 647 -50266 -15588 51438 35683
