mTable34 21
KEY  c0 c1 c2 c3 c4 c5 c6 c7 c8 c9 c10 c11 c12 c13 c14 c15 c16 c17 c18 c19
r0 -51819 -45360 -24096 56274 55477 19984 -64637 654 -64547 23120 20568 -27748 50028 64404 17710 43148 26820 39862 -22023 36621
r1 -23997 16331 22962 -18127 4355 -39674 -30008 1003 -10035 26782 49668 -14955 64139 31366 -45345 -31788 -16475 -13830 -12229 54092
r2 50961 50539 8189 27025 -29855 45786 -28310 -742 36631 47068 -58482 62127 24656 -51125 -44638 34315 7467 62874 19884 24835
r3 51287 -32236 -59407 -20584 1131 29461 58491 -37506 -36515 13465 -57386 65482 -17117 -9703 -16861 3313 -21736 -33885 25183 -60944
r4 -43783 52499 -29862 48846 47956 37363 9710 34513 -64353 -40775 313 -7312 24568 -34085 18154 23056 42419 -13655 -62161 39121
r5 18621 45266 44811 -55111 39161 -20654 3917 -28174 -34898 -38875 15627 63876 -20644 11765 -44740 64438 6689 -54402 20239 -19399
r6 29602 -18059 -8756 -41434 -4301 55132 58604 54921 12734 13346 -25667 -47090 -29211 -9727 9404 -1848 36359 -52968 -42968 -49489
r7 11326 -14991 -21158 -29753 -50689 -15753 54602 -22474 28800 37474 -56592 -30089 -29400 6361 7033 -13253 20773 61165 21924 -29082
r8 -19382 -50072 -18707 22446 -16303 -5608 49745 63376 704 15441 -14996 -47781 -20145 -14590 -18352 -52942 14288 22115 -56082 49405
r9 22686 58453 18923 18669 52659 26600 -4474 -19928 -60114 -44619 30107 -6708 9404 -54616 -57367 18179 17289 61814 27726 -39227
r10 -43069 10796 -6808 -62605 19789 30275 -50531 7981 -52067 -47923 -8531 -47322 -24988 -57877 51883 -34354 -53033 -42941 16192 -13120
r11 -51842 26906 48491 4245 51643 -15168 -15853 29069 13757 -9779 41597 -12653 61418 64981 54505 -8287 13647 51815 -96 -42816
r12 -40388 -54245 -36401 -55979 -64100 45375 -49049 58449 -11229 53209 37596 -13308 -52183 -20441 43661 21592 22180 1429 -39124 61207
r13 -34090 33362 7203 46330 65153 16568 -20743 37 21553 -40944 -3225 -25387 16683 33760 38374 1304 -17181 34637 -52617 53975
r14 48975 38034 -56244 29628 -40785 -62319 -14241 49424 3337 -31918 25363 30744 48127 -28857 -10286 -2548 61765 19553 5038 -44623
r15 -61603 10781 17778 59779 -65485 17704 12389 -39133 -39612 40563 -31451 -37601 10988 -6361 -50802 55203 48187 38783 -46769 -37054
r16 -63394 19349 -41784 24503 -20305 52583 -55924 57459 -36940 -62501 -27640 25286 -3860 -37151 -43057 -53470 -33 -53980 -51730 17609
r17 -43838 30270 40163 -63954 52501 54986 -51271 -41848 -10128 -43466 -22506 -53534 26018 -16713 9570 56762 7563 31308 42449 41316
r18 -24035 -52605 -7249 -22494 -32650 23861 -52449 -30693 42231 -432 29736 -2963 -6403 10612 37959 -34086 -10965 -19296 25147 -38164
r19 58233 444 -42655 22013 -40417 -44365 -26695 36448 8715 -38212 37812 31809 -10296 18770 21808 -18124 21038 63677 -42364 3098
r20 -6057 -18757 6400 -65238 -48489 15015 65451 -184 6144 35921 -1729 21804 49638 -36643 -16162 -32232 31637 22394 -61363 -2706
r21 -7534 -58608 -9982 40555 23761 34501 38896 -18699 5955 36162 20692 51346 8480 -37912 28240 -55258 -843 15346 -37697 -35700
r22 -14996 -16503 -5166 57967 13101 -11431 32789 57116 -11545 -8231 -51237 -4764 6576 -20437 52836 -53938 -14773 26509 -49202 30426
r23 26272 -22520 -59481 -47524 -50398 14158 35708 -31881 38164 58411 52100 -14667 51152 -39880 -10800 -36909 -27174 -49620 -49068 26780
r24 -57003 -8245 25698 -9350 -64629 54722 -33393 -65161 15971 -64333 -23329 -18689 36911 -32685 25702 58418 22397 -8969 24999 -4049
r25 -33707 3574 -16574 -1830 61598 -13394 -47660 -39237 8793 40306 16275 -5728 -4937 52750 26187 46774 -44807 62601 -12023 -39719
r26 -10360 -21933 -7459 -43154 -60694 -18288 -36732 45717 -16352 20220 -50606 -32601 25614 43954 52268 3448 -50075 -37600 55360 -20935
r27 58509 -37438 19052 17265 29183 26865 -22831 -21111 -3486 24602 -4413 47074 -27421 41156 33140 -57351 -62705 -25724 35597 41119
r28 40957 9874 58531 -6101 45916 21630 -12431 -14949 27290 -47177 -15142 53637 -49418 -48211 33699 65014 -63214 -54473 -3630 -43363
r29 16311 63716 -44699 -15686 -12526 -39662 53885 61626 6190 -15183 59234 35216 55836 9246 -31875 56573 -61848 -11633 -17206 -61762
r30 -64909 1092 -44706 -17558 24034 54504 33610 51685 57499 38603 -53168 -41848 -62611 39203 51226 59487 65070 43023 -13557 -13567
r31 45234 4677 -42411 7074 -8831 15902 14359 -11046 -65247 -53550 -49680 -3620 36462 55918 58276 -19616 43512 40681 51296 -53971
r32 64260 -37664 27800 53119 -20923 16025 43834 57190 -31624 -6353 20366 50565 45726 -40377 51473 -51088 -18448 -20604 26003 -22313
r33 -8553 62970 8495 3188 -56176 -40751 -47113 22084 54210 -49782 24165 9160 -4868 -9282 -31054 8715 15304 9627 -40297 31310
r34 8371 65390 -11774 22956 39703 61014 -58032 -40992 -28980 48235 -50091 -44476 11620 177 -24861 56324 49651 -10764 -50109 -39782
r35 -15240 58438 19534 37109 -21277 36543 -45338 22542 -55293 54572 -7743 31495 33401 -51468 -17096 7557 -630 -39698 34 19620
r36 9171 -31361 -40808 -46326 -15639 37908 47994 46205 19508 -21136 -28966 41861 37068 3501 47738 35268 -9598 7367 -34121 25593
r37 43879 1154 62112 -9532 22327 30594 -62018 -29037 -57127 -49080 -42366 23474 -20681 -35489 -60571 58081 -21861 61888 -33972 225
r38 5460 9262 -22314 -2416 -58530 33141 63313 -14105 -19705 40460 -33127 7975 -61485 18781 -38751 -32158 -26809 15119 -48659 29969
r39 -36318 -29440 63600 -50024 39404 -27954 -18484 35801 -48784 28617 -41035 -65400 -30743 13507 -32251 -52658 -26885 21072 28228 -55239
r40 51457 30152 -56015 4294 30158 -23462 -18685 -43624 59539 27925 60671 9103 26310 43405 49919 32080 -30688 -44679 -22913 37075
r41 -18650 -7770 16838 20492 -23710 -32479 39064 3290 -40063 -20739 -62439 26804 -799 62892 21630 -19136 26856 49676 27110 -1135
r42 -4854 890 -57679 -39835 5681 -11364 -5298 24538 55395 22972 -64021 -18146 -11278 -52260 -17894 -29481 4349 -30948 -1205 40265
r43 -25766 26383 -31549 -26475 41082 37353 46743 -56473 34261 4174 16333 -11226 2670 -57878 -3627 3867 825 62065 -56365 -1639
r44 -44970 -56096 -42881 -34042 -954 -24630 -41668 61646 36475 -61813 -29601 51633 32319 -6031 18944 -54216 25694 -3245 -16514 31977
r45 41003 53499 48170 -22759 29230 2319 -23585 44583 13716 32478 -39086 -22553 -44068 28012 -50517 -51210 5941 61901 -5986 -45645
r46 6245 34778 35460 20835 39746 -22158 58116 7379 -47695 -9404 -49392 -32210 -39241 -12777 9468 4990 41915 -331 27332 56974
r47 -57281 20047 24067 -47359 51724 -44494 -58771 -45540 12697 -62540 4467 -32243 -35983 26645 18410 -63239 60373 -8824 25713 26257
r48 -22875 -32695 51592 -45332 62685 22686 56625 41007 63181 48841 -33196 -58579 -32605 39867 17032 -17986 -48734 48075 17356 15190
r49 -51229 -21988 -20043 33401 -31778 63301 43974 50491 41946 -144 -64762 -20490 52861 -4970 -9771 55886 -20823 53431 26980 -6473
r50 29963 -9290 14685 7586 55084 -40776 -55812 35563 11274 23932 32726 44697 -17019 -19773 34219 41016 17699 4282 -54545 6322
r51 62074 -12874 -6608 -43166 -14453 9999 -5617 40750 -1033 7475 29767 -58728 -64093 -48207 15727 44351 62079 -12305 -53810 -19222
r52 25508 13910 -53773 -18470 28664 -63726 -698 -33410 53706 -35140 -43127 44617 61082 -36785 62959 6246 -10516 64441 -32739 36374
r53 -41450 -20796 -53246 -8724 41880 46112 61830 -64546 -52612 419 -13862 9878 -38204 2510 13711 -57976 -35373 -37623 64552 -62150
r54 -4758 -30211 -621 8123 -23437 14059 -38073 -64458 -4568 -60347 371 -51200 -58283 -24772 -41129 14748 58026 -65081 -36997 20606
r55 -2584 -40885 30616 62003 -56131 32131 5681 -8118 28561 -24839 -46268 -3050 46427 -43817 -55826 -52137 -59324 40048 -15883 -48646
r56 25777 -42777 54946 -42333 56865 -64876 24434 40783 -56484 50676 -64091 53102 -23241 -33138 8715 -25834 31906 -61801 52527 31971
r57 -32276 -48621 20499 21948 -1259 -63095 42108 -32752 -48296 -59446 41919 -2586 -32922 -44002 -65262 41613 38285 -56351 -25580 -48050
r58 20262 26272 32135 -40530 12780 29651 -15747 14672 -53185 18990 21190 11863 13960 37334 61509 -35145 33830 -42200 25266 61748
r59 -57072 -24393 53771 -36346 27489 -57963 -50755 -47417 1867 18753 -18444 19140 -39219 58460 33000 44773 43115 -7815 -32980 -12958
r60 6934 -25398 15734 43678 35248 53426 -55180 32532 -48060 -7847 -4772 58639 -43649 45429 20092 -53013 32021 -44861 -18969 37418
r61 59439 1811 -47378 -49344 -57877 8963 35127 55089 62298 17274 15263 47471 -58802 3127 63474 -51702 -59808 64713 47428 -10303
r62 -53404 -11538 -14155 -31437 19578 45113 49110 49182 -37243 -58001 22543 -42187 9311 16678 9432 -48761 56038 -15827 -54259 59689
r63 -18775 -23621 -14922 50970 15705 -25238 54515 -9874 -36964 25894 -25294 -30163 -41394 17836 -1958 18049 -51681 -42384 63468 -10207
r64 9227 22197 -36051 -22566 -51574 11995 -23897 -47508 -28102 -2212 -36785 61078 49828 30004 8047 24868 17173 -35272 4126 -485
r65 61960 47699 38563 -57169 -24496 61007 4820 -51556 -14403 -58118 58525 -10557 25176 -39223 8408 -43359 57011 -59585 30547 -21960
r66 30740 41645 -55918 -36899 -63600 -29049 31602 -2402 -19707 11092 9637 -35220 -12225 25958 -54173 45452 60495 -6198 -64429 -58132
r67 1126 -31585 32340 58476 -585 -62358 4893 -38479 -173 -20261 -12718 6662 24361 62130 58249 62990 -8990 -23369 -24231 5175
r68 -28201 61622 -10096 63687 -39379 1898 19870 18405 -29962 -62406 16270 57745 29212 19029 -34715 -56871 60439 -23681 2047 12236
r69 -50504 32180 -52141 13519 23729 -58020 18786 31957 58919 -21540 -64449 -28460 43963 17899 6443 -5561 -38729 -35602 57625 -45871
r70 -49948 -14979 45370 42127 -30862 2313 42007 -5797 65282 -47870 -36719 10191 -37604 33024 8829 63778 28940 32301 -17190 24161
r71 17282 49916 -12944 52251 37406 -40670 32183 44835 1003 33905 -7805 -20647 -15313 -11429 58440 -17081 -24865 -55393 -53927 24411
r72 24377 -39793 32087 32334 -34212 5498 38326 57729 36747 -6020 46956 16573 25772 -49843 -24933 25133 -6325 36459 45543 -57104
r73 -25039 37932 33821 25075 15900 -28596 -7702 1311 -60708 26683 24382 -35253 40947 38749 21350 -65322 -55303 11189 -12150 14613
r74 -56729 -52859 -59401 47052 -47460 -34570 -3100 -16416 59576 1256 -54244 -19903 -23685 13134 19140 -49178 22354 23778 59643 62442
r75 45465 19443 44119 46449 24800 -64534 50672 -61581 63853 -13225 -1127 46092 -15163 -41935 -1296 -46798 -25236 44677 -3490 49843
r76 -6101 3672 30965 -60201 17874 -3709 -54624 -16533 -35956 -34825 -63073 24574 8763 -49435 -21955 -61238 29568 32646 37387 -9301
r77 29320 -53478 63339 -27797 -47561 -60985 31875 -33159 -62331 54638 17842 41452 -23058 -62848 -28074 8863 -54489 -11324 -65284 -55289
r78 6259 -13916 60374 44557 -237 -7408 -44214 35211 -64804 35585 -26871 -42081 58530 -28354 52308 64683 -37433 -36261 14787 27368
r79 -52973 12767 4430 -3882 48335 37673 5034 -18713 5817 -65089 -23901 -29404 -16868 -61506 -60376 -40602 -571 24445 -63931 -12909
r80 60147 10176 46589 -52362 64024 -52762 -37603 -35820 50020 46313 -15198 -49480 29015 -45417 43810 30291 28914 3162 -46858 -53384
r81 -26163 12449 55567 -64071 50208 17057 45239 11938 -36676 58161 4412 17764 -16080 -23220 -15008 -54700 32706 64949 -16160 -3203
r82 61176 -3928 21711 -60718 -36790 -49368 26943 723 -35107 59233 11724 -21837 -23185 24174 -55442 42533 45250 58849 5117 -43761
r83 -2513 -9187 45035 -38556 60309 28271 37383 -37536 -45348 59023 -22704 817 58015 -48062 -47447 5729 28619 25528 -16463 -29576
r84 43653 58064 13160 -21446 58642 -18796 -63481 -35640 -64095 -26699 64471 -2049 -52603 27918 14076 16765 -22681 -63855 -53446 5948
r85 -65151 61631 -12194 47445 16081 12754 -46273 -41699 -3787 -11129 -22767 -62988 -7091 65100 -51855 21671 -64446 3249 23329 -23700
r86 17971 45897 -59156 -38616 40147 -46831 -26915 26898 25878 -53901 -32588 63884 -14031 -28788 9162 42059 -10438 22563 -27502 47101
r87 59039 -62441 -42937 6004 -50310 52092 58377 -52743 -53421 11864 -2749 -34340 46580 -62775 40325 41057 47087 19405 38101 43958
r88 -3103 -49388 63145 41192 45789 41235 1127 5493 -17578 -50936 -54881 -40242 24974 -57714 -44416 -3294 -22882 -45473 63693 2248
r89 48078 62722 -34931 40644 -22328 -38567 -14162 -51737 -32854 46966 1647 -49251 -61407 -14372 -2068 12877 -53304 45908 46970 -22036
r90 -19177 2605 28995 1280 -31976 46300 31396 -3921 -11304 57211 -9501 -52675 -9917 -61174 11977 -24017 -47009 50132 -65050 -17873
r91 22518 50710 -13713 -27124 -31909 6162 58867 45147 11953 31389 46299 -20658 9807 -52918 4463 24683 -44575 49041 -3688 -54784
r92 -32216 17684 38028 13791 -34943 6495 -9787 -11302 29446 -23420 57676 -9517 -34311 -44974 -37957 -60920 -43398 -57298 21889 -25044
r93 54086 -43049 -44885 -63742 -19788 54666 63268 16685 -20924 -17436 -43224 -10578 -48664 14225 55668 24137 -43821 -31515 -51758 9760
r94 49093 -19898 -27302 -11810 63899 50126 11865 -12605 -39620 -7350 -45396 53490 59424 -28961 -39223 65026 -9945 -63676 -32071 -23302
r95 -44009 17931 -9097 60412 -64520 -1061 -64054 18960 -32208 44009 55725 13289 41399 36106 -14485 -60115 43553 -1584 -65202 -4043
r96 -47699 -11266 -27052 27895 17127 -45622 -18452 33822 50366 -50875 -58682 64061 -32398 -2716 39305 39119 55398 -40035 -44739 50719
r97 50010 -14457 -45239 -61998 -31330 37632 -25499 -10947 37766 -51272 24514 17047 -51399 32011 -487 -55145 19519 57634 -6717 -50741
r98 -62926 -53048 -7552 -8000 -252 -36296 -61122 -14317 -3132 -20837 -65104 3462 -48076 -62095 38976 62181 20519 -31308 7466 27251
r99 -27925 50521 -41616 -13744 -19558 -49206 -55195 6441 -50056 22780 -43490 43653 -29516 26331 -47701 44707 4868 13395 -763 10257
r100 -18090 7239 45813 8704 19411 -64916 -62603 -14556 19751 38934 50915 41711 -7138 -21535 -57671 25984 -46356 -55154 31172 17902
r101 -33923 18326 40675 -64500 26949 -4334 -20845 64757 45075 -60248 48126 -31128 56201 -10411 -49410 18652 -5088 -32157 -31838 -36627
r102 49291 7335 51720 58325 48932 -13577 13420 -31037 45547 -60974 11527 -45924 22194 8572 10842 -905 -48455 11222 -6439 52754
r103 46786 43983 21344 -13854 37402 50887 -11571 7306 35011 19714 -25856 55159 -11179 31575 -61214 14139 32403 -7392 26484 -46496
r104 -13399 -23577 14167 24111 9397 -42520 -63138 43595 20418 -41650 14941 -17776 35315 49253 -655 17191 -3387 43257 -26949 48170
r105 -13529 -46905 -22942 1122 -33122 -2621 -20687 59243 -8131 -44598 2598 -1400 19846 -31391 -22010 -2929 -35129 48830 54247 -9954
r106 24914 -40928 -24304 -32321 36421 34784 -23773 41501 -5371 -38092 10146 54017 61725 50519 -36187 24576 -29052 22818 953 46771
r107 -56591 -3424 51081 -8608 -50106 56404 28538 4013 -17814 -5463 59808 -8467 21636 -18000 41817 53340 34312 26933 -49145 -2269
r108 35553 -33405 -5923 26119 24813 -52614 41228 -52329 -3392 14792 41297 37787 18595 32016 38266 -11463 30882 -42347 -57196 32935
r109 -44982 -20607 46257 -35732 4660 -55929 -21569 -34100 -61590 34921 39712 -118 15326 61162 -29743 -62759 -17587 -42444 37524 45108
r110 630 -64170 55647 2531 59029 -58824 -18378 -61255 -4407 33794 -24389 28077 -28240 -51258 -61235 -38539 -11497 -37122 35492 -28798
r111 23791 51218 -57065 50032 -58662 30526 -1807 21570 26334 22568 21628 -10546 -40710 28740 8629 41357 38850 44839 -39638 -23818
r112 -62189 53221 -16537 4494 38887 -28121 -11557 -56606 11667 27881 -37972 -31601 -13822 59004 12020 43988 1695 22529 -27155 -32404
r113 63488 -25856 49750 31540 26590 -1608 -32694 -28635 36349 45156 -14210 -24588 11470 -20245 -56135 -43529 1432 31047 57817 36560
r114 -18596 -49909 -40682 -49060 -27616 -6133 16553 22554 62898 36261 30939 54619 11420 51529 57820 -21974 -9942 -50161 -31288 -64511
r115 -61480 -48196 214 -3561 -47285 45264 19632 6421 -28006 51786 -46762 25002 -4210 -15142 -28458 57726 -48717 45221 3516 -612
r116 -64177 -6164 51834 -11388 42667 -6004 61689 -120 -18600 32817 2358 -64403 40502 -56697 -198 -22161 -21391 -13827 -27253 -63584
r117 60793 -32115 -58137 -64124 -26379 30799 4297 -64655 39626 63731 10306 40158 35123 49418 -46904 59540 -45381 61191 -11938 -46571
r118 -28103 -20777 33317 -3248 -32272 -62420 -15998 -13190 37671 44142 -32736 -30160 -30593 24497 -33404 -12067 -62533 -50956 57168 -1015
r119 56294 -58398 14376 1524 12055 11300 56906 -5895 20968 -46959 2100 28620 23913 -29161 11900 408 -395 42085 -61640 3496
r120 -50010 -27600 -49090 28362 -35956 -64902 -18976 10912 -41495 4883 -2799 48173 6983 -38277 63110 57758 34395 25641 48968 -40824
r121 35574 7691 13637 37781 -63282 -2596 -2484 -31424 31645 -30875 1459 8091 51360 -34252 -48162 -36391 26262 -15575 -7521 -3905
r122 -23507 -12716 -14775 59813 54651 14853 -15697 31098 9713 20095 47873 -35414 -6876 11818 -18712 -62004 -62473 -38182 34798 568
r123 -61759 50752 -19661 39231 39507 -48769 9444 20272 -64025 -58361 -46920 -57264 16068 -20599 -30727 -55431 63145 -50754 30131 3165
r124 -28537 -31277 3773 40194 44684 41374 41068 16991 -14812 18452 -50299 30805 8309 -54406 -33010 26589 11186 -20632 -24243 -36309
r125 -36672 39491 -7625 -12476 -61380 46489 -47091 -65476 58410 52776 -16158 -10143 56344 -56787 23403 27560 -37789 -28028 4922 7368
r126 34960 3596 14064 -46220 -36217 -42801 -38602 -4972 -55316 21295 32221 -29027 -8882 47815 -57596 -54013 59532 -60223 -41438 -3364
r127 -22318 -3453 5196 33409 58810 -3614 22838 -8944 53678 628 -48671 51149 -30205 -33041 15344 14577 -52439 -26202 46002 38376
r128 -57825 4405 51460 61180 27719 -2925 -32268 27315 5820 -58397 -20013 -37116 13332 53880 51345 -52248 64951 43595 -50038 -20274
r129 -26479 39272 -26913 -38635 12894 64520 19882 -12709 38560 -41003 8679 -16540 40711 -26407 53550 -17763 -41721 20825 -55457 6905
r130 29357 -44100 -56203 12575 28928 -15795 23200 -32082 -17846 25163 -60215 26085 45510 -4088 -59116 54406 5225 -4120 40866 -24631
r131 -8132 -24634 46279 -56268 -28228 19820 -32276 -27072 64497 -7217 28270 12813 -12147 5355 51162 21376 32921 -1797 -19606 23116
r132 -56029 10144 56687 478 62119 9243 -14675 -28637 -10584 -21292 57393 -19723 43510 -25402 -54847 54483 -2326 6288 52403 2323
r133 -8466 -52833 49532 -56452 13137 -30624 -11555 284 -32185 54388 25654 -53151 -26497 22115 48192 42766 50750 17009 60166 21977
r134 -36997 23384 -28245 -21369 62776 -41089 -13037 -41165 19597 -61708 39329 -12282 7635 -19462 -7351 -58327 36366 44248 60783 62769
r135 9829 -27008 5596 12629 44471 40430 15205 7246 -25321 -61350 60551 -59241 -8875 -34730 -57557 -945 14871 -8992 48760 -43289
r136 -28091 7913 53460 -51861 -15080 36043 16589 -14389 54229 -13690 20882 30502 -56969 64615 60491 -52643 64108 -41611 29656 41563
r137 -40048 57170 64475 53369 -35718 -35026 -38700 -16013 -31416 29591 -64084 -56468 53660 -17806 -54215 54836 -13650 -34421 -53379 -20662
r138 -6908 61560 -43579 -31083 11189 2655 14172 52176 -5355 46346 -8282 12418 -19826 -14998 41834 -60690 -42430 -38070 39382 39849
r139 -39603 -51964 -46079 -45284 -45205 -31907 -59826 54894 -126 23776 46197 -22551 -9179 49697 53228 -6686 120 -6012 -28787 61761
r140 -26873 7374 5833 -4928 43349 65295 -21134 48004 17453 62072 -43591 -31364 -57252 -24319 51796 -64627 -26943 -21754 6778 47762
r141 -57639 -48186 -25534 34693 59780 12910 -35059 -5027 58229 26182 31774 -9886 -35761 -36392 37164 -20356 -48993 -24687 13158 -53
r142 43831 52508 11875 -15004 5898 -110 -11641 26125 -37022 -21728 39831 -48413 39848 -43075 -12560 -14182 44191 -51471 34653 -41043
r143 6660 31118 -47937 1957 -59540 -33032 12447 39384 -34636 -11650 -63703 -64185 946 46968 29299 57503 59428 51779 -43640 -20820
r144 -14756 -31896 -58963 40434 -45282 55991 50734 -15126 8802 -29125 54364 -56530 -63773 12669 -41038 -36603 -24242 60335 -34185 18704
r145 58937 50453 -26793 -50325 -8869 -21446 25611 -41744 -54883 49378 -47083 -12575 34222 34945 -38153 23025 -15415 34572 -20897 11073
r146 2382 50918 44547 18390 -9253 13298 15620 38429 -27379 51753 -26943 -27465 -11204 64394 19118 -46655 36362 -44952 -43733 -61355
r147 -56918 320 53398 -43652 -36403 50281 -1640 -48955 25863 -55662 14871 -15003 -47873 22345 59121 917 64543 -270 -3959 45411
r148 50194 -63735 -32807 7495 -56063 60366 -30839 49336 32546 10709 -3054 -6388 -47486 53824 8702 45092 7724 -62500 -58579 13596
r149 -18417 14012 9796 54152 52837 -29753 43423 57716 46568 -10624 3605 -47292 41765 -56842 -28986 8481 -14561 53585 -40273 7101
r150 -45988 -36387 18114 15980 -10088 -57319 -21831 5803 -41123 -41358 58270 58058 29159 -49182 55065 -60574 -43473 -63421 -30851 -46086
r151 63283 -14075 4129 -65040 -16840 41051 12674 -33313 42978 22398 22372 -11196 39779 46930 36317 -6203 52071 41801 46869 -59527
r152 53420 -13299 60144 -30093 -38422 -33227 48730 -7000 17271 41662 35189 -57028 36480 45767 33449 -58093 35615 -43326 -58735 15991
r153 19686 12193 -64946 36536 -30082 -29315 1924 -52635 47922 -64541 -46573 -29778 -50544 24335 26877 459 -35690 -10673 58504 34924
r154 32871 -18661 19581 64419 -2306 31135 -18796 -9526 41551 -55088 32259 54584 5200 19230 -18454 31663 -3873 -10402 -7049 23297
r155 -36126 -36975 -25777 656 15723 54256 47852 51585 40068 -31695 31083 53991 33239 13442 39523 -25724 43218 51406 2848 -65022
r156 42051 13593 -58939 51532 38104 31663 18067 -15144 -4257 14545 -18837 -48612 -7675 44494 42883 -29241 49716 2657 162 -61924
r157 -63751 26658 -53034 -38991 60935 -29962 -47841 10352 42030 -52839 13811 -63370 -60477 44130 -16871 25882 -30307 -31681 34914 60240
r158 9979 35367 65369 -5819 20777 -27091 -2573 31148 -33936 35728 -56430 1543 55658 40979 -12832 29693 -6407 58086 52870 -53343
r159 5120 -55592 40229 1903 -25413 25593 -24560 -22980 35300 52516 29671 -20926 -15199 57463 28635 52137 16366 7113 -22514 -51186
r160 -21852 50476 -34912 -49667 -46963 65282 -53319 33220 1281 31238 -41811 15478 -1960 -40671 -29696 -30779 -33907 36311 -20642 49629
r161 52138 -5326 28387 62811 -19461 37693 20998 -22267 -56877 -18217 -31833 -13671 12431 39808 -19987 53744 28694 -56812 -299 17401
r162 -47339 51729 25202 -47627 -62980 -10293 -53809 40908 -64897 49400 61014 61069 -58630 23729 13815 -53054 -49562 -15128 -57723 55810
r163 16219 -44879 48320 64318 -37783 61887 -29378 23635 -55359 63586 -41930 38367 44610 35470 23507 17736 -58614 26780 -45663 1982
r164 6532 45656 38182 -28301 -36531 -41778 35479 5317 -64770 42600 -37157 43585 -33356 636 -48726 13816 14155 -46626 -28780 -1775
r165 -11693 -24270 19291 58137 10521 -6394 -51612 -50453 -22393 50922 -43103 -4126 -41330 40765 -43564 -21119 40848 25796 12216 51681
r166 -36661 39698 -38726 5777 -2779 42034 -61612 -5106 42762 27772 -54854 -36539 -48919 -14873 -42097 41537 50119 -3524 17501 36519
r167 6378 -28225 38775 21572 -28025 -17465 -24905 -34239 -8206 -40773 -19000 -40183 49989 -1720 55984 -20505 52849 11683 14968 58929
r168 30689 -46977 -1528 -34611 53119 1226 -12983 -52978 -45328 -64574 -4276 28618 -53013 61378 -27259 -22953 16294 -18017 8099 33067
r169 -65278 -22911 -9514 -59343 16511 -19719 -55982 -53994 -38439 20488 -53308 -55050 -19389 33532 -48081 11666 -21544 16211 45546 9209
r170 34105 52643 -46591 -58545 -23202 -37423 766 59031 36239 -51000 1499 -18125 -58401 -47073 -54159 28840 45343 -58218 7563 26098
r171 36305 45541 47326 -59382 51243 -27230 62869 -47346 -57774 34401 27985 -39916 -43611 12522 61040 -2387 6380 63280 -1528 -18104
r172 -12915 -41386 -52483 6032 32428 42838 13400 33061 -61660 7763 47566 53051 59054 -59036 -60131 51250 29666 191 54362 -58880
r173 -63314 -40013 17228 -35952 -7615 -22369 62543 -42676 18550 -48025 18960 -7175 6444 -30760 -47367 52276 19110 43091 7689 5463
r174 27061 -14877 -19882 -8261 46601 -53583 -21416 64957 44254 11229 53160 57741 57372 23533 8658 45448 40627 54033 57362 -14095
r175 17978 52653 -17646 -10653 2536 -39235 45811 -35199 26703 46970 -30225 -29689 -14676 -56760 61175 38279 1908 -57979 49585 -63836
r176 -8396 46473 -21427 34654 -14337 -41338 -38728 26531 32238 -53697 33446 -32121 10861 -13157 13038 -30490 -61192 51690 49283 48243
r177 63357 33512 -7690 -45430 42341 43930 -57708 -58675 3861 -61952 -47294 20474 -50176 -15770 63791 -2938 51281 19135 -36081 -24396
r178 -65125 55748 60110 -33023 11595 47363 -39282 -20225 -35752 -63914 6205 -45760 -10856 32460 -43217 6673 63626 47864 -56969 1487
r179 41526 -59997 57857 -656 50138 -56127 -7838 21622 3936 -6820 62555 53554 28267 21222 -38472 -44224 -39427 -53973 36444 64685
r180 -8609 23027 63654 42187 -11700 57474 37772 -5258 -4026 -48022 -4661 14863 -57608 45583 63448 37847 12278 -38887 -40884 -20940
r181 38598 6174 8925 42592 -15050 50724 -31688 54627 4533 1485 9121 -42144 -11940 -34206 -11453 54545 30566 25040 54921 34676
r182 30079 59431 -10713 33253 46576 -32764 16810 -28647 -61106 -48044 7443 4686 8721 -30737 9222 -31245 -35415 -31464 26632 -10517
r183 31293 -50869 -61946 20964 22758 -58924 -48081 30087 35325 31609 9847 -13506 -1588 39846 -60106 -45273 55816 2465 49956 -16090
r184 -46376 36413 -6109 -45868 21154 34103 -18543 54747 -51426 -51822 36820 18249 16254 64177 -22437 7426 -35897 -60239 21370 -2171
r185 -1482 -59956 43494 26260 7851 -63143 29218 42102 -28972 -36011 7478 51973 -58725 41028 35121 56751 -46040 -40503 -12147 36759
r186 -50474 26616 49776 49625 40601 -28258 -6134 -56444 -50874 -18837 -61648 55219 -42345 30641 -4219 35676 -60996 62341 -27957 62365
r187 -34621 -20832 23450 37639 50579 -40197 -23760 695 55341 2105 -10358 64629 41016 -44462 -47347 -10009 3047 -54467 30602 3858
r188 5280 28696 5722 64595 32983 -36664 22160 -1106 4748 31706 43997 -7696 26693 -3037 -52323 -38127 -36510 5983 -47240 27390
r189 56940 -40294 -63441 30879 -65083 48361 -57392 -32032 21011 50014 -56018 52066 6877 -42202 -25070 21102 -7571 -1182 -57703 -4536
r190 -15923 -48267 -14909 1655 -6467 -55486 22259 51447 -54788 -23224 43713 -55272 17028 -3151 39993 34284 -19562 -43652 -63944 -12199
r191 -31135 10593 -2826 -49367 -8039 50385 -36567 -36766 -1965 -32876 64048 56356 -58105 21044 -59670 -39374 18490 30138 26412 17924
r192 -52021 -15855 19647 -9178 -7911 -58985 62697 -322 -56602 40191 -12434 29037 33006 25655 -39813 -48697 -30065 33421 60872 61893
r193 -58101 -11066 29225 -45222 -57991 2764 13177 -19269 38047 -39397 -28393 31854 -31451 -54854 -62791 51368 25347 -18734 -10899 40890
r194 -51395 -2729 -31501 10691 3717 -64476 5665 -56568 -8211 -41747 37472 -58837 -61062 -888 -20019 -24027 -32576 25972 13989 -6883
r195 50657 -63291 -18567 36148 13931 -9327 27487 34883 -40701 -20816 10309 -7233 -2780 -53064 -46274 -17814 -13725 -25391 56034 -20610
r196 38620 -34996 58463 -32309 -4377 -51983 -55372 61090 -61662 11554 22521 -52527 -58500 -31400 45227 -53092 -33829 -62109 10428 -6849
r197 -6680 60368 -59915 -18817 -35079 -45511 25426 -34179 -50394 1849 -18968 46684 65463 883 23712 39686 -2457 -53080 3141 -50560
r198 29818 -51651 -27201 -38542 865 1513 27319 3616 -6182 29714 -36364 6600 -38334 -30695 -61830 -14882 -11767 21634 7820 -50967
r199 -15974 53827 35705 -38632 -41374 -34455 61544 -10545 15392 35653 -13582 -53604 15834 -37443 51585 -29756 26485 -49740 30888 -3734
r200 31879 -43545 -52525 -46114 21665 -1457 -4679 34061 -53651 -11119 -7397 -44908 32516 63400 -26796 -10413 -57855 -7625 56947 -6383
r201 30654 -45099 -37219 -3308 33286 48268 45352 27046 -49088 -33626 46204 41808 11636 60719 5041 -20448 24577 -5563 -8767 13135
r202 -27031 7874 -24296 64416 -63195 64834 -47172 59408 -27889 21846 -4570 -32762 -35662 -9154 -43803 -1191 20197 34252 -10427 -3469
r203 -30828 14931 54496 -24337 35485 -62225 28554 -57201 -18785 50365 13029 -1946 -49982 -13682 4130 -12849 -33278 61040 -54905 38400
r204 63328 -31924 23509 1479 -13900 45231 38415 -2094 -61838 -64295 6459 56658 -15712 53628 14938 -19308 -47928 -30501 -38837 -56469
r205 -12327 37181 -53532 45803 22217 26754 59166 -44188 56150 -28216 -2572 7830 -62776 -8905 7754 62113 18069 -21492 -48240 -52513
r206 58336 8525 -50246 -25202 -44822 58735 41349 -40679 -660 60608 26132 -3457 -18964 21361 12710 -50668 22049 17624 52693 -6545
r207 -18245 -28431 -61848 -7147 -13707 -52541 -33516 43312 51036 15877 -32833 -9301 21086 -49501 -21034 -37922 -56686 4567 -14563 56549
r208 -16131 -55931 -4941 -19507 38392 -29310 -38600 -1954 57378 36522 52486 -55550 -56709 60426 -42559 40612 53856 -48288 46843 64935
r209 50813 -62875 55625 -1980 -59343 28616 8004 6399 -50686 9129 -15255 -14200 40512 36165 -21601 -31398 22787 -32361 -43380 -340
r210 -51988 37526 4072 42011 51590 52692 -22323 -27574 58977 28615 63116 41181 -53221 30098 53740 -6986 37416 -18836 14409 -34774
r211 58545 30330 -13122 -10788 50651 -19706 -65083 46755 58026 12027 -5381 63684 47121 35678 24426 48786 18219 8670 -1351 58969
r212 -299 28778 -13098 -29712 -26327 -56145 -28483 49316 -31403 62005 -43860 -26435 -38861 -58073 -38421 -30386 -54221 51846 41025 5225
r213 56346 -19494 -12525 57150 137 47297 63454 -55773 -62694 -37906 50211 -57251 63891 -27667 564 -15729 61375 -37530 -35079 41217
r214 15859 33264 -14079 -36259 57815 -15995 19036 59110 8246 -55809 33997 39765 47750 -15065 43990 8961 -20218 -35025 2506 37198
r215 -31989 60801 -25597 -61417 30661 -62435 -37035 -51937 1850 -55328 -39010 44366 42649 48904 18347 -54797 -26558 -54143 -45106 -40833
r216 -28521 -24170 30834 8832 -12056 26258 -8028 -17328 53145 -62835 6551 25480 -29817 -31068 -2821 -42861 15139 7634 -2263 -38394
r217 -32511 -45897 54918 58676 12736 -26731 -49406 23331 -56962 -63243 38218 8921 -10570 -31621 953 12589 43173 51615 -919 32278
r218 61988 -11842 -14897 1164 30648 58621 25606 2580 -16701 28213 -43771 42771 -13261 -24301 -12907 21129 5222 -14158 8599 16854
r219 63583 -26090 36747 -56584 -21243 8243 -38503 21904 30633 -40697 -20119 -8294 -12897 -10478 58990 43737 54973 -53434 -60625 -44140
r220 -5035 15240 1744 -59501 5670 -24965 -64824 5640 -23086 45888 48647 35158 54797 26415 40203 -27022 -3994 -61892 49876 -39515
r221 22691 46087 -57286 -20379 18849 -28945 -15849 64809 14806 25368 -7170 22656 -23692 -61021 -4060 -23084 22510 18572 35386 -65349
r222 62919 -46962 44911 -6945 -24217 -64759 6942 8450 4575 -41033 10971 -47581 38127 55680 4075 -3450 51845 -21111 -19040 -23786
r223 -56858 4608 5368 50411 49684 55806 18638 -19700 47846 23268 -25698 44716 -29069 55547 -47230 37158 -24059 -58119 41866 -57106
r224 -42448 19162 19845 49310 -63447 -43382 -24169 49411 11768 -21285 20586 43496 -41779 -24539 -28564 -36499 21639 23933 50034 54372
r225 -32458 54652 17327 -48675 63577 -53510 51913 6788 42389 -33749 12055 -16545 -4810 9341 16544 -44360 11221 54340 -56487 42724
r226 -17584 17137 -23309 59786 -13916 56703 -24697 -14455 -40807 62502 16914 43655 19269 44294 -41124 -57686 33670 -2112 -53076 -62833
r227 29680 56017 -64798 -59820 59531 -52545 58225 -2135 40109 2001 20657 -22795 10655 -52464 -34948 27001 -39209 -19755 24192 -13425
r228 -53113 18052 45257 -14899 37807 -28055 11774 -35404 34637 -12053 62669 60061 8180 -53679 50127 9966 18716 63141 -59948 26458
r229 29717 42005 49116 -40933 -23697 -6945 -51913 54654 29411 35286 -43534 1736 37730 54702 -54925 33826 -55374 53853 -2058 -65334
r230 -63103 -49106 10287 7702 33243 42940 31720 53643 -28072 14338 39427 -16760 38413 -7910 35100 -37993 12232 39731 -11597 39175
r231 -32088 246 -44586 65233 62591 -20834 45065 7713 22323 26268 -63012 -59158 -28834 42443 -53308 41177 -56132 -45204 -37875 -7676
r232 24042 -6112 -3700 44329 47118 24170 -29817 -26784 -55899 -14433 61707 -13710 4489 26164 -58520 61512 57294 24969 -58332 -42674
r233 -36682 47340 45889 -9044 -35199 174 47822 -12697 -38844 -10732 3060 -49941 20043 -52342 23381 16319 -41474 -49498 35637 -52585
r234 -46558 -39945 -2681 -6577 15341 -41953 -9234 37521 36234 -16215 56571 58782 -54198 6949 13123 60699 8163 32126 63008 3178
r235 30328 -7422 -4081 -60806 -14661 -43969 28680 -16026 -4590 -59895 -53484 19154 25895 40581 -47295 52183 -31706 -21200 -11851 1344
r236 -3472 13999 16958 23192 49831 5675 16303 30938 4078 -34021 -3964 -65417 15094 53577 -4705 50211 -17911 44239 17920 10347
r237 -17109 9963 -58080 48504 -22875 -21493 -38498 50315 61886 50428 -43760 -56708 52870 -61021 -37576 42192 -56085 65167 -34259 8707
r238 -55775 6103 13983 25236 -13338 45625 9189 -33956 -51175 62613 11161 -35046 -45712 -29559 -17156 -34245 -26179 45712 55329 -41060
r239 -61460 47448 -43224 50808 55087 -49949 -59178 47900 -29343 58654 -57946 -26657 53741 -62880 15293 48465 19786 -43287 -51796 6077
r240 -29158 -10405 -18372 55296 39487 -9290 -63083 -18775 41102 -34342 25472 -21289 -5789 -13529 11443 61058 -19402 -19065 34227 -32096
r241 37057 -35590 -2259 52774 64798 52434 -53717 -43726 39682 -34315 -22870 62722 29509 -11057 32642 16517 7433 -16188 45314 14386
r242 -26043 1681 -29518 -54261 61384 35352 -42108 10307 -53821 35203 -1459 32952 -44800 -33091 47260 -37561 47577 26933 -32555 -13227
r243 35298 -3243 901 -39248 -38771 -49072 4442 50423 22752 -42071 16888 57079 5864 -16661 -26117 5635 -58935 -20630 55092 -42841
r244 4373 -24132 -22884 8887 36118 42204 54120 -24350 40409 49437 -51931 33430 2182 -39689 -31062 47707 -14421 -3539 35751 2391
r245 31254 -14317 54526 -51674 41596 -55911 3711 37928 53574 -47717 -61094 -25543 13491 49856 38850 28578 -42817 -14655 -60712 18704
r246 24667 36552 35441 34900 16162 39396 45927 14016 36414 39561 -53532 526 51157 -12180 -215 26908 59998 65484 -15251 -59019
r247 15923 -24494 46443 18582 -16212 28041 -57497 -24737 -30506 21980 -48219 -60049 -44937 -36828 10799 38470 30746 -6796 42024 -61716
r248 45859 -2397 42551 11688 57792 58284 14601 35801 -47365 54017 -11223 -8361 1572 62039 25700 -23305 500 42805 -44618 -12203
r249 -3524 -48441 -8849 -62150 -52739 -3242 14020 42124 53680 -5693 -61461 48582 5299 9285 -59305 59323 -3285 -45869 -33999 -53969
r250 45352 26597 -5112 -56242 19837 53979 28232 -53799 -27078 -47543 -35716 38125 54148 -17376 -8568 -19324 26085 57529 6851 -56525
r251 53113 21464 57442 -10136 -18509 54537 -63958 819 -21111 -33039 -19543 -41745 -52321 53417 29693 57633 28876 -109 47071 64603
r252 -21233 -53768 -23052 -47172 -44430 -7823 55945 -2148 -40895 29905 -60232 23453 -49049 55558 -60879 55556 -29595 -17257 -32542 30641
r253 18329 54747 36096 58267 -60092 -17625 -19322 39031 36725 -57069 -35382 -30282 -52147 30819 11660 -57371 11424 -60420 -36509 8870
r254 63822 63170 -6598 -4116 -53100 187 -14575 52730 -27007 43699 -3988 -24264 29890 4685 51413 -58830 -35868 57817 62548 -33441
r255 -45045 -4274 -40465 -31725 45808 6441 57717 2 -10084 41741 41012 52431 12463 -54428 9487 -58295 -11438 -34657 35579 53844
r256 44529 35337 18664 28391 -14176 9285 18441 -3079 15623 3779 44624 4219 -46796 17919 37866 -4918 -43313 41473 -63416 -9794
r257 48175 21825 2567 -30524 -55274 15112 29460 31541 -59384 8165 10961 -29722 -53437 -60526 -26983 -17411 9059 -11060 42707 5346
r258 -30370 8757 58406 -22485 -24757 63471 -36350 -55857 37001 264 -55998 -62164 54120 -46048 -44940 -38370 -53349 49507 -57838 7856
r259 -3279 -63071 1029 -8933 -10298 4593 53590 -30452 47009 -57100 23907 -15428 -605 -16797 42520 31124 -57229 1481 -49289 -48059
r260 -32878 -52820 42803 44905 38152 -49400 45658 -54709 -6401 57699 -58746 40283 17462 -51927 38115 29625 40637 4275 4337 -50385
r261 -52924 7590 -13559 9481 6003 -55070 -7349 -24609 -19868 61097 -40397 60758 -33888 6698 -19961 6469 -20745 -34872 -49693 4553
r262 52294 9067 -11777 13565 -63045 57498 -35695 20887 64994 32366 22551 -11240 36323 45502 -42310 -10819 46531 -35437 58284 3701
r263 6450 -19945 -18268 30691 6822 -10083 17858 64368 -16718 38028 58255 22037 -17138 51766 21166 -12687 33811 -37829 -9008 -33520
r264 46291 61544 -7725 -41019 40937 -61417 -43493 48347 -12814 7388 -36281 21845 -29492 34173 -10877 -51176 5745 -62453 -7691 44288
r265 -53201 29964 38230 -54438 -55925 -58463 -1869 -32171 52183 -52419 293 24278 39366 9231 -6657 19531 -6828 -62513 -18071 -5386
r266 -39647 -16405 -59935 552 63187 -42117 -62658 -51212 -4620 -26163 -11469 23896 -44574 49645 30403 -16071 -22781 -13799 -50219 -30674
r267 -23782 -55765 -47796 15076 35442 65328 44081 5442 19123 49313 7544 34285 51205 -37023 -10903 -48564 -32872 -16160 9340 -44020
r268 -57634 30849 9496 19976 -5744 37285 -15629 -34297 54939 -33208 54726 8361 -14925 31443 -31644 -18085 13746 25976 -37990 52736
r269 13751 2177 -44446 61689 57497 59938 64317 -51798 -47018 -24079 -46417 -60067 -13028 -55141 97 49084 -23616 -378 -3084 43078
r270 17794 28629 -17870 -32002 56185 64918 -22979 25237 41286 56340 7519 -53571 -59016 28918 -47233 -6137 -37472 17064 63577 -5805
r271 -52638 20922 -1052 16064 -46444 -8794 -35351 -7391 41617 -18267 9142 -6257 -50198 62750 34706 55334 23902 8668 9425 -16016
r272 23234 29623 -57032 -53001 -13874 -726 -53885 -23663 -42024 18729 -64400 52989 46779 61308 35382 -11359 -49523 -36680 -50488 48831
r273 -54685 -51685 20913 -17992 -26141 -62661 49879 -3331 -35908 -6267 -45163 7576 38471 -14169 36042 46044 33167 -46868 58333 23634
r274 -41179 -54814 -50599 -29168 22429 -25585 45614 62 54803 -23506 52348 46798 10537 5801 -7713 21735 63168 61420 9893 26285
r275 24645 51246 21219 -57622 -33805 10729 -48183 45509 53453 26394 2084 -4245 33039 28053 -7402 22839 13107 -28849 33374 3228
r276 -62284 4094 33994 35901 65529 28757 -28893 22446 -57161 42616 -56530 2659 -17779 -3162 5980 28351 17406 20095 -6866 -40875
r277 -55023 58362 34403 -65326 -2521 -28935 57377 21025 -11081 22247 49271 35483 -28318 -47883 -1511 52807 -62188 -21503 -63842 -51541
r278 29364 -23036 7691 26764 -43345 20683 48881 36888 -19686 36022 -55797 59794 9025 44285 58905 -1301 45963 40622 51290 -7085
r279 -24804 -34935 18723 -25503 -11064 4757 -31817 21732 42790 59184 -35500 9427 37997 26088 21184 -50603 -26461 28770 -59391 -2236
r280 24067 -11095 -37016 -50722 419 37431 -57508 21882 46307 37811 57932 -28170 49578 -43414 36488 -51922 -9886 -41594 47023 -196
r281 -29480 4929 52712 -19500 -53869 9568 -41136 -58318 -48883 42968 -54266 -2656 -57873 1467 64010 -63289 -334 -1295 -32242 36952
r282 -33038 716 8074 -61714 20244 -21160 9842 -12533 46653 41783 64096 23728 31866 35140 -60218 -35666 -7433 -61919 35472 -38113
r283 45573 -44101 29094 54977 5155 -6691 -11079 -63010 42753 -17876 -3314 -40680 -14976 8444 -3811 -43375 -63618 -61178 34884 -33391
r284 35322 38339 -56402 33099 36929 -39736 52745 53338 -43940 57216 -41455 15129 -33617 6484 64425 48501 51209 53054 23559 -37894
r285 -61719 39220 40159 27984 5506 -19449 55368 -32163 26192 52402 -60107 31222 -19150 -10344 37946 64382 -48104 38141 63982 -53473
r286 5008 19288 -51926 -55828 15332 -12197 25927 -57804 41775 -862 -59852 5616 -30170 -47802 -44538 21627 7558 -37069 49663 11895
r287 -9765 2591 51523 3421 59864 55101 49604 18054 20656 -34369 12551 -37688 -52766 -5975 -63980 -1856 445 -16362 -59488 1433
r288 15576 -52462 26830 48729 -56651 -62533 -17326 -8226 -44073 -34476 -4942 35501 30393 64487 -20963 -48220 64477 -63173 18696 -42010
r289 -1563 32491 -49916 -11530 40236 -32476 -9074 -25229 46791 14984 -28889 4833 49990 -65060 -50115 891 50236 65134 14606 -22573
r290 41741 -44115 -21729 -25897 -24000 11803 63975 -58835 -57951 60834 23646 10439 -19193 42842 52075 -24902 22470 22604 -26847 -40742
r291 -41112 23500 28246 -40442 22914 20296 -15085 58407 -54168 16705 -40694 41029 41606 -61996 34026 31918 -5197 -20706 -21105 53493
r292 -59092 59606 10631 -43352 -12923 -37390 64448 -53767 -15774 1621 37570 427 -12572 -53525 28986 56822 -60826 -50230 -26454 40045
r293 37969 -50804 15664 28221 -46706 -31044 -25933 54076 39664 26665 52513 -30726 826 -37158 -5966 -41824 -18707 18009 20051 15423
r294 -39804 4421 21355 7243 -13485 53961 -6211 48357 59188 -11087 -1458 -22798 49434 7810 62083 61953 -21671 -55135 -42579 -46303
r295 -11153 -41456 -53424 38321 18163 -20309 13769 -9526 -26849 39710 42707 4924 -13012 -25845 8656 -48489 -7668 -23928 -28028 -36013
r296 56263 25091 37711 -27778 857 -6285 56675 -44480 -25522 50067 5430 21817 -6097 48452 13822 50691 -40808 20626 22098 -20561
r297 32488 7926 40073 7718 -40931 -13087 -11607 43185 3072 49076 -20891 22313 -18631 -51474 -56347 11235 7538 10145 -3505 42156
r298 45276 -34845 -13258 46820 20255 -21329 40027 41611 27133 45315 12219 -18335 19534 38089 -16490 24097 61171 -54415 -60111 56631
r299 -15584 52148 11383 47246 22142 -10274 763 -8036 -25643 4421 25722 65498 -32751 36007 15622 26006 -39096 52935 -58682 -51517
r300 -64310 -15272 -14438 30145 -37668 -58306 -31992 -47123 47377 -26935 -58748 49065 3605 3938 -31996 -32670 32032 -26412 -28384 22919
r301 -24913 59009 -61470 61106 21716 37699 25676 44591 -53533 -9022 -23997 1484 32167 -11036 -38016 -43974 -11435 32756 -46063 -34545
r302 -22942 46188 34881 43542 -36955 57123 11138 26819 -9351 -20852 20539 11876 34301 50352 -23245 50018 14780 54874 6519 -55432
r303 43453 29959 -24309 -52806 26947 35207 41850 61369 -11939 -54029 37314 -48123 11600 52459 1158 -37481 -59108 50503 -46670 -2016
r304 63930 39114 -28116 -25257 -12793 2549 40762 -28819 57463 -35473 51839 64053 -32212 -2987 8925 55905 15864 -29911 21386 60453
r305 51558 -37196 21220 -5886 48723 49593 -42906 62785 -16025 -15748 48123 28447 10822 52010 -42638 29954 -45832 12924 10517 6694
r306 53504 1366 -2780 5550 20728 -20764 53391 -29272 -59571 -14088 11250 23698 -58603 37126 -29377 -6717 -30363 54377 -53507 -43899
r307 55471 19109 42397 2348 18992 41124 -30151 37047 -42557 47103 55152 42546 -15257 8135 55783 29973 57912 1687 60918 55282
r308 16147 -54592 -5267 -23870 24165 34239 -58734 30560 -44548 9805 22528 -11031 37357 4514 41003 -29093 19847 36773 41322 -5152
r309 48656 -29185 25857 -57908 61229 59716 -58237 -48232 -62030 -29085 6973 32236 -1892 9652 -26419 -64793 59043 5669 -50037 46214
r310 18842 -1238 11575 -36861 13325 -16124 21742 -55548 -60881 -50695 28731 -56156 -6209 15663 -23473 -59970 -61300 -63337 -14918 -23203
r311 45350 -30981 10748 -19749 33046 -41311 6658 -4242 49837 -32087 -2239 -43208 -31459 43597 -34868 26559 -30038 64360 -34775 2412
r312 28266 -42470 -28102 19659 968 37802 26648 -16128 56391 58809 11523 -11302 57196 -58189 -9115 22982 -60197 52410 -20913 -47461
r313 -25186 4918 25075 -3096 15302 -4990 52565 -32536 -4914 -8869 34787 -39930 31481 25345 -16520 -23205 28982 32814 -24471 59109
r314 -24891 58720 -36377 41960 58655 27008 -64806 -48182 -37633 -37957 -7351 12481 1128 -37378 54163 -39065 449 18466 64855 15290
r315 -7285 -16036 26613 -33103 11052 61491 -21353 7287 -46004 7114 28037 -25279 22119 -63103 11110 59105 47366 41769 -26765 -33036
r316 -92 17537 -52100 -60069 -34135 -4501 -38819 30943 32924 20162 -20514 718 23172 59063 26195 41847 19635 -7371 -25376 46218
r317 -49628 36922 47658 -12488 43595 26895 12319 -48307 -43904 -33123 5689 -29914 22026 25018 28452 45441 39794 -307 -22730 11343
r318 62621 -40457 14256 49626 -14184 -18041 -1141 -28021 19169 17959 32730 39779 -5040 46713 14156 -836 -38346 10202 -42996 65505
r319 5056 -16823 -10843 -45181 -40758 -26233 48724 -33803 -8193 54651 -2063 1453 -50760 23082 -49300 -31652 -45888 40691 -46451 4238
r320 -60882 14156 42816 -50280 -56985 590 -56611 12234 19730 28675 -25 -47525 -63280 26352 18295 58690 -34877 -41096 -38295 20236
r321 -50435 41319 -58149 -14006 -37072 -55612 -21002 53031 11899 -13455 -13344 60019 20137 -37877 22261 -9129 1494 -2716 -63694 -6159
r322 -37022 -10993 -15880 36148 51435 28574 14593 37276 56864 -34268 -37349 -23654 52401 22604 -54303 -1897 18193 -44587 -42741 26881
r323 -6186 -47204 63436 50550 10605 -57430 -5502 16443 -7297 -40648 -54996 -20818 13620 -10788 63792 44860 -53142 -50715 2644 -27579
r324 23280 -58239 30673 -5439 29867 28299 -2869 40807 3464 -60611 -14872 24997 58994 16468 43930 -3746 54855 -30807 -24518 22440
r325 43683 -41512 -28972 -33335 -56862 12152 33514 -20496 -44087 7029 -55545 -41675 19766 23473 54741 -53952 -61528 64987 -10447 -59958
r326 -2905 -9730 31943 4601 -13472 -1596 50257 -43970 -26149 39944 -6175 61735 -62905 59963 -36070 58019 52773 35542 23346 -49469
r327 -64841 33967 -61978 59974 -29759 11656 -14537 -16101 -26140 -40678 -28376 -30873 44239 -38621 -55585 37657 24552 20893 -22924 -58045
r328 53100 12854 -52055 -55829 989 -6486 -29964 17591 -9674 -17126 20735 -65370 -31931 -32227 11885 -25945 11305 -35558 19368 -43083
r329 61947 -19732 7444 48111 934 44130 60457 -62493 21883 13615 63950 -63632 12270 -55941 -10107 39660 38776 3450 -63550 63845
r330 40871 432 -23422 23886 -60291 14384 -37386 10196 -6647 -39352 -31229 -8283 20790 -6024 21245 -42256 -8474 -22379 47498 63847
r331 -31936 46093 47481 -51305 -36394 64010 4603 -31788 -41111 37317 59880 -42328 10829 -51348 14267 -15492 57789 -51325 45014 24421
r332 43183 -48701 35579 11656 56221 -12248 64363 25282 42927 -16569 11149 7361 -60021 -9677 64673 -57247 -32715 60520 52833 -27872
r333 16615 55768 38999 -48594 42291 29415 -44466 -36659 4943 -48371 19807 -41187 15158 13142 -32237 64089 -27646 17219 -63974 -13726
r334 39326 -45695 -5287 19262 54167 12955 56655 5909 19438 -50540 -2944 -58540 43793 -22988 -64800 20365 -62645 40466 -23330 -64015
r335 -38638 -61556 16631 -35272 -16716 33195 38953 -7778 -55254 -11876 -5726 23366 52407 36080 -11200 -8555 -7716 -7408 -9057 16737
r336 10564 -52385 9940 55595 48366 44859 44926 41603 24645 38967 628 -33824 -14922 23003 -61880 21096 54477 40532 -51225 -26529
r337 12635 -29786 63796 51863 537 -1799 -7100 59206 -47973 -40323 17205 -16745 26321 28302 13133 -32477 -48451 -64081 22788 13133
r338 52710 241 60747 29024 -1621 -6404 -7343 -18649 61235 4168 -45609 -44746 -11853 5829 43976 -20714 49346 64900 -55801 18393
r339 49747 35352 -15902 -33277 -34223 33657 -13779 27918 20532 15042 -64754 -53221 -28482 41928 59433 -16741 62021 25913 -6588 -46492
r340 -63026 26805 -2635 -59043 59158 42790 7803 -28086 -21504 37349 -28204 26185 35374 16860 37397 -27441 -6826 -59049 -46203 -40518
r341 -8209 -28777 46163 -21321 -17166 16826 16790 22661 7342 -64441 -15022 7973 -41643 46668 46591 57133 43963 396 -4463 34310
r342 -53409 39790 44757 -10786 -49557 21154 14595 56207 -33401 -27216 -22288 51142 52050 -4397 40249 8381 7463 15628 -17737 43007
r343 -14079 -54309 46465 -55012 -24383 -65372 -60177 574 21671 -50270 54150 -63284 8844 19396 -48852 55769 -52065 -54786 -26430 -22007
r344 -44803 1385 47546 8270 64754 -45328 52894 23854 43009 17787 22738 42183 42618 -62316 -62292 33146 -45796 -28908 48189 65325
r345 -20025 -9691 65273 -11652 61383 -44137 -26021 45665 25035 -6182 51736 33986 57126 56636 -58718 -37612 37670 -39461 -3667 -926
r346 53727 50714 -39644 37207 35057 -49536 -23869 3072 63596 53273 -44294 42087 -764 65523 4436 -22387 -32693 37182 64351 -65460
r347 33417 18078 -39512 -44523 16862 -37242 -293 -10130 65331 29803 59576 -63233 -44098 -58841 46331 26392 -25299 51465 6786 -50508
r348 -46229 46644 30386 -50180 -59565 -35081 -60029 26172 -55424 1962 38033 37927 -23110 -39634 62625 29774 -14418 2443 55979 6515
r349 24218 52800 10541 -49181 32498 47782 59510 -52900 47849 32077 15168 -9143 55433 -27983 6591 6892 -39691 -60914 -24161 -38595
r350 46088 -59443 2592 -29583 50521 -12260 -54124 -45055 43323 -18656 5550 61524 -22610 -42573 40877 18747 -14422 63306 -13250 26015
r351 51584 1286 -57708 -14805 33765 -14763 -36851 21593 11646 61574 64219 -44407 20580 5537 -1563 -47266 35248 -31911 -61877 48660
r352 -18726 -54042 61300 9582 -61416 62103 31961 -59550 56926 -22946 41801 -63370 60793 -2824 -12520 -44756 -18163 39888 -40101 -50003
r353 49438 -54374 -31627 2048 38625 47711 -36474 -32617 -45184 8548 42536 28270 55460 15643 60023 -62129 -64772 -15960 -48465 -58025
r354 4282 30431 21982 -48331 13204 3299 24372 23759 46313 -31400 5921 -16543 -6687 58189 -56371 -35343 -6873 52363 20313 44702
r355 24752 13594 -57896 29647 43153 50110 14352 -1607 716 6388 -13097 20088 -40645 -34588 -51704 38642 47865 -61907 -19497 4179
r356 20912 -57371 56581 31048 41456 -54936 -2723 19494 30726 -24765 54132 -64975 60520 -20454 -539 63577 -24625 -54531 -2844 53099
r357 -43651 62123 41209 52789 -885 60558 -28415 45677 11347 52174 23824 2935 6503 47925 55479 54883 -752 58184 -41259 54275
r358 -18057 51764 48357 13454 34487 63673 22062 -53730 8406 48391 -10959 -45040 -51664 -20291 -23335 -774 -11728 -13785 -8626 20688
r359 -37764 37272 20094 -15051 15671 55948 32791 -11491 3526 -63926 52877 10848 26145 4626 49779 -63317 48767 -11759 -31022 -57327
r360 -49931 -52186 2770 13838 28926 -33017 -55737 53589 3841 -57228 26832 -41582 -57047 -22558 65505 19001 -26455 -42535 -23431 -52524
r361 22189 47113 47418 4638 30651 58289 -10942 10006 -20772 12650 12624 -13486 -62381 -10082 -41733 44693 -61562 36252 -59361 51174
r362 6404 -17593 -24334 -43844 47144 35187 -5176 5126 50057 -3212 5295 -59962 58653 -19723 -35678 -34476 32747 -31878 16644 53110
r363 -59407 -4637 14626 -27465 -42343 36541 -64017 -5193 63060 -17102 -38792 18091 51695 -10426 -54308 -38928 -29634 41251 20558 -3596
r364 -6602 -28899 -23557 49103 -829 -60326 12288 65050 -9365 -19974 -51351 -5582 15083 -11769 34662 43918 25775 -58105 41432 -15758
r365 -59302 41478 51628 49052 -37711 -23609 -48060 -23702 -32504 -40598 -21890 -60472 -43397 -23329 23954 -21103 -65162 26994 -34969 60616
r366 -6324 63029 22588 47445 16320 -43382 -55960 -34762 -43105 -14679 -59486 59328 -3109 15783 23636 41566 45403 -56350 41355 32116
r367 43549 34173 45361 65170 -42818 -12192 62060 34161 22772 33948 -54896 -54108 37652 -51763 -34199 -59325 19153 30169 -48185 -18835
r368 22052 53242 48986 62440 36353 -58062 26743 -13438 -40472 -23928 -25126 -32785 -45526 36185 10099 22166 65241 -11988 -15580 -60226
r369 -25482 -47205 41426 13032 34080 -27010 -52063 50873 -56851 -33176 64416 -39098 -16632 -33052 -36390 47141 18578 48775 -26530 3855
r370 63736 -33256 -61092 -12391 -7279 -28363 44556 -22074 -22286 9489 -7625 -53364 -55241 -56137 3285 -41216 23818 8245 16811 2502
r371 -8933 -29832 -50015 -21207 -28942 5408 57095 24141 -61159 47513 63731 -7451 30839 -4864 58551 -50538 50297 19560 -25720 -8577
r372 -28210 -45185 -64734 -8803 -63084 -48321 -56867 -60923 -55587 -56395 -32462 45803 -64199 -55388 47825 -55960 61354 53040 -53320 -17329
r373 26504 -46229 -9185 -41970 61163 -26473 -33632 44422 -16920 -24871 -22275 34591 63002 -26595 -41814 7142 -48824 -5623 37257 -58322
r374 26577 14246 37653 64698 45299 629 16946 26812 21412 -26933 9636 35541 -2928 -6974 -56036 -53074 -34213 -62118 51725 -19248
r375 57279 61708 -3693 -12159 3740 -14200 -33188 21162 14983 39197 -8888 41051 -45768 -30820 51069 -19445 -30867 -49629 -60469 5925
r376 37634 -7291 -52625 15507 33703 -14443 -12106 60226 -20036 -61863 38845 49684 38921 43545 -46808 7353 -5823 -6597 34932 270
r377 26876 -39015 52701 35873 -12369 -34765 -49351 -31450 -54853 -6918 -54940 -63489 29934 -10891 53996 38021 41290 21271 -48018 -45891
r378 52652 -47126 -14446 1223 51102 53814 -1664 1134 -50478 -6582 16011 -18700 -38765 -50638 -21757 48278 -2298 53954 22181 10318
r379 -9090 1074 39346 -40751 54896 37577 -13470 5981 -9608 12992 11309 43608 45439 40814 38276 -29826 19693 -57960 -41803 -58660
r380 -27264 -33479 26639 -9188 26214 25276 31954 30664 16606 -24018 -24843 -11459 -48756 2555 -62863 47730 13662 32891 5877 29350
r381 -52887 6614 13024 -5261 -45849 57365 -17939 3266 5775 -46932 -40011 -58544 -53217 8907 -60105 4047 844 41015 59139 -15796
r382 -35102 -51747 -50102 63665 22367 -46781 3382 5328 -38873 -31058 -61946 45263 -11911 42771 8093 14489 -48193 -52309 33359 -925
r383 -27808 -50768 36886 37944 14913 64870 -2348 28343 44571 -47842 -544 28389 -6175 -13424 20036 13475 13398 -63721 33018 -393
r384 -21235 5580 -3073 -43814 43576 62367 31619 -46512 13379 -31102 6027 -44920 -56335 51829 -22188 -13043 -22769 -40691 25383 40739
r385 -13755 -9555 -36472 11258 51069 -48423 -52393 28286 32872 -23524 16908 -45039 28524 -9557 64780 -9408 -20791 42822 14594 59410
r386 34062 -21583 64202 52552 11628 2352 53066 27250 42868 -10821 25926 -45219 -18699 61937 21659 5609 -38885 59486 7732 -32044
r387 60712 12608 61785 48696 45986 42185 -63671 -56315 58735 29151 7447 -49778 14319 -48213 -6060 18131 45211 -20588 -6056 -42294
r388 26787 47005 52249 -29537 -20708 -43709 23308 -2877 17348 40871 81 5375 -108 10661 5794 2829 46345 -61606 49995 13992
r389 -8185 -59308 59715 43822 -39376 26209 44200 -1492 -28025 -34737 64193 -23876 -32200 -55496 -33283 22763 52379 -36072 -30463 48758
r390 -47979 10814 -26916 -8823 -36561 -18401 -43080 39319 37036 35198 -20062 49554 55360 -11812 5570 -34998 25735 62946 43916 11851
r391 53183 60546 -45592 35761 -30973 -55445 49429 52242 -59301 -38533 -6876 60551 23538 -26504 -10424 60811 -34171 -12901 -59729 -41937
r392 -52706 33138 64963 -63138 -8244 -52770 -6480 -33238 5720 12372 19225 -1979 47528 -10702 13847 -42561 -26081 -58739 -8615 -41076
r393 -17141 -45697 -1944 -53985 -42111 -58854 -54671 -42484 18945 43852 7348 -47971 20204 26187 -61735 -33706 56476 -24356 -39007 40707
r394 -41658 -37359 59288 60467 -43777 59989 -35721 -13170 27831 1959 56893 -28238 19854 24893 27239 -22616 14035 53536 12342 -23933
r395 -27377 29789 33300 35101 -8907 59480 -7986 -35673 -57588 -1937 -56832 59143 54575 15595 -45499 51078 -55932 -54198 36604 -25335
r396 547 -44393 -42969 -15421 -2157 -14924 53039 19422 40526 -41396 -12616 22463 36561 57494 -47820 -49150 861 -33883 -51342 -11174
r397 49592 -17483 -45678 65157 4227 -23801 12594 -10714 -8635 -7705 24680 -786 21154 58641 -7344 5118 24736 -6964 34346 31914
r398 16794 5124 -57362 11032 -22586 60711 -21128 32099 -37908 58637 26366 -50628 -34415 -12841 -61394 54177 36045 -43208 -41872 64344
r399 -5675 -44461 21280 -15331 -14316 42826 -54924 21184 37281 -23007 42196 -1670 45819 23512 -15742 19518 -7887 -54486 -12850 -19581
r400 -36900 55310 28859 60643 45157 -26659 35246 23846 16339 21120 -30223 1880 2580 -10099 33181 -28329 63756 -62464 -6666 57928
r401 -5285 -12010 34701 -9513 -52859 55748 -47455 22074 13391 31280 15716 55520 4617 25525 -3048 -34618 326 13813 -36108 -27823
r402 -49548 -40015 57028 -1520 42447 -25852 18071 39696 22 -3390 25869 55061 53081 -63006 65471 -46065 -43723 7205 -34416 -2190
r403 -36842 17976 36672 -44773 21127 38687 -19956 -60466 -54871 16836 28528 -25035 32413 -4420 -12794 23244 48186 -64066 -47226 52683
r404 -18 -19818 -7064 -36065 -17811 51311 21449 -60374 55281 -11688 -58058 8579 46904 19811 65223 56922 -47950 -25781 -62335 -20027
r405 -1852 -56862 43633 27883 -33793 -4376 4822 -50885 -5256 39307 6164 27612 42133 58313 4208 8851 -56758 47419 -12210 -15321
r406 52252 4920 49181 -43282 13018 -43507 30383 -19993 -64297 -3404 41481 -13456 19844 -16551 -47843 -20429 62422 63685 6285 32466
r407 -2232 1669 18396 -64870 -19826 59286 31190 22951 24681 -43131 5761 -35562 -23709 35679 48076 65435 8164 -41912 -9357 13706
r408 9523 50756 32030 32606 -42740 51487 16408 17134 -19397 -12387 -59272 59474 64514 28 -16622 4342 -21098 -63804 -57131 -33367
r409 52628 -47950 24527 47592 14849 -21413 -51927 -43758 -47267 18541 44650 -57112 -47883 -54683 -36292 45654 1952 35799 51381 -37682
r410 41613 47955 41189 -48231 -3889 24025 -27306 -50796 -38599 -51933 9698 -21534 48611 -61475 21147 -59174 -30328 -51097 53987 -51229
r411 -42759 48765 -16507 -14067 -16074 32630 -38251 -32832 -63525 53208 18763 -34752 29957 5438 25368 24315 -18841 20232 -58772 47709
r412 -46609 -59983 -26249 -30932 -6402 6250 -4185 -12383 -15776 50460 60011 14200 7212 -38550 11799 56917 13960 24107 31279 9867
r413 -7851 -14373 29511 56639 43761 -36013 -21639 36722 44579 -39213 25668 -35260 -24387 -39056 19571 -56262 -54001 -37055 31328 -25899
r414 49251 -9978 -26080 -23883 -14918 3080 50144 21436 32620 6883 35389 -13711 41191 46208 -47593 57399 1204 -9798 3138 63463
r415 -11286 -117 33465 58405 -17904 -64470 40851 -23398 12811 54649 2297 -8076 -37433 -32648 -59722 -7704 -26765 26403 -51605 -30795
r416 61087 -17844 -41430 -65179 -35509 45412 60224 46234 17656 -1735 -46804 -24048 39095 -8705 55490 57264 11743 3761 -8500 42859
r417 -34525 15321 15212 -52234 36216 -7157 -39964 -18464 -24676 23551 -18425 -54078 53625 -40007 -25584 225 58542 9326 -61030 -29703
r418 65201 -49072 -60785 56491 -48144 29106 -34159 -64619 -15109 64148 -17946 51665 -21355 -19921 15021 -37196 -44986 -64310 22502 38748
r419 43925 36796 -15878 -18147 61550 8491 36736 -26530 -2557 51508 24415 -23698 38310 -29530 -10110 20509 -24156 -36351 21000 7153
r420 17057 2018 -29740 53674 40868 14593 -15674 -46167 30271 -54011 -34257 -44456 -38630 -9736 -9619 4002 40602 -39104 -49947 -59704
r421 55637 -56150 -52291 28386 -59728 37334 25308 64571 25212 41827 -7415 -37316 -59269 23982 41238 -3582 19011 -46130 -43243 -53373
r422 35996 54015 -29682 -43715 46833 -42825 32899 65243 -16185 24410 -1806 30824 -35794 -63605 -835 -40470 -44270 10389 53413 -46787
r423 51657 -5779 -60263 5787 37782 60760 59315 -40284 -34131 -4756 -19736 -48672 22251 55084 -52380 33207 -54845 -26643 19874 15872
r424 8588 22305 42741 -9354 7795 -21993 -11245 36266 49337 -36737 -33566 -31787 58558 -20570 -41143 -56753 -37781 1789 59252 61697
r425 309 -45609 -56969 -17271 -44198 -56239 -25924 -55340 14885 -26070 -34744 61316 -41973 10359 3974 -62414 -34323 15863 -4157 18758
r426 -6225 4911 -21212 1230 -43782 -8066 -8320 21186 -40161 51886 -27196 22419 -50628 -32518 -6786 21645 -64771 64894 -51867 32833
r427 14028 -65067 1458 -4693 -62951 30929 1353 63238 47277 -15874 -47229 17383 -21518 -8574 -59383 -50453 -61586 63429 36345 -2997
r428 -63464 -30655 -19307 63479 -62889 22088 -30156 29841 -14912 39906 -29567 -9780 64476 -23545 13139 -53977 24306 13205 -53353 46367
r429 -64387 23149 -55852 -57009 26641 30325 -45304 53044 12117 5315 22525 -3156 -16117 -54725 51360 -6439 7975 -62515 24257 -21733
r430 25090 -17873 18310 36427 -37101 3818 -32903 54162 61598 31916 -62949 15129 -36534 -34503 12536 51345 -19948 37997 -21237 -19223
r431 -14207 -58964 -55109 62732 58357 -19799 52154 -34656 1253 -29823 -157 -22509 14306 25726 21428 9094 -45879 -36395 -38670 43708
r432 -20332 36998 7953 -14174 -41707 -4172 38653 -9601 -25365 37810 -54743 -12188 -10676 -11986 37862 53636 14050 14707 -9657 3240
r433 -37762 54780 -14199 -26499 -40816 -29124 -49274 63714 -20548 45209 -65511 -44482 -36457 30222 -40353 -12393 -24847 -13709 -17103 8437
r434 21840 -11205 11452 -36541 61333 35060 -57703 65161 -62775 10929 5745 -7240 -21229 55044 -55887 57869 45922 60594 -56348 -403
r435 56842 19109 -40271 14536 2935 -10645 43493 59344 -4181 -14138 24705 61616 -64896 -23791 4061 -16238 40670 44249 2844 19682
r436 47731 -29709 -19981 43574 -59791 -34529 -54691 -48389 -4505 15841 -60188 -55975 25477 -7228 32228 -15116 -61048 28603 -58127 22467
r437 53537 28101 23570 -7396 46510 -38725 -35870 38354 -9471 -24781 -63876 -45974 5579 -59563 -1114 -15701 -42584 63897 -16359 -38800
r438 -8467 -59806 53519 15853 -52213 -53720 -47161 -57857 34191 -7173 1758 47669 -38741 30190 13438 43954 12793 -22008 -38146 42705
r439 -25540 12196 -18203 52840 -48072 -34444 8610 -45634 18182 35421 -57953 -52118 -60386 -5442 55537 -55223 -63547 24851 -26313 -50231
r440 -15608 31172 37265 55489 46005 1320 -47763 31928 -60868 -7965 -5116 -54964 1437 11368 -64628 -2027 -8760 18458 39017 -540
r441 51111 -63467 52802 -4707 42730 -64609 -19323 -48624 -2507 23933 35103 56243 -22989 40925 56018 63177 -39565 -65359 -32738 -27878
r442 61223 -53407 38696 -57441 43290 -35636 -21282 58263 -60181 -16177 -41950 -61143 -18117 18548 -50588 -32644 49922 25255 40394 63305
r443 -59723 -1983 28361 42625 62377 -52488 8200 36970 45019 43842 -34199 11973 40498 -44337 1074 -6771 17256 44716 -25817 -42148
r444 64428 -30841 39501 7259 48344 -14583 -43255 -47417 63274 40307 -25516 12559 24144 -5691 -51066 47547 47551 60251 29380 15797
r445 63079 -673 29977 -41215 -33817 -62656 -54382 63223 -59968 63565 -21966 52390 -4805 -25284 -47661 50464 54758 45013 -29473 49118
r446 -48937 64220 -38127 -15774 21036 54424 14247 60037 35812 -60169 -18398 24475 45229 15054 20227 -37425 54683 56598 -23271 32669
r447 -42605 22959 26876 -60907 11046 37177 -26063 21568 52166 -6820 8206 64930 -28020 -26448 -51116 -1090 24439 52557 -20526 -52538
r448 -8893 -19937 -54718 -21472 -29021 32214 31256 32733 44514 -27022 35486 35013 -48663 -64708 -6296 53593 -60948 -45514 -43073 -6714
r449 11317 51825 49334 26015 13697 -3570 26339 42110 27905 2354 49852 31484 -47205 -53424 50645 -21598 39517 42273 -62453 -60041
r450 35706 27089 -15968 11185 10920 -43800 -22781 -12374 29485 -34973 -64449 -11265 -10763 -57873 25962 49244 41839 -52572 -45208 29407
r451 -41136 46017 -1830 -14137 3179 51641 -38770 -25232 1300 49591 -52859 52616 -153 55784 61726 -46597 41185 28928 -55847 60832
r452 -31047 5603 -54345 -23026 -22263 45440 -24326 53656 -45482 -23169 -58675 60825 -48699 -26012 -35023 -19463 -37426 1516 45332 -6949
r453 -33676 -52445 6640 45328 -22075 -51744 26451 -25638 48071 32782 15189 -3292 17521 -38979 18753 -24952 -53496 44695 40931 47916
r454 -9039 73 -4796 -32882 37157 11190 39538 37513 37519 64812 -21188 45262 12056 -27846 39628 14862 -17934 -50386 16686 25113
r455 -54065 20389 -11140 20716 10777 9129 -41506 35439 -35956 -50474 26229 21610 38361 3278 -32033 59536 58307 -30667 -49047 -33286
r456 -33341 -24095 -35343 -3744 49406 -6313 -18838 -1621 -64924 48407 -61236 28354 52986 -44180 10905 23521 35355 -46912 -21705 -43911
r457 46058 -51245 -39740 41110 47924 14165 -50444 -21493 -58273 -40941 48209 -4724 -13622 -8224 24269 1043 26424 -21439 -35862 21601
r458 -52691 5022 -64655 -36626 45120 10053 59641 -46551 58219 -161 8106 12826 -64006 -51997 -52314 17542 -48147 6308 43470 15910
r459 35815 37504 16323 -22426 -12732 -555 21396 37619 -31837 59420 30033 51875 -31726 18181 11435 -19050 46377 -41147 -35042 -15351
r460 -42359 46993 -5984 12157 38468 18137 64115 11622 17937 7381 57759 -42705 -4533 -10264 37958 -3616 -40893 -60443 29931 35347
r461 -22078 -5023 -1935 -64870 33825 55124 -20659 42466 29080 -18135 -62044 -22690 -14745 44202 -54204 -50285 -45305 -64293 4622 -872
r462 -40813 -11969 -13760 43210 15730 -56242 -39981 59599 -11177 -64457 44310 4800 47010 -62956 37801 534 -46170 64989 40123 40229
r463 481 -3481 -57977 11565 -52926 -30228 49964 -63017 -35847 4927 53028 40653 21192 19768 6537 -8949 -21297 -1192 -3772 -25126
r464 31857 -54749 -8106 -60878 12290 60182 -40645 61608 -59473 4590 -24624 -4319 -27692 50364 18041 14000 26017 21808 32135 8446
r465 24744 -17125 -35641 -6240 -50273 -10687 -37196 45006 57940 -46319 -25645 14612 -18597 63746 55354 -35776 8311 10124 -37065 10428
r466 12823 -62989 -40181 -49757 -5270 -22171 -51818 9916 3720 -59006 29150 4669 26283 11879 -20893 -50425 -24885 9337 -23498 6354
r467 -56353 39316 -18667 -40444 -13896 57916 -51276 -331 18046 51380 -9260 -9764 -64017 -14566 -25635 32346 -37342 55021 10578 50204
r468 -17183 -18189 13870 64709 -57542 -59138 -40831 59414 -1636 -42871 -36419 37000 40215 30469 24498 -18001 21557 -35416 45344 20150
r469 8741 35610 -49878 743 57689 18055 -27301 -8556 21516 -48505 15446 -53202 -50550 15724 -17498 -48405 27964 -4347 -61960 11652
r470 -61272 -57504 39296 16621 -20886 56936 15947 -22105 -46114 -44908 44715 -47753 2995 58640 -7959 14708 39423 59761 -31731 -52337
r471 29524 60322 -49100 20438 51654 -61895 48552 -53990 39164 -22807 1429 49910 32691 -12801 17438 -37097 29191 7073 39661 48596
r472 -25547 -18868 22706 10916 -40700 20473 25738 -79 -34206 44746 -39472 -17500 54336 -3737 33295 39796 -858 9509 -20999 64317
r473 -26020 59043 19736 60037 -7905 44677 42727 -42710 -25698 23374 22779 17020 -6508 53492 6795 26505 -64428 15067 -22895 -42111
r474 39708 57093 28610 -1925 -25900 28435 -6354 54449 44200 -64984 -56947 1354 32270 -24526 -14248 60029 -35330 13160 2702 -52266
r475 -8802 -38905 10119 -8406 -44874 43679 -55941 -25461 61448 23619 35481 -18450 44915 23524 53926 -14922 -32540 -52815 -61807 20727
r476 -38146 48707 44073 34921 65213 -667 -722 -59984 46948 -58047 -32997 -14192 25856 48456 -54740 -29224 -19158 -31282 -53804 -27441
r477 21663 16375 -51640 -13020 -29455 -54522 -30728 -17578 55643 40103 12671 -37940 -51945 2500 -52375 3402 -17560 22725 40202 -1269
r478 -63886 61380 43453 -14433 32596 -55205 8798 38257 -19233 -6011 -12158 29062 -55607 16538 27347 -26203 -56728 60086 59260 6090
r479 9962 -36777 6678 -55884 -29684 50143 24300 -57151 6501 -36809 -28296 45542 -46142 63095 -51916 2763 -15084 18264 55818 34712
r480 -57561 25989 52937 34067 28214 -41310 -34790 -16161 -9697 -24258 17094 19056 -11886 11862 40265 59743 -20958 -54751 4853 -11471
r481 -21148 47485 -33745 -58874 7198 -11490 -48287 -17110 -15570 -45808 32633 57199 -16166 55586 19547 -59489 -37417 -4610 -1566 17212
r482 6140 -6614 -55770 -39881 58848 55052 -1721 40126 19123 11726 -13922 33149 48677 -29787 59790 52407 47303 22061 45681 45913
r483 -29002 -53716 34563 16590 -37500 -54266 -58237 24225 -8417 48565 44170 -5728 -33590 -15495 -29851 58999 17771 53446 10806 13608
r484 -20106 62847 63548 -20218 -54381 6188 14348 12853 3737 -39407 -23803 -16337 33984 -55398 34429 17013 50709 61957 6725 65458
r485 62294 -62929 -3145 33195 54981 33960 -50281 -8763 -28787 54197 41767 39525 -1084 29256 -46323 1071 18344 48035 -51161 57354
r486 55245 41440 -33887 -20530 29731 55108 10480 7523 -7707 -58054 -57256 11705 -61329 10557 49658 10515 -22731 56054 -37948 25043
r487 -4540 -58204 -38558 58318 -49869 -56890 44530 62527 -54939 -64822 -48054 -8105 3834 -48719 33701 -46299 51290 2978 -43216 766
r488 -59769 6703 15762 12173 56700 -57991 -53542 -30659 -37409 20377 31009 -48712 -63918 36192 59787 30114 63544 -36593 49045 -33964
r489 -13414 65314 -17564 -11085 23121 -29291 -49453 23517 -59642 -30644 26867 -57273 44132 49006 -41042 21163 48676 21839 -20197 11345
r490 -14582 -6385 -44265 -30974 35065 32301 -38557 -25876 -59961 -57999 61354 -42739 -61939 33251 53244 6967 -54844 5991 60152 35790
r491 29813 -65453 -50129 48780 -27155 12133 31626 21602 -17375 -11990 51518 -62937 -51469 55163 54281 60362 -39174 57373 35494 62124
r492 -47456 44366 18941 8910 27588 10636 -8667 -26626 8248 54979 -342 -60113 33246 -62785 -39821 13372 -22752 38860 -2816 557
r493 -16328 41242 -26388 25518 -8081 57378 -62383 13234 4691 56836 47966 35176 21320 28448 18286 48991 34076 5991 -23400 -13940
r494 55391 -16732 -19681 60501 -42470 53249 45733 -9648 -14243 35181 -56895 10669 -22782 9869 26143 4026 -59136 -43914 40723 -61487
r495 -261 -7834 48315 4646 45973 -39008 30529 2484 3511 -15604 58852 -61516 -47455 34927 27639 -26660 31808 46422 1323 -30359
r496 15079 8682 53262 1095 -35009 -8147 -25123 54721 54041 55751 42670 -39626 23484 -21609 -64196 57400 24839 25344 26357 6293
r497 -33461 -5453 13834 14566 17154 9076 56692 4046 -15170 -31878 -923 52029 56949 -53364 586 27312 -48799 57657 28731 -26953
r498 23258 -53082 -4360 51367 -65529 59186 33530 -8193 -27526 19123 -58661 39646 46756 -23497 -57871 -51377 28960 28655 -11881 -58016
r499 58108 -52518 10198 46911 -7000 -30862 -42184 10199 132 -35582 6002 60144 -26747 -19070 -59608 -6502 -13208 -57123 4309 63846
