mTable46 21
KEY  c0 c1 c2 c3 c4 c5 c6 c7 c8 c9 c10 c11 c12 c13 c14 c15 c16 c17 c18 c19
r0 -13729 23075 -15211 51288 51348 -55409 -24144 -64266 2707 63955 -40695 -8108 33470 -64649 54890 -18838 -55808 52273 31626 5173
r1 19144 -48160 36670 40615 60450 38133 50125 55536 -16488 -62606 53486 -37794 -27700 -36690 -22693 32716 63479 -35579 -7714 -40710
r2 7836 -32574 -4315 46257 53182 -29108 59458 63740 32275 33497 11063 34425 -6032 -17308 -36850 15970 29654 -26940 -10057 65389
r3 13132 18069 45963 61657 38022 12839 -14181 -49916 -35242 11575 -36894 37701 35180 -29320 -7558 -28019 65229 2531 65265 44547
r4 -59182 54395 -58810 -39935 34504 -55700 -52192 -63198 49039 52081 -12446 -42317 37166 -32234 -12112 25130 9480 19648 7671 -62791
r5 -37667 -10521 22502 55855 37253 -6888 27941 -20589 41513 -40374 23441 -17007 57371 -65079 -44298 -5967 -26002 48057 13988 13542
r6 54827 28399 53933 41653 15381 -21943 -4351 -19761 598 64141 42378 32425 -47731 -58433 -22780 -54247 30031 21260 -43954 -29450
r7 -37243 63382 45706 -26596 23681 28000 48173 52269 -34436 -47125 -40792 23705 -50432 17863 -49516 35914 -52369 -46384 -3762 -25339
r8 49421 44251 -43836 6660 -16945 -1230 43197 -9755 2294 47633 -50161 -34408 -25038 58923 -56667 -49949 -6443 -41819 60193 8599
r9 -12142 -29958 5406 -12868 -29842 16292 -59228 -5318 -14868 -30355 -25186 48725 -33812 34640 -41996 10908 -33910 -62665 -46595 -16360
r10 -55343 60549 44974 -12412 6027 -23512 -11453 33309 -19877 10961 -53092 -28751 -39077 58582 -31736 46567 -19854 26311 47545 26591
r11 -22244 -27355 -25895 -9725 9844 45191 -50921 8174 -22075 -10794 9585 12955 13925 29160 12445 19083 -14024 47632 61274 -16171
r12 -37847 65177 -53781 -57301 15967 -19789 858 -3574 52685 47777 -64641 -24976 -4446 24895 -43146 -21367 -57282 55189 51339 41653
r13 -38640 21292 -6861 -22011 17129 41055 7639 52850 -26935 24065 62410 56111 15433 63831 -58013 -22176 31959 -12228 -53845 21638
r14 -35691 -49613 25465 -59887 -12883 -45721 55089 1517 13754 48236 10773 -63362 33348 38084 57539 26652 62891 62975 -46419 45640
r15 29222 -34613 5261 -46571 -54115 61710 -50177 -4865 52558 60529 -39796 -22936 -65450 -52521 -13072 -29010 56756 19962 5590 -46865
r16 -42822 -3999 -54845 -50183 -50818 -15431 33828 37894 -10905 7272 43915 -33933 -63825 47500 -8403 54891 -63759 -15022 -26030 55795
r17 -27770 29786 -43932 -4420 37205 -6271 -38703 42772 26902 -54013 61190 34023 37728 57637 14625 9189 -7875 52786 32092 -36148
r18 -42100 1743 -41942 -60834 -13189 52895 44118 -30290 -13827 12108 -14218 27211 62404 8209 28308 -13572 -32397 19913 55075 31289
r19 -10335 22429 -39918 33079 29362 -63999 -16450 -6929 14565 -10863 30999 36719 14755 29856 36263 27842 14430 -24348 -11639 57931
r20 -31505 32112 51840 -40143 -61345 -14176 9293 -32267 49653 -28082 -44833 13692 29169 -2909 -38731 46539 -23420 3477 29912 65522
r21 -56535 40640 -48682 33335 -31710 18913 13992 -7501 7058 -21493 9438 63882 49300 20322 19990 13884 39159 -13999 -20963 30663
r22 -30101 61200 -58136 -4505 64196 39345 -64891 -1881 62755 279 40480 51093 -54267 -61346 -41343 -16018 -22984 31968 -6129 11018
r23 -30781 41666 -13468 -53213 -48032 -30678 -12131 64909 -41449 49749 -35331 11723 -47105 -43919 -47773 -17931 18834 -49358 -38081 -34549
r24 -24236 53022 -25639 -61003 62837 40899 -60562 13648 -33666 -58534 13490 -56979 51074 51814 -11381 -2236 38017 -61645 29842 -21107
r25 62727 53951 43743 -64145 40454 -42524 52910 57815 -55975 -6188 49361 20080 -34258 36362 -43018 11424 -60829 30962 -49933 -21136
r26 33216 20014 -4148 17768 -41944 -35648 52331 14439 34916 -42968 -191 -27369 6988 39975 7079 15922 24076 -52049 -4703 22619
r27 29995 8681 52205 -29119 -53437 36471 -39350 24225 34651 -45736 23064 -8660 -51763 60352 -23218 -59639 -36980 -21682 -61025 -1783
r28 -47985 -36080 -53970 33817 -29788 36518 -41929 -10199 48678 41691 -61802 17421 42715 26506 51522 26542 -32952 -800 54281 50329
r29 -27576 37085 19630 -26380 16957 50752 -23979 3195 -64149 56816 -45825 -14316 -56285 -5677 -40964 46517 38227 31735 36907 -11821
r30 44088 -15670 -50735 -6115 -45415 -56799 -43541 -55122 52803 42460 -5987 -44867 49034 -33222 35272 -35916 -15342 -44196 51694 -55993
r31 -29054 56841 29310 -20745 12370 54496 -50864 27316 13285 -42982 52540 -36637 -62160 44257 19346 45778 -63763 -43043 -33146 42883
r32 -32818 -11923 -34697 -43785 -20789 -43430 54017 -21543 -47726 -28107 12608 956 36067 -42863 27324 27414 49176 45232 -3254 -24017
r33 58476 -8557 57894 10622 -2398 -35207 -39878 -53362 -44855 -47900 25242 9322 -63604 -25653 9458 29416 27813 -60791 62157 50442
r34 -7106 22197 31253 39948 50724 -29412 64147 13212 43936 -7540 18311 51659 47326 18259 -2139 28143 -1238 24277 -16125 -25677
r35 -43878 48319 12390 -56205 64584 57791 12705 62857 29598 -30925 48176 -44985 -37135 -11690 33807 22743 -57028 -1665 -22331 -42293
r36 -24223 -39545 24339 -65466 53965 33773 25420 -10677 -42530 12123 -836 48420 32796 55381 50555 -60703 -23543 50582 -42978 -31590
r37 16567 -45893 -45732 -30760 -4983 -41785 -37066 -21360 -17817 9173 10613 12775 10810 -25953 -3998 -16293 53967 -3504 -40553 -45232
r38 -39361 -24561 57654 -25615 3564 29094 32980 64188 43156 19015 -135 58373 48566 -30305 29672 44659 -9185 -33895 43811 -41345
r39 62847 33755 56059 22698 41582 22549 -48169 -11705 -29319 60028 -7964 -9983 -4023 14909 15529 -45431 23412 -20097 -60206 13005
r40 -40958 -23010 16057 1079 -25292 -64306 43383 22969 10008 17111 50917 30254 8907 51910 -30286 -32000 -57630 -33354 -37850 -34517
r41 -25246 57960 -10465 -7609 -530 -10019 14410 -53108 -27149 30282 -62313 46823 38004 -54663 -49726 33801 -5881 -65365 -42050 19813
r42 7415 19818 1487 5064 -35702 56065 -18320 60881 -4282 -23675 -22248 39085 -9521 -59534 -6839 -61432 64911 36131 -47860 19844
r43 31354 -3856 35216 55574 -53149 24020 -18484 26124 60833 13297 22044 -40930 -25296 61609 13535 -56883 -18735 51646 34738 -5540
r44 -21656 7466 -41006 -10092 -17547 7021 63830 53126 3880 49645 49836 49269 -62724 -62984 -17886 56967 9573 -61980 -9504 59047
r45 25793 14188 4886 17919 -15785 -18706 -33734 15101 -45415 30826 12198 59337 62128 -35070 -43480 62137 25540 7341 36507 -4543
r46 -8299 45387 58812 -10561 61040 -48674 -57479 3496 22624 -52952 -14984 11660 26644 -41335 -4214 52836 -38524 -49169 60216 52013
r47 52509 -30881 40392 32150 7872 -36696 15020 37001 -20130 54586 21509 -64034 57153 -32255 -42120 -18991 -46244 -20483 -51069 18479
r48 36539 -11111 -44324 55525 -64823 29010 1760 -53698 -27106 -27856 -11207 -61868 -9084 -19369 26571 -35760 -25385 16211 15775 54369
r49 -14312 -47551 48956 19037 -57514 544 53803 7989 -4667 31567 48968 48366 53704 6265 17612 39952 56841 63616 -38305 -26954
r50 -4418 -1355 -56708 -29795 -28626 -54620 49405 623 -63899 64984 55448 50177 7972 -63157 65285 -20588 35908 8234 49916 -2565
r51 43152 -41685 33295 44968 20596 -36131 -63187 46178 -43826 -40798 -5687 51390 -65290 12191 39501 -7021 -35294 54781 4424 -64306
r52 -40303 53194 -29398 11779 -44579 -60000 -37737 -30677 -43079 29564 6669 -21428 -26558 23392 -58897 21193 -54278 -40538 -27714 -64729
r53 28592 -19582 -38525 -21523 -26510 -28304 57238 14849 58168 -59113 56586 28422 -61453 -28073 19355 31151 -63889 56360 50989 -31156
r54 -15815 -11226 5118 -44143 16057 13519 -23312 -33321 49973 54524 -45575 -29590 -4939 -62665 -63018 -32440 -39567 56485 -23554 -1941
r55 21706 60984 31092 40022 -63514 64202 -56651 18042 15714 -42263 -35272 -27750 5038 -5244 63831 63594 40245 -49221 -65381 25270
r56 43268 -63175 17032 52990 45178 -33737 -53374 -13223 -8929 31722 42409 58909 17395 -34933 -5566 25729 24811 -34227 46985 6658
r57 34515 64858 56168 32086 22820 -16494 40633 21180 -61864 -11439 45322 -50228 -36456 2916 55321 -26106 -42626 -65185 23923 6575
r58 -63554 58710 -1278 -61314 -51612 -22192 -17134 -34915 13820 -2587 17899 44688 -1316 -25108 57766 16823 62202 -52831 -43257 41303
r59 -10721 29419 -38752 26653 -59410 35233 51837 -56189 -25094 3680 -19941 24458 -5706 -62868 6126 54498 -51500 28747 19514 -63504
r60 -18389 -64842 -35110 63486 -10591 -52211 4383 17353 -22402 -52938 9547 -22041 -11532 62707 25532 54527 -5401 -5055 -48182 -63513
r61 43666 -39998 -17213 -40656 -33149 27432 -49762 -26579 49949 -30764 -64254 53145 -26939 6908 29258 -13692 -50341 18193 27685 -18590
r62 -61035 27333 23095 -2190 46319 -34525 -10627 34932 -59816 -50230 46103 14900 -47808 -39060 43936 42809 -14871 -43419 -21612 -23990
r63 12 -9302 -24375 37127 -22760 -57492 -52897 51188 -26739 -12202 -25207 -40956 61683 -37596 -10458 -38038 49805 -57245 38249 50822
r64 10789 53006 17779 15536 44838 1581 -26820 56844 20241 51653 39968 27300 -4689 987 14043 55556 -60686 61894 -30068 -25377
r65 62937 45182 60152 64104 -45054 -23514 53578 55234 -43540 50333 34558 -64641 61246 56306 62942 11732 -25145 48776 7487 -55373
r66 -26054 44417 32062 45804 -14205 -10307 -50699 -17852 -15503 11809 -32351 -10942 15940 -24919 -59374 64588 -36056 -55975 18908 -13031
r67 -26696 41254 -12895 -12863 -33377 -15898 -41227 47030 -25215 -48677 -60593 -40178 -42821 -18687 21925 -26475 21750 8140 64347 -34716
r68 -42343 35361 59654 39457 -20268 59027 -57849 50901 -36944 47797 -38966 14777 -48411 16163 2150 -50569 -31240 3580 -43904 18253
r69 14649 28142 11524 46808 -54696 -50756 23894 -58312 31352 44345 -5201 -37534 -56335 -18645 24002 -43175 62568 -12235 -31662 28579
r70 -50964 -43624 -10219 37853 -45673 58882 -37176 59925 49402 -45909 -54497 -18522 3130 43222 -47495 2601 24385 21663 3156 -12404
r71 1246 40732 -45749 -13784 28158 61501 -21620 36606 24779 -39969 -28258 32324 24955 -59382 3186 -31722 -56504 -16109 26833 11532
r72 32808 50784 16765 65288 -32736 -41723 -58548 43452 -56419 -16112 11428 44931 -14096 35744 36586 50070 57570 31791 12631 -37247
r73 45318 -57846 -53507 -40230 -58529 31188 10886 -14887 -15879 -50420 32501 30474 56472 11024 14762 -3579 59084 36848 -60312 -50318
r74 3431 -35686 -6451 -2724 52987 79 -3919 -61040 -20003 53190 -29859 11331 25445 61227 -2723 -46894 -14150 49415 4460 -11606
r75 -45386 -65302 25301 -6096 46323 -29039 -17552 -63411 18157 35822 -53805 -2085 22959 -26828 61055 -6703 60385 3842 12800 -47877
r76 9839 55183 -7905 63732 -55886 -33833 -33153 -46724 -2795 63293 37924 -48852 -45161 41099 -38158 -9367 -31030 -50720 -20542 15063
r77 2562 12770 -5104 7947 -27483 -41769 -37476 60125 -395 50047 -33895 49379 18166 45068 -12103 39268 28515 -9005 23384 8313
r78 -24432 -63040 15127 6286 61816 6319 25956 -5448 41908 49368 43608 9971 16172 -3177 36137 52528 21171 -47029 10961 -64993
r79 12482 -24070 -38934 -16892 62675 31874 39194 -260 -13265 -51040 -2047 -16583 -7482 -1527 -60072 -19647 -752 -14018 -39778 -48617
r80 -33676 11344 11060 49610 -50134 26206 40881 -19390 12647 59557 -45127 19248 -7269 -39394 29241 -1424 -2577 62366 53638 -1797
r81 5489 59534 -63587 15177 37055 -40661 43911 58218 -10565 47949 -36592 1921 26021 55000 -45441 61715 -10548 35675 56182 -58966
r82 -64529 -14293 -41864 -19483 -3275 -14625 -33574 5667 -5063 -63955 24806 -32481 14937 61230 55505 -30361 -4477 -33344 25769 -32611
r83 -45551 -2952 -12095 -10889 25964 61928 -1096 -41367 -35290 63857 -42723 41380 -57551 30371 -56692 63401 -25827 -57822 -43136 36238
r84 -55076 61556 -39414 -11504 -38441 -34354 -49529 -62811 -56070 45057 58700 -35420 -15448 -49279 32490 -23267 20646 -23692 1358 41097
r85 21906 -21242 -46670 28124 18454 3676 -36272 41264 -11252 46099 -45021 39850 45441 -44473 -7304 50686 40068 -41781 -60064 55577
r86 -12344 38542 -35934 14470 -42369 62927 -5495 41925 29939 -55322 -25780 33202 -53369 -36180 3080 27596 -27963 -7845 -8839 21181
r87 32401 -46829 34181 -11159 -21493 21917 15039 48086 6232 41472 -55784 50076 27179 -34970 -15040 -59061 22823 14282 12712 52080
r88 2502 -49194 41928 373 -19429 -61774 60664 17320 158 -14675 283 -24860 11681 36130 20581 -19104 -38595 16988 -3847 -12470
r89 -20187 37008 -47417 61966 -21115 12723 -5994 6627 40440 18935 -1878 21756 -41850 58414 -6055 -44244 4209 -48073 -33279 -50114
r90 -6245 -582 -54571 52629 -51633 31682 -42940 64417 -33171 48723 -9161 19577 10819 58876 -51183 -36469 -23143 -37074 -6102 32868
r91 -36423 31198 50775 11709 26749 -56470 -38853 -52035 59083 11403 59855 -30456 -38648 -33031 23742 -15905 35434 62759 12730 -21514
r92 -49863 -21675 -16315 13226 46349 -35537 -38281 42487 50096 31018 -6738 22181 11107 -3181 16141 40521 46519 29993 47073 61917
r93 15397 35263 -45306 -1614 -2793 -64547 -54732 4021 -26631 -9463 -1463 -542 35791 -21914 57417 -2122 -36388 40446 -33137 -13235
r94 27002 -22558 -39341 -33527 37743 -48009 53887 13281 17183 38619 -45996 1006 -22747 50717 29167 8162 12132 -16824 -25050 -3924
r95 19735 31980 -11839 30458 -3593 34968 54369 -7325 46897 49617 16660 -27682 3782 12525 38119 46897 -38251 63858 -54275 45716
r96 64189 9968 -59931 56645 20451 33820 -34644 -31432 54091 -14848 -42922 -39893 45470 -5229 58406 53478 -7763 28858 55109 55685
r97 42997 -31992 -6499 14545 -40407 27463 18076 29597 23835 45184 -4781 61180 59591 58035 -22512 4556 -17427 -28123 14235 -6427
r98 -33614 -14854 3510 47864 35411 29499 47610 -60841 -41937 -61214 -62839 -38498 -27069 61614 4721 56343 -1008 -9792 41058 60829
r99 27817 9578 40023 -17020 43118 -36999 -255 40480 21796 -30712 -30614 55073 3828 -21791 40804 -62888 32742 4317 2079 -29277
r100 -40862 -18295 -18092 -50074 20669 -40230 23523 -36078 -50726 -21759 -20509 10251 18978 -18120 42054 -4896 7471 45816 -6015 -29355
r101 11100 56473 -53878 -17376 55612 -59712 60458 42407 -25562 -20912 53745 16609 11388 57160 -52287 14951 -55148 52940 25738 -15630
r102 -50358 -59497 -27847 -12418 -38227 -59092 34495 -9149 62664 63772 62943 9199 -900 62996 19288 -20623 -21674 -38344 36560 -41701
r103 17624 819 -64126 45485 -45690 -56188 -48741 12633 -43299 43516 33141 48292 -32279 -63539 46961 24326 -6568 -57652 23972 14679
r104 51989 -39684 -48972 52670 -49999 59962 -4091 -40123 -2110 38029 -17221 19196 -13814 -17005 4514 48276 -33553 -38134 -60082 15594
r105 51909 12122 32165 -15823 -22517 59246 14968 6570 4239 -56562 -3352 -30220 21013 61177 49191 8280 -39337 56776 -36771 20393
r106 -35285 -15295 -13481 -48919 35064 49688 -35487 37352 32889 -48796 -8802 17632 4503 33079 3461 -37459 -57172 33091 58395 -51001
r107 -1065 -61877 -9836 12824 44459 41522 51026 -33195 -3204 -42401 -112 -32280 -43043 42310 34711 62424 -1404 -25258 7190 43007
r108 -14824 -28551 -20921 -33956 42702 36649 -26835 2739 -136 35075 -31906 -55599 52261 -2096 9911 41403 4950 55617 -11310 5026
r109 20676 -10031 32879 52733 31781 36975 -13963 -17483 -27081 -8945 40788 5253 65058 54842 12278 -45831 -1011 -21485 -56215 36463
r110 -34229 20158 -53859 -50090 39720 -20558 -18866 -57511 -64160 61944 -43977 58946 -33614 7828 35979 13953 21057 11631 -38446 -59828
r111 -5046 52874 -46840 4929 15037 51877 -19587 12326 43276 -57676 62156 21103 18870 51532 -34485 53082 -25024 -51318 17383 64889
r112 -65433 7915 41187 -53435 -4507 10831 -63606 -56544 37219 -44308 -33547 12497 42518 -14073 -16667 17635 9971 31309 2919 -551
r113 -32794 17928 -21427 23757 -15556 -45858 60432 -17311 -25917 -24882 -8868 -47780 63135 10683 -53181 -44895 59553 -324 16444 36335
r114 -63940 16443 14210 7637 2315 56677 45780 -12679 -54519 -916 -44060 -37743 35558 -22929 19707 5260 -7790 -22392 8749 53338
r115 -24092 57148 6794 25956 -7706 58374 43603 -35569 -6206 -7117 -44570 54369 -25512 -29711 48526 10422 5395 61281 -65281 -61546
r116 -52373 -39463 -61991 13284 17879 -12966 8484 52424 19870 10941 -2475 -64492 6222 38730 -36302 -62640 19136 34108 -28817 14340
r117 41686 26769 37442 -16449 -33099 59586 -40889 -54090 -12145 17302 60392 -37052 -44804 -11443 45000 -9534 57929 -6206 -33369 46405
r118 -23949 30123 -59714 46257 14712 47403 35467 32570 -31492 60329 -19868 44911 -25504 -6251 -18407 525 56174 -57669 -59469 -9459
r119 -48667 -64677 24602 26817 26797 -26290 12562 56963 22244 -22295 -41091 -62967 -13523 -6312 -50529 -64385 -61314 45132 2012 14717
r120 -24764 62159 -7350 -21310 29838 58554 17796 -28302 -16692 -62033 -6902 45687 -9521 1090 61611 48957 -18636 -9501 22924 -49002
r121 -44653 15534 33635 31654 24131 19718 -38842 8234 55885 27486 -32597 -13623 19274 47276 63008 -21391 -48582 -59976 -53922 36866
r122 -12801 49687 27401 49249 -52290 16982 -54233 42091 -17271 -64784 -827 40079 20520 -58126 22409 -50864 49964 13413 47191 35506
r123 -16444 -8970 -60235 -46022 21611 12853 43553 50613 5610 -29960 8820 26854 -33605 59980 -52723 -40922 24981 40448 4160 56807
r124 5154 32569 63401 50557 -51575 47320 22917 47038 -46779 -61831 28426 60731 45514 -32591 54670 54282 27226 -7059 -20843 -59302
r125 -54980 23447 7605 -64383 -31619 -29064 26523 53485 44434 -6145 8650 -43375 38462 -55328 -30573 -2904 48192 -20134 31681 -426
r126 -11562 -32227 28927 -3939 -21184 -52663 -10741 -8015 -44521 40476 -61793 -64579 56448 32992 -62163 -65385 -28879 39653 -26163 35050
r127 37962 41721 4375 -1039 64251 62688 61707 18365 3247 -48174 63752 36239 65520 62431 -46724 -59244 50516 6993 2615 3093
r128 -39966 20421 -15690 59476 660 15948 28529 -10934 33549 58464 -4360 55972 -38156 -35369 -11108 -18954 9696 -62883 -41890 58072
r129 13048 -17337 -23275 -57169 -45493 62210 -51493 -64644 5899 -19722 17747 45890 34211 -25829 -7879 -25715 8696 -6437 61630 48856
r130 37982 -52011 20943 -23578 -22624 -19029 -15865 -56416 5984 -15707 -16633 27138 41964 22071 15952 32782 28274 -5532 10743 49039
r131 14522 -42935 64674 -20370 -14477 38167 46607 -32503 -63314 23942 -46108 36329 -4525 9486 37809 -2808 -16782 7987 45221 -59410
r132 16599 30658 -19628 35463 16427 -23608 -54576 -9448 3422 49969 -33946 10153 33812 15018 19411 28186 44293 56464 -47675 61154
r133 -42256 59887 -31106 21320 -17933 -23177 55028 33386 15960 -35018 -13164 -46963 8476 -37004 -35367 48589 -65251 -19609 15177 -12738
r134 33110 -28294 -17736 -20871 40254 -35906 11704 -54415 -12904 13149 37938 -59723 -2412 -1217 -30426 -61570 10613 -26563 -43031 18456
r135 64684 -35814 -30680 43311 10776 -47971 1482 22001 -60100 -17301 -22994 -45936 14987 36126 -1086 -43787 26874 3350 386 5108
r136 45951 -48135 31488 -22412 35944 49537 30237 -2496 -61404 -33530 -5035 44117 33181 30303 -2291 58901 56977 14917 59043 -25128
r137 19922 6692 20764 -26488 38244 19880 6322 6977 48816 7462 39920 -25182 36199 14145 -8320 -54882 -27056 845 -60998 28986
r138 29580 57330 1512 -55255 25054 7875 -34739 61681 -54837 -37566 -39828 -27981 42715 44342 -20468 -17779 37675 -46081 -13440 -62893
r139 -61203 -49775 1235 -64844 19116 10521 55881 -49336 -62602 -60493 -44223 13349 -34629 -13624 18560 42990 51859 -54934 -47754 -32919
r140 31380 -11185 57060 -63830 -41797 -2697 -58199 64276 -14759 -28459 -35502 -59545 28275 -1817 12553 43041 -13749 -3336 -28037 -30278
r141 37421 -739 -49121 -22192 21695 23131 39575 -9489 -21051 3529 24889 50219 -2304 -58653 43138 20772 48799 21874 64675 -56736
r142 -27758 -35302 -3424 10137 62081 46224 -62969 -42713 26084 22266 23356 34654 46692 4847 -1066 33696 -63071 61911 3842 42373
r143 37016 54419 -24447 34308 -33128 46106 38417 -42042 -41539 -43288 -1753 64542 10939 -41249 -34326 53425 1224 51917 64484 -57975
r144 60349 43936 -56575 -59858 -54073 9757 -38636 40578 53877 -24992 59035 46620 -64133 -1957 -24306 64496 14858 5954 -45417 -55711
r145 49227 31301 -12473 48549 -22574 28405 -58213 -56897 34834 -64187 -64109 -10592 -59537 32754 -49540 18810 4255 53399 25694 28678
r146 30551 8116 63808 -36892 23097 -61040 37346 -32089 -20967 -17941 -14541 -26607 -21549 -52118 -44420 33176 -42338 13857 -8404 24744
r147 35034 -8704 49713 -40027 -42965 55242 -32551 -60155 12466 -39279 -54295 -20018 64536 46344 14883 -5640 -37268 -63398 37213 -25995
r148 17978 -33589 1604 53997 -56488 -56824 -52337 -24660 -38047 -26563 -47575 16045 58521 62557 -523 -62243 -46073 28587 58612 -54259
r149 -27059 -34763 -33979 -38579 21842 -6820 -57526 -13083 45134 17127 -5187 -53118 -9572 34166 -28642 -50405 20460 -23691 56776 -41817
r150 7729 12679 48044 -40365 44863 45516 10510 -14222 5787 -18086 578 4381 -20037 -1017 -40728 -45194 21077 19657 4779 44794
r151 16380 -63053 34093 -36661 -45356 -65035 -49205 -44333 -2202 -47634 -6383 16053 -56298 -28180 64365 62510 1575 -47090 -38154 8197
r152 -44040 40226 7453 -28128 -46849 -8816 46191 24434 -45078 -60047 41458 -39640 10176 33492 40249 -7627 -52874 -6655 -4389 48223
r153 -17536 -25136 54530 -54522 15157 -24239 -59214 -43327 36038 7804 29367 33517 61131 -22282 49575 7062 29149 -16304 -48812 54012
r154 43467 36144 -54483 -27731 -14540 -18932 59088 54393 -61897 27559 10903 -4428 20830 -4045 61472 17868 18333 -52600 -59576 -61523
r155 -35858 -6541 43972 31414 59528 35348 27863 -1371 41005 64778 13324 -50490 -37856 14880 39266 -49609 -44177 14117 -7974 18402
r156 -28144 -26061 48568 -1497 48907 -3193 47117 -43504 18514 31737 -11988 -45062 -37089 36324 -18431 -9793 -62231 -13952 50774 -10224
r157 9034 41137 -25744 -53440 -7392 -3360 -29282 -19641 -28373 -38578 -56354 -7395 31249 -45394 -51089 -41807 -32762 8032 -49812 36977
r158 11418 43290 -12741 10870 12998 31423 -37233 -20920 -58426 24632 -47207 9925 34996 -24353 -24324 11548 50364 -22015 -18021 -48220
r159 36382 65092 -54469 -19078 -41776 21895 2052 -62021 61940 3803 -40889 -64879 29619 12654 -36789 13502 -32428 47075 -63314 51403
r160 -17052 -44833 -23801 -10457 -16039 -28384 -57187 -39201 -41300 -52295 57829 -34683 -9294 -6389 -17284 -28421 -45204 -63167 32249 -61083
r161 61571 -40913 -54043 25457 19264 -58536 -11627 -28594 41507 15191 -18768 56895 -40982 39727 -25891 23059 31348 59724 -9848 -4967
r162 49964 18494 -54953 -4274 14027 40117 -43901 31465 34362 -45963 -54472 -4336 -14882 20576 -49274 -12940 1738 -25128 16501 -49230
r163 -44483 -41028 -36435 938 38065 19656 -62722 49027 44068 -45080 63252 -62191 14795 40402 -39011 -1209 -14211 56210 -19979 -27922
r164 63241 53002 16319 -46550 47143 18627 48059 53356 -40821 55630 26848 -48633 -48116 -21275 -8478 57493 31936 -31804 9101 -15465
r165 33664 9480 63185 58941 -53803 30045 -4883 -9374 -12942 58121 7791 -3824 13083 -54899 -15926 -9203 -28545 -38577 23174 51310
r166 -14796 -46575 46099 42003 61050 -44861 -31295 46768 51836 -59554 -38507 21215 11128 -16104 -6176 -57882 33107 8632 -31169 -25036
r167 6962 99 25508 13096 16356 10686 -2962 55113 34355 -47003 47194 -53627 -40162 61516 -44248 -5065 22213 -44827 12546 54461
r168 -64 64326 43379 -62996 -45122 9038 37006 55322 25384 -12247 19939 -14435 -12567 -61049 -63575 45319 34785 -56814 27357 64459
r169 -59850 10696 -41247 -65085 -39101 52833 -3069 24779 48275 7720 -59752 -35731 61778 -41051 58741 -40590 53821 57108 -42415 21785
r170 50184 10907 -49830 -39349 28679 -45276 53210 -6747 -20725 -32968 -34995 -25665 -20466 8709 -12727 37576 -63404 -39739 -62144 -19260
r171 -118 -52102 -7647 -21700 -1621 -1095 14402 -55847 -35986 -57599 21080 -61355 18652 -8336 60092 -21527 39130 -41736 31777 3187
r172 -43387 -3486 33941 -38020 54166 63455 56179 50375 243 65307 -13824 -18469 -16928 -38383 -5031 -62571 -3964 -65476 46463 4075
r173 -22824 11647 13886 -49525 46037 -23504 -878 21365 1489 38023 39196 -14923 41729 -9442 -14753 37978 -39786 26448 13852 10957
r174 -2820 24909 38715 44734 -44474 62035 -61193 -12469 -903 20735 12650 -28436 42621 -50195 -50629 23519 47212 -31051 -9130 -40420
r175 38075 50418 50107 -48465 -16077 -6575 -29102 22594 -42716 37035 42099 -34677 -39808 -18414 -25613 21791 -39081 20760 21200 3587
r176 19737 1376 -54995 64964 -13322 -60859 53018 -16607 62977 -48594 -3001 5463 -44180 -43633 -10269 41692 18011 23579 -59562 19257
r177 -27827 -37280 29111 9125 28298 50180 -4637 -64068 -56478 4099 49649 -9282 52460 33990 -22814 -23922 -8563 33123 33409 -62626
r178 -37690 18067 -21403 -9540 39127 -45253 60299 -35162 19018 6187 56026 -21397 59213 -4515 22765 49695 -41580 -8648 -64142 30112
r179 -56122 -60541 -54621 -16123 64124 109 48110 51276 -64089 -56753 23203 34504 19188 54212 -28458 46325 12016 -55866 37077 3717
r180 28192 55421 -58532 27384 30548 40047 41081 59847 1799 55988 -70 -49320 38586 3572 62695 61637 -43809 -13595 -32011 -18815
r181 23841 -33092 -21756 54741 -39397 45508 -47460 -39160 -56702 -31321 -44570 -62839 -18341 -12102 -31179 52666 -33683 54964 -48624 13233
r182 -20516 -27557 55871 61877 -52052 5093 9044 -9464 -1875 -37357 -25252 -1510 55098 20641 51461 -63958 21388 34312 53231 12427
r183 65182 45993 -7788 59447 4324 -61015 25087 -16851 8414 56991 -5438 13063 -54214 42702 35933 -20051 3324 -35739 -51034 40785
r184 8734 -20465 -31285 57957 51292 -40228 -58346 -45848 -59138 27079 -50954 -15193 50864 41814 15902 61825 31631 62583 -47528 -62313
r185 -3973 -4590 48553 35965 -17201 -47528 52253 -32738 -32198 -28780 -39577 65302 -44195 40347 33623 14954 1674 -13566 -8079 -46594
r186 -45250 41050 43722 27196 62428 15243 -20464 -43329 6722 -31853 -50214 -9462 34045 -33292 9426 49735 25126 18252 -38459 -1044
r187 54338 19951 -15360 7528 63400 50501 3778 -64822 65196 -17743 19146 -49296 -45145 11575 -50934 -41902 -22090 45864 40190 -15107
r188 -43115 62672 17442 -54692 -9440 6 51658 32124 -1523 56640 -31657 13294 -29796 46577 -3590 41283 -22863 4585 14369 52333
r189 1484 -6573 55898 61575 17229 -39193 -21130 17359 2244 -63882 -63875 17489 -61493 -5122 -34114 -29621 -13243 65524 -56650 5375
r190 -51363 -61509 22892 28460 -50729 29923 -19686 -40103 -36338 21666 36328 53562 54003 -55749 -53611 -29439 43329 42767 -5119 -52270
r191 9293 27448 -882 11849 56943 -59774 -60159 9774 -54286 38209 -55093 -48091 604 -61591 -5244 34961 10557 -26950 -62822 21648
r192 63593 59664 -53897 -19119 -17347 36673 -21059 17222 44312 -50081 26592 38746 9416 -35627 10193 -21853 -9699 1711 23432 -57807
r193 -61486 -10464 -59833 -44154 23765 -27472 5889 21964 28330 52338 -7300 35082 -22799 -63812 -22605 30802 3267 -60213 -32346 65200
r194 14096 61639 30375 29259 -59752 59577 -7110 -10020 -8737 -52649 -514 20908 -49880 -2304 32809 -38743 -42787 -17276 -7637 44599
r195 64135 46240 -14489 25562 19907 62458 28773 -58214 58516 32513 -21079 8763 20942 -65310 -44317 -16307 -34295 -1620 -61047 3551
r196 59039 44371 -33611 -5391 16282 14381 40226 65230 -664 -31442 -15802 7767 -56448 -7293 -24934 21166 -48765 -64478 49682 -6974
r197 18576 23090 -54012 -29542 40462 -46336 48053 -55756 -26248 -19818 -55968 32417 -36194 28994 43142 -16434 64074 34651 38363 -9793
r198 -16673 -61996 -56733 846 7322 -49590 -13847 -30130 25213 52019 10398 -57060 -56954 -7299 40692 -9082 -8785 32642 -42917 -4223
r199 -51960 -7244 54883 -31747 39087 -6298 15235 44017 42684 37933 51025 51137 65433 -107 59768 38327 -40488 -57591 40699 -40306
r200 5679 -14872 -59296 -39002 -20069 2288 -6970 53050 37121 43332 19476 -15070 10994 62624 53425 -64661 -59477 -1559 26404 36267
r201 -57323 -21501 30060 -21514 -14584 -24261 -21692 -23870 -34311 -63918 53286 -42697 11733 -13444 -9093 7128 -260 -18178 43648 7402
r202 33330 65125 60501 -64427 -11232 -29853 -8912 -58194 -6369 47027 -32488 56853 21344 -20636 58019 -58772 29156 9855 11856 -8359
r203 -26223 9879 20819 61096 46845 14535 54910 -56930 36408 8015 -62842 -64189 25007 -22904 37752 38908 -56987 -41538 -23260 -437
r204 31994 -29847 -17422 2270 10871 -6517 -63044 2542 38894 -1977 -58592 44235 -12861 60527 -20207 -49417 4126 40869 32799 30244
r205 41133 51366 58004 -64388 59879 -19387 -21243 1912 -51975 -23003 36547 49621 -56141 -37027 35156 3495 -25640 31604 -25745 -1514
r206 -8321 -51945 41438 -29745 -28895 -17584 -50126 51846 14838 -32978 -8027 -17054 -44922 -61595 -11370 29340 -7707 -16507 -12464 32081
r207 58171 -58308 -10177 13164 41723 57164 -6762 -9191 30442 -64201 42917 43066 -11994 11289 -49759 56298 42778 -59539 24474 7709
r208 -4981 47007 45462 -57172 -45116 -23400 -27032 24749 -56384 30539 15688 -42393 63565 54675 40656 -14334 24621 250 741 54211
r209 51981 -7669 -33675 -44106 40761 19023 -44336 58814 7002 46281 -20160 -19184 -7995 -59016 -31390 -52424 63773 -33689 28129 32181
r210 55017 -40023 -29448 -41857 37045 27331 14379 3277 -6155 -22333 -64718 -63712 -39085 -55967 -53625 -5522 -21951 -42050 6329 20131
r211 1316 52756 -47600 46529 45569 -13356 29618 -38865 -53533 -28677 52225 14212 -10630 -51999 47338 -16938 48832 -61517 62984 -23643
r212 -33082 20794 65284 8424 -9566 53248 40051 -50989 -30309 43575 -30325 59667 -51618 42801 50793 -33314 -62005 -55262 -45189 1121
r213 -45887 39628 -31098 -51959 -52782 -15725 -45421 -47887 47420 30789 -7638 60680 59914 -38637 1384 -28844 58195 26774 56609 -44772
r214 -40975 20656 -5515 -55354 33974 -40994 34358 31747 -61265 2138 -197 -6239 46198 60368 -15501 37805 52671 18063 -37877 -1618
r215 -28141 53792 54775 -42262 -39233 -22021 -11864 34800 41903 -32807 -58493 -36577 -29318 12312 3161 4999 27102 34084 -10699 46763
r216 -45019 63623 -44953 49606 -28722 62362 996 14744 -63694 -56896 54224 -28653 -41415 -35051 -29704 44506 -53132 26782 -9804 -51359
r217 9311 -61672 -58496 -62490 -34579 -16729 29067 23425 26684 8271 36768 -18339 -15102 20527 -27304 58821 29390 -718 51362 -53801
r218 8473 -36891 13344 59319 -6753 -43027 50232 10594 -963 48975 37008 8229 -25121 -30022 4433 -53916 11057 30758 -56565 36926
r219 16922 -29671 -22820 24560 2736 27536 -1070 -61985 -14209 55090 -57717 45621 1303 19596 1183 -45507 10774 -19492 -27088 39146
r220 -47474 62566 49293 52657 41632 -3912 15380 -29785 -39443 48449 -55947 -11320 31538 -6205 -48664 31706 -55012 -13876 -30349 44991
r221 10345 35029 -34639 -25462 -25547 -630 23146 -46716 -20590 -37255 27826 5478 30431 -50332 29690 -22083 40840 5010 -33125 170
r222 9373 -14044 -17383 11015 -2639 44981 -9919 63273 -9830 -29315 -36073 27427 -51328 -9722 -44723 -50683 -21158 62639 -20054 -11537
r223 -54889 -18793 38768 -49944 -31108 -36732 48443 13228 60062 35488 19233 -22763 16113 -11700 -43922 57745 -41101 -64869 53334 -32732
r224 -46770 -40716 6023 10879 -2927 28351 61955 58074 30011 -9866 -45489 59715 -23421 -48652 -46750 58231 -32041 6850 -45023 15467
r225 25564 -36947 -40165 2308 -17782 3378 -62269 4056 -32901 29540 -56545 -40501 -49243 -41467 -18987 27574 24255 -31000 57729 -46983
r226 -60079 -44028 19934 64571 6183 64355 -65083 -28528 -60225 -5073 19301 -44645 41770 -3798 -57107 1504 8077 9509 8789 -34184
r227 55469 63585 50922 44917 29778 -49387 -6006 -33903 31792 -65104 60914 -1714 2662 17133 26505 -11678 705 21793 -61899 -5508
r228 -824 -56053 -35601 -63404 -34418 48160 -10688 -27507 47358 -30230 7401 -52856 10317 -38923 -22152 22281 22352 -15369 -1893 -31785
r229 874 -48865 -16770 -15520 -1149 -1613 3895 37590 -33436 -5191 61727 8017 10545 4992 -44324 55890 28437 36448 55223 -50761
r230 -57588 10305 41971 -35547 -37575 -20770 -18465 2477 -36980 -10463 42917 -29990 38293 -14975 -61767 4286 41107 41995 62171 3991
r231 -41678 36202 -22803 57162 4978 -28010 32388 -64965 710 25098 51552 -53295 26625 -62841 56621 -31737 -37541 -5060 3888 48669
r232 50316 23149 28037 -33180 -28086 -463 10673 10394 20138 5341 4984 -41469 -1113 15903 44101 25310 15860 24593 38438 -62265
r233 57458 59542 -2984 6744 -34237 -7584 21960 43838 63127 -56219 -19180 -48832 53627 -43442 -5554 -4576 -20131 28696 3529 -60200
r234 -51438 23876 6722 7353 43640 -10750 -30417 -61426 -30693 32985 -27581 -3523 37093 38568 -35310 -35069 -45620 -28937 -49936 26818
r235 5520 33726 53233 -38286 33247 -40421 -16221 -18167 22493 28813 -27532 29128 -32189 -40609 -31396 20615 2049 60635 63374 -32658
r236 6859 11815 50155 34127 -35835 13881 -49379 36642 -15705 -12964 57590 64971 -24668 -7788 7772 -2808 573 -8784 -15047 5388
r237 42093 -64060 60248 44682 53458 -65272 30655 -21467 3267 -47128 36433 -50217 -44175 11682 1481 59456 -20584 52978 -21551 -47711
r238 26205 -46950 10016 -35011 -62443 -33195 58829 -55695 -1030 26370 6350 -2210 65100 -23223 -1840 54885 -29083 -10818 -26408 10116
r239 -26266 45255 12394 58323 -4953 62116 52686 47933 19470 43459 3954 -46235 21664 56042 -26753 -18452 28808 -44958 -36329 3461
r240 61891 44836 -51078 -25043 -47721 -39951 -30431 47688 50801 -9149 -36322 -38349 -56104 -58168 49702 -1334 -39408 957 -52527 61583
r241 47588 -19396 -39566 48871 -40658 35803 -16140 50808 -13900 -29796 -26330 28862 -55864 -7894 -55522 -62142 47254 -43293 -51291 -55187
r242 -33128 48371 23556 -28773 -32539 -1037 63755 22236 14959 459 44540 60593 -62115 -10359 -39670 -7900 -2984 2163 40045 -43330
r243 -53123 59987 -40289 -29423 62594 19828 18029 7199 -38878 8917 16214 -51290 -4926 -16231 52708 46122 -35511 -22147 58388 33096
r244 -18948 6020 62608 34646 38961 -58832 57284 7804 -37597 -19085 -23619 -58236 28956 -46827 -13832 -27100 -23701 -25268 -42656 64240
r245 -64634 33665 60698 -57303 -3346 -29532 -1193 -19444 -4391 38265 -5950 6129 9585 -19669 -24353 -38242 -35553 -43092 6355 -48091
r246 35469 -60171 41798 -17524 13916 33219 13104 27384 -37348 34661 35513 -21257 26158 -19225 46909 -43484 53654 51800 63417 -54357
r247 47518 -56269 44530 17664 28008 24657 9449 -37375 -37953 -21892 -3217 52561 -5579 -53683 37245 9507 27520 -31302 -21420 -31504
r248 40182 -50704 -23731 9516 -55959 5787 -12555 -50221 -6084 28918 -5150 -46272 -41686 65466 50414 60463 -42249 30287 -7402 63054
r249 -27935 4202 10474 -41311 -32497 26134 -10515 47578 -55674 -35992 6571 38142 5308 -6197 -48988 -36619 -63988 59301 -48889 13192
r250 32690 -31975 49756 36135 38800 47870 -31409 19293 32521 -54057 43626 -57006 55650 58180 -31028 -61356 27797 -53121 -35700 -47637
r251 -57830 -31047 19027 15888 15672 -62252 9808 45305 -40618 64119 -53126 -39030 -3876 -49392 14296 28969 -44038 -13319 25714 52666
r252 11214 -15376 8694 40417 -4431 -49710 62340 -55549 -13600 36562 -37495 2415 -48160 -53034 -31850 35703 21386 -32152 -23331 50447
r253 -2223 10985 24163 61952 -32614 -48042 -13248 -51698 -40239 -49492 22992 -20983 -1441 46821 43277 -51439 -12869 -25613 55335 40403
r254 22525 -46614 -50654 -48801 -18830 -40916 7234 -42301 11282 -22388 11231 -33919 2158 28174 -14177 213 -3744 22066 -5919 -59041
r255 -62879 -75 35011 -24744 -27043 14403 -10654 4273 -54124 6091 65487 43341 30375 9523 -50396 28086 -23670 24702 -42032 -25243
r256 -7808 -4457 14353 -52459 -52517 25795 406 -2765 -20487 51364 -9383 -43912 -16617 38770 19846 8700 59155 17772 9894 -48035
r257 38413 36640 57153 -25566 55789 -28707 4686 -26881 17625 44937 2273 -29437 63184 51907 -24646 50371 57960 4122 16814 -60802
r258 14592 -39027 -7264 -37625 -53423 57909 20130 27845 -33522 -12896 -27395 -31535 -32001 37545 60640 49525 -25089 58184 31443 -60340
r259 -45959 -42446 -24787 46592 -36822 54372 -5893 -19447 -1507 40603 -26299 17143 -43007 25072 20218 -8059 -62527 6610 -56628 -15324
r260 -40308 50020 -47115 5583 -28057 38392 -62909 -16088 33178 -43837 23735 53471 24639 18790 14081 9786 -5050 21491 -4535 -12517
r261 44119 -25361 -19558 -9130 -9803 11464 27190 54676 -13096 -19337 27699 60906 52395 55805 11092 -3238 64464 14045 2244 -50464
r262 -10865 35470 -44541 12475 -54422 23461 64029 -63192 -30306 30162 63235 10066 64117 -28741 21331 16866 -6857 34031 -15420 29247
r263 -33347 -64342 45194 -57254 32037 -43437 43159 -26879 54251 58603 14030 8083 -12698 39626 8565 -39931 59850 -18664 31256 -26173
r264 -10014 -59707 25182 -55524 -56673 -4772 30261 25365 -31106 -30326 27287 12337 62408 62047 -45119 -3597 12635 24406 61122 45110
r265 53696 -48410 39239 -14777 8640 57613 -56242 26165 -61346 -43266 8498 58419 -40155 -61207 -49880 -35546 -12522 45014 -35276 -28517
r266 -47764 41073 -64202 53965 -34212 25897 -23455 32311 -25902 -18079 -16155 50783 -33797 51209 -27393 -9502 -58852 -50766 -2976 -63385
r267 -1598 35851 -60021 23717 -54163 5996 48718 -15820 -40956 53481 -30782 -37204 -18597 -19033 6243 52946 55276 -5096 -42069 -25934
r268 -16556 57222 -3904 13188 -29811 7835 -46775 21990 -45541 -50955 -30039 12600 41856 -27356 52179 25525 36396 -37594 28419 -39859
r269 8631 6119 -37767 -21254 35866 49547 -23159 -11842 -39065 61484 -53177 20404 6814 41416 42515 -17966 37150 65286 7935 5092
r270 -25185 13147 -57953 13511 52600 22452 34271 -57058 -29044 31200 -6374 24147 -8280 -54176 39288 -45760 -36381 -61881 36485 -61923
r271 -60905 22783 -11479 13166 -62855 62375 -62870 -57850 51009 52035 -62241 27417 -6857 40418 -14819 -1933 -23628 44944 39618 652
r272 56891 50048 50296 63007 -10613 42430 -46680 25318 -11555 -9765 -32251 -3905 -42645 34033 -58085 22459 -36510 -43365 -13356 -7203
r273 -8580 38559 -60720 14741 45535 18808 11864 1398 -18147 -38095 -61735 17707 17348 26433 57778 1136 -61519 -64645 6658 56943
r274 -57486 -37155 -20773 -12169 -9406 -57991 55716 65511 27474 -40954 61512 43036 13572 34879 19865 60287 500 2685 -52903 -12491
r275 19665 32580 -7019 35030 16814 8701 53571 -1275 -62258 -60844 -11510 -5042 40275 -56904 58214 -9734 -51445 21832 -54480 -7188
r276 40729 -26942 36891 -28211 34181 -14158 -4456 -37594 -34227 -60526 -18356 -13917 63736 -36383 -25030 8382 58112 1392 14838 -31224
r277 -28180 -32606 -745 -3371 -19234 57420 25279 -33133 -62232 55428 18903 -12650 -8962 65501 -1662 60150 -30176 -2971 61906 -34530
r278 19223 42656 -31767 1647 -10449 -53995 -694 47143 33915 -20059 -29749 -3649 -55496 -51932 11950 -61736 31230 -42490 -46573 61226
r279 -17623 39538 55968 -56234 -19655 53888 253 33562 25048 -39425 -18534 -41588 -14820 -32531 62959 -36424 52792 -49359 -40257 25280
r280 -34084 -46287 35703 -23626 -12645 -48703 10364 23503 -21111 -14303 12412 -85 30186 25823 4764 -31089 -15846 52693 15420 -50158
r281 -14669 -9109 57219 -17196 52368 -24551 47598 -14837 -51739 60632 -33416 50730 -5921 -57723 21671 49457 -52368 29616 -2828 -42274
r282 57384 6700 52902 -59363 38998 -17707 54269 19800 20190 -4292 -14699 -8668 -30374 -47129 -63104 31692 -48332 19464 46228 26275
r283 -7554 -33665 -51350 -33492 594 32329 29908 -57533 -63991 3945 -58048 20614 6290 -23815 -42715 -63197 46695 49646 46861 48825
r284 -36489 -24070 38255 -26181 23784 -23256 64594 55633 30326 -44016 -54515 48030 -8013 -4321 46772 -6756 65136 -51510 -13707 -12995
r285 58689 45842 4651 59871 -13774 62977 58700 -65344 -47253 10744 -26274 37234 -49431 25885 16740 -15618 -13487 41616 53752 6458
r286 3308 76 15759 -49042 56620 28936 64504 59523 62859 -41677 -53228 49127 38630 29170 -21249 40103 15575 -53406 -54522 52708
r287 37896 -28743 -18663 17823 -33146 15346 -2060 -12124 -46212 36121 -19891 -37847 -61927 -36356 33461 16233 4620 -14157 63372 31063
r288 -14117 -20778 -49433 3033 -43741 -46319 -47450 39195 -48390 41835 32247 24156 -59277 65282 -24283 -40680 -57204 18973 -38683 -9991
r289 46160 41951 -50851 65317 10797 34221 -48854 37772 31505 35232 21361 41860 58827 62562 -45222 -20531 32174 57394 46157 27640
r290 53691 5756 1874 62936 -54271 -8798 -21216 -22314 -33466 41695 6027 -7741 -51839 -59292 -21007 27255 -23540 -18350 -10435 -43712
r291 10572 -26536 -43763 -37196 2335 38266 -22017 20555 16373 -30078 16389 -26523 24914 -39151 36558 -65288 55599 45836 56931 -28783
r292 -59391 15634 -37920 -21 61937 -22277 25598 8910 63655 10579 -9728 -43753 -25997 23784 -61486 -4605 -60990 36850 -42172 58598
r293 38250 44676 -45493 58340 -65489 -14425 15373 -9503 -46560 4927 43422 -59221 7379 -40043 -3570 -62019 -2228 45169 22901 49223
r294 -42503 -11872 -53395 3752 59610 -20595 -18068 -43708 41213 -1710 -21402 -57772 64851 -26440 55374 -23256 3117 36966 -62753 57912
r295 62480 54062 -27240 8126 -15671 25887 -26664 57023 -22569 -30520 -8564 18 -33777 31096 -16441 -42236 -57972 -17932 38689 38138
r296 -19940 -7523 47563 50049 -51225 46795 -28900 13141 -43643 6854 -16065 15344 10020 -20034 -9302 36358 8413 39643 29258 -60871
r297 54687 52210 -3897 -9165 53699 34623 38294 -3819 -25074 -20119 -61596 41409 -14884 -43581 61429 64807 -53072 -51389 -4632 -31791
r298 -52776 3970 -32856 3984 -63095 -55614 -34343 64019 -26884 -50510 33806 14282 -614 35940 52932 -55087 57078 32749 15667 17619
r299 -49678 15210 -8884 -50843 62069 -50746 -33548 60427 -6036 -4495 -26640 18745 -16875 56955 -22203 -62305 -55440 -8945 7228 -59737
r300 -39234 -39222 -22346 -34511 12239 -18353 25761 -26627 -56669 43028 -17687 -30859 49610 18412 54090 -28407 28677 19737 43775 26068
r301 -43719 10880 23682 -1254 27296 31740 -46531 -42944 -44155 -744 -57704 17742 42239 65375 -26747 -19141 1856 -25574 -54813 -49461
r302 -29780 30268 -34099 9114 5346 51433 17509 56577 -40032 -2654 -34821 40017 -64216 31746 43736 9543 19548 2498 -19673 -3072
r303 -1283 14316 -37575 -58298 -10188 1141 -14070 37374 52378 -17630 -3428 42198 11249 57059 56691 28627 26854 -5753 -3159 -12079
r304 -55274 41693 9225 31875 56253 -60220 51965 18993 -45386 63176 9669 -51377 8757 -3914 26156 60307 41470 28044 -25206 57151
r305 -9018 -36582 -160 17650 -19863 33388 -6573 46518 47225 -50738 29931 44667 -16769 23561 36743 4794 -43871 -3163 -9207 11847
r306 62138 46224 -46471 23824 -21786 8448 15519 -19064 -63746 52992 13102 -51180 -34254 -52297 16016 -41779 31276 -15676 61349 -46638
r307 -57068 25458 -52816 -42105 -14487 -33171 -47891 -54310 37509 -2700 -44013 -48400 -9427 -25775 -299 -59744 -1271 18519 33141 32336
r308 25028 -52755 -61002 43477 -13918 -23071 -29677 -61124 65491 -40585 11921 -386 62912 -41387 6075 56804 28216 36085 11759 58303
r309 -54177 65473 -48372 57913 18063 -29162 -63807 21861 27180 -54233 -49625 9562 60563 -55933 -36763 64794 -17038 -41386 44809 44363
r310 -39784 -48253 -217 -61002 1010 -59757 -5741 51457 37647 3168 60669 -15629 58949 33403 50218 50344 39171 -12810 -51903 -6299
r311 -5940 -44686 -18591 -37683 -36888 -51344 56112 11705 -33911 -63630 -39275 50987 38718 1098 19749 3829 -13644 -4722 -2292 27081
r312 -10062 38895 -25382 -10161 63489 34525 -35190 -24506 -57244 7741 -43983 -36994 21338 -22961 -568 -1755 22314 -39583 11754 -7889
r313 18718 41617 706 -63544 29952 -18870 29408 65317 -47845 -29457 61557 -63071 -28051 61487 50412 1816 44284 13807 42412 -55599
r314 -34804 60368 -49102 -27556 -106 60073 -39459 -26552 -60700 27825 -119 -13378 3447 15224 -3524 -47388 -33192 -46907 56463 15517
r315 -54722 64236 12447 56358 7742 16388 48668 41028 -12932 -39323 -51956 2584 -44233 4958 13905 -47786 53042 -15190 2137 35325
r316 -18925 -4458 -42534 4835 -36158 -58898 25033 557 -16943 -16449 -59617 -16203 12402 2405 2205 16277 17518 58697 59603 46
r317 36665 -61179 -18139 -54586 -43038 -23756 36896 30933 43425 8573 55892 -34763 -7250 -29518 -32889 -838 40688 36423 46469 -64749
r318 -10466 -40529 -62948 12012 7805 52813 18178 42352 -58019 14288 63637 9063 -36621 -12364 -14093 59383 38769 -33388 -58777 7119
r319 -26848 -22925 -55473 18780 26277 39513 -56781 23084 64864 -25413 57286 -48833 35249 47400 -6304 -5314 54598 19343 -39665 -43023
r320 -10615 61473 -1094 20106 -42509 -23288 -10373 -23742 -27023 -44282 -9436 57203 -47392 -3564 -32295 59708 -16410 38713 -55422 60504
r321 -10437 31984 5101 11571 8571 40712 -59842 -44635 50649 29300 19694 -38226 -37774 18207 61418 -13055 -61219 422 -29327 -29554
r322 -48276 21708 46987 -44152 19788 -4200 17114 -64199 -36283 -56102 28414 -25069 -63649 -29020 15190 -30795 19229 -52541 -24020 -33356
r323 6473 -19585 21437 33141 -59761 -30753 -59021 -11811 51441 -45303 -37183 33881 -51411 -57096 46879 37837 18961 -58636 11369 25139
r324 -53393 61718 57334 -32338 -29518 16180 23535 1251 -44169 13108 -22173 18318 -30 -5889 -55259 52730 -35795 -54563 -8077 -60395
r325 -59472 5347 33580 58906 21080 -44437 5158 9890 13375 -13301 33190 8948 50514 -58972 -54612 16489 -7945 -26099 43364 -7501
r326 30205 -44521 -20873 21805 40318 35726 -3280 -36255 27447 23543 44079 60264 32268 25421 10003 64179 -58020 -7301 12012 -49625
r327 -49219 64381 28520 -45487 -1597 26744 -52254 51882 -62559 -11308 -2158 40408 -27135 -23388 42036 -55736 -53786 53811 -10924 -41520
r328 48368 -26978 -5901 7382 17063 58338 46791 -33520 -46439 34166 -51553 -5529 -815 46150 -25421 45193 15909 16169 50253 61926
r329 -6213 -56547 -17658 32595 51133 7950 45571 -41054 11172 -11917 16719 -30007 -45452 -1400 -44518 51288 46449 -48051 33378 -54203
r330 18175 10743 2464 27310 -49022 3822 -55217 -1933 -61926 -13524 -15967 29563 -55329 8854 42686 -37500 58587 15721 -60790 62599
r331 -12563 9127 -20143 -61144 37720 -63833 -13222 6927 10622 -3150 -46336 -63601 15960 42950 8931 37820 -16641 -48317 -56232 15525
r332 -30142 20294 -8686 11670 -32247 -12388 41177 27012 -33610 11243 -64215 61203 -57924 45952 -55974 2417 -23315 -9130 -19713 33776
r333 52555 -12947 -53887 151 18661 30155 -46838 36640 -26191 -25636 34658 -37306 -43574 -37895 16068 27938 14821 24129 28725 -41297
r334 -37463 19486 64223 -58481 23026 3120 49274 -2857 25552 -47608 12351 -9744 -56627 16490 47641 -49907 -48470 7607 64057 13427
r335 -16192 -31378 2497 -53953 -10287 2826 35595 -25687 -33443 50004 -32240 -22368 -56535 32658 -63231 13970 46391 40024 30544 35350
r336 40966 63221 21431 20096 -33802 43734 62527 -7245 9919 29964 50199 -1683 26322 -39323 47419 -37254 -56892 -9194 45982 -18815
r337 19703 -26783 -3659 63441 -25581 55538 7604 54482 -19377 -572 27969 -7200 -47462 -32251 -29717 -12667 17433 -31961 31163 -50819
r338 -25159 5397 -63636 36372 635 1200 -65332 -26282 -41458 -6120 -16509 -30066 2747 47931 58057 -52056 62785 53712 14639 36857
r339 -51654 40838 62774 -1928 55067 -21466 33308 -27693 -26739 -59419 -36014 34286 -38080 43030 -3110 7779 3454 -7955 28756 -18320
r340 -62586 6078 15366 -42393 -40883 60276 -45346 58746 38859 -39613 -12559 -3613 -17677 35599 13325 38992 -12520 -9922 -42712 -39077
r341 -51213 52666 30957 5429 61557 24577 8977 18727 -20374 45280 -4705 -17482 -16366 -27130 49548 -31726 53128 -3380 14113 6873
r342 25743 30547 -19291 59464 56691 40312 31153 3045 15284 -15635 53431 46808 -58262 15456 17911 -21785 -12641 -28151 62739 -2538
r343 23013 44302 25014 28837 2697 9822 8943 -65004 25263 -58468 -11375 -8333 35547 51941 -55354 -48770 48643 37869 42306 39707
r344 65181 62404 -53206 54852 18386 32165 -45243 -11993 -57410 62846 -53376 42082 27417 63186 -41996 -12170 -48429 -7287 32572 -46609
r345 54966 58395 -61079 -42720 10147 47918 -65049 29631 -17062 -46058 18251 23400 61020 -24224 -9398 43015 -56235 54696 63746 52677
r346 37280 -34801 18282 58857 59735 35792 -49901 -14274 -56847 -63376 -56085 -53689 -50563 -24244 -3543 36903 2141 25982 -21614 -13470
r347 -53476 60934 -29959 47740 65072 29966 -23197 22735 -4882 -29415 -31811 -59064 60768 -37455 -15237 -56504 -16439 11009 49912 64836
r348 -45638 24105 18465 -51717 6000 28065 46719 -12847 59243 6005 -31354 23970 23801 -48501 3564 48114 -39263 -23648 -25114 7315
r349 9621 47588 36778 15081 -15694 -57142 23120 3094 -53624 -18027 24039 47563 40230 -13647 12512 25795 55575 44705 15519 13988
r350 23844 -40410 10164 -25501 -12384 -34308 8128 -64013 52454 56806 44768 41514 -26001 -12074 31189 -46468 -42511 -10903 6472 -18200
r351 -3812 -20851 21885 -52225 -33181 27030 56911 -40338 -18444 -42189 12035 -45482 65163 28557 -49798 -60227 9230 6604 43994 3783
r352 -18066 -55786 -59160 5193 42908 -33269 4542 -24674 22088 -40006 6130 -59946 15885 -27780 34504 12195 -3521 -32316 -34012 316
r353 60186 60796 -15030 -46541 58268 21275 -6008 -19165 49679 35450 -52172 64118 -16944 57821 -64904 47449 16909 38009 -30883 -9690
r354 -14501 17723 -37664 -39098 32428 26708 -57954 -17805 11786 56962 16349 47269 48096 64421 14085 -8340 12736 -65495 -47080 -20828
r355 59868 28273 -55478 63309 -45539 34684 42464 -20038 30986 -19279 -9382 50268 -21430 -1736 8497 -12134 54461 13986 23564 -28
r356 18092 42648 -42166 20704 -32703 -38811 -7862 -19462 16754 -13322 -3488 -28538 -40738 21525 44843 -31197 -40327 -55192 -3244 28804
r357 45695 -36258 -10824 -46946 48123 9001 -8882 47009 -36733 42024 -52187 -19315 -46458 17966 -51069 23630 24220 -11490 4777 -60206
r358 -25413 58915 -41460 19220 -15934 42570 63624 -54566 1158 -39918 -142 -62297 12560 48179 48273 45677 5892 27492 -58628 2901
r359 -5910 26868 -61572 -61890 31886 49948 4826 -29367 55687 -59136 -687 -3944 -60022 -45295 7048 59014 -55149 -60653 -17309 24536
r360 -12554 -58198 -13766 62091 -24070 -8641 -12601 -54780 -49302 18704 6244 -20003 -37966 28802 -34012 -61916 50108 -40433 29109 12299
r361 -21131 17910 59914 -7708 7903 -24945 64646 57692 -11499 8178 -523 -19199 -41724 -45216 7822 49871 -37809 -53769 35061 -42505
r362 55153 -47511 -48390 4694 -31627 48974 -19087 10211 -11839 47114 9781 7553 -9353 2905 57359 56994 51246 -60312 21196 54581
r363 -30871 -65238 53300 9718 -24541 20566 -42613 -24587 -29219 -57555 9446 25379 -20202 60854 -47764 -21544 -35650 -31183 51480 -35318
r364 -18250 -25722 25607 -60284 -13431 16391 4458 -3655 30167 17051 -14638 -31912 -39388 57349 31105 26060 50743 6065 -7102 -55943
r365 -32227 60220 13969 26223 -38141 44761 -39835 30730 29119 20086 -55946 -43967 10383 48789 -40721 532 4348 -12388 -6112 29896
r366 -49281 24287 -57814 29622 28551 -62663 -44998 46549 11221 24647 38708 -19013 30745 1566 58521 59604 -5163 -30105 44426 65497
r367 24478 -23449 -3846 -64069 46353 -63991 46288 -36124 32727 21647 -63155 -56063 -44581 14678 -65448 -26382 -45720 25386 8945 -64917
r368 22106 -20599 -17356 22733 -8555 6053 -15323 51936 23084 -36278 33934 36237 57395 -23923 13270 7671 7515 54104 -50111 59086
r369 -59960 -26315 52941 14524 23296 -32388 -39348 -17715 55849 29853 -47133 -28706 39827 54868 -64490 -57850 19996 -31068 -26358 -34803
r370 -21756 35112 -16310 -31765 58680 61017 4256 34813 37589 52763 -25631 21040 -30171 37393 -72 -27756 -29643 -45636 15046 -3289
r371 -45798 20405 54639 16901 8473 -55186 -34449 -29597 -14387 23321 -42257 -48419 -64101 39295 17659 60441 -6546 -59418 8336 9683
r372 45821 -4122 -56947 47476 46711 -61154 -14738 -45009 -47539 -9308 -56848 11236 -33551 -12266 -17996 -35575 16473 44526 56400 7278
r373 109 15144 -51686 10018 25682 55137 52834 -36763 -31766 -26135 23817 3275 -23355 -24099 45797 17120 54025 -5760 -19841 -34247
r374 -47915 36002 -364 -26559 12640 27630 -10201 -27210 -68 -18162 27377 -5697 42415 35806 10950 17347 41152 -41601 -63895 -47945
r375 59392 -46768 49082 45620 40824 -33866 -17246 4514 47288 -25122 -7325 -28313 5005 -2633 36201 21193 -48088 -21954 -45305 -41874
r376 1015 59653 2691 -18096 -60612 -41041 -5805 -50228 44816 5143 64275 -63748 45965 51265 10773 59727 -63816 29772 41424 51469
r377 43095 11556 -30300 16452 -41923 -39725 32336 -17334 -48962 58670 -13927 -8604 48945 42930 58487 52177 59986 13006 -11443 -27813
r378 53939 -29592 -38962 45572 -39377 6770 52699 -5444 457 -2622 40897 -12346 -47475 57004 -46225 19869 7769 56738 -33414 -5401
r379 -49994 35218 37376 -35615 43935 -57454 61006 19368 -50618 6665 -7412 18796 -41976 -19224 54442 -18916 44915 20352 -41504 -55552
r380 -54244 -30417 -22024 -12362 45879 13653 15682 39909 -3960 -29831 32809 -60042 56793 1535 -3609 -45036 6583 -64239 -14045 41640
r381 -48103 -60003 -20169 52066 7075 -16618 -53449 917 -37517 55007 -18399 11235 -26305 -57404 -15285 47955 19970 17884 64602 -44756
r382 -53741 63055 -20769 -41824 -33745 26759 7658 -41520 32678 -36791 -15627 28876 21313 -31963 -44531 22361 -61202 -51398 46011 -49599
r383 12060 -45643 -9739 -53500 7871 31737 57000 -26061 47592 6875 -31962 -29110 -1241 -47778 -43207 4215 -379 24116 -46762 -43649
r384 7283 62085 32710 54779 51655 64783 6336 -60664 12433 -17258 -53965 38439 -6824 50881 56899 -18869 13672 -38018 32078 17639
r385 26463 22213 -44165 -54859 40082 -16655 64175 -65186 8136 -42004 17447 -40061 37572 -42925 9234 -61874 -15004 -31191 -50721 -14786
r386 64537 -62631 -11710 -39604 56991 62903 14680 7138 13178 15101 49296 6153 -52840 55517 57789 -12429 -37157 -65400 -22151 -20202
r387 -34324 -47248 -54691 -42824 -50039 -17823 -13907 3602 49913 61099 -14688 -43554 25349 -16151 46583 -22434 -44474 42240 -58742 -11290
r388 12495 11546 7299 57762 53788 -23915 -63309 44814 -61637 -59308 -40359 24112 34610 -54775 -39885 -15977 29429 -54352 57100 46762
r389 -49284 -23591 -18955 48022 -410 21795 -51439 16571 -26623 41207 11568 37478 -39418 1735 12818 5999 39749 -35059 -53113 12730
r390 30989 -40942 8830 8470 -62149 -19168 -47108 47317 59250 -50624 -40504 58655 -10876 52872 18573 -45352 57603 -51536 -50838 -12721
r391 17574 41820 31285 -25064 -36542 -2083 33113 -9992 -46152 45337 -16789 -29137 45062 31382 -62409 -47828 50286 23217 -41204 52485
r392 -22805 18716 28299 25048 -9768 -49561 -22176 -46619 -47089 20603 15384 11577 -59710 -56884 -28299 35035 61727 -10497 1059 13940
r393 -31378 -7480 -15481 45440 -28558 -22865 -43861 15819 10008 -62921 7310 -20941 -29746 44822 -25166 62654 -45717 -33994 50446 -58809
r394 -21107 15622 -21052 -1293 -37490 46627 58711 -41842 16234 36369 -14942 33842 -9869 -44606 -55876 41903 53934 6493 26127 60410
r395 -12029 -64376 19285 42343 37841 621 -6927 -49693 -28989 4084 -16555 23280 39586 21559 44584 26072 35369 27971 -59376 -18364
r396 45317 -49659 2111 33572 -33687 -37591 49728 -36330 12886 -658 -56614 33577 10931 25963 6112 8717 19199 27988 -36013 -63202
r397 -4057 63785 52579 48836 65003 36393 -49799 -47080 14200 -9929 -27141 44743 -33979 46554 1630 -45192 16049 -40380 10519 -3565
r398 40962 22515 20121 -2238 11081 12731 -15834 50789 -38115 -16046 -56383 -34931 47261 -32956 -16322 52926 -39178 -15935 -58942 49844
r399 30902 -42389 38885 63352 58660 54815 4035 -20176 -46612 -46227 -7446 52639 17221 47622 -60190 -57203 8842 56208 2043 -41159
r400 -38547 48552 18588 4621 53264 5928 -35231 -23434 56385 -29287 10524 27697 -57727 -18623 7747 -13374 -52944 59383 19435 -5116
r401 6357 44148 -750 28840 51567 -43459 -50368 -21227 33156 -51684 -18956 54826 -2134 -26861 11416 -40311 11574 31268 18273 -38794
r402 12138 6281 -26166 -6847 -21073 -7939 6928 -28510 -976 12250 -51284 3807 -6075 19667 -40820 63861 7800 -36435 -32792 21267
r403 -50731 -33414 -63097 37181 -61803 -12192 -59130 1676 -22087 10925 -50916 -49639 -24196 -40249 10842 -29581 -38545 -11117 52964 30101
r404 12322 -59597 31848 11927 -6335 65170 48008 51353 -21433 -44574 43901 2271 52566 -21116 -8181 62634 -43071 -48205 11402 46507
r405 9524 7386 57792 -54278 -21931 -40048 -12462 -58593 -10778 31475 54631 -9860 -52054 -21257 36287 54987 14238 -40217 -56895 19642
r406 -36438 5017 -5500 -7702 55836 20771 36160 -56028 7101 -51315 13679 -59174 -7831 -27583 46712 -44162 -53838 39405 -12629 45561
r407 -51621 5167 -4649 2242 -62313 21325 38098 -8608 3252 -20294 -644 4254 -64268 -31407 -24297 61407 49090 -50050 14635 349
r408 -24628 57493 48413 -43252 -28291 26018 -28950 3726 59115 3179 15797 -18339 -41575 -665 -10666 -56802 5448 -11678 -49317 53347
r409 47675 -15611 -48481 63306 30464 21548 11776 32122 866 5712 55493 -19872 -60916 38129 -14354 -12742 -33601 47269 -34183 17403
r410 20990 -54078 4932 24942 -44667 -31464 3834 -37221 -58419 41883 -45952 27016 42660 44670 24236 -14845 57725 62321 -59545 -4681
r411 -34229 21102 49605 -244 33744 -28042 35518 29988 15261 -22199 -2662 23373 -51038 42517 47984 14893 -25960 -43511 -50434 56853
r412 55426 -54760 -4795 41151 -57769 40496 -56404 30560 34472 -7285 -39139 64380 21889 44043 -50646 -44327 -40728 51202 23307 -3595
r413 -53133 -21354 -40740 2745 -28427 -13305 12579 4205 -8695 -43343 17016 -39945 47944 -30742 -44134 -64333 15997 -31649 -17437 57422
r414 -32550 7724 -6089 63235 51289 -18465 -9791 1972 -61774 58487 6164 -3955 -43567 -63230 -841 52283 -17053 16910 29855 -21228
r415 -49489 -28003 35899 -13103 54905 -40653 40673 -50600 5196 -44657 57422 38363 -46073 -23922 9487 -35149 34012 -21468 1667 30514
r416 1868 -12258 41578 57772 -7307 -42756 -52400 51945 -27047 -65286 45296 -41272 65137 52030 1371 -53197 9499 -64366 57499 19061
r417 -19463 64311 -62309 -37036 -27653 50994 30032 56422 -50546 -12461 43511 -28824 -6839 -11364 -10011 26399 41386 53548 3310 38909
r418 37593 -59364 -48472 35944 -3614 4444 -59810 7086 60442 -58492 -28935 7236 31348 -11362 -19779 -45805 28963 -22407 45761 -7480
r419 5776 -12751 -320 -32565 -58599 -977 38353 -55356 50719 59874 -3698 40893 22652 33303 42494 -13873 -43888 7518 -2602 44178
r420 -60432 13314 -6985 -2031 16310 -18253 -54743 54819 -22750 -30652 46483 -23785 37315 15760 65508 33965 -56219 -35891 22518 9414
r421 2085 41599 -26655 -3514 49568 1597 -37675 -36377 -47775 -21461 61670 -60835 -46227 -3058 -36213 27592 -1724 -44331 60580 -1987
r422 4137 61725 6790 -63447 -62418 -5386 -59759 -32876 55685 33205 45819 23917 -31034 -10690 52410 42928 -40308 -28539 38896 -36028
r423 -99 13638 -11082 32065 -8094 -41406 57300 5603 50393 2487 -14640 21633 -8459 -29774 26060 -21074 18957 50592 30762 -60774
r424 33354 -52848 -2867 -62044 -22883 -30103 -59 -38586 56015 -3033 -62093 -35080 46919 -36604 3085 -17146 19826 -14903 -62626 51382
r425 -42192 25571 36526 -15999 3371 48926 -34015 -3871 26798 -34061 -55406 28868 -26208 -58784 -19636 41228 6205 5014 11157 -51026
r426 31531 -58702 14394 58111 44676 -61865 -40707 -44629 -28342 21404 -39202 -43722 -46482 -6824 -18401 -22730 -7683 38001 47704 34014
r427 30132 -31835 1702 -35205 13040 -13434 -8268 -41913 38819 34403 17103 62982 -4830 25015 26883 -7989 -4116 63085 12990 1604
r428 -48582 -23300 40229 49959 -7622 -43069 59481 21759 21129 31086 -3158 -44917 -36006 -57377 7715 45670 37879 -40770 -21045 30893
r429 -36743 -58436 -7303 30536 65008 -273 47659 14279 19631 35089 -57049 23799 -4626 -9019 -46459 -19883 64824 30707 40582 -17260
r430 -17385 12361 51981 -50603 22974 -21915 8164 10642 50643 34091 -4581 39270 10913 -6168 49175 -947 28152 42816 37599 33790
r431 56478 8901 -41580 -42245 -45088 -33859 12024 -50127 -4156 10266 -26829 -19869 22974 39974 -26409 -17186 20007 7298 11098 38295
r432 -18021 -63475 48690 -64647 25201 35734 14621 -29161 14702 19041 -1909 -14172 18585 33275 40685 15511 7819 -5088 38986 30056
r433 -29935 -62780 -47552 -35744 54172 39811 48753 3733 14991 52965 27233 -63482 43826 51371 64803 -21056 42225 52109 -12990 -40817
r434 -3794 -46543 22456 54758 62985 -60909 -10439 -48641 -33233 18965 13571 -32596 49910 26642 53999 -7442 -55534 -25535 32045 -62359
r435 -60784 -39468 -3615 42758 -47959 63285 47815 -22517 -62125 55055 61077 -52792 -64178 49270 -3465 -57256 -54815 -12135 -19850 -43012
r436 45888 14608 -42458 -50602 -19746 29672 -10824 -11053 -41309 -46286 466 -12298 -14175 1863 12697 -37985 -22058 -10591 -19971 -15255
r437 39882 -22752 -21963 58955 -32716 -45665 -8666 29639 60959 28288 1473 -41908 -17267 -48547 -18256 -44088 -62072 -56165 14720 -10257
r438 36552 -21817 24125 22281 -11838 -56630 47525 59882 -8662 -14262 4268 -43473 -48527 31466 -60937 -28262 39270 -15434 -4075 -41517
r439 52963 6454 37388 50650 21361 -26389 -22711 30431 33426 8303 -29713 -36993 45338 17596 18723 11122 -26792 -65168 -22078 31963
r440 48558 -6150 37619 19016 -47343 -50292 -14943 13197 -6544 -43792 -44501 59713 19787 -17569 4876 -19150 2403 27844 46419 38256
r441 -21041 4089 -61339 -37362 18638 -9935 -16052 -28006 60485 -25893 54122 -24455 -62572 -28828 -41983 35831 -65310 -31053 -20927 22580
r442 41608 51730 39806 25482 -64807 13109 8387 35088 -63692 28930 39134 -26493 -47496 47991 -25772 -28653 -9833 25062 34019 5160
r443 3737 -15827 31553 52827 -6202 -40296 7910 -17514 -6968 -22185 -59391 49768 -1803 -61264 -63216 -56372 -14184 44001 4665 47050
r444 27706 57473 -24370 -22004 -27637 -31776 -46683 42324 51902 15961 43780 -65067 -55902 63126 27041 39907 57544 10009 3721 10088
r445 -63728 -13738 -51558 9383 6503 63085 -4340 64340 63208 52401 -34061 -9421 -45047 -31374 -44148 -50675 -52165 -64001 -37034 -19548
r446 61686 -24708 -49109 13119 -49270 -56952 64822 12774 42815 3976 234 -27195 6754 48599 39590 6224 45650 17655 33210 47208
r447 15358 43733 -36155 38600 -57431 -61705 40556 288 -4492 40019 -54557 -26334 48390 53855 -23203 45820 41410 -996 2160 -47861
r448 22778 -34203 25487 18833 -537 42844 -15584 58597 -12584 11686 -62804 24033 -11604 7358 28554 32176 6238 -17146 -64172 -45254
r449 12974 28998 -46644 13769 -28416 9364 -3597 -62794 -22041 62057 58235 10841 21544 41545 -9646 9109 -33180 54745 35454 -25329
r450 -40932 -21706 -42163 -10283 -56949 -52295 -5401 2557 23358 12287 41802 48948 -1861 -27541 -7499 59953 2341 44504 15502 61708
r451 -39893 45526 603 -36431 22529 -26989 -22730 -46037 -37089 -60117 11884 29180 -37808 -24527 -39845 -42255 30812 -18172 21063 -46975
r452 31400 38300 -31325 44287 -51059 41428 -22507 -17352 -31415 25268 23481 48376 35602 -1336 -32305 -3252 54109 -6143 -30166 -61808
r453 44643 41082 -54685 20682 43461 -59638 -30010 -14478 20574 15645 -39265 57275 2239 -39293 -36361 47600 -21907 16112 21289 48071
r454 -30234 -37391 -28810 23254 -14529 -64711 -53807 12809 -50062 6780 47800 6552 5862 -12398 -45567 -25213 -40739 59173 8295 -30974
r455 12950 65460 -23428 -30370 -24209 -4245 -59150 -33244 30416 51195 9514 37739 26113 -22315 -1946 -41104 -20412 -49719 19320 53044
r456 -52755 28198 41039 -2058 -26390 17475 64338 -52532 -13857 23087 20980 35796 -63708 64349 -35728 18150 4429 14780 -26377 39345
r457 -11075 -42166 -31303 -12105 -47848 1233 -15929 23469 -59071 34942 38113 -41512 57899 -23443 63261 58311 -57920 -57660 -58943 21982
r458 -28140 5394 11355 -20530 45926 -25850 -25301 -58162 60121 -25547 -45950 6437 25448 372 -32609 -27484 50907 -18366 30677 1577
r459 -57346 -9319 -7488 -26845 17023 -59883 -27923 56861 29931 536 54103 -9224 2118 38580 42285 25966 37916 43289 -58911 13033
r460 -35203 2126 -46436 27140 -56823 45933 19261 -46623 -24079 -17424 20978 56058 -40838 -52469 57237 49452 -30588 -7783 47831 -5084
r461 51 59524 13523 -31052 38638 -39123 21168 -4997 -53139 26371 694 -7033 -14344 5335 6885 30730 -51661 -18225 -3572 55981
r462 -13421 -58539 -58629 36166 -20877 39346 16250 24333 1888 -165 10713 -32723 -3443 -8615 -44451 52261 -16912 -55768 59028 47699
r463 -49471 -49227 -1441 -23774 -38017 33133 48760 -21405 -22694 29267 11157 8153 -53847 -28719 -41291 -45982 2506 9521 1186 55035
r464 -13421 8714 11929 -58783 46546 7793 -23737 13005 35689 -63085 63885 -48105 13736 -20969 58024 -8527 62782 59982 26477 55901
r465 -7049 61223 17467 62825 53614 -23479 -31300 25698 57980 46491 -16208 -65262 -61786 -16102 42315 -36732 -54289 -55165 63932 64201
r466 -4967 -43878 -61308 -11056 8580 53885 65446 31677 -9127 -18267 64652 33048 34883 -58764 13713 32220 -53938 -43292 10836 -33438
r467 -18819 -23067 3 49801 -1605 24038 46040 -18471 -37604 -14452 12049 -56662 -23189 15236 -25123 -12815 -54780 -16727 -48938 -39033
r468 -59861 -3800 52430 19669 30394 -57954 -40808 38430 -61498 8270 -56395 22052 -21545 -42884 9036 -40941 -17384 -14759 -38589 18324
r469 30565 -35616 61169 33994 25936 -14166 58512 59632 18809 -55957 -49784 47993 -20333 22681 -49160 -5729 2054 46493 43606 50282
r470 44699 50657 -694 31835 -7896 57874 -32149 -474 12796 18920 -12462 -5177 44093 1477 56775 -36109 3657 9184 -11325 -54280
r471 26674 -64336 39803 468 -58163 -15238 -19856 17978 -44711 51007 -54576 61751 42206 49479 63726 -59263 34472 -44963 -1294 -62640
r472 -5081 -30972 -31675 -9482 -16253 -49719 -24340 53213 -9327 -43639 21890 -47899 -34274 -60504 43659 55365 5937 13733 59460 -32545
r473 595 53609 20940 -61386 -62631 43572 -7707 36198 -33485 54139 39196 5056 -48899 60622 -42357 5202 -42686 30426 45913 -10356
r474 14362 -3440 53630 58289 11557 26490 25653 49341 -10085 -36747 -18929 -50871 -56473 -16322 -19780 56378 -23859 -53475 -52893 -29102
r475 -27531 40010 -44977 27936 -2239 384 18774 -49459 15873 -50600 -24398 43510 -53512 -30249 -38330 -39358 -18973 9750 -20178 -54745
r476 52095 13851 -16017 5961 -40509 35439 24137 -12410 6864 -34811 -25163 29888 50614 22749 33514 17669 -17083 35739 55730 -19564
r477 -61707 -51972 47868 -57651 14495 -56202 8842 20311 24788 -26953 25014 -57750 62038 450 38302 -50480 52494 37036 1292 -45970
r478 2371 57974 54086 53164 -39631 -10150 51979 21214 55606 -39301 62191 -47143 12089 -12988 20516 -58154 52057 21185 44911 -18027
r479 -62555 -52393 -35739 8922 -26228 43641 29906 -1238 33170 -26883 4563 -64142 -25149 -41336 -1296 -57681 -43132 -25098 21510 -18741
r480 -8312 41845 -34792 36163 -45000 -33456 8026 -63179 5622 -51219 17715 8700 -48286 57237 -62445 -23440 64183 -61539 -31253 -21746
r481 -1493 -22246 -19173 -35587 61945 -52030 -29715 -24707 55112 -52056 51394 -5880 -41504 8930 34990 22764 39476 27914 -16530 -20928
r482 56038 54716 -53915 -396 14769 -50138 -25298 -34437 43666 -59664 12290 -64117 -62397 24869 -44692 24363 42120 20535 17862 -34460
r483 -21871 28687 -30103 10355 39446 46952 60770 50816 -38352 -56764 -6667 23352 -30961 -58072 27523 31457 41864 -51061 14220 -26695
r484 57443 -62772 23839 -28279 25537 -63258 -21056 -19846 -59805 62418 -17934 15160 12427 38816 1404 -46095 62498 -37526 17599 -60387
r485 44976 49192 -34099 23196 4350 -5859 -32852 17585 11146 17370 -7003 4862 -16203 57645 -40877 15985 919 -15525 -59394 -62913
r486 -16886 -14788 -53846 -58454 5834 10359 -20550 -50830 -12491 52333 -65391 -28350 15083 56602 -44786 -2854 21221 -36530 -41828 -60976
r487 23270 25908 21483 27373 62532 -7575 -26993 -62543 -25970 62035 -57549 -25221 5248 -4522 25155 12589 -42415 15117 44443 -282
r488 -10473 39247 -47064 17728 63707 34325 49737 -56368 -24550 -10646 -2234 -41227 33640 17747 14197 -15019 -38828 3538 16485 45839
r489 -12235 44043 13610 -49162 8236 -42372 37978 -51417 33577 29742 -30305 -18656 -30977 31687 31907 -63197 13271 -63879 -45329 38283
r490 -16319 -26705 -11063 6039 6378 46615 -17792 56712 -62336 57798 -62991 -43647 -38915 -18365 -41318 -47892 -44529 -46 15315 -55376
r491 -37949 15247 40437 -57594 -37710 50226 806 65527 -46470 -42860 50188 46471 -26966 15475 59876 26151 -56136 33253 -13003 -53214
r492 -22607 39066 -38891 37223 43006 33501 -37657 8696 -8946 27735 -18336 -672 -35212 -20139 -57441 -9632 58508 -59308 4743 24807
r493 53498 30481 -40860 -50849 60565 51088 -62116 -59292 34770 36597 37705 -59259 -60842 -56153 -38514 5983 -34816 -19985 -41164 12827
r494 -1945 59770 28121 7442 51417 -30247 54113 -23530 43993 -60517 -2715 44141 -4140 61549 -37275 56856 -56715 56579 -36884 48463
r495 2404 34583 6797 -37745 28284 49421 12762 4416 -25019 4406 -19872 -9613 3225 -48034 5226 52518 19168 36484 -12040 41281
r496 -48376 -25208 -67 17660 -13820 36789 38334 -61049 -65203 21369 -23328 -63814 -31139 12038 18441 -16114 -45308 -55754 15146 28248
r497 2450 29228 -52198 -57314 37504 40777 59965 -8208 40016 -61195 48269 39681 -9875 -22378 28243 -5168 -19395 -12051 -20687 23274
r498 -49099 29580 40020 61194 -28144 42015 -12291 47675 48218 9114 51997 30988 2874 -18316 -41536 -53886 25600 20061 15388 -32331
r499 7883 -47 52130 -5099 4264 9200 -1714 16085 -17261 -50104 5890 -64002 -62878 -35850 48747 -53103 -52804 -19347 -52449 -23487
