mTable11 21
KEY  c0 c1 c2 c3 c4 c5 c6 c7 c8 c9 c10 c11 c12 c13 c14 c15 c16 c17 c18 c19
r0 -64648 40032 -37483 -25689 34217 37305 55731 12683 -14514 6708 28667 2271 -43707 -37897 -2389 -54082 65248 24136 11854 -44254
r1 -23958 42285 -58453 -35287 56766 -3314 -10485 62012 47703 -38146 -8394 49711 -1095 64659 -37302 53261 54604 64733 -1648 24981
r2 48086 49202 58453 35153 48961 51061 19185 -5472 21762 -38297 -16169 36662 -55750 -52012 48683 60185 -27329 52156 60060 -5553
r3 34789 64588 25402 -16303 -8614 -51558 -40501 -54900 -7234 15437 23759 10380 -61982 57305 -23310 -57923 42826 4797 29577 -61961
r4 -8177 37537 -23627 -27869 -12215 35317 30715 58561 10927 -23478 26408 -8929 -18049 58666 38087 7869 -19282 15198 -34643 56954
r5 36275 50879 36004 64779 39156 65382 -11740 147 -33769 -31637 -4108 -54045 -17246 -18558 46839 30472 14678 -18221 24182 45231
r6 49283 59138 -38261 -60166 32939 46359 31763 34477 45626 -52413 56890 -43711 -33412 39158 30111 11482 34467 -3821 16394 -18466
r7 56842 64648 16685 -43016 -6529 -59653 15702 -52471 -26918 -25295 48688 -729 -45528 -22784 -35446 -59034 31487 3266 7950 30874
r8 -64088 56205 31978 60206 5875 48384 56326 -28415 52702 51408 -17016 29466 60842 -63492 4114 65031 26606 -46902 5746 -53415
r9 -15712 -22339 -9551 -42562 -18961 -36799 8437 35069 3251 -297 -51747 -55684 43410 -1097 -47679 -42214 -42711 -748 -12504 3068
r10 -46914 -21263 60861 -63273 -40701 65477 -64730 19725 -22199 -61340 -21047 -24873 -41576 45155 37780 -36733 56070 -48778 47188 -12820
r11 53865 -28042 -42886 -61615 -8429 -32648 -7707 12693 -20137 11645 -20110 -8140 26003 3716 -51206 31770 -43187 -54097 -62445 21047
r12 51610 43624 25237 -62830 25694 33416 -57908 -51331 -54726 -48181 -47583 38803 -15043 -43536 -19949 17805 60216 -4390 -51226 -50835
r13 -15549 -38037 22564 63783 -56264 15670 -18325 -52638 -63792 -32706 23561 -17132 6736 29925 -8543 2861 -31468 61239 -15891 9913
r14 -57798 -47510 -44213 -22387 -8010 -46052 24917 1048 -45668 36670 62827 44331 -42797 -60435 -65318 48505 -36930 58565 -37395 22845
r15 27067 -11785 -12100 -3278 -63046 -51095 5302 28823 2560 35221 -58248 -57733 25516 49433 31182 -47617 18552 -26344 -5905 34869
r16 51925 -51700 58190 23438 63892 -380 12539 -354 -610 21375 29205 16537 53188 -11837 33365 -43001 -55803 -62875 28823 -2059
r17 -26841 31168 13245 43466 50042 -15697 -42016 -62655 -9405 32061 4207 -29133 -51801 -26295 64175 -61097 -19514 -52512 -30771 -40975
r18 -28408 42255 10730 2136 -48492 -16810 -49282 50675 -52401 1272 -33709 -18253 28469 44694 33079 -16775 -55126 49053 -30887 -24653
r19 26029 -48685 -47298 36218 24366 1634 -20429 -14623 34519 -11934 -543 27706 -2071 -30295 63664 -55799 6977 -17700 14726 39105
r20 -12975 52463 -42259 52448 -1386 -989 13640 -27587 30157 -62783 18322 33743 59621 49560 58134 -44814 -34912 28058 58323 10869
r21 -64620 -5102 -16179 25554 20896 -45392 10236 6680 37137 55618 -4796 -41014 -10324 -23386 7756 -26992 -8995 -48188 -13395 58258
r22 56056 -42205 33580 30408 -2856 246 -33286 13113 49398 -25886 28803 43842 44767 35996 41944 16257 -34780 -62305 -41952 56986
r23 -11314 -39238 -34827 -22162 -52968 -31252 -33839 -22029 -58948 14481 -14819 9637 -2145 58527 4420 34243 -62427 -53314 57939 7736
r24 24399 -55120 38499 38739 300 -57381 42909 -32118 56973 62580 47362 33160 44118 -45153 -2348 -63654 30276 -5447 -22819 12184
r25 -57052 -49419 -62670 -21952 23759 -56256 43420 25289 -34556 -58700 -9679 53456 -41814 62596 -37381 38751 43421 49478 -20883 -31188
r26 57756 -26357 3673 43422 49851 41128 28883 -31681 2088 49434 16978 11182 3591 25586 -36166 -39737 -57591 -59055 25830 -64201
r27 -47188 22092 45378 33110 57549 -11674 -5381 16468 -4907 -46183 50199 44109 -428 -37599 -25489 55043 23882 -65187 51635 40131
r28 37137 5670 -57864 -27047 61732 -57165 21286 37 42609 -53247 45633 16029 -58495 64580 -23892 5536 20664 -19352 -20212 1818
r29 27953 -41816 24064 3291 27101 -51173 20129 28039 -54861 34961 31481 -2595 -9238 -49392 -28037 29403 51084 -62256 13813 42401
r30 -23033 -14674 -18730 -17291 -54264 13134 -27780 -14987 39144 -36169 -43441 63980 52671 46406 -54208 46448 -32328 -58533 -25473 40004
r31 -417 23890 3685 52335 46909 52450 45521 -21155 -24094 -53244 -62297 -43237 -34723 48106 -30372 -41235 -3135 54873 -39564 -4920
r32 -62589 28357 23127 -10728 -44073 28340 46658 -38605 62122 5737 46813 -31132 27557 -52513 37977 47968 51989 22266 -45713 -35385
r33 62842 3529 59941 -25684 13433 15682 19368 -25975 62202 -36371 64665 -59310 13921 51305 57101 12750 7331 -42389 28475 -44497
r34 -41358 -49346 -21574 7314 -43077 -42154 9360 -44472 54893 54238 12147 -15185 29583 -31945 28687 36015 27780 53092 -65521 -50720
r35 31194 -18133 -38320 -35193 18 -9549 -58252 -32624 -27188 62613 -54829 -20356 -28303 7434 -61942 -3523 37908 36453 -31788 40842
r36 59775 962 22698 -19052 -4111 -45803 8091 27274 27636 59641 -40825 -7798 -40873 -24489 -39192 -14382 4637 29794 -6274 8072
r37 -44817 -53763 21020 -5549 50314 32108 12043 20751 -3111 41959 -44831 21640 10420 -6014 2044 -33189 -13539 60160 24191 44271
r38 -34999 -13503 -24387 -12382 -42545 -22275 -17231 -36405 25905 -58085 -17023 -41601 41253 -253 -57268 -52313 60340 -39183 26927 -62700
r39 -39023 5468 -11578 28845 -23181 -35788 2263 -59168 60721 24768 -53416 -14668 -20092 -53619 -42466 -3891 -18897 21537 -7339 -25091
r40 20299 -52701 -58190 -61128 -52842 57384 -5129 31113 25913 57972 -31451 -61590 6282 -10552 -3755 -49899 16719 28687 60113 -2555
r41 44337 40715 59212 42526 4585 18071 -37874 32039 32902 51424 65128 63510 -41127 4757 2338 21867 610 -44823 -3002 -16216
r42 45845 13893 -39455 -63489 31296 40549 -38309 65209 -56737 -59639 -30455 54109 3585 -60798 14381 15243 20546 -2468 -9712 56015
r43 8715 13946 6623 -16515 38857 63507 49050 -63321 3507 10101 58456 34435 5099 -40257 -44424 20601 48498 -12434 -19301 -32840
r44 5091 41888 63038 -4253 51613 18318 24941 -2375 -49073 20712 14653 17775 65371 -54553 9619 -26132 -27027 -26052 -15680 -19396
r45 -944 -43656 12366 33627 55139 879 2136 -49961 22357 59126 -18744 -14474 -2863 23994 40856 -12060 -45792 383 -17257 47607
r46 -50617 17317 -64996 -2780 -23286 -49159 29631 -62698 -24004 51257 39170 29906 26381 -19111 56862 -38339 -58552 -53021 -30124 57492
r47 -25706 42110 14510 -48104 -10370 -20666 -54938 61924 -20566 -30948 -54374 -59855 -24192 -33738 -50239 -17490 -27602 38089 24996 31791
r48 52704 -47494 47767 -36282 -22976 659 -31551 52545 -33820 6490 65232 5854 -48753 46979 14253 31593 -50915 51742 -56730 53629
r49 -33203 38925 -37021 -5044 38689 -34360 56893 20156 41670 13772 3005 -32812 -40702 6497 -10318 -60264 -22111 -64115 26721 -48050
r50 43823 27353 -5293 3156 27768 -33598 38176 30497 -3010 -56647 -21438 -33950 -32026 -30826 42618 23231 42897 -16448 45609 5053
r51 97 6604 54136 43687 -41287 62572 3112 53380 -3131 42779 -34256 -8959 25056 47482 -9531 -11272 42666 -15296 -45029 13481
r52 -33076 -29470 -45516 47186 -35064 -35262 10239 22078 -7147 -15588 -38994 38966 42910 -35275 21557 16938 31973 29639 64227 -18626
r53 -14301 59330 -17295 -30282 15473 28224 -49425 53053 -3952 -63816 18127 33068 10749 34530 -3681 -13867 -31330 -24646 -19000 17412
r54 36277 55547 9084 32952 15700 -42450 -29435 2350 31447 49596 -16219 -45694 32102 22800 -38501 10767 -18210 -5433 -62529 29191
r55 -42485 -47337 82 -61266 -12842 -30256 -41273 47020 55841 59500 40111 -59911 -57240 5103 30576 -4864 -62588 -17013 -58861 -36477
r56 -56549 32916 -8100 -58487 -2926 -47055 -31808 -26625 -7226 -40255 62133 -63267 60385 35973 56859 -53275 23199 32598 8155 31011
r57 -51020 -254 1419 1662 5183 -25400 34792 9132 59307 17356 -10778 -22634 -14212 -6898 -22536 -29786 28208 -62139 -5922 60770
r58 -9329 -52288 -50300 -52089 46697 -58535 -29067 -40589 54193 -7293 4046 29455 -43541 -14044 -46338 25263 35379 3589 36136 -40140
r59 -33193 47984 42979 -26584 33232 55710 47678 16381 25677 -4579 50701 -188 61497 9071 -4257 -44308 14864 47796 -11626 38478
r60 -59174 -31338 22039 39829 27294 -55021 -17299 47618 61385 -44146 -15636 -19331 -64417 38847 -43401 51006 17122 -15152 2169 -42815
r61 34938 -15445 -55784 -51637 22835 -62470 1422 6101 -15444 -24653 13921 42369 -43407 8756 14084 -21515 25260 -30809 -45403 -12162
r62 -49360 27290 20528 42270 1701 44795 -12078 784 42521 -3573 50268 -16912 5317 -13411 -23432 50263 691 -48937 -62258 -25350
r63 -9116 45774 -19403 -21296 -36196 37440 -58553 62792 -64539 61880 34873 47033 -10657 14321 -1079 -37873 -3107 21766 12011 35491
r64 28696 -32272 -41266 23247 -13144 -49005 -60654 -13817 -50135 13552 -235 -7697 -62200 -45160 43933 40378 35548 -36323 28382 -13161
r65 -41995 -40467 -10133 64827 11837 -46123 51808 33233 -37516 -32486 65079 19709 26636 46923 -11324 5437 60253 7787 -40799 52316
r66 62041 27262 -1716 -22171 -24701 -16922 -51451 -8087 25824 -2632 -34730 -12445 22250 -44075 36908 -10117 4027 -3293 -63009 62424
r67 15705 -42188 -24790 -8173 -35109 57810 -15755 -33922 15852 55699 -10057 39251 -61082 -57321 -34395 -38142 26516 -1113 -33620 18785
r68 56316 55802 -25387 63950 32697 -62665 13882 52784 -39535 51932 -32760 1019 35664 -25758 8094 -14801 6735 -13209 5962 10117
r69 -39384 -39979 -5969 -50075 35588 -61281 48776 -39541 54565 -19397 38116 -43851 39334 -49818 4310 10301 -64229 -1020 -41662 -9361
r70 18564 58966 -42435 -35776 -7845 48781 25698 -16075 -13088 -14029 -62113 29084 34959 64422 -45832 9294 -14667 -49170 -62896 -338
r71 19359 -32343 -6872 -59290 -37264 -35437 54852 -21644 -46047 24013 -19623 62879 -44219 18058 6725 -18115 -1900 -7665 -29030 -38968
r72 1011 -17025 58280 50706 -16292 -57771 -60980 -63081 10092 16260 -55864 11628 25193 65483 41448 13293 -36112 47546 48691 -53224
r73 -8618 62937 -61296 -57132 -35094 11258 7223 -37856 36319 -52947 24515 41817 54545 -29678 -31878 -42549 -15015 29881 49711 -43417
r74 -52853 -43588 -35933 14846 -27675 34334 -32080 51088 50526 27784 -29542 -54145 -19491 51017 52781 -36045 -16033 -19577 -53210 2127
r75 48154 23904 5451 -59965 -28685 -49220 28395 -12137 -6148 -38962 9876 49766 -27525 37420 -64467 -53416 -36347 65103 862 10845
r76 -59197 54028 -52913 18132 -32392 47775 19061 41048 54369 4329 -59892 45185 2525 34497 27405 42073 -58637 35745 -56423 43859
r77 -17093 2940 47230 29935 51295 -5913 59772 50570 -14807 47583 22212 29942 -65242 -17985 7769 53665 -1369 53695 1198 -40413
r78 -53882 24479 13195 27437 -52597 -12051 9421 -62131 894 47158 19696 57603 42169 -43276 5973 -574 49462 54259 58773 -13027
r79 -36213 11058 12668 56118 -30872 56991 -29570 41839 -22738 1386 -41036 -32493 -15728 -18207 9009 -29865 61385 -2558 10498 57697
r80 53066 10610 57570 -58837 -20234 5468 1213 -29818 -28016 7944 57682 30961 51605 -34712 46353 33675 -21795 -37058 48715 39949
r81 52031 -56782 -2053 37248 -58950 -30021 9714 -31080 2720 -881 32989 -51599 18793 53673 43061 -48207 37247 2482 15323 49268
r82 8748 15778 -40958 54716 -41539 -42345 -18658 24185 -40335 -40859 -28447 63823 50485 2667 39147 -22505 11027 2421 -17572 -29533
r83 2353 -32315 -27566 6372 53632 14378 15656 -11043 4896 -46572 -39292 -25136 -58404 -59046 41061 51014 -58795 19731 -42087 -24540
r84 3657 62430 13233 -8228 19638 -1841 -19516 -36921 -44973 33120 3800 -5532 5668 59339 14622 44621 42659 35330 30933 60386
r85 -33279 -42196 -6744 -3517 -15110 -11243 -9045 36469 -41435 27022 -9198 -46513 -40588 -54318 33307 -61585 -12766 41926 26198 19244
r86 -47495 -62659 63123 42074 33421 4154 54247 22436 25191 59356 62929 -11693 56528 32809 24510 -29416 10547 -11512 56544 41069
r87 59676 -24666 40666 62236 -10807 35894 -6118 -26118 -22313 -46838 49401 44540 10701 -11583 8763 23260 -2022 2931 -42642 -65419
r88 50086 -31524 38363 -56339 -44758 571 -19573 -25568 -25015 -44756 -27700 15587 44683 48099 37636 8577 45671 21019 -29727 26288
r89 22966 -42203 -18398 -22251 390 63367 2918 -40571 -20863 -25928 47677 62594 30610 63330 43159 26927 38097 -41487 -3166 2239
r90 -16814 -36332 46297 -48540 59244 1258 -48952 -64483 -46582 -11998 -47583 48613 -27001 30543 -9345 -29922 -42364 16329 -58499 56746
r91 39400 63325 -29919 -9110 38758 49846 -65243 53510 45624 29466 -18075 4191 31345 18874 -18404 59847 26061 -15236 -35900 36350
r92 -36656 55446 36327 33869 21559 -3667 27275 -30858 28008 38939 36316 36929 55248 -52797 -62649 -65359 -37653 -7234 -4493 -54666
r93 -63299 30030 53752 -36325 8218 -33895 56859 -60079 61436 -49102 -41312 10287 55142 19664 20320 27455 64898 -30041 34508 -26618
r94 38174 -5488 44099 -22060 38691 39785 13383 -57041 -37157 -39620 -54252 1791 20291 -62996 -22310 27481 -22803 5793 15391 -52213
r95 -22083 31459 64609 35204 37892 -40872 -10517 58545 -39406 519 47336 -2904 -47583 -30023 -38304 -6461 -57684 -17220 38847 11914
r96 -17890 13744 -57992 -32892 26305 -12276 347 -51738 -25079 2806 -35876 -28077 -15370 9968 -23916 59072 44446 -51449 -17262 -20377
r97 3075 48315 -45903 -50485 -5794 -63447 -40826 -33669 -62903 -22720 -21818 63529 -11843 41501 43257 22270 38354 29642 46674 -36686
r98 -46274 -62500 -53833 -54899 -19869 58417 49509 3743 19143 -65139 -7601 -7916 -14123 -43235 -21348 11027 -21995 62741 5931 43068
r99 -29178 -61890 59094 5913 -11220 -3558 2104 25756 17406 -56779 58874 -16227 34144 27896 -22852 -45912 43513 1061 23849 19409
r100 640 5971 -21414 -48171 -27664 53537 -23009 -61767 16620 -4098 -6985 -27072 23249 -28925 -11125 -25450 31885 -14387 13505 -23193
r101 -1173 -51332 10142 -25703 -61210 -28354 -7926 -4324 -21229 -46766 7883 -29212 -35651 40572 -15668 -61248 -38008 -40084 -3256 11072
r102 3477 21603 -58745 -39676 -27187 -45554 -62535 9047 -52348 37550 -3524 -63921 -22915 63804 58786 -57543 59837 -65334 -49488 39785
r103 50079 -40964 -789 12386 -58664 -22848 -585 -34896 -23846 -47459 63808 -34651 -27291 -44752 57657 -5538 -10111 59834 -35683 41572
r104 -14166 -38348 -53549 38244 -35000 -46620 57766 -47406 -17864 -21775 -1837 5019 984 -140 12011 -24640 51023 51110 44758 19135
r105 19891 -32381 61316 34328 -12262 8167 -54687 -37835 -12841 25873 57486 41236 42799 -47501 -8887 43667 46517 -46125 10253 -814
r106 48471 39416 43648 -34938 38202 50188 33970 50798 1924 40651 32614 -21073 10185 -24176 -53338 16860 -61082 -25308 -24576 -1829
r107 -25010 -58262 -57853 -46706 15506 -2868 -12419 38404 56771 -65529 -64891 -51023 62805 -45338 47100 43965 36856 36507 -23216 -42267
r108 29885 49944 -44968 -51522 -22685 18186 15118 63312 -63150 -4333 53777 -50642 -626 56075 -47068 18261 54807 43822 -63006 -10440
r109 36284 -60961 28272 38638 -59386 5182 23706 37915 -29351 -18026 -10320 31321 -33397 -19655 22973 46892 -11626 -12567 -35763 -29311
r110 58321 -14440 -13613 59138 58523 -28292 -65490 37156 -4435 51203 56013 -4878 -45309 24798 47100 21246 38270 27583 50420 26214
r111 15248 -6074 -45581 26293 123 64608 39940 -32697 -50900 -57982 64058 23521 -12189 5683 3460 3534 -37484 10082 9011 47187
r112 -1235 -36823 38846 -60368 15379 37244 46423 -4064 27566 -63815 17862 -19427 -1686 -27219 -2067 -20013 16816 -22328 -27630 -59371
r113 -14949 58795 -33822 -32964 -35054 20848 -31439 36873 -7193 -14892 -20832 3227 -49744 -18294 52348 48142 19353 49512 54411 59519
r114 -5922 60308 -51653 -13485 -36092 -5277 34045 50944 49359 25801 24205 -23341 18789 21226 -46142 -44551 -19293 55727 20603 -42366
r115 -7685 -61688 53672 42066 40087 -42533 -57877 -9683 -34433 -3686 -13184 44485 -60265 27595 36380 -13256 42619 56203 -45601 36326
r116 -42816 47650 12755 11497 23063 54129 -36627 1268 -17821 -60926 37635 32701 -52364 49211 19203 -16877 58292 60156 56462 -554
r117 -62630 -2793 49990 -8258 -33297 -3543 34173 -39730 -4905 52502 45111 2011 -18770 -7124 -20980 63898 -42307 34893 53029 14905
r118 10802 -41419 -60125 20544 49687 -56531 53783 4114 -45443 6263 23131 -52536 -1872 -34052 63914 -2923 -61768 3520 36583 2624
r119 -12311 82 -10766 -38317 -38989 -48938 53251 7743 5926 16950 61152 31891 -52863 -47975 34466 37714 53203 -16743 36398 30272
r120 -56236 27283 -26019 12958 -15125 -2475 -6494 -28050 -8015 -43406 26723 -32276 -56149 -35883 -34199 7179 13569 -25955 -47451 64377
r121 18004 -20765 6891 -26883 19918 -29196 37253 -52516 -45553 -51531 -52574 -58519 -27352 -22044 -62814 -19284 -49185 9364 1656 -45723
r122 537 -62490 23949 -58614 47230 -26391 -10140 -12370 -1990 9341 -39338 25007 35917 21177 -11669 -6847 -9069 15907 58072 -49142
r123 -43452 40109 -48381 -28421 -38403 59187 26539 14402 -13397 -55874 -35210 -8463 -5916 -15695 6286 -39214 -50520 63108 -25150 -57624
r124 47615 -27030 -23623 -56110 -28109 27142 -18845 49641 -12432 19591 -60239 15365 -8191 -60520 10124 -55959 7283 30437 -175 -45136
r125 61469 -26341 -41712 -4738 -10130 -44508 10312 7525 -3512 -38628 -60951 -34627 -18448 -9716 -11466 -53651 -59730 61059 -33347 22403
r126 -49449 -2598 4171 20204 -62952 -18893 -8567 27928 34825 64217 -44830 -2591 57027 -61563 14106 5572 -8759 -40144 -3765 -64425
r127 60989 -45670 59417 4257 28127 -51911 -50358 61051 -55480 -3818 9872 -46454 38805 -49252 40829 6058 -19887 40578 3532 36446
r128 -45492 56476 -32456 -13481 62852 -22804 -41433 -13923 -41866 -45554 29436 -16163 45740 27288 -26779 36835 31915 1940 -24028 -9983
r129 -48463 -33099 -55922 20049 -35918 27463 30009 -10172 -29023 -54097 6855 47828 -34532 -19396 -8497 60775 47920 10330 -46595 -27454
r130 44565 -6704 29695 65162 -24216 -36785 56551 -22381 25496 -60124 16522 -8195 -51082 7181 39636 34491 -58862 50435 12875 34143
r131 -43681 -18113 5491 12821 996 -43529 37301 28841 -30888 12352 -27764 -51257 27948 -44346 46639 57972 -47127 -45213 -40414 17815
r132 -55301 32885 55210 23871 44030 54389 -26130 60852 -7317 31873 -30974 -63117 53793 -13070 48530 46981 -59984 25850 -55712 9828
r133 978 -25100 -44431 41224 30484 60557 9142 14825 -33069 -9045 -52582 -22958 22119 30228 18203 61763 56735 3280 -57546 -30269
r134 -15189 -44681 -8354 -18242 3743 14421 -43609 -35799 -9706 33012 -2400 11427 -21276 -41595 18194 -48672 47803 -36736 60166 55370
r135 3327 -37964 18460 1136 16661 -30977 -7453 45316 49795 -27957 -47537 36805 -50027 -16770 4465 -59902 -24760 8968 12412 37797
r136 37146 15804 9044 -28211 -17081 -7580 53607 9560 -48427 -40585 23670 -609 -20262 -61887 1012 -1981 -60638 -7219 -20504 -61388
r137 -2462 -31285 -19706 -48371 -45045 -63672 10081 10467 -1099 -18588 7230 -62388 36206 -60299 -11968 -29391 -58564 49386 58682 52711
r138 -48947 27862 -29841 -476 32329 -40928 -55519 17850 59231 55214 -20821 25719 -54939 11056 -29531 18847 26608 -24028 -14742 6960
r139 44906 22931 -14454 -61372 -59237 -26260 -17874 39068 -37620 49357 -15922 -25746 50272 36615 9978 1314 11581 -28758 -51202 63533
r140 -37138 18088 -63261 35582 -47722 -63809 -37166 -13618 36253 63599 -18756 36023 4743 -7011 -43503 -21294 -9188 -9074 -7666 -5491
r141 13634 42377 -48120 22921 32550 29346 50476 -61262 -63591 -33358 -19775 -20126 19006 -18534 -52011 63149 53157 -26269 -60888 63926
r142 -33967 9568 52849 5554 -17540 52368 15472 30319 42590 -6045 -8541 -33899 53776 22458 -14834 14769 23421 -32503 38204 28298
r143 25974 35999 432 -18085 -29060 47513 -1880 2737 33344 -25768 -55180 29377 61893 31661 11420 -41822 37349 -44805 -43381 -27786
r144 -18483 -24186 54072 3728 -12540 4767 65535 -41960 38053 -13974 -45931 -23179 -49785 -2135 34082 65079 33276 -50643 19705 -16515
r145 7545 22490 -56248 4506 28172 -47300 -63595 33100 -62894 -30200 1751 11275 9542 -50943 -35365 -17791 45384 29988 56347 42155
r146 1009 38510 -8365 50308 -30603 27727 31244 53216 57048 37895 -51574 -30837 29399 -11755 52854 2139 2542 -39518 9093 30785
r147 -50891 -3239 25185 -44684 47620 51341 -56461 25754 -62802 -35457 -7557 -3683 -26441 5961 -2142 -12464 -64869 -43219 17958 -8602
r148 -6318 34059 -36232 -35979 56781 13015 41526 49655 -12800 38725 -58177 -43779 7834 33753 -63861 -32050 -45942 49561 -11556 -33111
r149 -27349 -13432 -5866 8583 54408 -41230 -13218 -8833 13145 5181 34508 57903 -968 4589 -37957 54978 -5399 20228 -7395 46532
r150 15903 -50644 -4622 7834 61301 -23589 6755 31445 1759 40678 -44036 -44913 -4706 8112 47592 63478 -19070 21228 -57826 49443
r151 30144 -11032 64877 -41323 51265 39760 1344 -65369 -10116 -58543 -17306 23958 -185 -38002 5072 12991 -43162 61155 -20997 63446
r152 5602 -25246 27747 -12776 8346 5021 41645 21186 7008 -10832 26660 -51606 -53124 33721 -49824 -48147 -17194 -24524 1319 -41287
r153 -39957 -44810 -65290 24235 38640 20946 -55533 -12727 -62552 22901 22346 -20277 -46875 63829 932 547 -35660 -16875 -63095 -59070
r154 -36245 -15490 -18294 -6530 59798 61726 3593 31974 4135 58481 10185 -16670 60619 -8711 1283 47886 -54778 -29551 24847 -1030
r155 63232 -44918 19143 -56674 47840 44646 -37438 1421 -13669 27863 -13802 10262 55114 -33064 4691 -680 33575 37860 10314 -60514
r156 -37690 38542 11402 64367 -12447 50652 -29360 -29940 -33994 50047 8760 -30123 12834 -25819 25537 -35815 6101 -3608 -51746 -25069
r157 4989 18995 -1200 -358 60651 8252 -44136 -23541 -27889 -60992 56765 53377 -54979 -4528 27291 18560 48562 28727 5849 -30932
r158 -52445 -57494 18527 37716 55411 25555 -4375 -56491 58779 47804 -34846 -35183 -56429 -35968 48205 -20364 -25339 43249 338 -45406
r159 -10651 -1249 -28296 -22026 65081 13721 -21568 -35485 9999 -53450 -46210 -40867 -41476 45515 -19359 -31025 6677 -39112 -30119 6956
r160 -13527 17738 37630 25890 26909 51008 -27986 13995 19871 -1266 49731 33493 -37113 -18877 -8608 31092 29089 -1148 4273 -10029
r161 52219 29658 -24231 34664 2737 -54288 14428 -62034 -36800 29745 -41935 16672 -24638 -40193 -14568 -51373 -38273 28974 -2977 62552
r162 60315 -42825 -20602 -6071 -42745 51757 -59776 47914 30794 29733 45599 -6456 37348 -16371 -46882 -14960 -6177 43235 -8031 -20887
r163 -60448 12408 -47626 -56526 -26388 -19455 -23654 11799 59640 -16354 -30657 22983 -60989 47427 -18741 -50158 3715 62556 -1318 29876
r164 63224 38500 49212 -59239 -14458 -54506 -44712 -39268 -46620 29392 -1387 53037 -15786 17921 -14875 35400 56829 41430 -63741 56345
r165 -60521 -57269 11500 -21261 50765 3648 -15597 51499 46529 5929 -35788 10692 -27624 -59826 -5023 53117 54910 42768 -56473 -64511
r166 -18424 21355 -10517 55484 -9037 -2602 -17998 -56607 -22841 -28495 -31105 22797 32549 -12766 65240 -26325 12694 57195 52809 -23781
r167 35977 -26795 -44774 14976 30057 -28911 59920 -56553 -50570 -24645 32117 -46524 -47746 24939 -2684 -38048 -21333 -18878 -16411 -9687
r168 11520 -30968 -34178 -748 43777 62027 23649 65368 34747 1676 43884 -19959 31836 -64115 -40577 32624 -22577 51404 -56645 12777
r169 28398 -8240 34478 -40924 18729 42160 63362 -26218 -6995 12219 21956 -59095 14111 -11687 -6791 39 -33966 -23651 25179 62854
r170 -60793 -12246 27130 -53131 24027 -62631 -56514 -7407 -1568 55551 32557 11002 33323 9260 -18202 48517 34024 44180 38838 -12160
r171 41370 29297 1674 -42162 9991 -16637 29185 -26585 58209 15933 -15976 -59159 -55789 -64932 -51718 26588 35070 17584 52885 -14315
r172 61421 -8592 -33494 60789 -26858 -4085 -52398 51571 7228 27779 19916 42393 11674 8160 -7854 61837 -56891 -27018 59985 -63188
r173 12898 49804 4532 47118 -8234 62443 -55533 21377 -49776 35198 4810 39494 -40834 33006 7787 -1618 -21772 -52868 32193 56642
r174 40595 -10784 63941 36541 1739 -33065 -42693 -36408 -13762 14320 7340 59170 -21143 -38270 42337 -44032 -14240 40747 -56280 -34866
r175 62717 -42301 -42199 52690 8006 -19797 7695 -50835 -36165 40979 -2056 -34397 45 -58832 -55358 -39572 26145 -47927 -2580 65476
r176 32532 17986 -7010 -58431 56299 -31333 -24232 -38455 -64845 -16539 -33471 56621 48440 6516 627 -29097 -14373 -58171 58293 -4709
r177 48090 37339 18957 36441 42731 -50606 -52795 37049 11243 58876 -17809 -15957 -6075 -15182 -3830 -17154 -40323 -36747 -44325 10574
r178 -12347 60588 23935 35109 -48027 44638 49751 36140 36260 8937 40877 57837 53051 -37569 -35665 29278 669 3709 -5517 -15940
r179 -39694 -46073 -30025 -17738 49747 -53637 -17488 -45957 -13465 29734 4203 -22426 -5126 10969 62158 4526 39754 -53448 45910 22497
r180 13643 29768 11982 -19082 -8143 -54162 2728 -42924 -36431 -40817 -17774 -8541 -50714 65117 48666 -32747 44727 -42212 -52776 23051
r181 7082 -11377 -4649 59034 -47392 -39681 -44605 39073 -18782 15264 49355 1410 -17643 34112 54002 -26251 -61113 -61822 -16188 -13860
r182 -40222 -33801 -47875 -8811 24393 12767 53735 -4264 28722 14498 -49670 -54332 -39118 10462 -38840 41141 19113 -36477 -3603 39547
r183 59245 52191 12580 -37708 -19816 45724 -44340 14723 -30219 -44062 21137 14171 52120 27812 -51342 -2160 60691 62983 65180 -42545
r184 -49337 -37829 -6013 -328 19087 27686 27648 -59897 15502 -22156 -28649 -10895 -46262 -851 22490 25628 13000 -53451 57592 -40805
r185 45596 -27577 -345 -11407 57481 39387 -14301 29744 -34421 53985 -11389 64551 45016 60661 -14439 7905 38113 -34183 -41379 -45217
r186 55350 -59872 -26606 -35821 -33074 48024 55196 49657 -31822 -42149 -30706 10498 -27045 24386 -50995 -18983 23837 29646 12818 -45233
r187 61715 8656 -18674 -4773 3097 -56502 10619 19478 15989 12281 31515 36645 40489 -30229 33988 -5470 52400 -51392 -55871 61495
r188 -35366 -18928 48596 -48454 -10420 7056 65292 24427 -65435 33741 23869 -19143 -53307 -47168 -15580 -16556 23250 -28280 39968 -2423
r189 42383 3682 19367 26861 -29612 10020 24954 35784 8782 -39164 -14963 -7016 2656 38426 -65079 36497 -48460 -2921 64639 64627
r190 21606 54714 49504 517 -4912 60637 64809 11343 -48718 49517 21629 22493 2299 -750 14843 -22554 567 -45433 45803 41601
r191 -85 -4877 2125 52316 21280 -29683 26844 23555 -55239 -9319 55572 17535 -4386 1981 -52769 34865 38814 -41570 -44055 -40723
r192 -12721 20542 12149 65358 -39908 21290 -35824 62208 -39158 -9756 61091 -62812 21852 27621 -31870 2703 57271 -18354 23514 31423
r193 -28136 59524 27366 31968 46772 -42806 -45491 -57786 64180 23632 26022 50 10118 8891 34500 -40423 -14436 -31425 -4822 45160
r194 -63959 46995 15476 -10174 -37338 -54229 4591 -12448 -11570 1204 -42536 32553 26384 -9716 38395 -58677 16912 -40026 57430 38453
r195 -692 50613 7800 -5023 -40953 31999 3144 45652 -39044 62292 -32154 1459 -41100 7638 -56454 -45653 -19730 30163 -46581 -30158
r196 38853 -27419 18393 24534 -46031 38409 -46056 43160 29258 -53984 44587 -62955 -15139 41672 -18767 24873 -1166 33267 -43457 -5495
r197 -24755 -36253 -23170 -53661 53327 60822 -5144 9983 55226 -33562 1256 -7352 -24489 -12736 41145 26163 -12298 -17217 18231 -60748
r198 4074 -38250 -58190 -62894 55600 -16463 -37841 40186 -37288 -43874 19639 -44449 -34544 -63875 -4036 -21266 47323 -4901 -220 -18589
r199 -19608 55235 53257 -19390 -6299 -48562 63500 -19202 -8680 14923 -15239 3633 52030 13098 20358 -39838 29176 -26496 -57173 29785
r200 -38382 24446 -64923 -14061 36195 -60625 11687 -39161 18295 41400 -41860 -23953 45914 45903 39635 57947 -33793 -6138 -33724 8731
r201 -7606 34705 -24121 -37855 -57576 45460 46232 39934 -10475 -14980 65519 -36834 28668 1770 5820 -55049 30632 -27414 14047 32811
r202 65507 -46211 -25836 37409 -5177 -48245 -24045 21318 -3302 -53373 -3079 -56588 24291 -50046 11301 -62188 58821 43209 -805 45675
r203 -27857 36946 -46787 53271 -39081 5828 13492 30612 -7776 679 39526 32636 6774 -51368 12910 19280 -60368 30947 -32007 35625
r204 62104 -17708 11968 -61650 26116 -2918 -25038 -26345 -45510 26194 -25073 15325 51610 12380 -30213 46297 -28176 51923 -10521 -19436
r205 -42330 -57295 1858 -14571 36598 60574 3040 47606 54550 -697 -37250 -59390 38250 63239 -12232 -34269 -40807 -14962 44498 -46430
r206 35803 -7366 623 -36572 59071 -16651 60288 50553 59172 1076 49835 58382 -28848 -8318 -35790 63194 -8348 -45425 -55535 22725
r207 25349 -33194 -49596 25625 -29166 2394 -36704 -29508 40100 63480 53927 -24411 -31457 -4429 12494 -20438 14202 19791 -3503 -63534
r208 -59602 -12629 -3123 52572 -63469 -2693 -53963 64224 64204 -19672 23900 3206 32715 56974 10023 50424 -36933 -43334 40766 44430
r209 28942 -63814 21286 -14383 -1193 38421 -54461 -28614 27795 -27121 9232 44532 -10812 62342 53535 -40828 -47820 3679 47914 47038
r210 3812 52508 -32637 -48250 -30072 -62687 -52133 -62023 -11869 -35860 -30316 46378 -17397 10638 12823 -29721 -6374 -64663 56462 -31504
r211 -9047 46333 -24458 -31568 62033 28971 57339 -52309 -50992 -11137 13996 -16963 -28912 32239 -26937 -10988 -57759 -55772 12621 -39206
r212 10658 -10802 -24341 -11643 -24444 -19280 -57040 1529 -48230 -35145 -40922 42580 -31944 44119 16713 -10426 13140 56078 -52183 -18132
r213 -51175 61909 62058 10508 17610 36615 11969 -4030 -23457 8854 -48815 36813 56244 -63837 18670 -41618 20560 -590 10165 32100
r214 58024 62199 25796 23947 33934 63598 -13340 -29618 -34242 -23946 63641 -15329 7283 -48804 42867 53502 52779 -10692 46522 36669
r215 -19774 -62847 55549 -45042 53669 -26579 -25804 45227 -51944 48826 -41221 -937 63453 -45918 -51115 45540 57293 29889 61271 -784
r216 54085 29776 -33522 17900 18672 -59507 -65073 26462 -17330 45257 -50647 39579 29077 -22232 8595 47668 4123 34640 923 62773
r217 -57345 -14157 -17959 20060 14425 -5193 -55359 -25826 31196 -7533 -1912 1974 -29413 -40755 55540 -37535 5213 10357 -11320 -55287
r218 -26633 26482 46295 -12302 -41321 59119 -7047 -20335 -60359 1265 22249 54586 48922 -44557 2998 -1503 8426 51557 -42413 26175
r219 61643 -41762 39584 2927 29616 -7291 38105 -42362 -28190 -51042 23570 51429 -52485 -15810 -22185 64442 -52748 24085 -4937 38199
r220 27591 -57185 50533 -31691 1099 -60166 10290 -18504 12681 -16579 60389 5888 37440 -23285 -63590 62100 9317 45621 20458 -13900
r221 -1182 -55731 8006 30558 32845 38643 37756 16583 -10169 22241 60168 1298 -35825 -12978 -18658 -29923 -33997 -45160 -52482 32537
r222 -13364 32223 -54240 -22990 -15187 -58249 -7119 62335 -46185 18157 -55951 -1012 9582 40072 61580 25951 34945 35474 -13491 63100
r223 -8029 -2715 34753 -16850 -34182 2132 -48744 -48606 48807 -31084 -13804 -63180 -24832 -22919 51624 1141 9987 -5585 -18383 41628
r224 23341 33044 -45562 -6797 -46501 32124 2818 -19548 -26072 35070 -50400 47507 -3451 675 -38716 -3379 -28944 -51027 -4090 15246
r225 62966 9234 45481 65493 -41581 39777 -29065 -53611 -20769 -43142 47407 -9398 52099 -9016 56190 51254 -22244 -11015 2861 19479
r226 33145 -13435 -5230 9962 14925 -676 61178 -36519 -2005 64924 -56294 57558 -31733 32512 59035 -21372 51725 1313 -20863 54088
r227 20496 -29608 45605 -25393 -38115 61391 1397 12381 1766 20489 20431 -27815 -30869 -52652 -25685 -34247 -2113 -42570 -20621 -361
r228 33125 225 18096 24135 -31632 -19820 -15007 -13950 20281 39372 -36275 -60957 -4060 26789 28843 -47942 -29613 -31965 -59679 53976
r229 8701 5138 57985 52638 -34213 -46839 63591 63984 -63277 54397 21692 -53909 65187 -21079 26117 3741 -46568 -16013 -53580 16673
r230 6643 -29382 -18585 -24289 -38029 36642 4643 12654 -48483 -61749 -9083 46149 -55399 9942 -20723 -12150 -34415 48471 -7278 62360
r231 -36309 -44970 -63920 36433 57780 -58493 43009 50028 -63080 -60958 47698 -58540 -5497 -22787 53788 -10368 -6835 15781 38561 -62959
r232 -38120 53457 17226 65523 28827 26805 18893 53673 2677 27375 -50471 -56178 36460 -62617 7789 7059 -64497 -49419 -28562 28703
r233 -30813 2465 -62183 29870 61220 5056 17306 -25495 -17308 50671 44896 14433 24327 -13544 -39218 -37764 -13391 -64287 62085 -29555
r234 -32394 62255 31795 -6356 -12864 18664 -16885 64848 -64511 50597 25340 -38801 45690 23209 7603 45485 -41193 21320 6773 28578
r235 -22643 31830 46328 14044 -49658 43280 47459 64110 15604 31468 26647 4242 37265 -46688 -50171 1450 -60632 43490 63908 24384
r236 29982 -48852 -65464 22530 27685 42119 27456 -34836 -2361 -15333 -9153 21599 -10433 65161 30865 -17349 4676 8240 59238 -4155
r237 64615 -29760 12897 -32211 44178 1591 10816 -47069 -32172 36366 2224 18824 -28905 -49179 41081 -40069 -1520 -17774 -46648 59652
r238 56642 16885 42324 -3947 -13648 7032 52704 58381 -29261 -31240 -53720 8309 43173 -44373 34532 -651 34648 38358 -34491 2542
r239 -39021 -2148 46023 22638 11260 9533 -63304 55790 -3860 52618 12948 14064 30965 -58691 6599 -48837 15738 -54548 -5243 218
r240 47405 30241 2585 54539 -40903 60704 12758 -22291 38753 -6461 -50208 -28114 24077 -35287 -7464 46798 -52559 -8166 13361 35484
r241 57989 59381 8333 35601 46165 39957 35544 -5856 -26940 -43110 19186 47388 45303 38195 57479 -52030 16873 -63595 -62203 2932
r242 -57723 3392 -32562 -13250 21183 58414 -6473 -15495 25538 -59553 -43461 -25011 1732 -43961 -42476 63339 -37677 49976 52472 60383
r243 -54175 -36052 56554 -53080 -30583 -56238 43006 -34786 14409 13752 31786 -19240 -36854 -4686 27599 -38296 -26218 -32280 13488 -30092
r244 31350 -25282 -14751 -62863 -26976 34620 2331 -55638 -65274 -43764 -5616 53447 -31195 26781 62758 37070 -45217 1503 9850 -49518
r245 -6471 21532 -6282 -49374 -38722 -25546 -45753 114 29735 -57193 10242 26492 5284 48616 -63714 -4358 -22718 3256 -60716 13418
r246 2145 13685 45214 35128 53239 -10431 -21448 42525 16658 -38202 -1515 45230 57544 54177 -43806 -17284 -18991 15867 36077 -13471
r247 56841 10436 -8274 9221 18575 -49508 -29976 -55534 5534 -28245 42403 46493 -39345 3792 25526 -36893 -12145 -16740 41220 53895
r248 11306 -53143 36896 -3688 34993 -18974 -56112 -47901 -575 3011 4458 -40012 50757 23479 43531 -54460 20597 -56601 -51147 35069
r249 47641 -10574 45401 -38928 -58735 -65174 -13929 -22458 47105 -36974 -17737 44658 28456 -64796 58037 -32264 39608 -25448 -58975 -41678
r250 53005 34452 -55247 60269 -22360 -55145 -52666 -51444 -61170 -49727 -59788 -9852 58503 -8951 -23245 -44575 12266 -18495 62071 -45500
r251 -51701 11767 -16095 -18607 28033 -20182 -37793 21221 -35179 -23897 -25818 53602 7024 24141 -64741 -50252 52922 -24237 44461 -14387
r252 -58578 -9001 59111 -14216 23897 49281 28196 -63914 -24291 5406 -9706 75 49208 47863 -59325 -14140 46425 -39599 -34631 2099
r253 -9222 18314 -44660 24228 -28138 8332 31181 54464 49397 39152 60282 -61744 60335 -1768 13596 11725 -38272 -60726 -17911 11886
r254 -20774 -21328 -50030 -52706 1931 63527 3756 -18216 -32246 51105 -62217 57894 4634 -59817 29783 30575 -53997 -18677 -24314 25700
r255 -16244 -29201 -49407 -25098 -39461 -26847 19738 -40617 -64796 49850 -19315 -30531 -1105 -34637 -27862 -45023 22195 6626 -11006 42134
r256 -57521 4300 -4922 -53737 61751 -61252 -36260 36560 -61026 17054 -61427 -11374 -26132 18729 -42411 -59257 -45317 -4410 -19155 6157
r257 -63255 -11141 -47936 -37088 6597 -22240 -38488 -4467 -3322 -28539 11275 -7431 -35470 -38818 -29588 35105 -32364 -46569 43884 -48225
r258 38046 20298 -33468 35753 -30389 -64325 61466 -25531 -28706 -9363 401 583 46517 -58480 47312 -62678 6133 -58451 22982 60293
r259 -24551 -59323 14612 36450 22108 -61043 24742 -9080 15431 27696 -16968 61546 -24273 1258 -54801 -62743 55260 -59967 -12864 45313
r260 7352 32183 12332 -45589 -26720 -33943 -46336 -12233 -10421 29422 -6925 -29439 9824 14941 -3009 28305 27642 -35099 -1791 -30287
r261 52490 -24841 52190 -36227 44266 -11179 50640 -50353 -8366 -38213 28197 55265 31249 -33097 59295 -30066 -25271 40600 51564 53688
r262 32858 -64528 -17480 16449 22894 -55369 27809 30386 57823 -3107 -10526 -47378 -47258 37707 -61074 -6982 -58201 5594 -19440 -47667
r263 -63713 -29750 -23639 27371 -18593 40284 -54941 40114 -3133 63955 -13610 16667 26196 32080 -15898 -10461 -26494 -52907 28821 -14023
r264 46711 -9572 26286 7824 -47872 -43289 44736 -10772 -47655 3610 9609 26205 -44649 5739 53828 -31018 50070 60234 -41283 -15303
r265 -26981 39416 27785 -35848 38585 52655 -12726 -64810 -34112 -63304 46636 5393 -4349 45122 -40900 30580 22229 35295 48552 -27212
r266 -22179 -59195 -47919 -23976 33289 4855 -41322 29595 57004 39360 -52493 10558 -43412 32746 -35326 -24241 120 41690 16222 39127
r267 -22315 -1223 39921 42841 15769 36152 43849 -64303 -12224 -51278 -62459 -19110 -35301 13599 3734 -45946 61499 -11163 -57178 27193
r268 -44454 35989 -15691 -63305 18631 22976 13541 23555 8539 -18263 38408 -43621 54642 6861 -16542 -52867 12915 33046 -21471 -42503
r269 -36803 64841 54413 -53330 -15766 48786 37638 -32523 -14706 4177 -12129 -11083 47924 58469 -18617 -36411 26880 17106 -35150 11742
r270 29983 13 61419 7113 -61924 -40519 -14582 -64839 3487 18139 -17781 39720 -18206 -34190 -26949 -44940 31595 -9653 55220 54163
r271 -7803 -1486 -25674 -33248 -32920 52727 12373 -14632 52525 28675 -62293 -55244 8728 -49595 -42048 47680 64392 28079 -22181 33417
r272 -5513 -63558 -24230 25868 -29434 -2594 61457 49995 59944 -58881 -4531 38112 -44739 -7273 -1774 24205 -23432 -5706 41457 -55781
r273 35051 -24082 24857 43299 4493 15564 57586 53516 37189 11719 7360 -42256 -46415 -17367 -30801 26561 -40914 61514 3337 -24874
r274 -20176 -27429 -6597 -947 32622 52864 -38204 9286 -57823 7262 38153 6955 -5254 39472 -34923 -64251 -3607 14172 -54422 29566
r275 -46634 -2222 56747 58950 9000 -18433 -56412 13902 -55290 -27738 19159 29602 64230 -12037 13539 8842 52172 61264 1098 -34697
r276 46817 49395 50518 36450 -55256 -22919 -39077 -28436 35073 -14038 -53725 -33860 16542 35564 -10664 -57835 21238 -50705 46255 33405
r277 29206 4344 35005 -51597 -61586 -4438 -58733 -48660 52575 -3194 -58093 -42674 14381 -21838 -63357 64088 17177 38609 9336 -52532
r278 -47265 -10458 19744 32303 -10768 6126 -4444 -55502 62986 -45443 -61518 -7718 42546 -9336 -49584 -55302 -27098 55606 3695 -55342
r279 63490 -34783 33021 17939 -25150 -46962 -27613 -43330 -43509 -53603 1007 -10806 -24487 29825 45103 40458 -33299 -60736 -42623 55125
r280 -39025 -6849 23440 -28739 59068 -46784 -9557 -14666 -15957 53668 43301 -36142 -52762 -5090 9595 -36544 64185 33413 -60954 -52558
r281 26096 -54648 -47219 -23314 55370 -12805 -31886 -6379 21633 -33909 -63444 35812 55065 12264 32358 34474 25566 -13373 43830 17927
r282 -37516 -24986 26346 -46068 -35695 -20295 -59223 98 -59459 -45698 -17953 7110 -12490 18734 -5 -5049 -45580 -19825 -46938 33156
r283 -36330 -30032 -49568 52301 -48367 -7234 62467 16352 -64867 -48593 29648 -44506 -24884 -47728 -53101 -28996 16674 -50307 31224 18195
r284 51031 -42214 -59664 -6971 65042 -26156 58180 63372 7286 16039 16381 -61156 -23920 -9396 -633 -263 -33542 8082 -19851 -17979
r285 61550 32931 43012 64727 3620 38845 21678 -41678 13551 -47326 59563 -37513 -28613 -5010 23278 -51351 -32362 20805 -47314 14996
r286 -3085 -62961 27120 -31294 25552 -32903 3260 1124 62702 64142 -49950 52168 53319 -54291 -34709 23175 -18348 56030 53614 -9923
r287 -59869 -62044 -45228 -16909 20259 -58627 -11028 5669 57028 -65361 -63885 -10952 40236 39814 33084 -49760 46436 -63427 53510 33988
r288 -29787 -64648 -9118 19534 -30689 -16183 20429 51022 -1362 -18395 40714 -2873 -63883 2302 -28472 -25159 -52935 -31318 27219 -5406
r289 -9812 35875 35449 49807 47911 53921 -30408 -20534 -9640 18774 49143 29323 -7878 6099 -58844 47255 -44195 39808 52322 -16005
r290 -23782 -29141 36939 64072 55713 28055 13761 35199 57847 12032 18380 13437 2501 -65447 -35594 -35717 -41042 -26928 -21573 34286
r291 5016 -51161 -34519 32786 -17188 3 3484 22209 -5899 19901 53593 -52026 -57753 58538 -5044 44934 53281 -50353 -37755 19116
r292 29539 -37838 -28993 -63293 -48735 -31952 25031 54989 36595 54545 -20044 -39793 18584 -22638 -16524 -219 -58243 -56344 4333 6411
r293 -46719 33240 6613 -27911 51727 -21195 -31888 22022 -15590 -27596 8148 -2423 -47162 2566 -23669 11521 -28912 16874 -11577 -13781
r294 25817 -24613 62692 -40258 48332 -46547 14863 -8386 8132 32821 -19715 63933 -27895 31492 -51632 -51730 47088 -32447 35922 12384
r295 -56321 -17346 -60196 -7100 50525 63531 25926 39807 -51504 -24186 -51668 27184 -16399 -6258 46472 977 -48123 12553 62308 -22585
r296 84 -64099 11600 -56431 -27836 -11033 60328 -11059 7974 -21895 -30882 -5553 -8385 1052 45751 -7977 -29119 12651 32617 -53003
r297 38373 -39525 35108 -50311 64834 -38295 62432 -16763 56326 -33159 56178 8299 16022 -64476 -47009 39524 46279 -59904 -42479 60708
r298 -27246 54036 -5162 -65200 -8746 -8375 -52398 36607 30847 48786 -38278 -64767 39070 20822 37264 -3145 44350 -26688 37044 9481
r299 33059 -53885 -15348 -7060 23543 24010 48577 -40264 -23760 35049 53375 16235 -43847 9046 4955 60620 63509 -45249 -41782 7381
r300 -62877 60432 38082 48972 -49152 22632 -52082 -11674 -40888 61125 -2167 65359 19677 -32181 61688 19010 -10765 63926 -55863 -1126
r301 -7308 31728 -35124 -59133 -46753 -6317 -51290 -38432 -46664 -53564 25474 22766 -17332 -40338 848 31772 47884 -27461 -34371 63550
r302 46440 -53704 -23505 -38131 24229 41453 58948 -6964 -62831 42591 -53318 -20389 -31317 40024 19739 -1181 -42790 -56972 -9115 -476
r303 33593 21982 29326 25654 27624 63756 3502 -49463 -54428 45548 17736 41884 64934 -6147 -31254 63066 58684 51835 15447 26866
r304 28497 62049 16187 40458 -47440 51755 48669 -62110 26202 31599 -41766 14615 25730 5727 -28352 28977 -64673 -65265 12032 35064
r305 -59583 -35345 64144 -53623 -43922 8126 -52277 -65074 -28206 -57694 -48846 53166 6925 54353 27942 -59063 58954 21029 27385 -10178
r306 -3969 -40751 -10954 -19238 -7246 34178 -61950 -23551 -57408 18919 15643 -20640 37806 -60190 34186 -38246 -48082 -38980 5785 63779
r307 50864 -62548 -8998 13872 -57990 -50743 34082 -53303 -16540 49307 -56838 58220 64850 -37954 51451 -16567 -50453 -30843 -60267 -5875
r308 46708 29271 40882 -54480 63496 -63558 -62767 -38989 45946 -10450 7307 14901 -10741 16502 -11058 34351 -58256 -39995 -36646 64007
r309 -26316 -30981 -50516 4883 31680 -6858 57556 -21405 18420 745 34575 44600 -23392 14829 -26561 -18338 4321 50271 45603 33041
r310 -60834 54535 28707 25315 15957 -3116 5413 53976 34919 -51165 -55268 -19770 -57833 54919 -25042 -6858 95 -17267 41338 -9194
r311 21114 -62910 166 60428 -53036 59756 -23517 -49664 15633 57524 -8535 -13971 53660 -63809 5632 -27413 -52064 195 43307 -32760
r312 -65276 31987 -18592 -51221 22708 21750 15227 -17568 28063 47412 13271 -4797 38339 -3747 -61325 -41890 -31619 -63656 64519 -45263
r313 29912 45504 -38938 -64517 15318 46344 -57064 40932 17193 35861 51631 47255 56760 -18137 37104 44294 31215 11060 -27435 7054
r314 29225 -19815 -18136 -23896 -56774 5236 -208 -55538 -51962 16509 39688 -30183 31386 -57288 -29428 -53320 46323 -37178 23026 -62098
r315 37620 -13430 5969 -18577 -23874 38948 49377 26478 29659 42927 -14624 -45889 47425 -30330 -35260 -18695 22268 60171 -369 35466
r316 33508 -51583 -34914 12790 -9462 -60964 -18260 39674 -57417 10443 -9874 -17664 61114 20402 -51286 50692 55841 -45011 11629 33792
r317 16902 -31109 -23249 6023 62783 -53468 55653 -22219 28145 -22524 63774 57080 27835 -15840 -28811 -31579 -5325 41171 38476 -44848
r318 24447 -59067 -51408 -49735 -18683 -10336 64041 -51725 49142 -16373 -47257 -49326 10103 -59910 -33152 38558 31417 62721 65438 6224
r319 49300 -15065 20485 -47589 -1499 62499 -58827 -37332 -29404 -38865 50960 47856 26226 -6745 37534 -1375 -9769 64464 -45349 2077
r320 -30863 -12505 29720 -44965 26012 14652 51583 25184 -18808 59086 16212 24126 39915 -56269 45 -4905 -37679 -11224 18470 -54789
r321 33782 -58873 13423 -18547 -24575 -42990 7944 -35260 -59684 -37807 -18369 57202 -24526 39191 12636 -15188 -39221 7970 -19534 -60273
r322 7113 -46878 -9753 9336 -31954 -55534 -38266 -38024 -37918 -6105 -41642 28504 -20037 7857 -28313 -7443 49989 20455 -58642 46193
r323 23871 13016 -23704 -62212 39808 61242 15618 30644 44017 -35552 35358 22226 -52594 7070 -24965 18737 34127 -20356 38337 28538
r324 2681 50318 -45441 60043 4384 15773 53106 36336 12179 -15541 23788 -58254 21578 -43813 60480 -13612 54252 -33784 38989 21726
r325 -48432 33395 48749 -32509 -27710 -9154 54678 -29703 14246 53900 -22229 -31172 -58143 6701 8400 49362 36435 -64759 -39667 -14510
r326 -29859 11090 40218 -28960 -14848 -63834 -61551 -48627 -58766 -56020 29729 30329 15174 -60815 54928 -54460 45539 44754 -34654 -48334
r327 40896 29127 60409 -11639 23474 6835 39286 65158 -23825 -49339 40126 32736 -62840 1202 36057 -35737 14042 -2767 -58917 46016
r328 -14895 -27454 -8965 -7789 32480 47944 -48839 29523 -50385 -62034 10836 -61923 21493 53967 -36221 65276 -2576 27628 -13929 -11133
r329 -25578 -57870 -31291 -19434 -11555 62451 26079 12132 -51145 28509 -47491 16562 -15130 -34562 22912 43122 -10933 50065 -39007 -24760
r330 -50301 58555 55494 -36790 17121 58265 -18006 27968 50455 -14685 -14216 46475 55001 -2080 6505 -58102 29817 46313 -56677 26990
r331 11395 54103 -21097 21180 -5959 -36789 153 11993 5545 25279 7964 -45491 -34301 -51756 -15426 56005 16010 43928 35545 -37416
r332 16602 -40482 -48504 -43734 -23556 -21458 -30611 -64108 59252 -20156 52689 28747 -61027 25359 8572 18844 -43807 -52979 35370 -18571
r333 26309 -59929 2179 -6860 -63944 -60032 -34000 44186 38451 -64741 -10083 5485 40855 56740 -15254 313 -65281 5882 -8314 -59708
r334 -33935 -37604 63420 65532 -23975 11257 31013 61234 -56239 54294 19557 16945 53071 20868 -13203 8717 44567 8595 23832 25765
r335 37138 24482 22313 -53906 -22473 60508 -46099 57089 -9510 -36940 50534 50900 -18002 -24782 -12637 -45113 -57456 -5428 -13238 17790
r336 -10260 -29698 -63776 -11957 42682 3750 33871 -40162 -17263 49972 -12422 19483 10186 43438 -30650 61167 -38965 41772 -20416 8591
r337 -63837 22382 17758 -34348 47642 -12352 1858 -15669 47697 -7978 -22567 -39545 6947 9142 -7929 28376 -33798 53044 -17987 -51885
r338 -46879 60214 40437 36300 -35588 -34907 51069 -61526 -16455 -45671 -38143 -5537 -32688 -5732 -30032 27649 -42047 20679 63285 -3372
r339 -3833 37048 -46681 -34305 48179 -42498 48047 -31046 -38000 25794 48166 23049 -40074 -16773 35366 6784 57223 14246 461 -4558
r340 -60871 9546 25297 11982 12805 6198 42517 -28955 -28835 -42140 -19462 -24571 -9298 51759 65345 -40939 -33545 21394 -65234 48491
r341 -62382 58242 4411 11133 55004 55439 54264 -16278 51550 -60813 -777 47928 -25132 17034 -30272 -57526 37187 54739 5044 -27505
r342 -32044 33912 43329 -28267 -11303 -2167 -10881 -41818 -30318 15033 48499 -7922 -15174 -29917 53992 16716 -35965 -43722 -51538 -62803
r343 -65097 -18420 -19275 7478 -34021 -3472 38041 -13725 64437 32113 59901 -62351 -26411 -48301 38140 37094 -62380 16152 1072 30988
r344 -15275 -2033 -45093 -30665 51336 13595 -52168 -61106 24383 -42694 17918 -8529 -3291 -60397 -26418 40569 17869 -20767 61320 49196
r345 -47620 59346 28489 5698 -27969 3926 -37382 28307 -29622 3734 26030 -19657 -41010 54309 -1685 -17758 -53136 -7994 5376 25872
r346 -55312 -61211 41168 40453 61051 -31220 -34762 31670 51860 35920 -2154 -31083 -35805 51024 9850 10398 -14915 2141 13513 -50579
r347 -40807 63104 25835 64675 -52049 9567 60048 -53246 19249 39121 -37094 -12095 -41694 -29496 48744 -25872 59307 50489 -30659 -30925
r348 -43980 29275 -43713 43977 65338 52073 7618 -45501 59690 41674 56338 -1077 -37493 -8325 -19812 34687 50427 -3068 -25987 14428
r349 26595 -65282 49820 -2518 50991 -25977 4808 42912 -51207 21948 -30662 49360 -51950 -44582 61239 43581 -59623 -62435 62077 -62066
r350 -65449 44580 -3772 12756 -13382 -43646 -38567 -20639 34688 32822 -56128 34868 56575 61047 -54926 -44597 15036 -43450 38665 -825
r351 -36774 41138 63914 -23323 39964 -54367 -1843 -45456 -12608 -8876 3412 49170 35846 -31962 -10177 -17824 -6070 -44173 33220 58132
r352 -46768 -7517 19192 -65130 -27096 -16787 14661 -44876 15541 45926 -1627 -15875 9849 -58275 -23421 -19325 1480 9519 50934 -42249
r353 20509 17992 -1586 25088 -51504 25641 -62875 18867 -15058 -11455 5867 31987 -4285 21370 -4672 2646 37398 45481 -29386 -56166
r354 -23501 46383 -7623 -51106 -34003 10919 31673 -63797 61157 12576 -59727 52118 40600 62878 -30506 60578 -16049 47433 -38887 -3945
r355 21121 38869 -37715 39045 40504 -21773 39744 -2186 28663 -31153 -13257 -225 54597 37531 6486 16649 4720 33684 -2969 49154
r356 39420 -5806 33617 -40642 -19662 42470 3012 64762 -57812 61938 -53597 -43451 -44270 -19330 -47790 3017 148 40521 65469 61338
r357 -1183 -26866 -61819 34749 -53330 -8510 40684 8010 -21901 -53980 -45072 -58172 39932 -41334 -24135 -38386 -53629 29491 -42 -31775
r358 -40605 38480 59021 -46995 28861 -60567 9808 -57351 8139 -18627 28600 29762 -14861 -475 -24176 -40915 -39992 -32768 53016 32896
r359 -38714 -15327 24460 64010 -4474 -33501 17993 -48639 21927 -21507 -59320 -54140 -51641 -59793 62521 -10731 -61837 64835 60719 -57180
r360 26533 40048 54345 19478 23373 54227 45307 -25948 27621 -48171 -33650 57629 -13687 57781 63715 -20128 35177 -53674 51330 54496
r361 38813 -51145 52125 61923 259 -62370 62766 -61537 -56430 -1638 -16317 -56440 20902 50718 -26099 -12967 21621 6057 -28257 -53360
r362 26078 62896 13774 22790 -14103 33767 30596 -47872 2679 37029 -26618 -59639 11222 41619 38869 -49960 8236 -27256 -14389 49624
r363 34870 -51921 -41135 51617 -48174 59572 47691 10194 -6964 26508 31832 -39655 -52534 53762 42914 -52688 -20804 41503 63874 51466
r364 -39995 30330 -19799 33174 26533 -5085 -7235 27332 -2303 58578 -34055 -22472 57714 31599 62332 36725 32034 51247 -45847 -37636
r365 -39135 44014 -7241 -46630 -16010 -37070 16823 -20850 38734 40470 65470 -11305 9220 -30726 55773 50430 51567 41026 10781 -50541
r366 24341 46124 40593 -62483 -10404 40558 46503 -5959 38565 36622 2017 -56183 -3108 -41527 7321 -32097 5005 9088 -39709 63372
r367 -45228 -30378 -43859 -18396 -5905 38116 50122 -11273 36985 -24301 -16287 -11641 -14890 -16750 62746 38955 65100 -50448 5039 -22214
r368 30633 49369 -13766 10432 39159 -37510 -54124 -6593 56018 27788 8738 -37437 -38909 -34326 -6798 21075 -12850 36957 -24824 -1286
r369 -52038 -21648 47900 19382 -61786 13408 59300 59142 -57547 -29876 43365 -25368 -34355 -6250 41416 17267 -50091 -52586 -62872 255
r370 -3758 42037 53407 -3698 23213 -34063 -34188 -6148 21054 -3723 64229 39955 -54740 11595 516 23074 14259 45752 -29011 -39278
r371 -27358 50884 -16563 -56335 -54835 -6188 2313 57882 -25190 -40640 -41627 -37625 -10092 61775 -45304 -15622 -22973 22386 -49712 -63889
r372 64713 -47731 18693 -34351 -61648 53365 9087 -62950 22004 50078 -63360 -4481 -44288 -38751 65452 -57471 51304 -4744 -30532 22640
r373 -19799 -18566 -38670 38913 -56272 7788 -64197 -65364 62869 -63921 -42962 41179 33953 41634 32022 -40180 24813 58393 -21873 -3248
r374 -24528 19243 -31174 45329 -7201 -9117 -49610 -53212 55843 -38611 -2422 65360 1232 59084 -17713 -43570 44711 13535 -17759 2153
r375 -13320 -10035 -29165 -9621 58366 -29673 -21285 9454 -2861 35754 -4271 -7627 -48348 48044 -60502 57556 -12039 43515 -1730 60351
r376 41001 64835 -22455 -19001 -53626 42592 -8087 27655 -38998 -16380 -19447 -20961 -31735 -39743 -8481 41593 -7698 805 21404 64279
r377 -22069 5549 16636 -40504 -13912 -56245 12700 3144 33870 14673 10956 57029 -39758 45618 52638 -40665 13245 -46202 -35473 -22663
r378 43199 -15550 -57070 -10291 -32367 13024 13978 52853 -23740 -48440 44845 -42011 17606 -2952 -46588 -59797 25471 48722 42339 2838
r379 -7654 24740 32349 49701 -51429 47501 21349 50952 -60959 46312 38813 28891 39122 6969 41715 -53964 49260 -5538 27980 -62756
r380 -11084 -25132 -51020 -37894 35253 -46178 -20875 -11320 10149 24433 4342 -52340 32507 55622 19952 6947 55833 -24750 48945 -24503
r381 -62218 -11091 10957 55381 -43741 39577 -47590 -59194 24745 14710 49637 -58150 29288 41931 50049 -60702 -20439 -12625 -51184 -44394
r382 -30245 30857 -22402 17616 10386 43356 41272 -13782 54598 44894 64950 -32607 55526 57555 -19619 -878 -30477 -54668 -62405 -15553
r383 -64761 -37340 -64163 51188 -35036 -43868 63985 44712 -11102 -21640 -52794 65307 50333 24171 -60193 53456 -40872 27572 -9805 -22512
r384 1113 15180 39710 52088 56500 -11609 -3028 57183 50064 -599 53669 -32844 53881 -37710 40338 -61175 -61145 -52447 -58735 -8874
r385 11621 47732 4783 -28873 36067 -11835 8489 55149 -19313 -63004 33516 50133 64308 -447 -61653 41331 -42046 61388 8771 2798
r386 64407 -7710 -43909 11529 31453 64409 47822 -12459 -5798 -8763 12674 38271 -27520 -24774 51293 10350 -44351 -19540 30263 -10313
r387 -38847 -1712 -15666 -26476 -21820 50186 55726 -9986 46442 48213 -9168 -20601 10695 50676 19776 11013 -45919 -39223 -59575 -53981
r388 -46675 -9448 -6414 -11315 -41197 -51077 32043 -56204 10034 -21468 59016 24928 -60929 17879 -23303 -61384 45484 -44225 16154 59102
r389 -37441 -32155 12058 22000 37235 11053 -44284 -1629 59667 -49446 24370 -18475 35902 -1682 28723 33996 -52381 -38366 30739 -59592
r390 -53494 -58612 -6135 -12557 -43880 27696 -56704 54749 -60416 -45641 -9437 60177 -24265 -41685 -8474 -19100 36202 -19557 -32725 29565
r391 -24325 -16731 12536 25780 57946 31002 -55328 42510 44731 3131 -2491 46322 -31852 33864 21857 -64184 -30384 719 46950 -62315
r392 -8059 15856 -3954 38033 -49927 49756 -20077 28456 18152 -28901 -31026 -51784 -32021 39352 65024 -44631 -9796 -58417 -62288 31066
r393 -47742 61345 -37767 12185 -23588 9887 -40259 -11891 9414 59636 41588 35684 -12305 25367 38139 -46796 52261 31670 4440 38585
r394 -26983 47688 37827 -42788 46573 52990 34954 -55677 19131 4322 18249 -11740 -8016 -34427 9679 42456 -25514 9310 -34 -39323
r395 -15439 -28410 -43898 3204 -44970 -36267 10216 -51627 44381 43842 -21441 -55571 5183 -63335 17175 -47162 40573 52083 -17508 61453
r396 20783 -59058 63687 20187 28541 -54078 50711 -28176 -32840 46352 32155 1115 5013 46001 12445 63588 46463 36680 12078 23814
r397 -42680 4055 -6496 39 257 -26829 -31212 53456 4721 -59711 29838 -4901 47116 -60416 19851 -31978 -58682 2731 32403 3094
r398 29718 -11907 -45591 -25734 -31441 42315 14842 -51864 -16380 21125 37222 -6102 -49734 -6324 -6722 -50183 16741 54691 25157 -63796
r399 59707 26728 -9116 -26185 -15323 48759 -59672 54155 -42588 4283 52917 23717 441 24723 -32776 62279 65170 4750 -38022 -899
r400 43029 7314 60513 35290 -30894 3107 34398 2662 -52360 52158 -33713 29892 4620 -6422 45041 -4485 43317 -47648 -45366 -52051
r401 235 -63093 63196 -19561 30498 5584 821 -26901 4230 -26342 18918 -22249 24639 48115 -51894 -16645 -12081 -43932 -59008 49830
r402 2454 -35471 -26928 -7292 -13194 -22963 -58659 -8048 33355 -14286 53979 -15415 54823 64568 -22629 -35997 -2459 -46346 7478 -24086
r403 -64807 42000 9734 33445 38705 41789 -54131 -64699 35809 32443 49306 -47841 16616 53115 2961 -7521 3298 -60200 -896 -38502
r404 61015 3122 885 61044 30544 -60704 58519 56676 -9807 40186 17003 6312 -64561 -50500 -13295 -24404 229 -23694 57527 -41498
r405 -38180 11167 22074 -47320 -277 43433 -30388 -44872 18236 -43759 -24357 51352 -37526 40613 1313 9498 -31702 23902 -36121 19828
r406 41347 16567 44502 1659 767 -61674 -29015 -51048 52614 -9974 -11245 -12749 -21551 4413 -38424 53820 -56940 -31997 -57182 -41223
r407 38580 15690 -48771 -33109 55373 -15175 58804 -59166 -42318 -64210 34329 10118 32495 15856 14801 -19293 -19881 5400 60179 34776
r408 -50895 -38010 -54103 -14305 10480 -43185 -39526 1970 -14400 45444 52108 39910 9848 -59738 -10076 -52079 -30869 34517 54893 36442
r409 -10990 -33881 -59499 22795 -39176 -63395 32260 55816 -46224 18312 6940 31033 1830 -46828 24344 43510 165 65002 41267 42072
r410 -48562 18187 20696 56622 59338 -23409 -59374 49680 57021 37865 12190 -19955 -63745 46708 11457 -50035 -27594 -33177 -33558 -1901
r411 -37416 15775 -48566 -28798 36491 53607 47184 -5673 61873 -63827 38805 45601 -64468 44384 -45838 40973 -13349 29530 -50269 -46951
r412 -42251 63721 9857 -45130 55055 -29076 52772 23092 -44347 -26820 22151 -62192 -25938 14005 15531 -15127 35102 24692 -21819 43980
r413 -11886 60105 -7983 -5871 -33686 10111 7551 -8449 -56211 -28177 -63699 -27194 48765 20692 -62886 -53407 -36293 55202 31344 16084
r414 5893 55804 11999 -23085 -3582 24144 -41783 -27316 6082 30193 46626 -8650 -16191 12940 59849 63332 -7218 42763 -18057 41154
r415 -21511 -28390 36774 -36497 6212 -55704 40425 -33463 12700 23434 2450 33567 50483 -36575 44018 42705 -19627 -55193 -60844 -167
r416 -64367 12948 -415 -31255 -14685 45068 -37065 -44632 -64273 -4625 6715 -19162 -52691 1482 63465 -63385 29966 -1180 58654 -12343
r417 -8123 48782 -42120 52676 43187 -29261 16045 17407 42160 -51531 60527 -8985 -49199 -51416 -24846 33728 -54264 -6873 4784 -33916
r418 21596 64423 -9047 -48565 -9757 3104 -340 -24948 -22373 43045 -24446 -40779 -16609 -16600 -8577 -51086 -17250 -29330 60107 49932
r419 -33513 55222 6772 -40730 49686 -31069 -32743 -52247 -8618 41433 49567 19370 34798 53966 -36878 3522 6998 2303 60244 -35327
r420 -31665 -57070 43655 18080 -40096 -32104 62957 8842 -42615 18407 -7266 37844 16508 10975 -23872 -59545 4387 23260 53369 30423
r421 51918 -64284 6491 -2587 -60462 12996 56466 -314 11605 12955 5031 -30476 26982 40907 59089 -45469 58774 39780 -16276 5424
r422 1329 -47088 32568 -38301 -52125 39419 21090 -33873 15121 53869 27279 -51336 -40082 -50956 61415 -64103 40673 11876 22796 -36608
r423 -54538 -20549 -53351 35618 19286 61491 -21791 -61311 -1867 -44609 -10042 18009 41586 49732 6977 -41696 -26334 7367 48978 -15155
r424 -4548 -49322 32052 -8430 -12364 -4662 -40117 -32812 -65472 23173 19021 17368 -56518 -53628 29937 46437 -8995 27548 34101 -38262
r425 -51895 19793 31084 -47169 -24422 -12935 59401 -40058 63115 -47688 30089 -9741 -21117 22929 33525 -63564 3695 65274 -55457 1620
r426 31275 24355 -15257 20110 -63194 21896 -17283 51277 -9228 -21607 -30961 30578 -26144 14340 -17133 28731 -27856 -57246 40686 -31475
r427 40672 -20857 -51500 -2984 -47279 -6341 50555 57933 58367 -23462 -54196 -59668 -26695 -18321 -14001 39734 -57954 26780 -35331 56341
r428 -13467 -11891 -4898 1534 52802 19219 15458 24663 58606 36969 37370 -53532 6518 -12186 57824 -25646 -32361 -8996 41802 1329
r429 57656 41064 -45348 50674 8283 -56443 35119 24837 52128 -6176 40515 51227 -26068 -43620 44817 43621 -18243 23045 -29114 6147
r430 30133 46902 -494 28150 -11081 -40107 28666 32947 -56421 -28435 6860 -9868 -40812 22101 -8071 -20159 26420 -61592 -390 18911
r431 -30361 -1567 -44932 -45249 -52637 25335 -64275 1684 64228 -4844 38671 -4032 -11327 -55582 13698 -57140 5635 -17710 32435 -53037
r432 41454 -47160 -53380 28925 -22602 17184 53294 1878 36693 3419 -40292 -60726 -24177 27179 -25211 56581 43290 -51076 -10198 16786
r433 19681 53102 -8722 -85 -2947 21181 6173 37130 28631 12829 -20724 18220 37492 -43910 -37683 12578 2942 -33777 -20279 -46367
r434 -28709 56839 -64892 54253 -61579 -47276 -40507 13200 61877 22081 -36556 48820 -6013 -36229 16694 36214 64696 -12326 59355 38634
r435 -60812 52878 -36811 7941 -45969 -19196 -63140 11329 -30295 -31707 -36628 64410 11415 -17820 13730 26396 -13528 18455 40634 -26026
r436 -21337 58933 -55597 -29262 188 20360 -49431 -63274 -34248 -14861 -54730 -54273 13111 -25643 -46525 -22602 -10976 -34925 5764 17620
r437 39503 -43715 -57513 -14497 -17473 -4728 64409 -15013 52764 33707 -21075 55934 44882 5290 58710 -20746 45498 26228 -37859 14342
r438 -61665 -20358 -39416 -2981 -53632 35308 -29251 4313 -22415 51480 21018 -16219 -22060 -65341 -53464 36168 -5821 -35887 -31071 6958
r439 -53792 11282 -18310 -2788 32729 31501 -49129 23483 -25513 -38051 54972 18762 -45985 -43035 -8169 -8499 -63463 64779 55231 35069
r440 -55829 -5559 -40192 13201 48761 42830 -1015 9458 48743 22503 53129 23126 -40052 -49179 -53180 15563 -2591 16885 -49102 -37010
r441 -24001 62593 -37462 -55191 1105 1975 56048 15836 33825 46879 37406 44516 -11824 -35502 -15568 -51037 64994 -44936 -63342 52730
r442 46652 -17153 52618 -13002 -31234 47325 42374 -52734 -25321 29910 -61535 48508 43217 40442 9606 64470 39206 -4259 10291 13569
r443 -1202 -15291 35974 -20409 -10901 26987 15618 -29779 -35362 13533 12158 -4867 -13645 40322 29711 52537 36970 26072 -17053 -14793
r444 -4735 -7430 32852 41153 -45947 61628 62107 33624 -63864 24040 3677 2126 5910 63493 23670 20658 -551 44031 -11108 -63382
r445 -35974 -31875 34421 18260 57986 -41 -62667 -22744 -16816 -10742 -57394 46241 -18072 36686 -46122 39962 -22949 -16239 6601 45906
r446 -18341 9951 11833 -41530 9116 27543 11181 51399 42167 -40560 -4438 26322 11276 -27431 58249 -43200 -3710 -59781 55603 -23580
r447 40255 -2401 7384 -42542 -45282 -58339 29525 23550 60000 46383 21966 36534 60667 37198 17338 29541 -10132 -19779 -4307 -47732
r448 28117 42835 -59025 11035 -2237 5546 48771 62329 2259 32517 21936 -51939 -22373 -37959 42104 -21198 -1130 5219 -50997 -27684
r449 42273 -63462 10944 -34909 36079 -50924 -12124 61200 -24968 -9024 -49473 -14956 28346 -9325 59891 -65004 -43850 64591 -14068 -63149
r450 60490 -58512 61930 -9313 53478 -41739 54555 64856 18401 -43767 28429 9695 65477 -16548 6235 3940 -2988 -56679 -18783 -865
r451 -21948 21478 52597 29004 55546 -31585 -22219 60254 5858 -52294 21934 -20339 -32210 -32055 -26562 54539 -40859 -65228 58198 23748
r452 -62699 -43988 39935 -20744 10058 37162 -62073 -49036 -1716 -22774 49640 56253 19152 -44813 37375 -62238 -21930 -60422 -33685 -5339
r453 -56442 -57300 -3668 -44367 -43006 38222 -21668 35328 -34098 -1113 50113 -46691 -6708 -19724 7889 32302 -3441 -33725 25293 -24065
r454 45091 -33413 1239 13178 26987 -13055 22892 -10298 -64107 59597 -53633 -23740 -58840 51009 46245 1439 53182 -39151 -51061 61695
r455 -1019 -12150 65119 -16376 -52366 -59086 -16738 -45693 50135 51384 33365 2627 -10612 26556 19315 51156 3161 -16655 -10856 24812
r456 -35884 -13042 56786 36105 61259 34341 41091 -9041 18572 7062 -54486 -41748 23005 -61230 51878 18810 -6042 31172 -53543 7117
r457 -20844 60972 -18135 -7135 39702 -30166 -47561 31225 -65465 13328 -19770 -10354 47205 57630 56235 27161 -60495 -24192 26213 -24086
r458 -2345 21510 58032 18976 142 62078 -35518 47608 -6921 -40084 -18263 54382 -9649 17061 -54448 -28929 -63055 -43556 -57102 -51723
r459 61873 -37449 -58582 15707 27894 -42375 -59304 54238 -26799 15761 -35361 3129 48094 -5595 56526 10266 43017 -43429 14136 9102
r460 -63353 -8167 -54890 12558 -56103 -20983 -51045 -43554 -52863 -14025 13162 -64470 31207 22351 -55252 -26175 -30189 -53066 53638 5685
r461 -16670 43377 -41417 -21062 -26517 -54997 18414 5192 44691 54709 21589 -37467 -52006 -45044 57966 36624 11255 15217 -44579 6844
r462 -12566 43620 -1682 -24317 13148 -35893 -39981 -41736 27246 -13914 -10834 -41061 27921 -15554 -29077 -64967 -37923 13551 1871 4081
r463 -5129 2052 -54000 23632 38739 -31629 -30448 -45536 -1178 49574 38727 -57245 54235 16504 -40654 12204 2113 1138 -16554 -25641
r464 -19274 -28006 10507 -27458 -1001 54958 -7373 61682 -20697 45264 62362 60306 -45357 -43098 30951 64403 34091 60443 24915 -45666
r465 4965 62754 -58390 -61869 -14345 -18454 62524 39286 3594 -43617 -24289 -54508 -61347 16701 53532 46217 -13259 -5363 -33702 -43087
r466 41709 -34384 49664 -60 48192 62265 -6370 -15384 33662 -17051 26425 -19409 18090 33475 57114 357 14044 -64698 -7095 35015
r467 -13231 9361 9353 40569 -24475 -48471 -1625 -28223 16143 58472 -42642 -14223 -3619 35013 42361 45823 -8691 -31774 -28132 -35071
r468 -60973 58410 -42400 -8051 7290 -40529 -9874 -7951 46501 -8129 25730 29285 60793 42616 33047 -12262 -38629 -48304 -23869 -55081
r469 -37944 -4027 1078 32383 -38865 24949 5113 48399 57457 -53764 12904 44449 -28875 32328 -61292 47513 2415 -55564 -48197 -23320
r470 -56861 16711 4333 -21751 -54324 -22936 -59327 25101 -40529 32457 -38772 -27430 1115 40630 -2786 -3038 46033 24967 32955 -51932
r471 39277 58905 4928 2879 11757 11828 54045 -45615 -51553 11353 14776 64867 38197 4987 -2959 60283 -29249 22046 2161 -50259
r472 21705 -39792 -7285 -39965 9354 61681 -7673 62333 8725 -20621 47836 -13958 -31796 4010 -28453 -4790 38707 -27361 51209 36123
r473 64839 -360 -58879 -63207 42232 -62529 -5539 -45596 -47726 45590 -4497 -31960 24109 -34249 52849 -15716 32732 -29640 -45799 40256
r474 -18956 21881 -64921 56854 45927 -12789 -30056 -60590 46759 40045 -51020 24868 14408 -43678 -47899 -34569 33915 31246 12232 34308
r475 2268 30645 570 40924 -23455 -3906 -29725 -60966 -29888 -38332 49343 37560 -33040 -21950 44994 -57591 63266 -49681 21846 -27025
r476 38903 28212 13996 12819 -8071 58717 57316 34096 -9012 28715 53364 -41500 -40143 -57104 16854 28527 -13736 -40593 34644 -17612
r477 63180 29096 27107 -46753 -49698 41236 -37365 40107 45351 39302 -56155 63522 45088 3571 41152 -25498 -17509 -29547 9709 54553
r478 -10669 55791 5499 -22021 24168 -3694 45326 37597 50316 25492 11054 -21157 -55777 48058 -41699 -11185 10301 -42384 -43158 -16016
r479 36654 33294 50870 53302 13433 -38656 15616 19233 -40559 -47277 55430 -45453 -41808 51538 50716 37593 -63707 23911 -7888 12611
r480 -6806 -36099 55464 -32901 9317 5818 -65297 3253 48901 31508 29852 -31044 42963 -45256 -26226 11191 12289 63199 62945 2077
r481 51280 40816 -12882 -51317 6147 -56714 -5792 -58054 52164 41500 -16127 38173 -14351 30134 -46925 -41589 -58616 -12 -6807 -5829
r482 -22190 -20487 5013 36874 6575 -60495 17199 -65300 57919 61634 32577 -17510 -315 42063 21460 20876 -11708 23772 53465 12911
r483 -26421 5454 58045 -24364 39758 -28711 59109 -13981 -17573 47660 -61797 60384 -9046 3631 53735 -55044 -15980 -37457 -6603 -60086
r484 -64488 8410 -24009 59932 -18379 57303 40601 46836 -42506 53255 37785 15100 -9238 -62169 18277 17988 -9451 27525 -17301 44327
r485 -31506 33608 56846 26103 24681 -11226 17287 62034 15199 15197 59709 33708 -55604 -30481 17882 -32654 -22723 36300 -34494 21937
r486 16799 -20766 -12715 -44131 10872 38317 -56168 -35745 61883 5354 27710 -28420 -41288 -34951 -53496 -47860 23441 51827 -37198 -63613
r487 -19927 57130 16792 26817 -14412 55570 -42271 -47432 55322 22458 64201 -16138 33569 49840 16741 -28513 27317 35839 -23186 -23371
r488 -45019 -46631 -18844 42690 52485 -54053 -54185 26320 39980 -3353 4007 28934 7327 60603 -39976 26841 13649 -42435 27271 6825
r489 -6502 -4711 -25066 41864 -29970 -22240 39071 39164 52840 61076 -46319 52928 -6806 -2236 -2408 39483 9949 44634 -48463 38413
r490 -7574 44158 13703 46956 35251 -61627 20255 12209 59670 38889 -8193 -39214 -3175 51220 64381 64608 -5717 25428 -46206 -23679
r491 -13512 -23837 10841 -63798 26575 38195 -22439 1524 28027 -9675 9494 2446 -27916 -13710 -30786 30458 42411 -53705 -60898 -47847
r492 -12044 -45215 -41390 -8536 -40887 -51312 -10689 -3961 51473 -48611 -4719 6707 2390 -26277 -39302 49020 42509 -63238 -14466 -46565
r493 13693 5119 -56881 5523 -57789 -20975 -9613 -7890 14518 -28739 50812 54605 -33633 -35209 -59583 -28525 -56959 -49675 25427 -49443
r494 27299 1046 23632 -19602 51955 -4282 38565 16346 64815 -13817 -58924 11785 52943 13420 -57404 51278 -64470 53236 -59986 -14290
r495 -12053 -24811 -1949 5085 -57313 -64382 -47388 54267 8059 62997 -49893 -4717 -35467 45873 -37687 -63518 6930 42979 -64025 971
r496 11246 -14805 -51740 -39469 1650 -54064 9621 -50808 24525 43886 40858 -46502 1833 -59075 -40523 -61510 -11800 -7878 -16552 39876
r497 -19445 -42608 -30101 65439 41133 46233 35876 30047 -51392 -44357 -35147 33577 -16114 5040 -60309 -53880 61933 28927 -44839 44371
r498 13203 60802 35459 -60284 46225 -35421 -9734 -32325 28573 52516 21942 -8564 -25013 -62948 -38495 15931 -6502 29251 -12370 -31857
r499 51755 27380 59526 20026 15283 -41215 -2147 61545 138 -48694 -42123 15589 61234 35170 23339 53551 -21846 44925 -2431 22632
