mTable36 21
KEY  c0 c1 c2 c3 c4 c5 c6 c7 c8 c9 c10 c11 c12 c13 c14 c15 c16 c17 c18 c19
r0 -36445 -46237 36563 28873 25599 -52270 16578 21797 49834 26947 58462 -17861 -35343 -46778 -4277 -40056 -25956 29230 -57017 65269
r1 31108 5516 -42214 21620 -22187 13568 33493 50977 16642 53650 23247 20986 -38464 45896 16937 -48817 -24318 -34999 -64322 14869
r2 62268 1270 -16738 -41815 56455 -39088 -49032 35583 35291 -37710 12529 8513 42572 -31010 -60510 -20755 24221 -45267 -9329 -20724
r3 -1095 47094 62113 -28813 -61418 56539 34001 -84 -23657 -56853 -16948 6004 -64481 -5980 21855 -12568 -9179 -65204 -61763 -51343
r4 -18304 -14477 22845 -11431 39902 -60062 -5267 -35896 -9885 -40009 -18790 60652 44712 -19608 2346 34621 3346 34075 -17494 32355
r5 -34067 -6328 33450 34588 49541 -60602 30605 37906 39931 30653 -58833 -57877 -19804 -39468 -39740 -51525 17185 62150 -21124 15805
r6 54753 9100 36943 55561 -64122 923 8591 -4120 -18534 49709 62199 -22560 40768 64288 -8784 48690 21942 -13780 -15547 37046
r7 -53283 -20026 55902 -3883 -18449 9113 -62287 61187 -54050 8047 -26976 -11744 15847 -8180 -56934 -15629 -18434 47082 13910 -59940
r8 14215 -61878 25272 -55838 56655 57084 51316 31260 50156 -57396 -55023 -2497 50488 28050 15844 32689 -62323 -58433 8272 36132
r9 3540 -55442 -36278 -47588 -51494 -59466 -40956 60327 29218 -40687 -16344 41117 -30451 6798 62261 -5612 -29844 -54934 -42294 17776
r10 -14310 -12815 26458 56709 7106 30833 45288 -59250 9140 -34037 26371 -49405 -65046 -49354 32905 -40733 -45462 43642 -31413 8690
r11 14281 44321 54037 -29234 -46547 -15350 10451 53485 11742 -20241 -24849 -26033 14407 21915 1701 57259 -38234 -8042 35193 22600
r12 -12040 -59255 -36244 -53952 -26117 -43520 2861 8380 -63543 -36008 -18720 -56696 51697 54003 -3810 -36299 17496 39669 55693 -35694
r13 -29847 -19663 28591 -7694 -33010 -46414 -28513 35583 -23992 45958 -25894 33530 11929 -2115 59609 11788 34823 33234 60924 -39907
r14 25640 53267 48834 -59016 -34037 -35752 56478 59787 7913 -50025 13327 -50845 -38494 -8903 35686 -5952 58803 12253 40668 37058
r15 18306 8643 57449 32293 13876 7586 -35953 13502 -60802 -18469 -52944 -62662 37740 19292 30890 5352 50474 14802 52785 41583
r16 -39071 -58335 6676 -47539 37594 28902 56959 17229 33199 -9061 25941 42679 34399 -48442 48165 26177 63053 47264 -42656 -39106
r17 35754 -46840 45985 -30363 10993 16682 -19657 -51911 -57902 26064 35608 33350 32178 -50004 -54524 64422 57092 40197 58970 -40386
r18 -9560 560 -767 -54290 -45075 -5360 -865 59540 24532 -41194 -56102 -40838 10779 -62447 -15967 54929 -47308 24543 -39282 -39465
r19 55090 -26596 -42931 40578 -16056 -21561 -11817 -31800 34346 -59266 -4959 14697 -40001 57765 -5174 -49704 -3031 -32012 -54788 1780
r20 -24645 30541 24951 27158 -57622 -7273 37403 54259 -7578 -9418 -20117 -33961 19963 46965 49379 -22784 -41658 27258 51058 46639
r21 -1721 -44902 57484 30329 10668 -28368 -48036 -15459 -912 18476 49820 32902 -7050 37870 43195 -15734 -850 -41067 -59784 -18504
r22 18332 4193 63334 -31066 -38264 -9943 16674 -45074 53629 -42780 -52667 -21072 -44632 -40621 37955 -65012 -7673 -49790 37026 -25899
r23 44538 64319 48124 -43425 40943 -64722 -14942 -40809 -49783 22231 -55828 10642 -49971 50434 30190 -26828 -41141 -40419 14053 -40696
r24 5364 17841 -35804 -47097 -61344 -25399 -5531 -2123 -56570 35433 39564 -17977 -58434 5226 6340 -60629 -53622 19797 -15182 -59676
r25 -53636 -16410 41899 28749 -59096 -38804 48511 58235 49383 -14015 -33828 31434 54283 -3734 39716 -19844 21460 -10815 -59290 -30000
r26 14841 37540 -42573 2649 -1275 61645 53895 47288 -39490 -56478 1856 -50889 3719 54682 -53696 20533 53948 56509 -32650 -34828
r27 -5966 26211 -50229 -18126 -20319 -43519 -1954 41808 -38947 45830 -58179 61243 13911 57473 12056 -19293 39099 -58617 56780 -45538
r28 57159 -8414 4923 -56486 11618 -57884 5443 57512 -16542 -35179 52570 -11955 26263 19015 42577 10582 -57705 -42335 34174 -13755
r29 -6429 -46325 -41728 -28226 -17967 -38284 55967 64365 60967 -9897 40248 13957 -49709 -24248 21552 9362 -5391 30529 -15444 -9195
r30 35509 -36309 -50042 60261 37277 -31228 -34032 58477 -3317 50827 55480 58049 39742 35689 15048 64213 -17668 -4275 28662 20384
r31 -10171 -58529 40684 -6719 -3271 14672 -4576 -47150 -64560 38532 -46925 -65499 -41885 4 -2888 38301 -24558 -16676 -48015 24423
r32 18791 -23276 -17015 16721 -22913 -64221 57504 -16470 -54228 -20972 -51968 -63100 47566 -13410 -21326 11978 61041 42774 -18914 41813
r33 40604 45570 -33758 19947 -37904 -28175 -61725 -11294 2646 -3889 -19692 46271 63863 -6148 -18162 -60603 36783 -43711 -41877 -17381
r34 54448 -28490 25939 -49331 35128 -30031 -19052 -41944 -26507 -57526 -12450 4277 62235 49746 54770 39741 40704 -16285 23122 -30546
r35 10976 -19004 12645 -10688 42768 -45061 -46532 -22147 -41987 -55865 -63760 39673 -9172 36386 15895 -21019 1124 -8725 -27082 1980
r36 34158 -33506 -55337 -37937 -23112 3757 -28269 8825 11427 24835 -29428 16690 15179 -33065 29933 13818 20436 56299 -8028 -18836
r37 2514 31733 65161 62129 26597 20897 29288 -61066 11966 58950 19532 -12675 -64371 22110 -58839 22678 30625 30584 40308 -45077
r38 -48991 48838 -5112 16307 26720 -9482 47194 -44724 21556 34301 -33715 -57887 58912 41914 29942 25023 -40248 25279 -54303 -2120
r39 37773 -15982 -14003 -38776 -50750 -64886 -26359 54338 39856 -58689 44589 56120 -64704 -63346 -35793 40591 -18626 -3075 30973 32486
r40 -8379 -21433 13456 -7895 -35866 -38872 -47842 -4343 -59021 55369 65158 26787 -11783 -25088 57563 27768 -44432 -9322 -50605 -8578
r41 35706 10738 57026 3580 30364 61554 8210 -48753 -50774 -33540 1468 21357 13131 60571 60595 -51941 56584 16323 -12580 -34479
r42 50227 -42791 -3895 27436 63030 60308 3080 46344 -41645 58358 -29830 10321 -20504 49414 55928 52660 27821 -15394 -36819 56108
r43 23 10731 63676 -40061 -20890 39698 37954 -44798 -34697 -26086 13276 -43340 42239 24346 -45974 -18904 -53957 36710 31054 -19271
r44 -26439 -18257 2080 51786 -8429 55829 61209 -13869 8052 32868 -562 21092 -26960 -23767 -46291 -22732 -63989 -47752 -30814 50025
r45 11528 -47653 61344 18261 -1248 -40240 -31565 -9393 49696 -57862 -30214 45750 -32912 52588 62236 -27654 45789 27090 -5778 -7842
r46 -62948 30735 51153 -50547 23768 30780 55233 -36601 -54701 -24790 -63626 -1337 2792 40873 46111 -5070 -26779 -39926 -22293 57946
r47 -54110 -5637 -43134 -53400 -27295 -45263 51399 14586 14667 -51553 -44617 -53525 6431 -7599 222 -55206 -2916 63066 -36664 1218
r48 23306 -31854 -47563 44656 30778 43908 48721 42847 46423 -61734 -46216 4555 -21575 37128 29825 30802 -12191 -63886 31086 -17187
r49 5643 -38007 56279 49755 -30144 -48874 -61685 -2790 -38572 -27147 39081 50792 -43468 -28132 -14046 -47265 48549 60955 -34587 -57385
r50 -19623 38237 -3817 -41578 25993 8186 22134 -52875 22614 -21336 -63002 -45904 -14066 -9839 -1370 -32692 -1854 59962 25534 -4704
r51 -51903 -49950 48092 -49314 -45075 65253 46539 -18255 15701 38173 -18593 -64295 2867 -17473 -25834 -11609 -29491 -21150 -30110 -62704
r52 14127 35584 -5631 25971 45896 -7817 -54237 41986 25392 -24011 -55641 5977 -62672 8063 57826 57910 -22765 -59055 -10412 -62231
r53 26167 -41868 -45056 -61996 -52965 -8964 -63350 64781 64832 -33751 -6156 27398 -10216 35572 19438 45973 -26757 -43326 -53541 7039
r54 -60283 21692 -65040 22689 44634 24205 49898 -32291 -59123 25949 27816 57253 27884 -11430 -41417 38978 6900 -19991 -436 14073
r55 -50477 41036 37299 -23780 2279 -42904 -9143 -42654 41402 25722 22226 10499 52547 43134 -54301 26319 36360 53874 -13672 59832
r56 63916 27507 -65411 64123 6751 40726 -48222 20071 -23397 34487 -15489 -13237 26437 63804 -13312 -26812 33070 -48242 -59595 19434
r57 -50828 -60892 -13341 20107 25540 -50819 -21587 46945 6862 52130 52062 -58253 61113 5793 48553 -4084 45998 -19416 49906 40847
r58 -16717 34599 28236 14960 -16204 36108 59582 54834 -692 -41651 -26036 -65352 59149 -63177 64734 -57131 -57870 -61636 -1990 -20771
r59 43969 -34633 -42986 13485 58911 -4950 -56484 57945 -34172 20253 16303 11321 29546 -41024 -5469 48213 -11665 -56788 64633 -47959
r60 -5416 -14989 57524 46074 -16119 54919 48682 2809 37482 -34083 -16753 -63224 -53209 53496 46418 -30939 -6404 27177 30296 40758
r61 -36687 -19018 -40333 16922 59959 -61820 -10178 -14829 -58965 -27965 54786 -34804 -18582 -53166 36126 27740 -57916 62883 43343 -3152
r62 15815 23746 -27666 23801 15268 31092 49414 1249 -5986 52426 15181 39149 15776 37658 18833 -11446 -2586 -15170 4820 -13822
r63 -33082 -17917 34759 -26312 21463 32982 -43319 -38887 -35360 -42371 57503 5152 28404 -10478 48167 -18567 -14952 -52999 -28862 16922
r64 40789 44990 7667 42164 -12271 56567 5413 8200 63682 -54518 -1601 46947 38412 -25532 64032 -20640 54353 -12493 -36639 -48354
r65 -838 -23876 30638 -55794 44041 46328 37034 -6370 7833 17654 5195 19491 -30779 20805 -56227 -12019 57314 54699 -29652 -59538
r66 -32736 -37152 12066 39125 41388 -36380 -47629 29738 8908 51902 -55505 -47830 24244 19319 38729 16080 39605 60581 12427 64581
r67 23872 -56373 3713 -35315 -25443 13204 -55060 -37363 32940 27880 56966 -57025 58655 -9781 45352 17256 -37364 63737 43115 -7821
r68 60609 -10485 39561 39770 -37777 16925 -29974 -33324 -19627 14995 -15939 -57145 -26157 1645 -1093 -24178 -61466 22491 -37320 14725
r69 -28731 1530 -25783 45962 -59284 -38878 -22424 1537 -52815 60554 -4037 65530 60532 -43307 -62284 -63250 -15251 -16578 50892 -13619
r70 45938 18858 20134 -50862 -50459 -21704 -24891 -57264 -51263 -2952 -32169 23849 18639 61714 -34244 -53476 -57904 -33030 -44834 -22104
r71 -26272 40849 -19755 18115 21407 51253 1149 -49976 40939 406 -50060 -55310 55425 -35724 -19587 47682 -17496 16538 -12004 38050
r72 21590 9235 57436 -63228 -3881 26139 -14162 54455 53353 14367 -35419 -29983 42497 -12767 -33663 36044 -15973 -49768 -10073 38961
r73 -52377 -36934 55717 -57724 -51620 42491 -8768 30868 56721 19473 50054 24590 59439 35765 -38044 -59394 -9519 4183 -25659 41526
r74 -18745 2085 5612 -5302 -748 48735 -51729 -13547 51844 28228 32050 40512 -53105 58268 -3662 -51338 257 -15125 -3985 45285
r75 23727 45136 -23209 -59504 -33994 -40506 20414 29734 30004 40802 47761 -39614 -19300 18926 -14172 53058 38042 46375 8226 -8680
r76 24764 -64150 57494 -11165 -6320 -7199 23466 31596 7456 -2914 -14864 3670 46401 57637 40850 24120 -23831 -55920 46859 -28779
r77 -23699 -38208 707 -62907 -49516 26016 -54910 -50594 53710 -10068 -53683 -49242 4342 46644 -60915 9670 -27527 28499 -46543 45395
r78 -33863 -14181 46117 14600 12410 -41479 -18021 187 -49593 -9960 -15163 9127 54557 63355 53194 -10502 19414 48379 -30102 -38771
r79 36148 -34181 23494 7169 -2779 9712 28576 -56651 33334 -6404 -6363 -27882 3477 -56016 -45101 -61094 65362 59141 -54019 17181
r80 34799 -7680 -21478 -46724 46289 50036 -62579 3354 -3500 -54351 61302 17210 -20977 23600 -7104 -53421 36315 29658 37470 -8410
r81 -1742 -58223 -52057 29179 -64123 39096 64530 -57159 62969 -3163 39823 -40461 -65100 -53560 -6944 38376 39221 -17422 -57966 -32896
r82 59578 27099 -15464 8833 39028 -2358 -54394 -41377 -16449 -56561 20647 -64176 64106 21427 -45964 -1878 -24259 42026 -61358 7497
r83 -61569 -1897 45522 42841 -36763 4411 -62339 1591 -27334 -30896 65229 26802 6271 -26722 -54656 48152 61259 35291 -39393 3412
r84 13220 61531 -50604 -61150 -46595 42917 -7006 -59823 -34429 724 -60227 -16870 -33517 -6274 -47149 7870 3916 -26244 38482 26807
r85 14967 -23885 -36350 39650 55579 -60812 27310 -57411 61561 -47096 60809 15556 6770 58737 48591 46886 42376 -22073 -44012 -37022
r86 46908 -33304 55032 -42492 35034 -58310 -5975 -63265 -46087 34922 -19279 55078 -6047 31384 59123 -29470 6969 16001 -64593 49630
r87 349 -45933 -38598 -53318 -15258 -60104 -63555 45199 32710 -48778 -51441 63789 -1305 10862 28824 53008 -37789 26812 -56451 55509
r88 -55541 -8033 -3672 -11596 47378 54360 60251 15691 62465 -33320 39899 -53979 160 22306 -28864 -42053 5335 -47575 44337 -31773
r89 13723 1971 -36999 -23210 6749 2326 -59319 32797 -11064 35823 20114 36905 -6457 -17778 -57773 -909 33738 2957 -17962 -44701
r90 28469 40930 12547 -33001 -5621 -12328 -28881 -56624 -6127 59176 -19087 -21994 -25778 -60053 48689 -47521 46203 -24293 -27088 12574
r91 3709 -12957 3058 25676 18216 24469 44547 20359 -47004 -29810 -52403 46690 -53992 20300 -61586 58460 -18111 52580 -50762 -36930
r92 33094 64571 29067 44726 15749 -57180 -21764 -6901 57160 25989 -28518 -15592 60721 -41331 -19940 14634 61142 26265 8662 -9076
r93 44283 37331 -9269 -227 40591 -17144 62605 -24745 31285 5533 -55472 -52308 12711 -18835 18620 11751 -13807 -24666 -54385 32532
r94 10907 3176 -23206 64242 50155 28727 48162 50903 8280 60626 2256 -6704 -47094 40981 60465 -11093 -28986 -53366 16134 -9659
r95 -4491 -15349 20553 -22474 28969 -51042 -6508 -15711 13991 -823 -25760 10790 3992 -64513 26060 40943 -16908 21791 41545 20787
r96 -14705 -59051 -53791 -2405 -63431 13169 42115 -7491 -39355 -32373 -12086 -38795 -30854 12164 42340 20870 32606 -38570 -29806 -15462
r97 -25393 -58265 -17683 8867 -57703 52299 32223 37488 -38975 -54478 38715 -26251 -64649 -46894 51875 8290 -3270 -57055 -11134 50520
r98 -37265 4156 57539 -2615 -62877 59393 -59554 25305 -27059 54145 14148 43201 55700 -10744 -54549 -57669 -25480 35687 -31101 -11137
r99 -51688 16734 -19155 -56876 1477 42059 18482 38267 -25043 -56136 2898 44141 -17744 10325 55171 -2828 58806 27760 28604 -34230
r100 -34898 34314 48759 58172 -20981 47313 -47618 56290 48174 -24962 -60280 18226 -60727 28712 41592 43488 27706 -14418 -9451 30312
r101 46891 -26118 44673 -8347 -17603 -21234 -64328 1782 38671 38560 33304 46246 49640 -26790 -51361 -56564 59113 -15290 -22069 -17642
r102 62212 43130 8821 -21234 -23845 -47741 -15070 -61830 16535 8455 40688 49697 47713 3891 -38476 33292 30997 30262 -64303 8677
r103 -45955 -26877 39735 -6254 34352 3086 461 -36904 -47923 17688 30593 -51215 6672 -61427 44956 62576 24715 -51833 50200 -27686
r104 57543 52651 59569 -22369 -19591 -37350 -58457 -22100 -31555 -3512 -8304 9006 -5953 -31715 -41369 -11183 7804 -40126 -59406 -7973
r105 -25200 3080 41512 53778 59903 -50358 44819 58139 -42387 -52537 -6171 -36648 22623 30974 -28574 -13321 17148 -12357 62912 -42358
r106 -50329 -3104 58584 -50311 65442 10337 15225 6869 21080 -59392 6082 -13573 16959 33216 -33990 -48594 -39412 63620 28014 63254
r107 -62193 -12010 -34301 56992 52687 52298 -34159 -17551 -39371 22617 47619 -58976 50285 3996 -32027 -60592 20553 -62630 12398 50029
r108 -35482 54122 -60504 -8673 51063 -64503 19410 25946 4924 -7280 52600 -6088 46706 -15037 24670 -1088 -28314 42178 -7800 -58395
r109 -16128 51117 64023 48123 -10649 -50356 -40 -584 6910 46232 -3459 -13989 -62381 -40979 -36373 26768 -14503 30800 33956 1649
r110 59238 -62171 -29600 -46881 59653 48305 -13595 60410 20244 -26975 -14072 9406 46926 18811 45752 1602 45210 -34894 691 -1845
r111 -48782 28373 -41292 32460 7330 57455 50841 64282 -32797 -7629 -3519 -22640 16564 50068 42056 12158 -54680 40452 35100 1869
r112 -42261 50936 58995 52047 -48854 -44251 46325 -46415 47727 -48607 16564 41805 -31145 -65140 -56364 31969 -3381 55599 51392 -7379
r113 -34433 -20312 -22687 -65068 -49256 -38618 36259 61869 30696 58901 -35120 -45709 -2574 -58303 15175 -61103 49914 36618 28516 -51887
r114 -27351 -15578 -20414 -10252 35693 50630 -23800 24800 43213 18802 7252 14771 51865 -4082 56413 -51268 -33787 23316 4310 44407
r115 56639 36137 53514 35096 -6947 1560 42013 -29664 -30128 -16060 -9090 1330 -15599 -49868 -27608 -36435 25746 -47931 6393 29265
r116 18580 52145 -14396 56497 -21801 -2697 2258 3965 -24514 -41557 38249 18285 33078 -12031 18826 56755 51429 45953 27732 -50220
r117 21771 -27935 8036 42118 -56590 53125 -23265 -14905 49843 24584 -4663 53250 -13603 47778 28745 32278 31848 -60781 -11362 -2344
r118 8210 -6002 -25112 -7346 36545 5478 58604 18324 -41094 53397 53352 38622 -64600 -8028 40252 -62597 -34970 7869 25752 41142
r119 -37768 -30338 6953 -8573 34282 -58694 53380 460 -56890 25996 60000 -40035 -53942 -57930 2812 47767 28210 -11684 15080 -21870
r120 23432 -18866 -40249 -53977 31312 -55080 62944 -4139 18439 63511 -22425 43131 -24986 -47245 -53199 -4889 -43266 3500 -25933 22246
r121 13691 55658 -40799 -35698 -17024 29692 -31823 5952 55357 16985 64730 -46179 27798 41906 35987 19772 4848 -11777 8949 -20334
r122 -38560 54194 33977 -13835 -6365 64365 -29514 -7239 6126 50591 -58637 42697 -27324 -491 -4538 57285 -19397 -35823 3415 27601
r123 58996 54570 51058 14869 13182 -37646 20295 45170 36383 -3957 -1487 -3952 61079 37893 -33566 -52051 -41658 -1892 48097 56869
r124 13637 53059 -15497 11464 -35287 -8692 42174 16384 -39304 -30027 -33899 52224 59968 12696 16478 -23090 -16745 -57490 3525 50653
r125 -32376 -61733 42807 -28668 -41861 42392 34495 -31385 -3959 -33439 -18198 8473 63511 27715 -16907 -63658 -14800 -56314 -51416 13570
r126 -12402 -37620 28737 26715 46411 -19575 -28340 29788 26187 9739 -51694 -2075 42881 -39888 -22290 19195 -57563 9104 -27201 -48107
r127 -51238 37967 39651 41744 -9600 44747 22699 5923 -29786 -45657 7164 -32619 25665 -3066 2721 59577 39070 -39988 3938 7343
r128 -38142 -31058 55198 -30384 29657 26429 -5535 24458 -33610 -23244 -4186 -14566 -4242 3547 34951 -39529 59211 3441 46086 1429
r129 10970 3115 50732 -63831 43256 -43932 -27803 39321 -44187 51911 18960 -13850 9509 49686 20579 48686 43801 176 14683 31443
r130 26090 -746 45007 6834 1718 -63979 -38052 -46939 47489 -31745 522 52522 26326 -23905 24045 -1537 -17828 30722 3773 -28612
r131 42613 65457 49170 63008 32046 -14295 -12668 -63793 5862 28115 -26385 54596 -29755 -33055 3327 -57357 -53559 48587 52514 -30716
r132 -55132 56575 11950 -14937 55642 -54674 57476 55705 19817 -37482 41114 -49381 21847 40533 -48781 -31221 25170 -20558 28069 48157
r133 2897 -25388 -56560 -55957 23564 -13022 -17783 33274 63024 -38677 -45310 29394 18727 -17468 55070 47352 48097 29955 47520 -41862
r134 46703 53715 32188 -40804 -22630 52610 -48429 -60510 9322 -36607 64947 -47018 -3761 -17385 -6208 5525 5031 -45877 49906 -29080
r135 -941 9406 52864 -44923 -61745 -43930 -40937 -49918 -54350 -40895 8508 -17931 -62518 20418 58880 55249 62144 -875 58521 -30664
r136 -16182 -19996 -59308 -15167 31520 -16494 -29603 35234 53227 -4470 18118 -41624 -53038 -26114 -14150 -27654 -16771 45750 44647 55688
r137 52341 57886 31914 4582 -43275 19137 -58429 13137 -53703 -55212 -25419 24912 23783 7531 56211 54864 35517 58216 -47867 47555
r138 58728 33017 -5684 -37629 -47408 -34054 30465 19551 -62939 -49112 33460 29702 50552 53126 21805 -14435 -32588 9034 17412 1193
r139 -51906 45310 -42867 -57990 -19840 45847 59426 -900 63353 -31481 43245 -23675 44765 38676 61129 39712 -7205 22441 -5265 -20422
r140 37416 34120 -32654 45851 18431 -45389 55261 -19879 -293 -48838 48496 31360 -29002 55452 20657 -17385 -1847 42589 -24256 -27254
r141 -1755 54727 1657 -22478 18700 -782 -2666 8599 10108 -28932 422 47148 -52465 5958 -55114 -58764 40194 14879 22166 11533
r142 -36756 -2004 49213 37980 -48424 119 45883 -49089 33442 37810 -25527 -37309 40041 -49067 62512 2659 -35632 -51665 -46614 56578
r143 -50194 50336 -14009 -64297 16067 -5991 7132 -51642 4217 63278 40059 16420 -40008 -6071 25208 6721 -23173 -8666 17538 1375
r144 -34840 -12925 -31870 6706 -42108 -21319 13844 32636 -628 -4801 24641 60141 62812 51330 -30002 -5239 -58944 23108 -35776 -31199
r145 4457 19525 61692 14976 -61073 21302 54358 -39596 -18112 34024 33982 55683 -61006 -35604 -41402 -39546 35270 49295 3035 -53248
r146 34313 14719 -6161 6162 21583 -61161 -6070 44497 -30394 38137 20033 -64410 -20678 13671 27986 -18505 -5775 -37357 -16560 32034
r147 -3932 -32902 -1192 61726 10733 7737 -59135 -56326 44093 38371 -37305 34579 21524 32359 12136 7839 64744 -53257 65130 -50617
r148 47503 -5640 -13655 -29038 -54617 -55647 -20478 -41846 -60218 33143 27195 12034 -20128 13338 36705 35859 46344 33443 52893 39973
r149 38757 45959 48305 56891 -12353 -52475 -5797 28842 -35857 -52847 -34529 50066 -61751 -50375 -34561 -22326 -34844 27303 -39372 34638
r150 -8077 -38218 -25943 29603 40500 -21124 51801 47679 45817 -53883 12157 4018 -63281 -5499 42479 28573 -7378 50903 2745 -44683
r151 40075 851 49882 2446 -40202 45546 42222 41374 -64471 64610 30061 24196 -45515 61682 -62296 362 -45152 18232 56243 37221
r152 28510 -53302 -2517 30207 920 20292 8651 30968 55842 51123 58224 -51415 -49340 30337 -49488 -12096 -27457 -29552 26165 62884
r153 20928 -30391 -30281 -27254 -17559 10362 1047 -54921 -1286 -24761 44500 45987 -50424 33018 54051 -42114 -38958 -38673 12712 2507
r154 -63164 -15622 -16047 39835 -47531 4035 56953 -58030 -56830 16846 49992 34550 32671 -13317 47850 44066 18662 56937 15601 3272
r155 -33742 64964 -55207 29088 -28783 29090 3642 4226 -8269 -14592 -36697 -41571 -43522 -11001 -38471 -31690 53143 -10034 47043 6158
r156 43777 -60644 47319 19444 -29028 -61749 21012 -953 2147 17057 -33644 42321 52152 17727 -50137 -16108 -62817 -30171 -6470 24658
r157 51006 -18805 7636 24536 -20519 1397 63014 38771 15521 35559 37589 16662 -17228 6689 -38216 58976 -63626 -48221 -30192 33299
r158 1263 -60345 -20763 9716 37842 -9970 44218 16393 -30145 34773 32744 59962 51600 3355 -30231 50448 50520 -15375 -28215 -34362
r159 12770 50820 -24180 47819 48704 48455 -24270 13551 17908 -23 -60548 -59170 -57736 24680 -61741 -34307 42842 35214 60752 26096
r160 -52684 42557 24575 -23779 48405 51383 -51004 16161 14632 -23925 45920 49676 55971 48108 7391 -18066 -36124 -27037 9975 -25588
r161 58279 -18135 -18858 -11179 31950 14895 -8251 39625 49617 14963 -28585 -64179 63887 12561 -61540 24799 14088 -42255 -5621 -32155
r162 11843 -7375 -22040 45659 -43352 -20265 -42879 -34977 57755 40992 60944 20989 6206 21903 59984 5177 17328 22068 -29136 -17352
r163 17019 11767 -48556 -43784 64023 -22169 -33315 52590 -22050 25361 -8817 26964 41831 -30080 14572 -5789 61658 18992 61570 -47014
r164 16504 55843 -17932 7860 -1078 50378 -30008 23072 19327 7779 27494 -25427 -8346 -27470 -50529 54950 16145 -9045 2965 46622
r165 -37269 -40918 -24308 -64525 32480 -31347 18465 36813 9483 -35473 37003 -2959 -6725 -27293 -16218 63520 31170 -25372 5761 -63805
r166 -62016 27847 -20407 -28 -12274 45638 -43331 44641 -31919 -28937 -13320 -4483 -1092 -60124 -35075 29142 5912 -44371 -50398 37143
r167 -31278 -58979 -1269 -27080 -37795 -60548 -45340 -59584 37753 -61432 50273 -23320 2584 11278 -22297 -31731 -547 26611 15449 60517
r168 -16888 58155 60153 20899 -30577 52549 -41488 -51641 -14949 476 20510 -30900 11230 58802 -30275 1031 42542 8853 -48249 23511
r169 25720 -55946 58662 48578 23564 -59663 -14873 -51690 32350 45841 -3074 55236 -61811 -10578 32135 26918 -179 37600 65513 21222
r170 -25262 -40028 -32924 23162 53618 -30794 -64178 -5454 -44218 57822 50368 48775 -691 -23167 12373 -31669 48676 45726 -47435 37044
r171 3093 63736 -30283 -29919 3906 37939 -19913 -40383 -52440 63407 -37490 -51118 -43311 -36393 52379 -6037 -17262 -39875 27443 842
r172 -40536 49191 -57534 25554 -28394 -52174 43371 266 43534 8251 -54480 -61420 6638 19428 -64942 -8754 -6619 28918 -17615 -15399
r173 -13217 32911 40945 -225 -51190 23586 -36208 -54606 -51538 13664 -54555 -45146 -29664 14367 48304 -18284 21396 7483 36121 -18422
r174 20693 -9 699 -41811 -24504 41785 -2454 13660 -26582 -65386 -60599 -56546 -45944 -16759 -56754 -2912 -48404 -44319 -30118 39350
r175 -50881 -40647 -3635 -27352 -2202 24896 -24794 64337 -46013 62756 -40226 -62035 -57035 -39057 33187 292 -12793 13489 28139 63262
r176 -44490 -24385 -15902 -53662 -51112 48817 17826 -32986 19602 -34162 -15586 62383 -47341 10854 64998 54263 -62712 -5391 4304 -28696
r177 315 22560 30020 26617 55597 45395 62053 -42532 37640 19384 36674 -38004 35653 36062 17695 21245 -4005 -5445 5280 -49989
r178 56654 -33172 18159 -1426 -18382 43660 -44023 -22830 40238 46561 -17538 61739 -42272 -52151 -27089 -8724 -61895 -22649 -7716 57450
r179 -26435 -44097 -13439 -5187 -39081 -46691 58518 -61365 -43228 11656 3845 -64555 33338 43745 -43525 -32497 24904 -17492 49569 -25700
r180 -8298 -2217 64267 -44135 -33499 -25275 -11662 65358 47510 1216 27434 -47563 -22028 -7233 -23933 49008 -64381 -55757 -25260 -53201
r181 -22359 -34509 57624 -29991 25525 2099 -13124 52108 25708 16331 63737 42596 -51273 41448 1812 46474 48131 -30399 -49806 -53522
r182 54801 9816 14117 28542 24176 -42559 -22479 39573 -35118 -9228 5916 -5559 -41379 -37497 -36000 -20835 56309 32897 62217 -10566
r183 49586 -52705 -54606 -50881 -637 51452 42001 32336 -61552 -26424 -30972 1142 45728 -60351 62016 49772 47652 -17756 -4962 57730
r184 -674 -3014 -25745 9953 26101 33565 44688 -24793 -29031 -56467 56739 19689 -12123 -62524 56062 48496 -36711 -20349 22968 5229
r185 -53603 60556 -51679 2794 19340 244 64455 4715 -39119 -23667 -55697 -37394 33568 50956 19302 55676 -53277 -9278 30893 -2549
r186 -16862 41136 -23557 7449 48925 50617 11126 -44550 28222 -33143 -61259 -64126 48407 -45812 41987 -50516 19816 1017 59786 -36358
r187 -64538 -40455 56864 28908 4235 59771 -55221 -17601 22794 65384 60546 12857 -43346 32005 35985 39671 38140 -45584 -5758 63948
r188 65054 -2388 -56074 -22319 52967 42205 -63780 -1401 8966 -36183 -55511 -7209 -65345 -47706 -14391 25865 -8821 10924 -9383 -11226
r189 -1938 64575 -51665 -52155 -14235 -56096 55466 10693 -23162 58224 -51909 -24104 -15967 -18665 -62714 -47290 46111 49225 -13893 877
r190 62678 -55812 30394 1368 -41254 61096 2744 8179 20915 36548 -53752 42268 53136 30760 -39543 -6918 -24431 30159 61770 4835
r191 -16599 57006 13591 39734 -49312 -38331 3532 30278 -35923 14644 25380 -33060 -43585 11965 64946 32307 -9291 8723 14737 -39454
r192 47846 -41723 55880 29061 -50378 -38652 57161 41279 18732 7108 24339 59510 30913 -63043 -812 -1008 13474 32090 -37312 17591
r193 -7815 -34775 -29575 65037 53242 -34998 27254 -37579 136 -25661 -3823 10909 64756 -39788 8858 -34348 -63881 43933 58822 -44028
r194 -56116 -48739 28777 55916 21378 -63067 -9339 7420 -51342 -40118 31160 -42361 -43845 44926 53941 -35798 -15046 14635 48829 49987
r195 -39103 6131 -25002 -31694 27417 42790 6970 -39135 -30516 59836 24915 41768 -4653 6818 -54784 -41849 62606 19093 -30715 -52369
r196 23417 -50409 -41299 7614 45 57209 -28304 -61631 33580 -712 -56403 64463 46168 10748 9445 -20267 45366 36333 58354 -18164
r197 -34592 -24028 -39972 -43109 63358 34712 -62148 34234 -31002 -35977 47440 -45511 -63572 -43798 5811 18317 47427 -11671 -10963 37298
r198 29399 -1350 41273 -34681 -9784 -55711 -19422 -62938 -16429 24250 -3071 55478 24746 34981 -37891 -13238 -33108 -54246 -57901 64683
r199 -42778 44934 -16925 -49637 -3343 42610 28935 -35294 4293 13621 35711 22847 -22149 4008 -4808 41854 -14295 8259 41706 49650
r200 -2429 29939 -30808 35480 46020 2898 -53457 -56942 -24079 14487 -15596 46313 -3734 58922 3644 52835 -36857 8438 57512 -34997
r201 47914 20827 -12107 -38267 43245 21038 35387 10041 -14542 -9489 9705 -47657 -64670 63538 13572 35841 -55861 -15966 37094 25992
r202 37582 -29976 -7943 -45637 55695 -268 -57957 -30529 -45608 -22112 4636 55496 6718 -9200 -20711 -27465 15644 -3922 -27983 45816
r203 6549 52349 -32754 -63175 -9719 27952 -58497 -45236 -7785 -31213 -56194 -37299 5356 54519 -37378 43281 -24104 -52499 17465 -21210
r204 -29324 46189 -38145 -22294 35690 61171 -35449 3463 18418 45387 20056 -7083 -51784 -58561 -43185 -47406 -4211 -17937 -59788 5286
r205 -6055 34087 62386 -24185 -3214 60922 60710 8960 46522 15920 51548 56909 -46485 41183 -32389 41667 -61455 -27645 -21538 57373
r206 -1962 -20944 -1929 -13558 49107 -61963 59867 7346 -41942 -30558 -14044 -58651 -51401 64201 19270 -17644 -16071 -47284 -39724 11576
r207 -34503 26997 42135 36301 24273 53269 51415 16261 4572 -45116 -18921 -47798 -38366 -44911 -11276 23161 36923 55288 -38002 42689
r208 39861 39368 59261 -874 -9905 14155 56815 8654 -50370 -13173 -54569 -1639 -51937 -314 37298 32721 -40939 21466 32222 -20497
r209 36914 -18456 -60562 49299 -3339 4422 51146 -14426 33382 24407 -26849 -8608 2326 -595 -54494 48584 -22757 -4345 -56823 33797
r210 -60613 -52049 8647 61131 48406 -15472 -49933 -37562 56840 -39138 -2769 11108 -14563 -16589 60588 43670 -27913 -26499 39385 52362
r211 32911 2408 -50204 11032 -64486 -33038 24931 -8134 2911 -46807 -18453 -24992 -27423 -61572 63314 36573 -64454 -23979 -21972 30908
r212 50752 15091 3251 43219 -52521 17620 57079 15471 -36297 -31383 -24762 -9690 -6636 14302 -23826 -42478 -59141 -18051 -3121 -6243
r213 43064 -8298 -56986 59431 -62689 -50976 4707 -144 40775 22047 3895 42362 7643 -10381 35924 34345 -11994 -33189 -30377 -6233
r214 20706 -52898 -5829 -20935 -4467 -47821 -33056 -15619 -48329 22279 18208 -49442 61710 -43669 62739 -16052 18704 -31565 -2967 -40009
r215 -17516 15855 25981 -18848 20426 -63015 -40061 13970 -29021 19710 -6840 -13853 -3499 -51306 -21282 55275 -28827 -18286 -5915 -61241
r216 -8404 -39848 62175 -59099 -27314 46129 49420 -15552 -40393 -11572 -62711 14506 46219 -47950 -345 -22416 -2803 34383 -27 -12063
r217 24094 41934 -63885 54158 -57317 42426 -4742 29310 17365 -49641 48205 11386 21037 -43034 -12289 -9451 1245 -35664 12815 -26765
r218 -4560 9532 48723 -62199 -23979 -32938 2142 9879 -12802 40427 9955 23725 -47518 -3063 -47200 -39723 46035 -32063 15416 31128
r219 -57420 -45132 -12094 31929 -10266 -61388 -13755 17639 -51120 -8351 -12585 16502 30911 65165 -25530 -26730 -40687 -30391 -61268 -60871
r220 23401 -18501 -16004 -50552 -37902 -60344 -17142 -56829 -30635 -18060 6292 7065 -32443 53581 62151 28374 -58247 -12969 32972 -16141
r221 -20661 -7594 10327 -54420 10273 31318 14168 26329 -872 11524 31921 7545 42539 56878 9398 -15942 36814 15068 50313 -33092
r222 41522 33838 -14869 16396 20900 30475 14149 9591 42378 6340 298 13255 -29975 -19308 -62661 61074 -24819 -37575 31928 -61626
r223 13463 59077 18888 -16429 -20444 -2632 14674 4254 32147 40433 40882 26674 -4516 35708 63514 48219 -48553 23025 42883 45812
r224 -6224 28171 42981 33186 -24171 -50907 46666 -18237 57392 -18966 60729 -29781 -54668 -65220 -59287 14411 -10307 43472 59454 5787
r225 48812 -57952 61164 -20450 16434 19883 20349 37204 12936 32217 3680 50501 -25465 17317 31890 -35906 -9889 56234 49975 -48539
r226 7988 -56770 -9083 -40529 -53691 28078 28218 4493 -15377 23215 41085 10852 1775 -49139 -16359 39281 -27975 -37723 60165 36349
r227 23008 -56520 55517 46251 48249 13921 14099 62616 56714 21996 -47744 -36685 -30537 -30966 20835 39995 -5939 -34476 -10912 48023
r228 -65329 27864 -12559 15422 -63224 -62790 31002 6551 -28928 -17342 -25162 -12677 -55503 59979 -33890 -2466 46791 14606 -32254 -31180
r229 -994 42149 -64737 -43221 -53962 -35528 -24562 24947 50944 12025 18719 -40166 -37961 53256 9541 -18293 38475 37947 38411 -29650
r230 12712 -39814 -31411 57702 -39120 11823 47243 -60423 879 31057 19476 19004 -3700 16540 21195 57953 -6332 22599 39827 -51093
r231 -38330 -15793 8476 59036 36065 -4128 50190 -61511 -38153 -40392 -8951 -56641 10884 33202 -7435 30891 42493 -41272 54709 51872
r232 43643 -20062 53876 24389 30562 -45092 -35083 47183 8453 47614 -18621 -32160 32499 -15500 -16259 -63644 29187 -13222 57066 32902
r233 44819 40697 47767 -38393 52335 55648 -39464 6672 -33256 -8392 48553 -56864 -42683 -5440 -25757 14075 -2621 47463 -15236 27376
r234 21494 -52736 55668 -9163 -55958 -20154 -22600 -4976 -41128 -30990 34028 6396 62748 -52546 39819 59077 -14943 -42135 5967 -41127
r235 40884 -46729 65419 10697 -46794 44199 3124 943 -52918 36550 59405 -24457 663 -5756 -34170 26234 -30674 -2700 -7202 12141
r236 -31087 9682 -19165 -56146 28819 33455 -60691 25060 -58177 24729 33042 25764 -48001 -59251 -54123 33954 13826 38111 14673 -46661
r237 -50657 11017 50754 4592 62765 -60081 30742 -62148 -11743 -63729 -55837 1095 -2327 -2064 45736 32819 8103 -55000 -3396 16621
r238 -1564 51187 -37539 -1895 47489 44809 -33350 -14164 -46922 -15849 23898 624 -54757 -29537 37717 -64029 58254 -46790 59914 -30261
r239 11502 -60302 -20462 51610 51907 9492 45044 26627 55370 -50443 -42249 -62570 -57855 1955 10221 22861 6921 17929 -49412 50293
r240 22451 -55813 29140 -50947 21271 21596 27763 58167 54392 16298 -36551 -38825 -7723 -35870 -46551 32014 -28516 24958 45974 -3187
r241 -10902 29590 14099 -56681 -16319 -12763 -480 53438 4673 43553 -22193 10107 -15179 18609 16321 -25637 26479 -27156 -39669 -47271
r242 -58912 -16269 -19034 -14709 -34922 63259 -51510 -53307 -57887 29930 -34620 17673 -45646 42929 -50816 51415 915 10325 5514 10523
r243 17513 -7852 -31333 38443 -37897 17073 -51599 -25107 -15999 58650 10043 -50389 16284 53062 1398 -11668 16830 -50237 55172 61046
r244 34028 3276 -30218 7154 -36565 21217 48828 47932 -52270 -8916 -23059 22967 36980 44307 -8124 -53364 -49904 -60217 22469 18400
r245 -32383 -37381 -26685 -62665 3462 -61600 53351 52843 56922 36060 14899 29362 -35551 -956 22357 34137 -39849 34816 59541 -63793
r246 -2704 57603 -65424 -8397 33340 -11418 5189 7537 -18531 -64197 -10087 7421 -5755 21491 -58984 -62640 -16057 -39659 56144 62499
r247 21350 51899 64311 44443 -23017 26680 29837 41881 -24252 -12283 -18275 -26892 4470 13524 -31179 44533 65029 -39914 -8638 -54116
r248 48356 -50370 51880 -26697 -49981 36096 51250 24758 -5506 44742 -29714 35428 54172 4217 44324 -52501 15362 -38090 -32747 49545
r249 19766 -4875 35278 1482 28041 58651 -3517 -65355 -36599 -15432 56358 28620 -28045 12935 36234 33993 -25543 -49942 10795 -35488
r250 26346 -55327 -12501 -12498 -5551 32197 61875 45584 63661 6 12216 19511 -50815 -2910 -61557 -36601 29594 -56084 4223 -18078
r251 13864 -60367 -37628 -46662 685 -14962 -62306 -21126 -13140 -51238 -32500 -48407 55242 -7122 -21919 21876 -57069 -25088 29050 -56292
r252 62653 -19222 -31692 31597 55576 -20512 48635 52969 -9059 47876 16914 37077 1774 -43237 26041 -15699 -64190 24131 45684 -55008
r253 60828 54097 26806 63729 -60218 -45788 -35765 -29526 -10213 -27236 18892 -61080 5508 58213 -43760 12351 57593 11183 3336 30257
r254 -49727 -48105 -45234 -3378 -12209 55351 11207 29290 -63979 52021 -41760 61609 64412 32121 43419 31027 63631 -21792 37636 -16039
r255 -14428 -15733 -11154 -64157 8778 22615 -3510 65121 -32017 16592 -34142 -51692 61778 51818 856 -58827 -32857 -24711 1613 -37246
r256 -61075 29291 33278 -10009 54150 64853 9085 41803 -34809 42734 -26116 -1617 10843 -33248 23086 -44976 63198 28146 -16989 -298
r257 -15906 -41405 41542 -7511 62416 -52329 20709 40378 41826 -17606 38902 -60492 -56541 -49359 -22695 -12127 44804 11090 -14137 62290
r258 16575 -6838 -46253 9639 36033 54605 38359 55084 2126 -25833 -14808 7749 -1116 -24738 21667 50233 47158 62845 19693 -56529
r259 36128 -43449 -20040 24655 -31817 -61415 -65469 -32210 -24472 40964 -48558 -6492 -9781 -35625 -32090 -44389 58518 -41662 -57682 36980
r260 55261 11992 -23913 -3628 21293 -46719 12498 -65290 -8220 -34329 3061 24024 62840 -54613 -4522 -23843 63169 64633 -62384 40306
r261 44905 -46569 -29411 3265 2551 12061 62929 -31280 34616 -10428 65246 -42605 -7369 -46100 50800 -22187 18023 -53577 -29626 1556
r262 35482 -9363 30582 54696 -4668 1851 -16114 -15662 -57770 35255 -43105 60801 25182 -25406 57207 27822 -9946 -19343 -5944 -25801
r263 -35384 35548 -61716 5246 -6660 -700 -44765 -14989 -15350 -20729 27623 -4709 -19071 63305 57723 -40803 29189 28809 -54077 59141
r264 -51194 54196 -12821 -26395 25359 19852 -8307 25470 -56039 -43547 36759 -2419 26130 -43329 49061 -23900 -1615 -33378 -15448 -50839
r265 -61244 15040 -22520 -42678 18980 62243 -32895 24228 -34325 13372 24341 26348 18680 59583 -20186 62949 -38509 -28397 -38082 51409
r266 -43688 -44493 -37297 2699 14269 -9097 7172 -49618 -62313 13610 5968 -59732 -21630 -22732 -6248 51483 -61478 4435 -22893 -35202
r267 28088 48462 25289 456 10302 -50247 31817 34568 56838 -49547 -15158 14579 40305 -39141 11801 9791 48110 -54184 31693 -458
r268 -18635 -52580 -42532 18963 -24109 -19514 22815 17148 -7932 16077 7872 -8739 -53705 50581 -23578 42831 -30056 -456 53231 -25917
r269 -23532 -39230 23909 -10718 -2975 -13427 14491 62406 4316 -64251 -3640 12217 -34565 30521 63718 34693 41604 -65229 -37017 -11344
r270 -28716 -39501 -61326 -56625 20353 -46694 32964 5779 -49430 -47724 42510 -27080 -37566 -39137 -6755 56857 -9068 12318 -63959 37166
r271 4162 -40681 -2783 -45257 59994 -34040 -43188 22127 -17644 -58999 -36748 -36929 5151 -31554 5134 -51719 62824 42986 9304 -27753
r272 24891 -38720 -36518 -30009 63743 60576 -35076 -25323 44619 10921 41680 -41136 -21128 51414 -46063 -33809 -32635 52897 -60981 65424
r273 63682 57041 7845 52247 16546 49940 24224 50710 59992 -8941 -17189 56238 18863 -3815 -47918 -53048 10132 -4703 -2340 17749
r274 14668 47110 6546 -58791 -65004 -24594 -15917 -39698 36387 9883 -12472 58107 -26037 32922 27055 -22372 -47191 29472 15458 -50077
r275 -50142 -37880 21826 -4014 -24827 -8193 -15839 -59851 39903 -16834 6903 -27370 37094 47109 35925 -61751 2157 -54896 13202 18823
r276 49889 33727 46000 5818 8924 -30792 30955 -47684 23613 -8215 27783 43103 7809 62737 -59355 35305 5512 -65306 11161 51456
r277 -32604 46280 -30338 5340 -6176 26096 -3118 28568 57385 -50944 -29750 -45988 -7476 45734 62282 64351 44402 34068 2366 -50601
r278 2092 -61224 31002 22832 31322 8703 12851 -37545 -42166 -52178 40128 -8039 15053 57462 14027 14431 64668 -3528 -23243 -21424
r279 -53059 -60959 -55206 18670 15695 -52217 44928 60856 27222 844 -40350 8882 -42811 7655 -27440 43771 49018 -60281 -7030 25795
r280 -24085 -31552 1395 -40709 -5429 8168 -38399 -13608 -21823 -15037 29745 -33767 864 36777 -40373 -2655 -10127 25155 -63948 58330
r281 -10433 -52212 -54323 -62680 43633 -16111 -2507 -46902 17143 -27806 37896 48249 -43215 -48993 -16775 -48048 -45576 58665 -47012 -41547
r282 -63152 6674 -27075 -25045 -32766 38805 55138 55115 -11227 54799 -52351 -39835 -41364 48190 -48086 -56818 50508 9463 53012 -25058
r283 7613 -31799 12590 -25713 -64861 32044 59227 -9476 -22134 20915 -44579 -14592 -38969 20001 -48619 -21943 -65216 -31351 56839 -46622
r284 -9084 21711 57175 21518 -12588 16057 24402 -3063 -20418 -55106 -29985 -43742 -57814 -13311 27477 -31141 24660 -51228 50590 -34539
r285 -40251 -38411 -37659 -11794 -62059 21748 6119 56310 35753 -36260 -55276 -17453 -5284 -641 29561 13690 -17120 -24067 -10006 -22485
r286 -62359 65116 -26086 -47372 1253 -51288 -32847 55841 -48916 -62832 -11314 -3367 -30769 -48034 -2188 -5494 15415 -51154 50891 -44630
r287 56723 -64532 11878 -17352 -18994 30173 61132 -63919 19766 39965 35876 28854 56547 2062 31690 -53272 46825 37117 -26216 -60897
r288 -13748 23959 24748 -47042 -49799 55408 10981 -51637 62344 -249 59347 1694 -24056 32124 30395 -52976 50460 22391 -64490 -11710
r289 56628 -30268 -51585 45334 -10705 12800 14276 -57110 28538 44358 -58309 -30422 46438 64006 45881 -38831 54657 -39578 44012 -54439
r290 24842 42451 49888 -35754 37441 -20051 9870 -39236 56454 -5081 39797 -62647 -5434 27613 4048 19884 -36789 -56588 -64627 36111
r291 -64884 47021 63226 35063 30326 -26531 36739 60381 18488 -37443 42646 -33633 -32669 28357 20745 20862 -16613 45203 -21060 -486
r292 40654 -49766 7647 -19294 10942 64986 21233 14998 39275 -27367 -58400 7750 34406 5241 44998 -17025 -38090 -7316 39315 -60913
r293 -9196 53930 -15700 4236 26130 34261 12374 49388 -1360 56048 -41448 -40758 -39163 54655 -28990 63171 44346 60214 35866 -38273
r294 -45540 18098 64450 63715 -8754 14694 -48328 64982 26902 35193 -4563 16915 57054 -230 8012 -226 57718 11469 -63425 50111
r295 65157 -43745 48598 13621 -23635 30609 -31554 39728 -44039 -63234 11832 44176 -33044 -7006 -28045 -32840 -42568 26892 15798 -34738
r296 -51004 23992 -31559 -41074 39845 16202 40572 48472 -54044 54703 5936 8877 -34607 -49046 49373 48854 -62467 -64140 8231 4338
r297 -11149 23616 -30310 -34858 38315 45374 14284 44089 -55537 4137 8214 33403 -9858 28632 -20227 34321 51424 -38935 50605 40272
r298 -47021 -53828 -36947 -63773 42743 -32596 -35227 42854 43016 -30245 19860 2958 -21205 -45532 -52658 1490 58702 -32940 -64773 -65104
r299 -52247 7518 -61865 3589 -43979 -17071 -62990 -5579 -46996 -49343 -61398 35071 -55885 16428 -50705 -35748 43135 -4418 -54850 -19550
r300 26278 56044 -3443 -26000 35618 2416 40284 -12273 -59203 -30243 -47636 14960 -45924 -37857 -32986 -43272 20381 27222 -7764 -8736
r301 -24126 -19279 39154 18152 -16812 -62072 -64907 -46978 -34419 -15805 -54242 63220 -1915 31452 -35121 51979 60154 -9890 -57034 26102
r302 -36384 4393 -22458 -22726 34404 -155 -43293 22777 38945 -46663 40030 52163 37447 -3567 -43423 -65372 -37865 649 -37331 -2294
r303 27318 55751 -6777 41593 61752 -16904 -8296 -63282 -43869 -48745 4627 -17720 -46446 -43516 6395 48210 -33372 -38020 -42116 -31254
r304 9169 63080 -46752 -55149 44949 -10363 -14580 52095 43931 -59504 41034 6500 -13239 -44736 -15222 59211 -45976 23114 63696 -9957
r305 -23099 10691 -2653 -41824 -18936 36663 36874 -20485 -6745 20441 37709 30064 15796 -10287 3249 -62785 -32686 -30171 -43300 59756
r306 -29941 -14157 33384 -3732 64310 -54263 16106 -15554 -2957 64441 -15073 -29069 -8620 47237 13450 61553 60734 20304 -29244 56489
r307 2385 52715 -25668 -24759 64658 -13897 46462 7629 -36104 -41173 -30654 34451 -28082 -48895 -60333 60475 -13007 1720 -24535 -58936
r308 -62096 -43976 34512 -50465 -5893 -28347 -26290 640 -338 -29530 64152 -21792 -40815 19945 -14531 44897 3803 -32081 -45689 51771
r309 -11867 -60121 26891 31692 52310 -43155 -15617 -1261 46484 17430 9877 57643 49044 23611 6534 -19547 -46808 41107 51584 52347
r310 12975 -19476 3424 9159 -47907 55421 -44356 -3332 -61799 -21774 -56245 49671 -58198 50334 55047 -44256 -31636 32462 -16149 3667
r311 704 -55365 18661 -49136 -29925 13472 -63193 12093 42717 -61051 -28876 -18336 -46038 -35494 -14739 -29978 -57159 -15090 28244 11346
r312 -34597 -240 1711 27590 29751 32038 58849 3965 34941 47439 -58451 -64746 -47739 -31537 46337 978 -28633 -36968 -38407 13770
r313 25674 62969 40561 -57045 45923 -29412 -46005 -26638 39885 64442 2593 10821 -3798 52691 -55636 45691 -33167 -4896 14679 9426
r314 -2768 10999 58301 13771 -25398 55233 13420 -26321 -65152 -39429 8060 -9079 -10411 -46323 24225 1377 34262 -20863 25518 65280
r315 -57031 54376 7651 14946 -20484 44160 -54176 12133 -11681 30348 -12281 -21987 -14641 7951 40986 -29163 32556 60857 -23471 -16029
r316 -62909 -59775 -58558 -33947 50478 62085 31654 29522 -45266 -14633 29665 12580 15717 -15271 2437 59080 62642 -16998 16318 -57036
r317 2213 -20098 17970 -56839 -57402 -18038 2199 41298 59291 -46353 -44902 33703 -23785 56171 -60330 -63460 -28573 50953 -50048 51163
r318 50615 2371 -45268 -17262 -36592 55317 27661 12770 -41417 -2154 32092 -24871 31481 -14812 -13998 47422 60734 -57012 59524 -42002
r319 -14813 33544 -32363 40787 -14182 -5233 44307 -43588 -8733 5356 -9165 29344 40685 -29808 -1996 -49162 20653 -25773 58829 43160
r320 -54342 -36185 -24732 10252 -47896 -28230 17213 20627 45268 -38129 59152 17435 -1903 -13865 -62715 -33066 -23864 62100 -42440 -56711
r321 49659 41175 -21419 41193 4232 18000 3824 56872 556 -9952 -43394 -38850 -13191 13840 28486 23683 22799 19698 -6661 -128
r322 10496 19164 11716 -2506 -4590 -55499 61862 62474 2571 -56500 17731 19347 -59068 -5540 -54967 56775 -36268 -1570 -23782 57829
r323 10336 61235 -16203 -5975 -63893 55729 -28851 20268 -58896 -51476 46203 31422 -17759 -46431 -51656 13580 50798 -36696 65257 -26046
r324 -2885 -14348 21431 1425 47915 -52186 -31172 38505 30700 31517 57806 -63196 -50717 12657 65298 -51921 24956 60124 -48824 -2827
r325 36717 -12140 -29130 -54470 38242 34132 57672 8302 -45731 -23196 42284 -13380 20229 18837 -41047 46735 30341 -55456 32100 12487
r326 -11081 32415 -26089 43450 -61713 24658 43782 -17152 64025 61535 1904 2505 26153 -7989 31729 60402 -53881 20400 -37134 -45178
r327 13814 50092 9185 -31993 -65478 43677 49075 -36761 -4402 -1076 -62627 -49564 5289 10770 33252 -20965 65167 3673 31857 -36108
r328 -26618 34755 5740 -30069 -20706 48392 -41648 -48767 31284 -56220 45756 -59786 54425 -56533 -40502 43824 -61579 -37177 -1427 41875
r329 48416 -49541 -62059 38462 -11019 -1798 -38322 8225 -19098 -30886 -17184 159 -52911 -1984 2992 35259 -43833 24896 -4624 -35204
r330 33938 41446 34315 -2193 -26916 -36014 54993 -53881 62709 -27781 31946 -57046 -58627 -29861 39352 -49935 36051 -63801 -25071 22577
r331 -35241 50106 6846 40627 59739 19841 -16398 -52058 -60679 9286 -32598 -51521 54641 89 38833 3073 -43239 36941 -32090 -48142
r332 20313 -45465 -63495 -3482 47903 48318 14287 -57377 -3708 -39590 24567 -58604 -63647 -28453 -63280 15260 -3728 64876 60456 3439
r333 -10529 43299 30342 48457 20606 -43779 -18051 7820 41056 32250 -63422 55926 43082 -40661 -10281 35446 -43147 -24672 -62453 -17084
r334 5643 -17957 5442 15633 -14597 35883 -49238 -62133 9756 -39949 25752 -30733 58337 8643 -16943 40851 -58467 -39 58054 -54602
r335 41370 46632 48898 -42590 49016 44456 -21710 52200 -56713 31388 -12757 19879 -3720 1939 -27375 -16444 34966 50709 24934 63518
r336 48606 18955 60412 -60854 -6882 -48835 39930 -25756 -26553 58912 46305 -41247 29750 22288 -4594 -61052 -1792 -42445 -31558 -12373
r337 -16326 36378 48443 52120 -29937 52266 59108 59180 28281 2001 64619 -12212 42258 -26963 -64667 26910 10758 4588 27055 10097
r338 5730 32467 37069 40156 -21087 54111 32205 6994 -37628 -25349 -29097 35447 2811 7477 23506 55350 -17695 29305 55746 -36303
r339 36487 57449 18410 -58580 59788 49828 -11023 -6374 50450 -3136 -58338 -23282 -47297 55603 42193 -56742 -57244 49623 1231 9722
r340 6793 20466 49950 -48844 -10671 1208 -14266 26377 18716 11122 -44844 15926 62894 64321 52252 -36241 30860 49857 -10725 -37609
r341 -32637 4476 -59570 33615 -11567 -47250 -34010 50411 27802 -16572 9187 -14331 -49679 -42994 59138 49560 -40080 -9127 31625 16924
r342 -14003 -53925 43338 -42782 11375 -60304 -13611 7265 -13430 37914 -8872 -27385 -54994 45830 -28934 -39363 20632 -23133 47195 44568
r343 -57503 50117 -6334 -62727 20058 8696 -21174 39229 -23970 -23559 -36559 5032 7762 6844 23475 61630 -3100 -14608 -20418 -36519
r344 39118 -49701 -33422 37310 27568 -56689 37513 -35514 -27842 40334 52138 29274 -10453 15503 -26309 -34495 -47094 29635 -18601 28996
r345 13647 -21268 30673 -6241 -52923 32174 33406 62440 41497 -8251 57448 55740 60130 13539 -39716 62698 43341 13413 44564 -38161
r346 -25254 46871 62561 23861 16801 56395 -53163 -54388 51894 42392 51166 -39143 57096 -58771 -31529 8567 51022 10301 -13806 -45276
r347 -20854 54384 -2283 53725 7561 14257 62913 56603 -44369 41641 -13982 62047 23030 36598 -11054 1995 64259 64833 -62288 21249
r348 -23620 17381 -34499 -14813 -63145 -20885 40504 46359 -9556 -43468 29721 -25374 -12296 -14435 20488 21457 -8582 -64480 -58287 17584
r349 -17326 51493 50538 -24687 52569 47630 -39916 -20374 -58190 53227 -11865 43976 -50512 -17950 -41019 -38798 50984 -38287 -2830 3343
r350 48088 -19782 13169 -51171 47666 47981 -9533 23747 -4781 36392 -28016 -30620 -14390 -39858 45561 -39128 -41719 -48557 -50951 -57490
r351 -33050 64616 53649 -39016 -18628 12074 17857 -232 32242 -13918 -62629 -4669 36567 -47465 -48573 -64674 28371 -43792 29734 39646
r352 13350 39469 46033 -60640 12939 -29628 -59395 -22957 2076 26577 28528 -26360 42282 47701 56018 41939 64238 -43464 -59419 55661
r353 -4416 -61043 -1954 -19082 -60903 -28396 -53018 34248 46214 15653 62337 663 58163 -60533 -26527 9420 34577 29385 -44107 45761
r354 61775 -20873 36918 5798 -60844 13832 -18694 -29472 22327 24163 28584 38956 -7904 -30552 -25667 -57303 -21903 -2463 -16804 -141
r355 -53598 -13067 -6908 -1836 2626 21270 -15678 36420 10805 -48266 -20549 19408 -9139 -53871 -6823 9374 55461 -39671 -1775 -26864
r356 27743 11211 -34183 -20830 44615 40996 -19772 6503 19788 -56174 25016 -25852 61518 31865 39607 -50742 -26519 -28117 4913 -53487
r357 -2757 -36008 -65035 43628 52057 33160 28187 20805 13269 1846 -50275 -3152 -29995 -11297 -63492 56043 27316 57319 -54464 -49501
r358 -38216 1283 -20228 7740 -15703 36762 60488 -53263 35197 -32692 -49283 -33104 -6616 -53702 -37770 45077 -34292 -49381 -36669 532
r359 -59701 32627 46160 46711 64811 -36184 -29215 -59550 -19013 -9933 55808 -14393 -818 -19882 64903 3656 19713 -12474 63308 -52368
r360 -56542 -8431 55906 -7305 -5382 -53104 39630 3470 -43904 -7101 44377 -37793 29939 -22420 1038 64196 -12168 5277 -15965 -44755
r361 58752 -49970 -1918 -54085 2517 -54289 54156 30076 -21849 -29557 -46927 -36187 -56790 -42989 56712 -2488 9456 -5801 -34178 -26123
r362 -58460 -21833 37738 17704 48846 21159 -50051 -18225 -38103 21864 -17198 61735 -34782 -42653 -49956 64916 -7567 -28874 7085 -17033
r363 -39310 28462 -16933 -65189 29052 -26340 -1924 64073 55225 65300 -29598 27031 37825 -37890 48837 -43250 -61584 36784 61860 59037
r364 -47257 -11078 56468 -7394 9592 -6424 -56768 3711 -58123 41952 -22558 3733 57754 8023 28428 54814 -347 12423 47960 -30359
r365 64794 -5283 29658 19696 -31935 -4791 -22188 28906 14133 -50559 -25620 40861 17430 -46436 -4815 18677 -33220 64145 41471 57744
r366 -11788 49750 21589 31018 60578 1039 56193 -40082 37971 30205 -40622 13108 -33848 31595 14934 29072 21045 12474 -25686 65220
r367 -15929 21605 52915 38968 -6391 33629 -59660 21273 -17462 16225 2570 -37267 40153 -3171 -10910 -53795 -702 -2367 -6215 56669
r368 -15048 -48174 11999 -3581 -55610 19177 -35424 -31258 58057 -5663 35817 -36900 -4048 46242 28438 -18433 -13273 26379 9501 18928
r369 50281 -14285 62716 47562 -16380 63239 -62366 20202 -5487 -15896 -38090 -30124 28316 29018 44030 57958 12509 5078 31319 -13004
r370 53232 13799 52727 7632 -63517 -38467 9864 -24480 49388 35474 -44930 30087 -41271 -23168 34904 -51509 -12635 44793 -54864 38961
r371 -45069 -2022 25102 64049 -42962 13722 -44506 15147 -21292 20649 50146 -23110 -38950 -7545 -22929 -61682 -44593 51462 51031 -33873
r372 -36701 28864 30294 -37197 6358 44911 -52956 18062 -22916 31575 34759 -50056 -36577 37336 5252 -1473 -43972 32113 -34631 6237
r373 26137 -34015 -10833 18515 -25156 -32070 4581 8656 -10914 -62887 49211 37931 -64568 -43275 -12468 -11414 29761 -58187 -57238 -54118
r374 -63821 23006 -41416 -2117 51174 3205 -62723 40999 46882 -59439 -56067 7255 49196 13061 -11676 3657 -40917 18341 31847 12253
r375 -28187 2847 -64672 37833 14902 65163 15867 -37552 -26300 63344 -37750 12798 64478 21155 18490 29861 -9388 11211 -4923 6524
r376 28125 55998 62454 -62347 -14102 -13114 11461 -62238 -9715 27213 -54767 24554 -64635 -54942 -48256 -54396 -58591 2210 -6114 44545
r377 -13892 -23151 1686 17157 52948 24957 9218 26271 64318 9141 -26856 16295 44733 -16714 30464 57687 -38340 -20140 1773 -1780
r378 -53926 -37367 -12113 41168 19253 47938 -44576 48760 43969 -23168 30811 63697 -56552 12974 54038 5704 18853 49764 -63993 -54183
r379 36345 -49639 -63706 -54075 -46216 -44066 35950 56891 61587 25061 -12990 20981 52498 40878 40264 25094 59713 -9839 -46193 -5075
r380 64614 3070 45072 30881 -11629 14412 51366 6416 -41542 35395 36232 -39051 -21310 -30564 8903 -4370 -57446 59013 35458 55642
r381 -45641 -62913 7525 16853 3891 42028 48563 -36473 -62402 -42657 22331 59226 65113 -60403 19394 15800 26450 -60200 30584 -24371
r382 -22011 35735 -63377 -6822 56578 -17984 55376 -28420 51965 -5299 35520 -54975 -13438 7750 -2927 33154 -2548 924 -33942 21818
r383 20011 -63374 34957 51124 -12203 13345 -18482 17840 38700 -31383 -8900 33877 -44027 -44089 -40579 56815 -2193 -8667 -3239 5332
r384 -63476 -17854 58068 21509 -24180 -30478 5513 21686 -23453 9807 34503 -976 -50107 -20094 -21924 -2720 -34671 56766 -46036 -64472
r385 62638 -50589 -10269 35507 30926 -45461 48304 -869 -23143 -3985 27682 -55395 53682 32814 -42872 12427 -15232 59621 2968 -1887
r386 3739 41084 45970 62949 -52432 27081 -57882 -11272 -63715 -27040 -1518 6174 59150 -28964 -18449 -28277 -38269 -16838 -9399 -17465
r387 -30842 -49046 -12636 56066 -7225 38877 -21430 -51143 7927 40589 -61002 -24686 -48546 -25003 218 62016 15043 -29363 -14161 -15746
r388 -35629 6073 -14592 1896 29642 34240 -40012 21522 -46687 36333 5026 18446 -57834 6894 -58742 -37952 -18919 49986 -16720 -38554
r389 51656 9735 -7644 -32332 21704 43001 -23196 51942 64730 -11199 27394 -34653 29880 -44303 22223 15170 62735 -18063 45551 50709
r390 12661 31127 -585 -58258 -35961 -34390 54225 -40474 -11287 -62716 -62858 -28827 -30178 -24048 25736 6009 -21294 -57119 48837 61412
r391 47849 -37384 -9874 9558 -13161 36100 -36915 25755 -49939 -63035 14452 46546 27964 57046 -24331 -19125 59285 -103 57253 -40956
r392 55299 -38919 -43254 1025 -31214 -39507 -24926 -53227 441 -17670 47374 33690 -51404 42112 41409 29474 -3349 28814 21066 -19879
r393 28855 -2138 -57443 -59225 -17616 40560 30397 -8896 30512 32583 -6119 37693 -65361 11727 47626 38483 -37944 -59458 51114 64391
r394 -2504 -62508 28221 58716 29074 -15395 383 -40846 24143 29210 62020 25865 58895 -44869 -46154 -44199 5041 -27754 7385 696
r395 -6629 26197 -17545 -1552 21213 7737 24495 37829 36318 -34569 -6534 -19105 47472 1715 -2241 -42616 45881 -53260 -34397 -18446
r396 26608 6183 -9099 -46497 13588 -29822 -32550 -31282 -3031 24231 27468 -21990 -25960 -32736 56003 -60500 27811 -5486 -10242 52124
r397 14915 41216 39910 59146 5735 39823 -52147 37533 62694 59831 9139 22546 -44166 -867 42896 5962 8009 -64438 -42081 33825
r398 62078 55142 -31809 -38536 54999 -10407 -6351 -41894 -24906 -9427 -65057 62722 58116 -25433 -57060 -23893 40300 -5605 60177 -45026
r399 33713 -50659 -63724 -24278 -12902 38040 25377 22280 1133 48276 -51413 34125 -45578 60028 32910 -12226 -46480 -33253 -23724 -8064
r400 -11220 59200 -32920 23322 44875 -12968 -23042 -63645 -53022 -50691 -24679 -63921 -39226 -63941 -25185 -58381 48048 12104 -9850 -36219
r401 65334 37131 8455 3599 65190 -36981 36051 -63005 -18070 39107 33759 -6714 -30980 -21184 -17938 -44429 -55888 29810 -64290 -48371
r402 31686 35546 -49257 -17806 -3142 77 -15724 32083 54060 46791 -27382 38410 -44333 -49061 -10213 -25902 27799 -18000 43844 63741
r403 -37183 40945 -33593 -65311 37843 35787 -32295 -30584 19547 -12076 -12053 -10285 30917 -51340 47145 -14919 -21627 23752 -64219 14179
r404 -12276 -60953 53432 -12656 -33699 24204 34563 31298 8350 -21843 -58576 8027 -45142 64740 -53953 -53873 29288 -40626 3681 -34388
r405 7556 40323 -37181 24179 34677 19674 48107 -21605 2564 -63845 64384 -24838 57316 46265 -49259 -12622 26662 26798 27054 64230
r406 -48635 51917 18939 49072 -33289 -64798 35832 23888 -51398 65342 64201 19468 53382 6312 -28633 -37149 6683 -54710 -46788 -61970
r407 32594 -44156 -31863 -54215 -50003 48911 51495 -17329 34922 -4972 -60520 -36131 7122 49928 -46835 46723 61047 -43159 14255 -60658
r408 20556 -41547 -17676 -52881 7374 -35558 28161 -2477 -43724 7719 -30188 63976 18911 24770 57217 -25727 50515 36796 15496 -22833
r409 -43219 7030 -22364 59058 48293 9093 -19666 17588 -53660 20668 -64127 -13949 -709 29945 22863 -33261 54059 52882 -57280 28268
r410 -29186 49730 -49912 22765 57751 -10118 -48957 -46324 33188 -61722 4309 23162 -28949 -2679 32569 54108 33810 16576 27680 -18626
r411 -60236 11985 48367 26365 -59155 32066 -23569 -11317 -4331 -24408 22506 8726 32660 14232 -65211 8236 -57139 -62026 -32727 -17915
r412 18077 -18847 64698 -3220 29121 3798 25098 44169 21326 -46543 14047 -5800 -20412 38176 5837 14109 -49245 -43584 32833 -27439
r413 -22997 33091 -51000 -15755 29514 -22364 28581 -12699 59305 60988 -27266 -45529 -49491 -51724 -60204 -35421 -58183 21719 -48751 56927
r414 42496 -36292 23835 -32880 -50491 26674 -22738 -56284 63136 23304 59481 28878 30511 23725 7502 -4414 56563 19267 10069 58221
r415 2741 61444 28715 -56534 -30615 -30040 -23252 -42279 -43065 -64247 38507 33344 -25852 -7569 -61268 61384 -53494 -45222 -42916 54457
r416 7552 61499 -18011 42450 -4694 46460 11532 -39412 64652 61282 22136 53804 -36015 -30684 46806 -15001 12729 -16576 -18313 -21987
r417 -358 21854 30722 8535 -31298 -52538 782 -14804 -57279 -65198 -7986 26824 -33747 -16569 59797 -33791 -43357 12087 -33111 -15039
r418 -36414 -5721 -8885 -46740 19014 56337 44222 4692 45528 4812 5616 -54993 -49281 -50969 -35146 23614 18036 -2395 36056 47175
r419 47738 -23795 55586 14076 11588 29100 29049 40392 -40607 14590 -56427 -47207 5122 -374 47883 22623 25888 45836 27421 -14767
r420 31498 -192 -59839 -48506 -31377 65499 29918 -7960 33155 -550 21746 53473 65329 -28154 -7226 32697 -15886 59850 -17795 48029
r421 -58127 -64256 58812 -58960 -40669 46732 56758 62737 17090 -43436 63831 -38980 31165 27116 -52223 23099 52214 42703 22537 24079
r422 -49130 39323 12186 29221 18094 39908 -26548 -38320 57398 -59426 -43735 -51636 -53499 8134 53167 -58779 -33951 -39742 17906 -10324
r423 38671 25804 -48593 2180 59400 6674 -26981 -15262 50314 29168 45863 -22189 24436 63474 -12772 -47836 31520 37457 5477 21455
r424 35364 -47785 1358 -21942 14943 -11392 60577 28601 65067 18229 -4700 36590 -53362 57364 -45242 -64780 -374 48001 -63640 3575
r425 -59805 -15797 -9888 -53321 -27888 21506 11595 22609 18532 -63195 -19190 45612 41790 46597 45642 -42528 -44474 58967 4763 -44023
r426 9666 -28826 64292 -65483 -14670 39786 -47783 1854 -13215 -6072 42766 -44430 -17441 10647 5141 38315 -30817 53424 -6397 17323
r427 61852 16294 10093 2367 24783 -55573 -44739 -25966 32770 61528 58000 -60004 28479 16071 34620 13640 -27615 43459 -17931 -26868
r428 18171 42981 -48771 38337 64115 -29661 55326 -18528 -18772 51855 15082 -21727 -21792 34531 -50191 -4950 53753 35415 -43178 3292
r429 52270 61605 -55310 -60944 -26743 -30034 12528 9850 -11886 -3561 -12053 36753 -64156 -60180 6481 40838 -34887 61203 -5177 31016
r430 33734 -60337 8038 -60349 21814 22706 -36032 39062 60295 47403 23492 55751 9197 48142 35024 20826 -31152 51130 731 52407
r431 -9961 15199 60912 50047 -52060 -12810 10494 58176 -4397 12257 -29387 -10510 53329 -41277 -52840 -63117 57200 -61218 32654 46866
r432 -8595 13552 46282 -2178 -16095 -8864 -45148 -58956 -49803 36339 -40179 43303 51628 -5916 14435 -46269 -14885 61109 183 44048
r433 -1885 -31548 8713 52710 -27626 -63091 11872 -64867 -54878 -37227 -18210 63965 -14477 9860 -17550 37532 1519 -14858 30747 49170
r434 41322 15765 2730 35714 -15064 -25652 -18520 -3544 -22235 -31219 41118 -2090 -41317 -8108 13801 -45570 -21295 -57328 -30825 -29802
r435 -13179 -29890 -55032 46630 23165 -39487 -39223 58059 43807 57561 -13743 18 23868 51179 37183 19713 64613 -7625 -48460 -55527
r436 -2965 24792 -47136 7440 30720 -54400 -52885 -18813 -51165 -54986 28284 -14615 -60957 -19885 3628 49007 -64834 952 -53149 48093
r437 -32740 29325 19782 44367 57391 39313 18839 -20239 -64260 -37033 8530 61117 -2640 -11017 -13208 -53351 -61111 -10802 19990 -17103
r438 -9091 5053 -50266 -23997 -58858 17920 41564 -13043 -64149 -36043 -30674 -23628 -37897 28925 -61105 36786 -46132 -16566 21406 47912
r439 5650 14 57834 -22482 23444 -34837 9307 -61344 -40589 43527 -28335 31252 -36612 -61649 33351 -32823 63625 159 -61176 -25832
r440 -39940 30141 -53902 -51678 17350 -40918 -2527 41950 -63903 -52470 47298 9573 44534 47421 -16803 47955 50946 -32376 31029 11570
r441 -52999 -26542 -6015 -23341 -14651 35629 -22631 19286 -23471 37056 26647 23254 24128 -3095 10355 -10164 -21201 4624 -37455 -26948
r442 -1424 -10068 23842 30616 -16878 -35809 24297 55947 62401 30254 22415 20479 -16078 5502 -2560 47293 -30023 -32272 -53830 59381
r443 825 -7278 50443 29158 -841 64031 44900 46623 -61989 -37149 1830 11529 45013 -30078 -29625 -2389 -31726 -37698 61688 -8559
r444 -34037 19563 -59754 -24516 14438 -28027 -40818 57908 64717 -9707 58846 -61729 41052 -17634 -15758 -36295 16978 -39674 6707 47079
r445 -57885 -62435 -36990 20743 52220 -53291 -1327 -10159 -65217 -53791 16887 16185 -58023 -4875 6169 31158 21295 22637 -41083 23483
r446 -7231 32757 -23955 -44393 14915 47032 6945 -62781 -61412 -24785 29389 -28829 -19742 -22369 746 -47165 56994 26290 4032 4983
r447 52716 15796 -33270 4462 16301 -10223 12089 -55601 13325 62231 13288 29234 240 4337 -22648 -59059 -36481 -35124 48253 -40457
r448 61040 58273 -40812 -7392 24280 43370 -58597 32094 41661 -60506 -30367 48713 33328 -3549 -42437 -369 63426 -45400 47213 -24505
r449 -64693 10983 12968 54384 -17966 -41050 -36347 -20745 -20416 49959 -30033 -45496 -55848 -50666 9470 59732 -64147 -36001 62211 -31174
r450 43980 54247 1623 25001 -48923 -34121 -37092 -26674 -783 44209 -3171 15274 24811 -21869 10463 -54357 31647 -45671 214 -16158
r451 11426 40376 13031 -37836 33743 -47008 30733 25382 -26602 -42237 -25845 -60306 6617 -19690 -9928 -31309 26398 47879 -34251 63412
r452 -21641 -32145 27927 -53157 -28417 -64642 44908 -25512 -48869 2608 34168 -23177 44341 -41 9343 38867 468 33831 -44113 -58007
r453 -34615 896 -56695 8988 49638 -1295 41317 37287 -51066 11940 -13274 -12145 27819 37860 -45389 35195 27170 50273 56773 -19973
r454 -6720 -26878 24137 12645 -922 44013 -5925 13819 41819 47051 8843 713 59898 -5516 -9994 -21029 19943 -9924 -7872 57597
r455 60479 37269 -14401 -21539 -42663 27642 29810 63790 -21669 -9859 40934 47706 48879 62679 17506 -39448 -58670 -3495 -59512 -15598
r456 24481 -2953 -12099 24650 -13819 59660 18258 -36753 15071 -61262 16466 -39848 26859 -30989 -11974 -52873 -56302 -40859 -7030 -18127
r457 -64260 43322 50040 -33046 -55398 -36461 21992 35455 56873 55979 44402 -42945 -53719 -23038 40947 -65198 -39684 63277 53881 46781
r458 -5003 -14429 -15395 27741 42999 -61327 58426 47119 -49916 -63002 -39459 45634 54560 -61986 -64278 -48516 41575 -20339 44319 43054
r459 -17768 57839 54410 -60746 14845 -7012 20520 30495 -1891 -371 63124 -49789 7914 8867 638 -11915 -29344 44707 12449 -1372
r460 31408 -39546 -47382 -62314 -65311 -12630 -62164 -54533 16077 13639 -1614 14316 -43121 47373 35020 36077 26639 29407 -38079 30469
r461 14143 39653 -42674 57908 -24976 -49430 -64449 -27287 -60900 62919 -11808 17321 -55921 33021 -55685 -3592 47112 16157 -49688 -50484
r462 40805 -16402 21345 -33720 18342 24849 -65024 -56631 7119 52296 -3130 37841 18238 -37915 -37850 -43400 7770 23471 20065 -33978
r463 58400 58457 -30228 23508 59406 56748 -11669 -52620 -32876 -58798 -6032 -62280 -62645 24514 46764 -8438 -3088 8507 28920 -9143
r464 11276 34541 -23151 15745 57265 47084 20934 -53066 14466 -14869 -54057 -31316 -61080 -11832 41898 -17290 -42458 -41580 57128 12254
r465 6597 -237 65272 64363 20140 44177 -18693 55678 -38811 22517 50733 -42785 -44476 -29827 55285 -60844 -42156 -37512 -45394 65103
r466 13065 -23290 27541 -6758 -13661 -47907 -30428 -56892 53788 18613 -48514 39216 -50846 -63678 -31051 -38984 63377 -29583 32017 -13933
r467 31155 -60453 57356 57419 6132 -47179 19340 5002 -45177 33265 46324 -13449 43526 -26242 -24860 789 1138 -28885 56949 -17478
r468 -25462 12986 -24791 -25481 -56376 -23945 -36045 -39657 36742 62956 -5339 -6568 -20612 45452 -55536 -19837 16178 22071 58713 -11458
r469 49008 58659 -39325 -38327 -41499 1711 25900 53977 -53897 -39278 -49120 -42291 -10573 24050 43520 27621 -53835 -49843 8034 -63520
r470 -39806 22439 -34846 53065 36568 19725 12180 -50729 -40766 -24473 18189 42322 43071 -5562 31862 28198 61937 20073 56875 2515
r471 56630 13121 38908 -45007 60771 -37727 -54894 -43221 -8661 -13418 61919 -23769 -1311 37001 31396 -3141 57202 -55492 -51083 -42728
r472 -64952 47741 -62100 30321 -49961 -18983 33291 33605 59449 17590 -48550 42389 60889 -22323 -19535 -6200 -47933 -51032 56393 -47175
r473 9398 -40805 -16602 39726 -48511 3601 62918 2141 36748 55973 -29008 43048 38309 63777 -12712 -21105 -19967 1974 21894 -23356
r474 -10291 -15298 -42988 2215 14218 56811 -33293 24873 -26161 -63265 -24940 22430 4430 -61554 -53010 23844 25372 41243 13872 3503
r475 49918 25320 38189 -44248 44908 -50492 -58933 -4383 3757 41440 -9971 39388 -17648 62610 709 -31920 -24544 -47434 51236 -36361
r476 36209 -61837 9461 -40484 33858 -52247 7562 56223 -27289 -57617 56273 -7470 20334 -47035 56570 60678 10963 8070 -39744 41985
r477 7138 -4297 59006 -13106 -40421 -51427 -40786 38002 49334 25888 31558 -61673 -31899 -60630 -37291 28803 -38145 -19034 5339 -42631
r478 23606 42106 -37943 34238 -34674 -29932 -47995 -26313 62164 747 -49994 -20503 -41082 -39431 63263 36606 22734 -35625 -28069 -53809
r479 12716 -1700 19690 40509 -23935 -49416 -39714 -20251 21919 57331 -16670 49588 -34775 -29901 31773 4545 -54506 -28811 -6672 41971
r480 -55252 -6889 -19321 -65200 16044 65173 -54384 -20939 -17254 14879 -53859 65477 -4402 -50313 8149 -52983 21875 18184 -21203 18761
r481 25166 42326 10253 55791 27542 4292 -58293 -58833 -26246 3833 65094 -62503 -51192 22282 9231 39133 -61367 -2733 19332 -41709
r482 -56186 -12651 11523 5593 -64931 17550 -3445 56181 62616 -34282 12178 -36823 -12424 26914 44165 63938 -6770 -55489 -58141 26155
r483 -709 -43410 -32744 4607 -15152 -56566 35966 -22422 237 -55958 43709 435 -43903 -6115 -51626 -10469 14059 -50582 26537 19448
r484 -22431 5894 -50334 59756 -39476 53683 55942 -64921 42923 59126 -19717 26164 -46581 -52825 3839 54569 -41781 -5468 -45391 -32314
r485 52625 -54320 -1030 -27507 -19844 -15521 9449 -63166 7669 31674 17865 15858 -56138 45282 46731 49637 -43965 18553 -35425 -7643
r486 -29401 8069 30836 -21636 -12159 -59098 21248 15608 37238 27123 648 -26718 48582 45618 41379 58004 29012 -36865 -38954 -11875
r487 -29167 26963 58765 43049 50653 -15938 -63613 2122 52384 -13290 45221 8207 -63141 -18594 38317 -19574 63288 37347 -48604 -28551
r488 35484 293 -59663 -44159 35053 -57263 48023 45202 16547 42600 -41367 9452 -13033 -12953 40741 -47951 -42183 47643 -22021 -38514
r489 55046 -29873 -10557 3933 18499 17953 -59363 -29619 28149 -50867 27524 7568 62759 32 -1299 52049 -26486 -35100 -37186 4361
r490 -45349 6236 40814 13064 -36187 -37143 64028 34830 63809 -24779 -31522 22028 55430 -47546 -41894 -63174 53932 -9283 48445 -10926
r491 -16513 -6790 54998 -384 62069 15040 17489 52234 -41817 -36473 21436 -23968 -29681 51982 -12304 31012 -32746 -5925 -44700 -7940
r492 -20216 55511 -45490 -58173 14790 -17556 -27400 -17920 40138 -53466 -12716 36379 -11118 -65023 -42669 -46182 18851 50619 46768 21238
r493 -57129 -53998 14642 -13753 -52867 40596 -19868 36060 -46236 -39398 4781 -50821 11075 51881 -42208 -62422 59616 -35891 63483 32916
r494 -35084 11340 -62534 -21682 61881 47766 -45403 19258 58453 2879 46925 -26566 29459 -38788 58649 -10308 8782 -38371 -14845 -13433
r495 42574 -11883 15400 14117 55472 -4604 23111 -4839 27207 -40280 5366 64888 51325 18988 -63195 17907 -13437 28808 -50876 35339
r496 -42544 -49669 -20906 -32463 -34054 62781 64304 -60431 -48756 17156 46059 59704 56131 22304 28273 -12499 65416 4601 24904 26810
r497 -63547 18696 63750 -48560 60472 51434 19848 -1998 -14500 -469 7647 -37185 -53973 51290 61184 5118 -42602 -40380 -24297 -33730
r498 -1135 -28725 7084 -31110 -27596 -43749 -65321 -52179 21905 -15674 -18985 8994 -50358 -30067 -48479 50659 -46513 19059 -26901 14434
r499 -61287 -50996 -30975 -20781 -9535 -11021 22980 -27386 12630 13230 -12885 36009 32448 21871 35664 -9734 -50609 23819 54665 45813
