mTable14 21
KEY  c0 c1 c2 c3 c4 c5 c6 c7 c8 c9 c10 c11 c12 c13 c14 c15 c16 c17 c18 c19
r0 15711 62468 -8110 25404 47974 24670 -60254 28435 -52114 29214 -53862 -8315 33797 3877 -56693 -24098 13456 4502 39947 56108
r1 -56822 -12815 -28066 8470 -1873 -25975 12843 17677 53073 -27453 -19869 48842 -45301 47673 -2241 -51139 48160 14843 -45037 -3790
r2 17434 -39914 39917 53475 -9323 -50417 574 40562 4322 -16637 -17229 -35659 -24017 -45515 33385 44413 -60238 51657 20751 -26344
r3 -4517 56251 5528 -41870 12582 -44114 32878 -46073 -47372 26958 -52355 -21486 -57085 -12414 -63230 33093 -14904 20254 28138 -65357
r4 58974 59846 49475 -61054 37603 38092 -49690 44258 38041 61615 860 61080 -53960 13839 33385 -14958 -34430 -4748 1260 36218
r5 8344 -23539 -60361 43868 51594 44176 27193 50798 35565 -43335 -58550 -53746 56714 -37830 52988 61697 38174 22391 -57429 -7190
r6 52588 -14802 -7863 23956 -35995 49049 8192 -2128 57665 -57771 24848 6988 51896 359 42216 -41624 -22649 45455 -20465 -55109
r7 4201 -22019 53081 -58660 -44964 -21898 6904 14922 29926 26560 22581 -14770 29250 27532 -47754 -53697 -32416 9219 -54886 8103
r8 -30856 19613 -38181 -36154 24234 -41444 -59534 -8575 -28770 16306 -54771 -185 1033 39897 42361 -772 37927 -12044 2181 -56989
r9 21923 -61475 707 52642 19423 -19164 -34197 -4349 -15080 38175 -14647 -57838 12350 -52412 -27345 30631 -15354 19012 17900 -44317
r10 -3898 -22623 -5256 41257 -5408 -5403 -7544 46534 19311 -39673 -9047 -48879 -30510 -2268 -63066 64062 18797 -44805 -23030 -50993
r11 820 54668 -11160 -26371 62567 -29472 12137 30566 -8625 45522 -33258 1097 -37543 46190 27981 -31574 6215 -50918 -23413 -21648
r12 -19583 50865 -10189 50180 54294 16032 29296 8521 -7736 51927 56231 -38109 -1537 -55741 -37864 -25299 23036 -13278 53845 -57000
r13 53906 -30844 43852 -9219 -55596 -3383 42635 -17602 -11580 -49575 39029 32073 -18099 20721 49962 21054 55472 -50497 33029 -41760
r14 -37649 -35171 51553 -24147 -3893 62919 18562 -47135 -53511 59480 -50120 25340 -48285 57149 -60403 -36926 15287 10913 -32334 -11954
r15 -40393 -34285 -21773 21809 -58552 31380 31988 1668 -35701 21761 -5083 -3199 19779 24470 -35156 37413 36173 -15268 -34278 -4953
r16 13605 -21333 13231 -55367 33796 61975 -22209 -39182 -40593 -30408 -29777 32169 49654 28539 -49709 -60409 24892 46665 -20115 23439
r17 -44323 5121 9041 2333 -23720 -51057 -34704 21325 49954 -37920 -23379 -43800 47476 -46558 -10023 9947 55374 -60267 -53739 53047
r18 -33568 -49520 63741 -38706 61478 58610 -15633 13923 61663 50827 24651 56212 -29498 -32511 -41165 -60478 -4895 -21141 -7767 60103
r19 -54377 -2648 60700 2238 -16454 47941 57825 40103 -35008 21633 -57449 -56824 -25765 29991 -37544 -7454 28291 6497 47250 28907
r20 -46093 39597 -11948 -34995 37690 -16605 1665 1071 47157 30463 52244 18426 -4658 15950 30731 29023 -41262 44947 2350 -7726
r21 59760 62236 29560 -35324 34983 12625 -65119 -55357 17235 41087 -40891 -16591 23638 -6454 61310 -53936 28909 -2379 24236 49734
r22 -44140 40195 -52087 65167 -31908 24236 8846 52099 -545 64433 -62348 -60933 -30678 25169 36401 -63918 36021 -7124 15072 -52875
r23 -26757 -24038 55808 -34915 46066 -60167 -55066 42144 -35148 -36802 -30321 -34704 -26541 -18214 -43465 44391 -45712 -17515 54358 -25974
r24 -37467 -47409 46602 -15082 -48757 45124 51304 -45088 -48947 39905 -45782 15108 38022 -60909 6530 -44385 -17671 22253 -26920 9664
r25 59048 1637 -54027 58285 64495 -12110 -38073 51834 -52291 10821 -24334 -23976 -62969 9110 54015 -2287 -64558 14771 -51346 -45985
r26 -32742 -37723 -25663 50884 48576 10902 -64860 61871 -38140 65259 -61712 9480 40230 -8054 -61942 13416 51381 55890 -35622 -16005
r27 -61373 -21574 -14164 47331 32437 -35559 49850 -43455 -61225 -23797 -9290 -57710 -15690 9794 -5231 27931 20873 -7499 -36608 -53810
r28 30579 -37619 13011 916 -35249 5038 -11147 54608 -56531 14368 -43844 33171 -56069 -58660 -61170 46483 -56341 -20041 565 -23052
r29 58641 -17808 41702 22189 62443 -34588 44394 -37939 58241 46595 -39780 43477 7511 -46390 33429 -19915 -51587 19981 -27484 34916
r30 -64993 -8968 -30535 -9937 53707 -26935 3668 35548 -21454 -23790 24898 40097 10830 -56177 59639 -16043 13240 -663 27028 37083
r31 2375 42910 -10060 22127 63886 -31775 61440 -61455 -6598 -23327 -7016 52740 -31799 23627 -54231 -51357 -28712 54605 42050 -25758
r32 59302 12030 40996 -14458 55147 -57723 33279 62611 -41368 51676 -59231 56034 51604 19261 -57554 520 56753 -7199 -39444 30017
r33 20386 5674 -15679 21896 57163 -35594 13485 31963 22245 7168 -23440 -55026 -31702 -27017 -55631 -28388 15024 -29121 57013 59145
r34 -48043 -3071 11414 -58080 5989 -42856 -62015 -4810 47762 35038 57926 -20588 22652 -5353 5724 -10260 56286 -58451 -54209 -4236
r35 28583 10596 -34986 -42905 8883 52558 -23518 -48106 -32244 -47620 -59253 -3593 34717 -33297 62528 32694 10030 21128 43442 -31289
r36 -18804 39833 -21086 -2975 -11236 11639 48731 -47948 -61522 50742 -23420 -46012 63137 -5138 6742 -8417 31156 20739 64809 -23729
r37 -22912 11829 60330 46740 -61434 32489 -21675 -12891 -40703 16282 30947 -65050 40847 -63960 -51927 23744 -26834 51977 -40387 -43378
r38 53749 58183 -27585 -55862 3996 53578 140 -61059 -60626 -32091 9770 35532 41468 52100 29 16675 19931 -22143 41384 39542
r39 2171 -56150 3554 -51185 46493 60466 22918 -45025 36600 -1657 42367 -31539 24598 -11328 14566 48776 4649 -24215 -25714 -14707
r40 52275 54545 -55914 48116 -21332 -32388 29403 14047 -37074 -47823 -8669 -23472 -27552 24638 -12908 36298 37435 46712 -36580 37310
r41 -47825 63524 53720 -22055 439 -2674 13022 57508 -47673 -48442 32477 -50698 -22018 65210 -40722 52213 -54023 64656 45649 -8814
r42 -30596 32400 -45135 59947 -42564 52745 -58644 -4888 33762 -48989 -23477 -36766 17173 29243 -25831 44855 58343 38995 -46556 26820
r43 278 -28789 -5836 -16796 -32768 -51786 -29574 90 22852 -62018 -61170 54830 -22950 -46118 20440 -4894 -25794 59545 50181 -4215
r44 -22019 10819 31131 -46515 -45735 14130 582 56953 31891 -10472 9680 -11873 -46808 59024 53194 1626 876 -20520 -45108 41126
r45 59283 -59712 13409 -12003 -6208 -18476 -48599 -54622 57419 -57917 -45573 -16755 11008 -6719 -57980 27712 6109 -36851 37594 -63379
r46 -9820 44750 -19467 47397 54006 -22953 -44278 -49396 -42855 -5066 16407 16988 1016 -58695 -58002 1992 -52972 1386 -48554 -27800
r47 388 50741 -34522 58717 19523 -52730 45440 -61371 -56956 30293 10677 46587 11862 -54528 -27193 37440 22766 -54932 -37971 25467
r48 -38248 -57759 50946 -12916 -27422 -33892 -1120 2426 -63361 61250 -53158 -9985 -8170 20946 -5610 -36283 37622 -48017 -29344 -34251
r49 44163 7878 -5631 -323 -21931 -30592 17937 38631 28955 -43294 53060 -7553 44671 -31641 -35088 58092 -11767 -52299 29072 -5455
r50 -54427 -28959 47229 5522 16508 16118 44536 -54166 8621 -15404 46141 -64122 3622 -2691 56749 5870 -18264 58327 -54144 15590
r51 7327 60679 38164 -64720 47338 27170 -18628 -33774 -61346 16106 49658 -36645 3481 -48877 15727 -2884 20654 -21818 -46368 24052
r52 4421 -41928 -60771 -60855 30858 60857 43217 21411 -48982 32696 -2725 341 35553 -25652 -11396 27741 -50316 16903 56130 -55570
r53 -17561 1200 -29897 -15520 -35516 44332 34679 47320 -23518 -52849 18870 -43385 -4851 -3096 -14637 47827 51469 -62205 43071 35722
r54 56540 10606 -21387 11850 47575 1684 31288 -30062 -48319 48597 9900 16380 -32208 25581 22776 -59493 -49206 -13913 -57363 56954
r55 63077 45570 56927 47786 17950 -25849 -51882 37374 15916 25170 57440 30851 30898 -50156 29458 -60531 -1140 22956 13915 27884
r56 -60585 -61822 45718 26423 53098 37733 823 -18395 -55770 -61553 28709 -18572 -50157 22290 -30808 -31630 38994 -2124 6993 12289
r57 -44588 -14352 15119 3473 54804 -3847 45052 -8940 -25339 4184 -34724 -59951 25195 38532 28040 -12965 -32317 -43266 -29554 55040
r58 7117 1794 -37443 -25743 -57437 49341 -24273 -58237 46044 37749 4480 25588 28019 54068 37325 56407 -11674 4247 -38773 11579
r59 59867 -54943 24141 -49924 -35377 -5614 50505 -1638 12744 -48118 62292 61743 -61118 -7544 -9112 -3562 -9691 18645 -54598 35327
r60 30455 -1298 30573 -47727 18401 -4258 -63152 33827 -19373 -52866 -52764 20148 11573 -27721 -23360 46343 46119 -39658 58120 51622
r61 3950 3978 60621 9125 60727 -7312 13642 -15388 6039 19938 -40554 40070 -46628 47131 40476 -25689 57610 -61086 15424 -31794
r62 -14519 46382 -39775 -48474 53814 10116 2583 19694 -24933 50463 -22438 32570 5720 4255 -5149 -11205 36377 17661 -33721 22745
r63 54405 4013 -59132 5136 -27163 56772 -16936 54125 55400 -25485 -20946 60320 -44076 -43770 55399 14832 -11504 -21354 -30143 3749
r64 -38888 64351 -1799 4348 -45878 -31696 47465 34603 28158 5550 -54447 14302 355 31776 -7951 55689 59429 -61210 9312 -23453
r65 -7156 -61662 61576 18320 25638 -40685 4372 -2026 -24997 -19652 -54936 6819 54931 -57174 27240 -15070 37395 58137 -28429 4871
r66 -7502 50433 1345 40887 -36319 -45926 -60533 125 -60018 -14671 -11346 58831 -25929 -42438 31887 -5906 -9206 -4378 -49296 38393
r67 -15341 -43566 -34957 44115 -20583 -1461 -4068 40573 61879 -17503 -46778 53202 -247 36483 46718 -43001 -735 48582 -908 -16844
r68 5744 -13243 27737 10457 49325 22563 41242 59578 20975 -56371 -5037 54687 11621 -48767 36402 -516 23235 -4528 43363 64440
r69 40663 -8453 29467 6990 49140 -41928 -6745 -48038 -37376 -18819 2512 -45661 11590 -57729 -12446 -47795 -5207 65473 -61029 8654
r70 -32141 -33768 24231 30090 -36203 42374 19532 -9816 14014 -1571 -25269 48743 48148 45760 -58389 -37427 32297 45451 19284 -51305
r71 -14989 -10500 53406 -31967 14620 62848 10041 -4305 -62118 35338 -1895 63965 -55306 41842 -47433 -12561 48770 34193 -18896 -49446
r72 -981 8379 -5160 -28282 11187 2886 30512 46605 47577 -52896 -53798 -62101 24187 -9725 -46313 972 60925 29246 -10939 44330
r73 -55241 -57940 37042 -16208 17118 18123 20219 -11115 15898 -34886 -65302 43207 8085 10595 14627 -18590 -49731 9255 46684 51116
r74 -25588 32880 238 -18069 -22421 55129 -38887 48722 -56968 33451 -36449 -5686 62616 40694 32179 6020 13749 49602 -57988 -2660
r75 49100 -32359 -2522 24756 60675 -64486 -18905 -22482 -37030 -27499 39858 -27368 -34982 1058 -58658 -23124 65421 -54856 -53973 -29939
r76 32252 40888 20525 -58080 2599 -8853 -22593 60720 -41957 22215 42363 -51503 1671 28194 -18605 -42438 -43959 -63125 34708 10791
r77 -34773 -36866 -30202 37713 14619 61445 -27981 -20376 53869 -32922 -62922 -41052 -1130 -59734 44402 9605 -41412 49527 20270 53436
r78 36123 -53067 -11354 64288 26483 -28783 -33619 41516 50879 -40320 37151 -29535 8821 -12781 22311 -25745 -25258 -48109 -49948 40159
r79 38175 -58377 10126 4590 -50885 49775 -38769 -33060 50411 51553 57917 32622 -29925 -5559 51097 -41618 -13780 -21251 -432 -20408
r80 3469 -32670 53678 -15493 -32821 57007 37748 -45535 53518 -20132 13651 25262 -40193 57540 62625 2660 37872 -13443 -27586 35829
r81 53933 34112 -33179 -15140 -49318 41613 -13783 25009 54561 -41789 55140 -54724 49251 -50531 -9136 -8184 10479 44181 -12633 -14483
r82 29470 -16909 48000 23087 -38160 46154 39276 -35481 20806 34581 5433 -37822 52535 1662 59077 -20341 9315 32600 -34693 47846
r83 28407 -45478 -33867 9172 -39280 13480 -58380 14981 -22893 32740 -54006 -65067 -38065 -8992 45154 46056 -35498 22529 48807 -8332
r84 24190 27835 31672 29164 -20820 -50772 6812 -4745 -24147 -18980 -55851 31063 39784 29579 63769 -12884 42684 -5968 -47909 -51573
r85 41440 42421 60586 -31442 12705 36035 -56720 -38017 -59648 -12306 -25429 -1012 -25698 -37392 35348 56125 44591 -16967 -38265 63894
r86 -1796 -15021 38420 42696 -18013 32763 -23410 17882 -18323 -54866 27416 16295 -32808 -34113 -41082 -62044 28218 -7851 53861 5319
r87 -7328 13482 19259 8026 -34112 -38929 40629 26220 -9713 35994 -39157 50492 6478 -16470 2189 15518 39375 -43863 3125 -27786
r88 39098 40372 -49652 -25693 3064 54942 -2343 -38642 12421 6180 57971 38308 -59217 25993 -49803 8696 -31665 -18196 -36676 64791
r89 23186 -8747 -59717 -1179 23195 -10917 18254 -2763 -32367 17661 44162 -31911 33016 33206 861 12498 -64075 28636 38935 40898
r90 51215 -64708 -62879 27953 -46429 30840 -31666 13723 -35914 -57843 -51635 52665 -39628 51566 24921 -7214 -44784 328 -19186 15867
r91 17173 62985 -34119 -30452 -18181 -58162 12854 -42586 -25829 -35175 -15863 -13151 -6851 -11361 49066 -33309 9625 32071 -44876 -27810
r92 -46341 -33612 -52071 -12436 24607 -14809 -11807 33467 -4303 -64409 35615 38813 -2288 22592 52714 52345 55512 11901 50084 22119
r93 52068 37906 58133 -64559 -63478 14132 -57401 -26449 -13833 -56150 24001 -51383 -54042 16077 54007 -27036 18327 14378 13644 13082
r94 49 53638 52698 -62806 -42686 49453 -29797 -2364 28078 -39139 -34755 4899 -40237 -19992 -13453 -33934 -20290 38501 -45293 62870
r95 65059 26357 -23090 32678 10468 14397 59058 58667 -57030 2032 -6139 -8742 -31763 10114 10057 43541 -40241 -58615 -63033 -61812
r96 -62160 -20065 8762 -50131 -65323 18485 11292 15612 -43148 -542 46077 32974 37776 49427 61638 -45697 -64825 12392 -42719 24378
r97 33553 2187 -17681 -58539 -9917 -59745 -9823 26689 -43488 -51933 -15072 -825 -47200 -46113 22209 -42360 27166 -26822 16232 -2035
r98 -102 51097 23779 42252 -8524 56198 -62037 57697 -21328 20731 52743 -26542 -55115 35311 37947 -30158 48176 20849 26119 17451
r99 -15515 -21089 26636 61734 -31090 18808 -30956 -51962 32035 9876 -63505 -50439 666 -6974 25187 25953 25535 56261 -59117 -7003
r100 -47142 34210 -13092 -19244 -58461 22289 54828 39046 58793 -35862 -22844 30630 26150 -26509 -15984 37694 49943 30793 -26162 27442
r101 -52102 25946 -8125 60727 -64851 4186 5125 -53555 49824 25947 34942 28520 3767 -34886 -41008 -56208 31017 -32681 -6941 48308
r102 -63013 10081 29896 -6044 30339 -28285 -40070 -30790 22571 -715 20024 31441 -60956 56476 -35756 -40635 -9082 36416 -15455 -8288
r103 48800 51834 31873 13443 -63670 25066 5738 57104 -40388 40144 -21048 -16781 -41090 -32562 -3627 -1601 -50928 -37482 36948 56416
r104 27907 -62137 57804 44234 22690 -12651 10467 40491 34263 55127 44998 15937 63321 -1221 33660 59436 -49557 -40470 -54635 58971
r105 -31151 62589 65264 -62955 -61025 -16423 62431 -61348 -35553 -12502 27010 9144 42773 46509 -13409 63025 -6568 53663 -54252 -21005
r106 64519 -42580 44313 8300 52899 51390 1361 -13594 25197 -56837 23278 -59829 49230 -22230 39385 12970 63930 -54494 12653 45148
r107 -43604 -60845 12939 -24271 -23885 -64457 17249 -37395 -45720 -11081 -52099 8362 -11174 25978 64659 35823 25670 56095 32911 38931
r108 63322 -61675 -23473 23343 -22320 28543 -38573 -29722 -23482 17696 33043 12322 -60646 6794 -20128 -54493 -19982 -12492 20534 8403
r109 30822 -17928 -13305 -3053 38494 5247 -3506 1512 39806 -31038 24362 -9613 65072 -48141 25945 18915 -20138 -9504 -1676 -18916
r110 -40116 -8949 -49689 -45685 13138 -28547 -21 -63847 7958 40102 -35364 3745 41679 49757 -36635 -17328 -7051 46992 -35784 35095
r111 -48949 -1637 25324 12809 65048 -9069 -53077 47661 -8761 18522 -51852 5233 -14729 18997 16986 62326 -51104 -62732 -41919 11507
r112 -12675 31302 -46724 -7193 14913 -5726 22407 -2025 19348 16084 14902 50130 31825 -45204 37539 30783 -10040 4674 25317 -5459
r113 -55829 13641 47995 -59079 21514 -428 18659 65143 -2824 -10143 -54660 44397 14735 45054 -50457 -2411 -51050 44513 5421 -51853
r114 51845 -9723 34306 30861 1131 49943 -39689 -23523 61996 62456 5213 2631 -4923 -49675 13930 -39948 -52245 22280 63861 -53469
r115 54348 -49750 -17011 53004 -36212 38991 59762 -42826 37593 -26077 1180 -29527 -7438 60801 59816 21318 63317 33084 21461 46849
r116 21672 41548 -64179 -18295 47172 -40006 -16907 7195 48553 -41558 7085 9168 27093 37826 -40817 -26173 41103 -21831 -23754 -775
r117 -26873 30678 -19489 11955 -13605 34548 16015 -27139 -33097 21876 52988 15526 62015 42928 -34396 -15463 30877 8083 -33995 -37359
r118 -1990 -12264 45090 -24785 43982 -58630 -25571 35659 38118 -62528 -42930 52466 -36042 61865 -47361 4075 -11341 3596 -44939 37056
r119 7486 39604 -11359 -16015 26137 -23535 1619 64222 43174 -7197 -42813 -50860 11592 -20828 61992 -14065 56656 -8001 -60569 -52007
r120 56321 45827 51968 -32516 65084 -19218 42964 -30449 12041 -38227 13944 -19121 -17113 -15967 -5185 56766 -58974 14867 -44981 -10322
r121 -50729 54506 55399 -17233 30495 6101 -60224 -42092 41953 13007 7185 56393 48647 57627 -40283 -49271 -51637 48590 29049 31343
r122 7887 -54648 30409 -39504 -52405 18059 44069 -34160 -19588 -12662 40974 21997 -13511 -23261 -50573 25454 23205 47734 35908 -26557
r123 43332 38495 12381 61357 23446 30476 55688 -6639 -59375 -21887 52149 -7355 -11940 -41048 -2307 58345 35508 -38553 45219 -57241
r124 -15516 -3226 19106 -58385 7888 -5278 -33608 19606 -32096 -26830 -39129 22947 8637 49211 -61001 33544 -54233 -27459 -32586 -24814
r125 -57185 57952 59167 22811 -30368 19213 -35307 -1333 -55556 62385 24763 34143 33008 -16905 -49160 -1526 16997 -21106 52268 10820
r126 58225 24023 -49811 -27006 -28055 1613 -47558 -15135 -8415 52811 40616 29027 13573 -25060 53408 -23154 16046 4345 8122 49036
r127 -56171 -30617 32154 6670 54381 -35960 57322 49689 -8979 54453 -20892 60171 64434 -36085 -4902 -65122 28575 15997 -27782 -3055
r128 -61929 -62510 45761 6780 7597 38869 26223 33389 -52048 -8193 7261 19329 -13950 26024 53505 -31891 363 54060 35043 15485
r129 -26406 -24179 35481 -11331 33612 27707 -11369 38887 -14754 -837 -45438 -60377 -22923 -23681 -51949 -16889 5759 -62014 -26648 55821
r130 -8437 31139 61071 -44545 -32269 -6920 -56450 33345 -63139 37448 15114 -43978 25994 -4261 45552 1665 19070 47048 63478 57426
r131 -22261 -13416 -53153 -18788 19266 -29019 -25448 58387 -3712 -43049 38009 -41872 -5722 32265 -29982 -65139 46318 16538 -44275 28438
r132 28302 -55165 -11005 22101 -61072 714 17732 43855 -21440 -32624 -38138 22171 4297 -3547 8400 50502 -29751 -62910 -11109 -8272
r133 965 9848 -26379 -23540 -51676 64913 10159 4241 62724 -28397 -22996 -60303 -55859 -46916 -12727 -65284 37985 57274 -58865 -22493
r134 -47178 -53094 14231 5931 38320 36177 -13347 -37208 -47830 28234 -1831 23306 34124 -62861 9514 3068 -6303 -54745 -49140 -37606
r135 -36381 -12505 11952 -49290 -61955 -671 29644 6677 -63154 54339 56615 44550 52894 -43535 5984 9554 13367 63010 -2357 33277
r136 -25146 46569 -43399 14129 -49315 10973 45649 55893 21105 -23246 6408 -52738 -25581 -54577 -64418 -43567 28084 35215 21886 48229
r137 -50068 -13168 61744 -5206 25208 32579 -321 -9437 -19441 -2836 36866 37383 -36748 875 63410 -5222 -63881 -65137 2125 5252
r138 56710 -23156 -3599 -50959 -19154 44478 -51153 -8194 10644 18602 -17321 33026 11007 49477 -25638 58814 62462 27753 5086 -62432
r139 63211 -20189 -62549 56622 30753 9546 43491 -22519 -32562 61913 -59973 1368 4292 35143 40742 59796 -1778 62187 30752 -12561
r140 7566 -45798 44079 21904 62976 -56651 -61192 48272 -42492 5711 -11032 -44218 26852 -44190 35753 43336 -45794 23421 -64739 54410
r141 -46178 56435 -59550 -20056 25210 55377 49433 63607 -42787 -1128 -41472 60464 29905 34815 51768 -42295 40608 21497 48557 28206
r142 14798 -57486 52379 19764 -15035 1781 5104 -10404 21084 31770 23214 -2313 21567 43591 62633 43511 -4231 8983 -47133 57652
r143 30606 -22575 31285 16857 8858 -9193 64967 -56922 -2184 49966 -10567 26990 -1298 43057 -39030 -38676 -24743 -12597 -24043 -34721
r144 -53833 -14846 -53388 54871 -40378 -14121 -21094 53135 -29058 59408 -22570 -50102 -38254 -65227 56675 -46322 35050 16658 39095 -45750
r145 6441 -44579 -35018 48544 -55049 -51331 59606 -65388 -62680 57297 18155 -52555 50249 63553 54636 -56628 64798 -65245 -20987 -53747
r146 11699 -31997 -62062 -10918 -45198 27510 42133 -60340 32073 18520 64905 53704 16181 -23404 25910 29732 -28649 -20332 -61228 30563
r147 61220 -18797 56161 -29139 23927 25758 -34993 -13086 -50021 -16905 27363 -30775 50421 -17231 -29857 -52351 18138 -45475 42648 -6658
r148 9715 47073 -28877 -10194 -59907 15000 -28228 2724 45166 -34684 51189 -21973 37774 31809 38083 27180 53845 -18038 26605 -47236
r149 -58583 -14022 -19306 -41973 21917 -8671 -57556 -750 58394 18653 42816 -6930 -51594 24578 33784 31182 63020 -16174 65 -58343
r150 39020 -55987 -57759 49378 5647 14181 -57347 47061 63913 26435 26388 1198 -25893 6514 -63209 61393 -25281 26582 -37602 49087
r151 28025 -64256 53437 -31091 37178 -20086 -36947 42655 -13915 58820 53881 -51241 65201 5655 26216 53378 35551 8785 -37872 -5339
r152 50863 57324 54714 62541 -32845 65208 -25613 60915 45900 -62885 36800 52072 -28251 -15381 41874 37301 64307 45972 -15151 -61333
r153 -12836 -47438 19767 32648 -51493 -7712 44523 65418 63061 -32427 53852 11703 -55096 -35045 -8586 41918 25243 -31148 54991 -10374
r154 -17518 41891 -19588 53540 -57386 46257 -31601 -30842 -62850 -505 -55127 -23446 -3850 -7158 1653 -27020 -35369 41842 53037 -58740
r155 59308 -44081 49621 -19669 -54484 52420 15743 1988 31566 52233 -57551 16477 -10865 -21942 49195 51385 33206 19609 12660 -18483
r156 -42817 -50681 -4062 21148 -23185 49170 -60119 9997 10017 52925 446 -12942 -36942 55349 -49691 -5099 34763 44042 -36867 56754
r157 -44536 15416 30613 36558 8862 -38198 -29327 -34263 -8626 -49422 -53597 -54941 41782 -44518 -9029 -7892 64060 17646 -44735 31547
r158 54914 62401 -18874 5087 -50570 59088 27336 32635 39261 -19162 57749 58097 -58145 59958 -7138 -46862 15137 27269 41641 25905
r159 13092 4034 41887 -13067 3206 52648 52915 -14177 -24842 45448 59713 -25418 -14546 49653 5382 46449 44337 -6438 -36309 42371
r160 -3583 -56220 55395 -51481 40026 22822 -35360 -62521 12886 26436 -60376 40078 -50775 58201 19764 -65039 -22539 -24645 -49015 21470
r161 35910 -33050 60563 -19585 38577 47383 -15275 -45300 50208 -50113 -64483 -12343 17914 790 18175 -60240 28019 -17309 38828 54160
r162 -41627 33211 -32893 39296 55717 -22162 -38316 -9493 53165 52241 36398 -57767 -36977 22542 -45933 -15709 9846 61381 6468 7111
r163 -34978 -38152 -32503 57202 -57214 -65274 -51317 22021 18245 -53335 35472 -9042 41044 10478 32808 -64395 10433 53327 -30998 6964
r164 38529 -32375 -24373 -21641 -34543 60974 30930 12680 24909 -58970 -1823 -27 -14172 42475 -51924 43684 63135 21800 -30388 27784
r165 51447 27612 -24577 -8067 -38748 35054 43864 8227 46851 -44469 -19748 19105 46861 60103 64120 -16974 -28615 25093 11498 -41965
r166 40497 -35218 -58883 -33928 28437 -50009 -31644 13791 -33017 -53789 44168 -49825 49353 25021 -32647 19430 -64385 -21700 34417 -51046
r167 -30768 39567 35255 65409 2508 -25289 5608 -46515 -58926 -33872 -49096 45876 12691 -44934 14991 34947 31388 -2336 29851 -35092
r168 60525 -44405 -40191 -43080 -12084 -49548 -63113 -9049 64379 -6712 -60615 -54766 19862 -30225 24485 62195 742 186 17672 -27126
r169 -7283 18227 10697 -50071 -17259 -27500 25913 45936 -65026 -63727 -28476 -58665 -9951 4023 6754 -54312 18002 25215 13850 53724
r170 -65388 -44067 46704 63765 42297 848 25552 -39423 -23999 -60932 -57735 -12069 43253 -48514 -9699 -65413 -4553 -60876 -58000 18610
r171 53023 37780 42464 16055 -45117 -37655 24776 54273 -2434 14005 -49916 42048 12191 -16153 -8106 52198 36809 -49374 51649 7175
r172 60281 -59976 24666 7314 519 32466 39109 -60148 35127 -24851 -34066 -42711 30867 33716 60125 -51526 -44856 8069 9186 49033
r173 -57465 38550 45041 -9360 -44324 -37063 63552 -47897 -18302 -19267 -14089 16634 21673 -58176 -9556 -12535 37793 3608 -21020 -27732
r174 -8260 -36094 56396 4144 42081 -3879 -40143 -26127 29946 -2581 -22771 35136 4627 52235 -31022 -56752 -46906 -22780 -27951 40322
r175 18648 52055 -25435 57883 27081 49224 15994 -1080 -20372 53548 -12069 32898 57462 64086 -27567 2271 -44448 37964 -47235 -30765
r176 -21276 -64046 -35306 59282 -52720 54602 -65103 34309 -18901 -28298 -55786 25390 11337 -10139 60826 -59840 -32908 5361 -13996 -52756
r177 -17421 8031 64079 35713 -52438 19574 -59434 55976 34791 763 15227 -23836 14439 -38712 43941 29726 -8722 -33743 -35289 -14430
r178 -4238 -27755 -48300 -31780 23235 22702 -38053 -32922 20690 21005 19429 6858 18050 -56474 -47472 23343 -35091 35041 -26522 59340
r179 2985 -19714 -41774 32895 -30661 -6955 -7939 13149 -51713 45936 6494 -15803 30480 -20045 3223 -29207 43404 -64098 58749 -851
r180 -59270 34683 -50071 22516 -27279 -44117 -18116 2514 -41299 -5914 -9031 -56896 -23774 13935 27581 -56980 -37234 -22437 52093 60008
r181 24832 -17180 -6625 6462 37761 -38229 -61765 63328 -49532 -63663 -64900 -15856 64021 63089 -45558 -30806 30020 31564 -786 40898
r182 8655 -55238 -48458 -37823 62050 -48108 -6887 8681 -3973 -63779 35854 62894 -25687 24426 28330 -39275 48063 -46627 -54614 20503
r183 -60164 -28600 39057 14387 -1901 53998 -20292 -59256 48619 -45761 978 -61692 28800 -30373 58189 -54440 -3792 -35390 16973 -46521
r184 8086 12106 49691 22400 -51246 28602 13395 33802 -64876 -57225 22927 -1832 27145 -52375 57929 -49169 40605 -57444 -60222 -3696
r185 1096 57646 -28497 -51079 -48414 37471 44638 -36074 -63921 48995 -33297 21830 656 47485 -26799 37013 50752 -7181 44964 -45027
r186 -32230 -27743 -24779 -30907 4907 61012 -44019 -2012 -2441 5010 -52444 -12833 59468 -29955 59171 15402 44397 -13238 -36340 -19721
r187 43172 -51512 38015 -18129 19402 -43920 -20946 -19280 4880 42704 31682 26803 64972 -20564 8951 -46542 44194 4996 -65420 -40327
r188 32574 51590 -26191 -34602 -45176 -62558 -61998 57717 15969 -60566 50697 1111 56186 37794 -6804 18863 51461 -52464 -47393 18200
r189 -14755 -13192 9854 -52449 -50837 50791 4601 -40409 28233 43369 44567 10242 -41805 -50135 23839 22576 -4682 -18841 61112 -26364
r190 9249 -17104 -59274 -6268 28945 59113 -33961 21478 -8435 -56618 -40006 -48031 -24481 16666 45850 57500 -13885 -10036 45538 44972
r191 -41355 22639 -59922 37892 10260 20784 60436 19686 55652 16489 5274 -52319 40466 -8019 33085 37993 -4425 5298 38176 14616
r192 30478 20971 354 -44746 46546 -51290 -57709 -19980 -1715 -13634 17499 13494 18286 32587 -23534 3375 -25946 -3608 27806 55938
r193 35534 58882 55199 -61069 41702 -8403 -55372 -4455 50219 28804 53355 30772 -34959 53924 40009 -45617 13223 27584 -46730 28555
r194 40977 40013 2774 -29064 -15912 -4460 46025 5009 7889 -18781 15732 9219 -25208 29211 -5893 -35340 -65499 3593 -4964 -10074
r195 11510 19420 48645 -24922 12262 5451 23582 -58237 39081 11339 50797 -54126 53914 -1013 -6895 -64536 -14744 63663 5698 -4729
r196 28896 -25450 30105 -44268 -37450 41840 -51257 59103 -41497 -26261 -30118 -37370 26651 28214 -62808 -55677 3671 58927 36407 48850
r197 -55248 -4785 36092 44372 -6867 -37931 58141 -29783 -35841 57736 15604 -17913 6056 -36070 43672 8439 52003 -47545 52023 63196
r198 -23985 14037 -58395 36196 28976 -53144 48648 16288 -29996 -861 -55501 25727 63001 -26363 50264 44560 -39581 -33427 -8307 -25087
r199 35438 -64770 49336 264 -23624 -9133 -10126 -24701 -29143 -50084 37022 -59383 -49033 -44540 10710 -36736 -29252 -23537 42980 64717
r200 -13362 17278 -54749 -43322 36676 26209 -22610 -49157 348 -33377 -15602 -40361 22654 20537 49093 20246 48946 -61131 -24413 20696
r201 -7090 -27129 -53735 -26137 25657 38238 54860 13399 -34381 -59765 -26343 -34683 -53748 -34069 43072 -38602 36938 52971 17403 23266
r202 38557 18828 -45852 22619 59532 -10428 43499 -58528 13094 -53065 -15626 -56889 -1337 61344 -34286 -22408 -23694 -27957 50810 -4945
r203 55085 38375 -25264 27935 38713 3992 44755 12354 51315 26487 28340 -26419 30377 -58701 57995 -20154 -8480 61119 27994 -29892
r204 18711 -54378 20089 56592 14991 38417 47956 53502 16095 57992 -47679 25214 -22899 15204 -7878 21874 -55479 56286 -52209 15101
r205 65476 -29128 52643 -45878 -3831 59628 19694 -5985 46319 9526 33627 -51384 47408 38669 51382 -65190 -8664 -28156 -53857 47603
r206 -14749 19614 16850 56676 39018 -7322 1921 -22486 -14311 62038 -16279 -16308 -65015 -45056 -23750 65114 6323 -53814 -32116 3902
r207 -4926 -36413 25996 32036 11066 -9355 -5176 -60598 -63384 49742 -48346 6169 41480 34231 17742 13478 -59263 45120 -1622 9749
r208 4256 28514 -17714 61216 -47022 -2030 -36681 -14388 -7049 64353 49943 -21026 -59298 -61649 -39511 48846 46410 -14913 6262 -64880
r209 56238 17210 40560 -49256 -51340 8689 26300 65055 36827 -54505 -10326 -17253 45160 -20332 -1972 -35253 -27135 -58331 -47253 -9806
r210 48905 -48955 -24577 -28153 -4866 -46263 27564 -24746 -16211 46576 -53338 -30171 56518 -34209 -12036 -15947 32283 -31947 15089 -53540
r211 64747 -2561 17083 39410 -33787 35106 27976 -59251 -34538 32382 27959 27217 35352 15194 -3177 8404 -6017 47801 -16529 -42972
r212 -53192 -12644 -56465 39037 44954 49991 -63010 39597 55112 -59379 -52476 28773 -6661 -42928 7922 -18611 -54146 -64371 -58720 8704
r213 20145 -49196 51828 43503 60304 58227 -20083 4784 -6385 35416 41758 40836 21394 7070 -55305 15432 -64085 47508 -48384 15731
r214 47901 5422 -25932 -52094 13861 26748 -18129 32427 41247 -54483 44228 -9703 55626 -14013 -21790 46012 -33259 10039 22999 14979
r215 -1260 -35073 -47992 46539 55135 -5864 -9927 -5925 -48542 50463 -26899 -58855 -38313 55345 -59898 35870 462 -8206 -49398 -32601
r216 26655 -58779 -23999 50485 44130 21087 30967 10117 1199 2351 -54074 -17893 24331 10055 -59905 1823 -29795 17957 -1846 -49462
r217 -12632 17199 -56804 -41759 18149 48501 -18388 -62321 -60890 63084 -55381 -50936 -45932 -21928 -23667 -6213 -48412 -51836 -40167 -35254
r218 -600 7723 -19865 45465 43513 -19167 -1088 -36092 -58937 -33097 -28392 -16262 31182 -40880 -5261 -51738 -30594 1937 -23651 -54760
r219 -57029 -64396 35160 20537 49341 31106 -54168 28329 34191 -8462 54334 -63724 57037 62247 -19339 60106 -17644 31100 -63245 -46415
r220 43579 -4979 -56771 54048 -21382 5107 -56655 -51851 13163 32816 -62918 -63314 -51401 54634 6076 -4017 -23235 -38885 64486 17081
r221 64697 43079 -63023 38411 30600 49622 -47065 -45378 -50689 27761 -52966 30298 49999 -16640 -17070 24950 65207 -16300 33613 -38893
r222 -4669 256 17271 -20913 -9676 1150 -57677 14554 54868 45861 -25982 60711 24976 -36729 27716 -22269 -19582 -58494 59483 44382
r223 -2827 -61009 -44442 -61289 19375 -42239 -11221 -26614 21943 7338 -37995 -24898 -20647 -24916 -31126 -3389 21619 4508 16459 -49524
r224 -2073 28066 36029 -49199 41969 -57930 41277 -57478 20356 -13853 -11589 4114 48825 -54549 -1622 -22427 -4928 -38408 -45531 -43274
r225 12394 -2590 -55989 44132 39325 -30182 -36042 35323 61661 -6386 24821 57912 -49590 64822 -19826 -48944 -12630 7187 -19848 -9361
r226 35031 -22473 44513 61676 -17461 -28450 -54141 6905 -8335 -31185 -202 31085 1333 -57445 10341 29174 -39355 44508 -23143 -6596
r227 35700 7084 -46390 -13705 9691 -12045 -28346 1082 -43426 -26530 -23945 43554 10472 -2129 22281 -16463 40008 36788 15238 -25730
r228 -57273 -41873 6197 50455 25241 -64124 -31860 -12233 -29654 21971 -63748 -49518 30836 43597 56303 -63777 -45361 3099 -54936 -59929
r229 -55926 32236 44871 -52466 -64915 -12724 -59028 -61964 -41714 28906 5566 20927 -17171 25233 58648 -10509 16614 15778 -43007 -12748
r230 12062 -1079 -43151 59520 60114 -55987 48589 45173 -18980 -47045 57210 -43103 20241 28281 2709 10968 38094 8927 -46357 61425
r231 8876 38226 63691 30257 -8553 29542 -23329 49811 -18109 -59877 -42801 61651 16335 29359 -20576 -30089 -30965 -56387 17251 9064
r232 38273 -53716 -54934 -36454 49730 -20733 15083 29865 -58607 3096 38021 -53295 -38829 -48393 -35127 -5610 -38576 -43008 -64586 45035
r233 15080 -45120 -62505 -42393 -65154 -30436 52746 -54876 35677 -59315 -20918 64493 18486 -30089 44851 -62395 -62556 -7479 -27183 -29883
r234 -16749 -29625 -5002 22699 -53079 -61255 62858 10874 -11611 39423 34790 59706 31232 11413 -24728 -28920 -15921 17536 -4949 9474
r235 31765 28234 25305 -42532 28662 -58577 48535 18683 19737 44356 -51469 11194 -3928 -49074 26532 -24321 58946 9923 13330 -41531
r236 -20851 56897 -26122 -32096 -42240 -3006 38056 -46372 -40356 -43883 57906 10051 27930 13929 52576 -11747 54827 48521 -12594 -58570
r237 -25869 -55975 29213 -35616 -11355 31117 46592 -43616 -30936 15443 -43163 -8530 -29654 36353 -822 1836 27431 -20928 -55213 -5383
r238 27142 -51651 4321 22203 -34660 -56657 44121 51860 -3590 30604 -35331 -49582 -54930 29915 48888 -58763 51649 -25229 65157 -42308
r239 -6028 35398 20166 -38676 -49038 -20064 3511 27737 -23634 -648 54830 -55269 26103 60444 -39109 -27756 -34968 5156 39235 47553
r240 -47650 -60650 -26104 -4250 -65147 -10566 15445 -62066 63950 47192 -36505 23615 -23760 20301 -55305 -30021 -36460 63299 -31979 34828
r241 -35883 -58183 -59536 -17675 3045 -42828 -11703 -52546 58208 25632 -20864 -13133 -47183 -29367 -51569 -27381 -34901 -25699 17987 58044
r242 39429 5021 -19027 17049 -24335 22595 -46749 -5615 21243 -40205 32866 4069 -10675 -5274 19789 -11504 43847 9087 -14353 -40185
r243 -54782 -59842 17022 11259 -4785 41412 -46231 6263 57471 -34851 -28463 52903 40744 -27527 -62376 -15536 -56804 -16846 -28243 27559
r244 22204 11514 -14855 58717 13439 -4027 -26631 -17418 -44566 -27603 -294 8744 55561 -40563 15503 23257 33210 -45957 -43984 63649
r245 -16136 10524 52197 -31832 20084 32354 -5438 16130 38072 -24311 13114 57670 19414 57434 57061 -13701 -43795 -40143 -39028 -31744
r246 55496 14154 -57590 -12158 -43240 7303 -52249 -43922 -9622 27781 20897 -26309 48818 -7616 4531 -52729 33604 -65407 51398 3735
r247 -37428 20919 18643 4610 -791 18433 56483 -36420 -43541 32389 -4924 6491 -41569 31582 17502 1538 -2912 39030 -39556 -19401
r248 9811 53331 -11267 -3315 -622 -55907 -1023 50251 32947 42833 51575 -15 -44858 32528 10728 -6558 11494 13713 14452 -55112
r249 -43125 25681 24857 33350 44672 53298 25781 5724 41466 -37286 -14295 29125 -13238 60001 -3187 -43739 61977 51677 -13532 -19860
r250 -29721 -38760 10300 -58659 55262 -23539 2626 -35518 -63428 38667 -62702 -48201 -30544 53706 -55791 -15458 -30227 37025 -49785 -47663
r251 7620 55441 -44693 5444 -2764 60424 -39062 -34924 61683 40681 58004 -24470 44863 -41081 -53847 50001 60231 -49835 53879 -36098
r252 -60986 54649 -51474 -42321 6740 -13280 18265 -9922 -51281 -24694 14320 48774 -20898 -61058 -37721 -48910 -40715 -2960 4047 -33723
r253 -9316 -6025 -8645 -18130 -55790 -62015 -6409 54766 -29242 36038 -3772 10485 7209 -6692 51293 8120 48839 -47856 -41331 -38529
r254 540 51540 7786 -20883 -34604 22793 13428 -33189 -33474 43537 -27990 42098 57917 -38272 25229 -58322 16050 -1402 28582 33380
r255 -33090 63782 -45652 -14478 34249 -23238 -51025 -45810 24225 -37476 18398 26671 -5829 31338 -23515 -36567 -27055 31444 -19080 -63495
r256 -63860 -63652 -55338 -4911 43749 635 -31375 23197 -58543 51222 63867 -14530 42923 64739 -47115 -34753 -10593 -20186 24239 53788
r257 -45933 39851 -35290 36616 51784 -36623 14205 -10473 -9349 -15919 -45604 17407 3029 4541 2809 12790 40910 -32195 2336 17327
r258 -42461 46423 -45134 -17524 13539 -835 36 -18461 16925 -64567 -8496 -12185 -22609 -37995 9639 43618 47664 50034 57403 40959
r259 -53290 385 26192 -57061 12014 -61404 -39528 23056 22194 -45069 -18924 -51025 -11745 30313 -21442 14811 -36881 -38080 -54123 60234
r260 -28307 41982 -2627 8971 -60576 60286 55115 -45311 59051 -59263 -63660 17332 2321 65371 -49546 40705 -14115 -27196 15145 33
r261 -58669 38691 -13718 -14066 33268 14552 -32152 -60923 38085 -21299 -37748 27519 -45693 -61331 -21316 16923 18252 -12868 -64248 57152
r262 -48072 62557 -38425 -43474 -49423 57286 28566 -21007 64515 -20254 39677 15173 3174 34933 -727 47419 -48046 11799 -56647 -44653
r263 -63752 22427 42107 -701 -10883 -20815 -13804 -61314 46744 17723 42882 34045 33581 -37679 -50654 -56107 -24729 -38666 762 13510
r264 -29777 12419 -412 20624 -35014 -60687 27754 -20087 -17043 -18441 -53781 -41234 -7208 698 14664 32390 -18608 17409 60289 -56309
r265 33420 -28704 -43084 4882 28610 8216 38945 18470 50138 34653 48832 -13017 4485 23477 -15446 64005 42329 -35054 62605 26070
r266 -16312 33928 43742 15543 63727 50671 -37576 15988 8364 -34291 -17419 -6201 55010 -50055 16454 31154 -26376 19507 28377 5705
r267 -7235 -47955 850 48155 -41829 690 -41309 2846 -27909 -30450 -24234 13549 -46623 28994 -3503 38448 -11687 -62593 -10223 52832
r268 49399 -46340 52536 42336 -2505 -6754 21186 43169 45659 -27530 -30254 -14691 -3336 -24014 39285 32163 -13613 -56111 -14987 -11665
r269 -19783 39763 -33425 49155 -55524 -62329 -12425 52810 33835 -65060 -60703 13529 51122 -21281 9492 -17778 -61458 45466 -23035 1283
r270 27130 -2567 -43844 7811 167 30606 57513 -48043 17414 -57232 -32913 55508 -47153 -51384 17575 50844 26729 26917 18979 -46311
r271 -11415 786 -56971 -34747 27554 -24564 -18205 51038 33213 -9643 -24762 42875 60081 36819 61106 24710 56385 -45478 -51575 21691
r272 -12971 -52120 27052 16457 59997 36742 -10567 65380 -55579 32303 56939 4740 -24771 -12388 11780 60062 65478 -36199 31911 44268
r273 53510 39905 56945 51951 -63098 24009 43736 18707 -9279 53815 -41686 -29358 56481 -55408 -54945 12040 -17515 -26767 -18434 24313
r274 44487 45048 30361 -38695 -41478 -59908 58745 -25605 -6045 18640 -21922 -16186 -15801 -5564 -20050 -45230 -46119 60523 58080 -49855
r275 57343 53943 5051 60582 -23982 -61507 21085 -44617 -34439 34343 17036 -17909 14458 29199 -61199 -62147 -60998 -56104 -46670 24583
r276 -58223 34580 -57879 47596 38078 18855 -20043 43538 22955 27360 27641 -20148 64140 -39083 21300 -46895 54378 31223 25943 -21604
r277 -39209 45057 32994 -50056 1335 33063 71 -341 -30283 -27152 21068 10185 36248 46578 -32543 33011 -3309 -15189 -59438 -30395
r278 -57203 -61686 -47203 -39759 -52936 -44460 -27600 -23038 -58986 -7235 -57116 20371 -5765 -8068 -40316 -63526 21284 218 36510 -25257
r279 -46546 -11443 -18408 -56534 48137 -56908 40357 27187 -1702 38732 -40621 65202 -13620 6722 55354 -22215 17352 17238 -17453 64763
r280 37554 -14817 -38605 25103 56586 26266 35949 -10632 31378 -1803 48404 10046 -21850 42636 -39032 -60040 -42346 -407 35241 -9126
r281 -22049 -10394 48868 63076 14343 -34270 35823 -13797 52158 30648 -54037 -41025 -55898 31388 -10435 24959 55243 -5943 -37555 14090
r282 37031 -61751 58335 40381 -9765 63323 60390 -36518 -3108 10564 13333 47437 27805 39079 60125 -29900 -31275 -32500 46024 -7664
r283 34104 21764 19839 -8538 -44532 -44612 -45470 -58093 -10771 -43181 38749 -21928 -25400 62263 43763 -15115 26983 6470 -55658 43004
r284 -64963 -39401 -46778 48900 33371 31347 41509 -12224 -58397 -11335 21634 -32594 40954 -21114 -33095 44578 51244 28533 28804 35524
r285 22037 21959 41278 59596 -65170 -9576 -38498 -49382 17728 50973 51249 -34415 62710 38750 -57555 -18602 -63477 -62607 -37618 -37017
r286 -6526 47452 -57147 58209 28471 48906 -22262 -39774 57210 7800 31102 40669 -7834 50468 58458 -16317 19640 -57460 -34069 -20963
r287 -39727 5086 -49910 9787 2885 -64977 -2889 56692 -40652 -4621 7638 -3469 -23176 -63740 18291 23959 -27374 -36377 -4585 46530
r288 59083 -61730 30367 20928 8169 -7088 24405 52762 -43501 -55409 -25941 -35702 -1892 -62780 16337 47537 -62224 1703 49626 10022
r289 2402 7426 -14646 -60338 -33282 24746 63544 -43420 28137 44348 53680 2189 -21483 37776 62381 -28128 44357 48272 -17377 -37486
r290 -21528 -22827 140 -43074 -9751 6050 38356 -47084 18465 -52981 -39278 19172 54873 65411 49265 51220 62939 -14325 -54151 -50752
r291 36377 18230 49084 -42772 -35731 -49987 42272 -1351 14692 -3273 -31532 -18992 -60133 -4144 -1394 19984 -51784 -4945 -40097 -2541
r292 19151 -31052 -30900 -14772 -42489 601 19057 55698 42940 2197 -30072 -48859 -3674 -23927 -13766 -38272 2875 -22121 -34519 -19606
r293 -35115 24039 4410 -54216 3814 -56620 -32904 -53164 -57729 44090 31872 -24238 41714 54048 3548 24600 54655 -44815 -59554 -20801
r294 -33688 -38971 -57834 55754 -41180 1337 20133 20050 -30415 46413 17312 27476 -50791 31321 51974 37106 56269 47092 -65118 -15635
r295 -27453 52388 -3328 -26615 -22065 40409 65402 -12612 -26576 31570 40284 40197 -59368 -10682 -34849 -22497 2655 -27984 -41780 -3362
r296 9092 -33945 55497 36544 -19721 -1101 2444 -24783 20214 54176 -26288 -57612 -38917 4856 -1768 -17953 31448 7236 -56331 -17419
r297 -2623 -28860 -15587 63635 -56660 33162 33775 -19643 9644 -37321 -33576 -47834 -14841 -63407 -4011 28304 24792 -10405 -13448 41416
r298 35934 -58843 -10917 -56588 58319 -40428 -25564 22525 -59276 -42919 58870 5525 -15704 43439 7533 -61466 34410 -40380 -42428 3620
r299 -15178 -5149 17784 -18189 -23934 -18785 2918 36044 -39893 -60390 31004 -59501 9797 -27379 8330 -32269 35606 -39057 38234 19044
r300 -21252 -52037 65004 2386 -29268 29124 -46878 11204 38850 40226 14565 -63896 39256 50791 57398 -19313 62408 43327 -44481 -53197
r301 31869 -56754 27012 -56080 50629 2485 47990 -62865 56720 33912 62532 49134 -41223 49170 62531 -5795 -41807 10340 40375 38704
r302 52210 30363 -12175 -17903 -6893 39733 62994 -30943 53304 -11927 41684 -55903 11507 57365 32949 10523 -4528 -1447 65098 -37852
r303 -40906 3338 -2433 -4424 -40144 48855 24659 37232 -48881 -35090 29712 -22600 -21304 -54428 -6342 7072 55604 -57640 41096 -11408
r304 -52331 54645 -65208 -63142 -53368 32415 -32136 49826 -37666 33155 -18283 -43903 43625 -6184 15964 51 32841 14568 -31423 2527
r305 -44368 14270 -63901 -20643 -50626 -729 48175 -47653 -48897 -8943 15511 43616 -64442 51341 53540 12052 58922 -47825 -42721 -2182
r306 -29187 -48885 -25303 -26615 -29775 21322 -28705 23142 -23097 32926 -24467 -49179 -60058 -49322 -13692 30820 57378 34047 -54169 -1896
r307 26483 9123 13547 47584 63977 146 -23309 -57614 -32592 -44721 15210 -57198 -14012 34384 39621 57237 -15428 -27304 10898 -34624
r308 7449 -25664 49812 -58297 -41216 57902 -7064 -16822 54833 7163 27058 -12876 20800 -27359 -23389 -48103 10622 17068 53470 62011
r309 -54060 -872 -22576 1876 -9151 -38604 61338 -8600 -33143 -62388 -8768 -30758 -39236 19264 33518 -43357 31015 51694 16344 -61129
r310 40333 40178 18119 45724 52683 -4532 43771 -24137 -16353 -36112 64555 12033 -13765 -29024 24908 48361 -64895 5717 -54684 -56539
r311 -35816 55583 -2296 15612 -34508 5597 -35036 -49275 -87 -43591 -31819 18691 -55190 29076 9216 -25549 -18727 -33883 39303 -64369
r312 7133 33579 -25306 10253 -19826 -2387 15413 1366 -60508 -13146 4704 -64270 1209 -28697 40144 62570 -15150 -53461 64890 7134
r313 -24625 43325 30664 15698 42826 -50015 -61167 -18312 -30129 -61678 19358 36329 282 59244 26227 -50932 -26361 14755 -44486 2935
r314 -54078 -7377 16423 -20663 -45 22760 19582 -12951 -48141 47712 -10071 4991 38800 7777 -32626 16831 -16038 50653 30350 -46329
r315 -16654 51980 -2768 2428 49490 -20168 27819 42608 -38260 -18494 50727 -16793 -41571 13506 7134 -25600 11509 -37955 -43898 -21836
r316 -22483 30723 26904 62454 -2669 -31768 -5405 -26266 52609 58315 -41313 5591 -18173 46454 -34023 17618 26294 -48342 -33790 11676
r317 32778 44612 61851 -62706 54481 -32858 60954 55162 23757 -26285 -16016 39527 -10030 -25945 -6845 -29987 2729 -8718 -32217 -15596
r318 -22975 34460 61146 -53999 -47820 56021 -40605 3441 -58677 30813 37994 -60124 -21200 -12044 24726 13908 -22516 -4650 -32762 64338
r319 33006 -17133 33683 -51958 -21174 47050 62253 51138 34433 -12082 50115 -4195 62340 -43255 56315 46618 19249 -43798 32329 43978
r320 10548 26721 36778 -8746 -13831 10062 -55770 -48507 53205 30118 -28053 -8587 -24627 -72 -50081 -40446 -60687 -54127 -11861 23687
r321 -29944 32382 -64170 -33621 -2248 14785 55757 -35708 -54356 -58917 -52643 -8915 28255 40871 62947 -44627 62237 30249 50875 10069
r322 -42987 39870 -64811 14247 -12739 62628 35919 -60008 46364 -26597 -2066 35986 -17227 22527 -60242 -14783 -12669 16498 -4493 46585
r323 -36066 5555 -35986 34049 13153 -17085 26149 -55235 -21803 -25169 9058 -61790 32306 63738 -28440 56631 18274 42438 -47254 51963
r324 29806 28724 -26065 37805 -57399 -33834 -2088 -27632 -59993 -34280 9485 -9628 -62018 58315 -48630 -36597 35358 15370 31778 -40702
r325 -32699 23374 59106 57795 61016 -45303 19580 -40706 -11238 8431 27831 32346 25370 -41849 27838 42750 -36354 21784 -29446 -23210
r326 -45989 -51486 32057 -40256 21468 -20463 53745 28091 27267 -16587 28450 10813 -17531 58446 -31962 51149 -24045 42989 27241 -34360
r327 -57721 8406 50247 -37831 -21349 10157 55941 19154 -16916 63704 44023 49933 28368 64406 -9575 -25817 9526 -37151 -34003 48990
r328 -58025 5708 -10616 -23410 21360 -14467 58920 -59599 -35403 -12235 45167 -2954 -62266 -36296 -36832 -38557 62122 -31550 -36116 -36326
r329 -17843 42482 54562 -52720 10887 -18077 -4443 -50630 -38326 -31790 54888 63694 64484 15003 -40454 -63756 -13169 12807 -16572 -36344
r330 -9474 56189 13179 2101 44850 -21215 62170 23129 8648 -28450 30828 -17740 20217 -46387 -22228 24380 -40490 10179 9508 -421
r331 -30679 -55029 -51819 -9473 52225 10191 -26501 1746 13368 35949 -4254 61910 -15779 -12290 -54527 116 41797 -23334 11012 29506
r332 24036 -65215 -22020 -13425 -2015 53413 -17028 -24838 32568 -32743 -18561 7919 63660 55696 48611 4858 -6984 -3147 -36002 61487
r333 23147 34382 -61462 29725 -9900 -11695 29811 56948 -60098 -2787 18029 -28678 58536 -12 -38536 60229 -10670 -55969 8939 42815
r334 38921 -34952 -23619 -55622 -42400 -48287 -13293 -46864 39603 -8140 61261 58207 -59469 32337 -40384 39804 39510 35528 -22983 -41084
r335 30461 25963 3751 25611 42777 -52856 35855 63810 -31601 64594 -36980 13296 34645 -41348 19478 -48125 13738 -53654 -22750 -30462
r336 50790 -54586 45413 -21092 31916 -51146 -26694 48321 -7406 59406 -61610 14 44148 58737 -9059 21091 -33835 -57704 -55602 -225
r337 51327 32687 -7589 53555 61580 -45305 -49374 5214 17475 18190 -35995 14433 58570 -47067 -53218 14767 40590 -21014 -2253 -11048
r338 -52592 12216 -59220 17467 47399 -10495 47235 22225 50031 -8604 36412 -53541 -18683 17395 -2139 -63011 63691 11141 17167 47158
r339 51781 -9779 -27169 -32414 53988 -2231 16314 -11400 21763 5497 -26925 -10359 42427 16269 -50587 51934 4849 29537 27776 63099
r340 -15015 -5304 -52170 -36629 10035 -2770 19897 -62516 36779 56087 -11454 -53160 -60843 35232 -12595 29192 -39477 -63250 64807 18248
r341 -7275 11836 45881 30663 -30842 60548 58890 -28824 -336 26019 42643 -46642 54331 2269 -56120 -38729 30235 -49003 24351 -56734
r342 -33637 -58380 33570 -28433 50888 31428 -42035 -5492 61183 -56367 35465 60096 51382 6474 64255 -4149 27501 -17151 -17509 -50693
r343 49857 -32383 -26273 1455 -35152 -26478 31045 -41339 -39296 8997 -64572 26811 -21545 44311 -17441 -8246 -18758 -18418 53204 27081
r344 34074 -30004 19211 53612 31744 -8339 -56566 41873 37783 23352 34706 -28283 6523 -41126 1048 -46188 -56495 23677 -47010 27981
r345 -53845 -24026 10785 45343 -57131 37453 49936 1149 18991 -64967 -1721 -3649 32174 -37305 -60570 17472 -48864 61489 20588 55994
r346 50991 -38527 -6737 -18823 9314 4384 -13630 55258 -44404 54263 57181 -38985 -51702 6710 3794 15904 -35188 10628 42674 -47750
r347 -34507 -31772 -38596 -38908 1846 -52047 -7087 -53587 -63092 -26257 22706 31472 -5329 -36830 43247 48557 -19158 28951 55942 63915
r348 -26296 -64335 -10030 -36784 -40318 -8537 55193 -17574 45600 -16525 36887 55829 17529 42420 57467 53297 -60840 31692 59732 -48808
r349 -45596 47155 58167 -27226 -32836 -27581 43481 -25367 -2915 -56062 24846 -39902 14782 -61401 27220 16932 60738 5108 -65323 -33966
r350 61011 -26682 -43146 10563 -31802 973 46993 -32581 63093 -37453 23692 -20383 56658 -62765 -9410 40259 13216 -688 -25316 10084
r351 -23069 33942 44573 10565 -62788 -7720 19907 10456 -1604 -56391 -41210 -9895 311 39168 14656 -46215 -33085 -63875 -51718 -23018
r352 -22335 49218 38777 16302 -6375 -43650 47911 -37896 25658 992 15706 29020 -7306 -46125 5465 65149 -48395 -30078 -3717 -16799
r353 -12242 -45671 3171 -7929 14770 30133 62093 13895 -43633 -1066 -11880 39846 -25320 64379 23260 -24079 27058 -12921 36897 -17529
r354 26343 40204 -6646 -53012 -63536 5561 -43384 -11005 16356 27417 -62287 -527 -38860 -36749 -43727 -41102 26660 30540 63565 -65441
r355 -4296 -1722 -158 -35167 17274 -56419 -16029 -27869 -28492 58457 -56526 -57603 -35077 59458 -26500 44055 15463 -24079 57290 -64878
r356 42001 -19635 36867 -59145 29450 -10109 -7547 57971 64968 37380 -43094 57007 36373 -35476 5768 -774 13246 -51418 48597 -15615
r357 -10217 59182 -106 52272 8467 52005 60170 -6705 57327 45236 -48157 34012 60760 56832 65187 34840 -16817 -12126 -62766 6398
r358 -58039 18358 11209 57718 -56578 11117 -20054 -26346 -28398 44123 3420 9418 50480 23676 57413 -37268 63138 42760 -34852 28723
r359 -25254 -29846 -55178 43998 -20117 -53205 3589 1582 5165 -50926 -29653 -54414 -25430 -41199 41068 -52727 -42851 -53055 2959 5348
r360 46980 5628 -60133 -16820 24394 -6310 -16356 -20621 -62639 -63804 18783 60098 -17818 -62508 -50867 44832 -6684 24631 -5442 -65044
r361 -58041 -54220 -27429 -5826 -14629 -22752 -36122 58711 50606 -54333 -674 286 -6308 -11531 4253 -9572 -54839 64543 -53874 4443
r362 12246 -57363 49832 43199 50358 -45478 -38352 43007 45522 62257 32044 3758 14956 1239 13049 -34504 52306 -45733 -6465 53458
r363 30587 35604 21818 36731 41503 -9014 -13163 -54203 -55452 -47069 -12682 -18935 54973 27853 -21850 6096 64133 -14282 -52602 54670
r364 26722 62313 -34920 64920 22817 -9113 27824 36274 44091 -34409 -27400 10519 63414 -19445 54006 38861 56276 12776 14455 47983
r365 43379 -37864 12226 -1315 -7501 -54639 44111 -63043 2276 -54095 -5293 42406 26205 3798 -20204 -31440 50199 -50536 36633 21899
r366 63080 -760 -33856 -24635 -21119 -27602 -48247 36892 -3820 14284 14911 62137 -64635 -36407 -29519 2784 -64433 10153 23660 60021
r367 -52501 13632 20699 -23865 -8988 38749 6416 9571 -63092 -30636 42968 41024 3401 -13649 -41679 -31269 -54024 9386 -5308 -5164
r368 -7634 59584 3924 12580 -36353 31428 -40439 18552 -24898 -11710 20856 64786 -3920 63370 -29520 48298 -53041 23914 40514 56013
r369 52787 -16781 55866 -15334 -62285 -33938 -18703 45096 48310 26173 16474 25926 -25185 62471 16644 -41502 57170 -27101 -19972 -45301
r370 -50650 -9564 -56926 -59611 34065 -38488 22101 -41624 -17559 2753 -32337 46010 50245 35027 18206 51707 -27033 12345 48032 -50206
r371 -21379 5862 -54109 49454 44365 -15265 4227 58642 46347 917 4262 -37795 -19368 28691 41558 -43021 -49759 56946 -8250 45874
r372 -29751 -21591 6842 18661 44119 -24132 -17985 51416 60402 57908 54729 -56847 22317 51372 -25854 -18969 6151 29799 55831 -51541
r373 -54262 35235 31907 -29007 -5007 851 -58893 -7438 36540 12677 -6320 22109 4275 28765 51407 -45042 23841 -36706 -37136 9892
r374 24368 -28109 -5498 -14506 -39553 42790 -2482 -54049 -24666 -25516 -30787 -41876 -1438 -39138 39668 -54540 -61552 -41664 47780 31406
r375 -24167 64993 -31776 11407 54908 -32644 -29773 -22453 -56102 27332 26808 31265 -6960 22842 -38055 17307 61192 33358 33047 11043
r376 -62129 59455 10620 6037 -12 58972 62933 -21202 37424 19249 -42625 35042 62751 -57474 -52116 -61769 44136 9374 19549 -43985
r377 -15889 -7415 63261 -46404 51860 32515 15308 -60916 21958 64483 -51665 16699 19276 47483 50689 44905 40268 -14242 56872 1054
r378 65233 30834 -21541 -59633 35524 10325 37492 36136 -42674 -48152 -18347 4010 5866 51040 -50400 -27279 -50512 23932 46876 24276
r379 62083 -10698 33028 -8387 -38919 18180 57563 19971 44826 -55395 44327 -19050 49730 -24333 -11865 -47888 -9611 59247 -55067 -4503
r380 28134 55551 54008 16683 -62220 -31364 -39272 16053 -11766 -37985 -43523 1981 41330 7477 -28825 -6973 -9557 12763 39573 -59909
r381 -19309 -64149 21066 -7071 27986 41762 6920 24606 59209 37406 9036 -1868 -14059 16195 57726 19466 46904 -19242 -21023 31838
r382 27046 -64470 12032 -16712 7872 7325 8350 7168 -13825 -51907 59216 45569 57360 -15366 18894 25210 -26279 2969 15382 -26982
r383 -53478 -18055 50370 -49801 -19711 3947 44366 -36094 -23381 63491 35472 -20574 55342 62078 -39903 -14914 21971 -64370 50878 49236
r384 -46557 -13893 -35334 -38101 -39670 -6267 -48009 -49602 -58984 -35745 47692 -4517 32506 -17151 -43904 -35140 -15483 35065 -27884 45199
r385 1510 32230 -49244 -57402 25837 -9195 29787 -50064 20129 19282 62783 -47219 -18439 8021 -36831 41359 -49063 -1569 18738 35156
r386 35798 -10089 41100 -44711 13426 135 -49955 11260 12020 -65310 33529 8180 -31277 -45190 10431 30224 -6992 19593 45424 -57096
r387 49165 63209 10104 25064 14404 -24529 63351 -32045 28820 -43863 -38894 31455 10663 57533 62696 6754 -31812 -44811 37104 -16953
r388 58531 17844 -8775 26242 -28544 -32460 24069 58266 -35843 65267 52914 -11448 65095 56949 13088 53971 -48398 25068 -27526 9021
r389 -39675 -45990 48777 -43957 56795 -10233 63464 42085 -12401 28350 -11992 10223 -58678 -34627 6837 51190 -64607 21520 -4238 -16122
r390 55348 -27768 -40747 58530 -33381 45977 27726 -56017 -58550 41553 -24605 11269 -54611 -59280 -38880 -13038 -61313 45030 8045 -48425
r391 -16131 -33615 -2929 40455 -23315 -13228 -17024 56338 61998 1613 -37256 -31083 58591 -62023 19221 -64432 -3815 60258 44934 6758
r392 -37059 -9745 -8439 28654 -30756 -1324 44623 -35844 34052 -42778 52222 52047 -41275 4170 -9938 -21235 -36987 -45548 59962 18895
r393 -19432 -47386 -14599 40673 22728 -38289 60161 -55989 42372 16176 47894 -27476 36339 -22644 2727 4039 63092 28053 -32340 -27771
r394 -65280 41941 14671 63931 -24550 9408 -33732 46553 -48315 -13203 -53527 -25902 43386 -13167 -15579 22745 -8526 23234 -8564 -8913
r395 32170 15804 -256 61739 12903 24191 -9120 17471 -17459 50219 55085 48969 -56306 -44216 25296 -23648 62921 61415 -26204 -56768
r396 34237 -58124 61011 -12081 -23411 -20087 -26118 26590 -55467 51367 -21958 9055 43141 -54370 20782 -11962 5574 -38681 15829 -46068
r397 -6898 37486 -927 -27689 38363 -56965 19754 40404 -44673 -5551 36692 61621 1874 -59579 -3653 11954 -8490 -59996 -53548 -40633
r398 -63101 39124 -48614 55229 -23254 -42135 -35811 5742 -32962 12654 -63234 -32039 56994 31056 26422 -51016 -3315 19253 -24442 15689
r399 -51712 -41985 -49379 -47260 -49226 33474 -31852 -5332 -36076 -57603 42321 58239 15010 12345 -34438 -47004 -63535 -59194 61969 55869
r400 56146 -22854 64914 -57371 10682 39167 62072 47159 -2257 -33995 -39773 -10858 -50077 -54095 -50076 -56453 -17238 -10732 5694 -752
r401 -11814 -23065 1884 -9275 -4775 35883 -62080 -9765 -60841 55808 25852 -35627 -63514 -18248 -7667 62118 51740 -48153 53342 -44679
r402 -7468 48472 46760 9511 -39978 -29541 -59326 -960 61398 61877 30008 6007 5694 3706 35634 12028 -35746 33769 8066 19645
r403 -10547 -63890 23330 -32974 -56666 -55654 -1425 -64380 -31434 -32391 -30137 48943 54310 39481 -24361 -7017 -5525 19399 -18290 45848
r404 -60196 27326 -15893 -28038 -50089 26400 54090 -60338 34665 -58587 60405 -35136 -44290 4777 -39398 -739 21899 -60600 31885 -62481
r405 55695 -31490 27935 -650 -20167 -1146 -31253 -43049 12928 -26287 -52765 -35230 1416 -60993 -52850 -56430 38780 -58221 -1069 36219
r406 -12520 43536 -49577 -51429 -17888 -8710 25025 -34203 39227 59163 19073 51833 47695 41696 47302 48682 5114 -22166 -13238 -190
r407 -8025 -40019 -14400 2136 -8966 -63041 -11226 -60286 -44864 -4598 -17884 28535 -5216 -15823 58051 55715 32893 2312 -59729 -10372
r408 65096 23891 -19166 21197 -16738 -44153 -63187 -64431 -35953 34576 29234 60019 -53807 -38784 -39437 18325 58855 -52933 11802 47417
r409 54668 21633 46137 -15121 -54171 47260 37252 13316 -30888 -19029 30023 -51584 -14026 28651 62695 -22388 35603 44059 8454 39469
r410 -47610 -25106 41841 -50018 -4378 12170 -34529 2802 -19063 49205 18589 63361 10482 46404 59640 -34622 32842 14161 690 -38025
r411 65078 -5952 -41540 49775 32434 -2378 -27610 -40571 -39353 3425 63148 -57587 -24374 28024 -34338 -33158 23534 -17308 -9138 -20014
r412 17126 -64314 -9063 13648 -17297 43013 17238 -2576 19454 -14674 36214 31576 -16689 -24176 -48601 -22759 51066 -44212 -55095 22495
r413 56903 -26545 -19761 43241 -33052 55529 5855 -49232 -2964 30072 4147 20051 15327 17184 -52563 -57502 -43849 35850 31500 50768
r414 12098 1929 -56466 -475 25403 -40759 18965 -16254 -38314 14777 -26119 21932 -25682 6166 -64359 49806 12193 12385 -37269 -39345
r415 -56238 -48009 -22233 -14062 37495 -64940 10714 -9299 19148 18237 -48418 21852 37095 10911 54964 16527 19721 -52235 -3643 -53562
r416 -22748 -10050 -40192 -53458 -21250 -1861 -40621 -41745 -37693 14820 17039 -9691 24909 62582 -7191 -25338 19006 -19878 45782 26886
r417 -2145 -25947 58602 -42335 -43548 38551 10320 -52922 59795 -11985 59889 50424 49227 34140 52692 -31232 64233 8325 -20394 44597
r418 10215 -18724 64477 -2552 -44665 56967 2655 -19107 -47922 -30829 52754 45803 6541 -11014 35015 61203 46237 -21115 19157 -4523
r419 -45167 45334 -19724 -16501 -32391 3123 -37782 -15698 13132 25046 -36993 -17810 -4910 9202 -25649 -5031 41774 13770 24605 59790
r420 -9497 21787 -58577 12758 -15152 20665 26950 -36806 29299 -44173 -16344 51667 -9684 17178 412 6872 -24379 19972 2648 -48400
r421 -16724 -7446 -44921 61069 -7074 -23326 7536 60159 -28998 10897 -54216 -56018 26262 -28867 -19791 29043 55363 -29515 -20854 -11632
r422 -53751 40076 1677 -36546 -55724 -64715 -48252 25564 -13430 25402 6151 -23593 -47157 60613 48644 -32996 55914 -24460 -21597 -57148
r423 -49608 -10264 -37260 58925 60177 31237 17354 -44583 -29799 55932 -8866 -8494 -33656 -31404 35410 -35313 -37654 -30291 47051 59780
r424 17453 -43272 40861 -27172 -33380 -16694 59065 -45164 47431 11416 35506 40167 -12644 43539 -15913 -58241 -41971 -5709 -25994 46140
r425 -5767 -46416 -3770 -32396 30145 -20016 -50083 -38231 3035 52197 61424 -28715 9422 -20201 -53382 -9809 -9837 -53305 46518 26662
r426 -16524 39675 -61878 -33493 -30461 6041 43070 20742 19435 52223 61216 29719 -14757 -9316 40089 -33284 -1321 -38245 -2585 -15721
r427 -12351 -43387 26445 -22521 -40709 -29092 -34768 33785 -23982 39028 13694 28605 -26939 13455 11840 26800 -61437 42134 -9329 25454
r428 59813 26084 60578 -39950 -64755 20885 10221 40591 -2312 -62778 -30498 -29696 -23075 -12146 47124 -39405 43198 48291 -13721 -32272
r429 -10716 6062 -23278 -26586 48079 41479 15126 -28482 -1166 -20100 -63326 -2342 1248 -26231 -48073 47456 -38043 36755 55280 -51401
r430 61781 -2032 38759 33493 15306 15535 -63427 -24717 -59146 58516 17486 -19503 -48260 30531 -50481 -36814 -65421 31480 43290 -26
r431 28527 3974 17770 25712 -45733 61477 -10229 1326 -54142 -13781 23641 -18855 31417 3614 -56454 -3201 -19505 -21240 -56196 -37686
r432 50321 -61745 -61894 22832 56980 -45277 2794 -11024 31592 -45156 28190 31239 24636 43690 -15856 -61063 8425 64206 52704 56693
r433 21177 -19985 -61346 56642 -19654 -34687 -49532 58814 -43503 -30440 -9503 96 60543 59397 -45886 -20347 -21223 3610 39269 48257
r434 38966 53767 -54897 -7980 24413 14172 -22190 45708 -64902 -43134 35848 42434 -23186 62265 -13731 61432 -18112 22880 3583 52404
r435 2654 6498 -2731 -51591 -12849 -8378 -23886 35479 63976 30313 29874 -6211 44702 27998 37317 27059 12399 -60755 -5546 50865
r436 -33670 59252 -3819 -44268 55389 40192 -4921 -51225 12948 14932 46278 -12536 21609 -38563 -52297 44180 52402 -62097 -59227 -8235
r437 62527 40101 63607 -3818 16790 26864 31591 60630 -58641 -3203 -10459 47988 61098 53212 15795 -11292 1047 31814 -10664 -25645
r438 13399 -17070 23110 50941 -13044 36543 25603 311 49544 14509 -1070 -48599 64878 -57411 52339 58529 -5742 45783 -13757 -25922
r439 -45425 -43718 26628 -18131 -41967 -44263 65091 5905 -58957 58628 -44558 -30446 -21594 44045 -12117 63441 -55108 29144 -6917 -10664
r440 -33129 -25208 -56109 -26987 -5694 -59954 -64989 56533 -43468 20494 -32679 -10830 27435 -62476 50183 -41617 53773 -56543 -827 1752
r441 -34183 -61374 26707 51503 -62580 36528 11331 -36077 -14442 -6558 -63286 -51764 -25711 42542 60252 21198 44434 -29002 14380 -18684
r442 -32753 8202 64125 63314 61636 17329 62542 -38014 -31410 3642 34682 -28589 29335 -28728 58166 37153 -10914 -53036 5732 32740
r443 -20 44847 24676 19717 45126 36611 60819 -27278 17960 -22506 -40640 -26265 45096 23741 20876 -48068 -36839 31897 -14363 55254
r444 -39057 -5227 -29770 1415 34558 26328 35888 59176 -61601 29751 31707 -24882 58828 -5314 -42046 -42047 10681 -52191 29199 17682
r445 -59622 41771 27212 -46602 3623 -54905 27661 64546 34078 64530 -17925 -47948 34788 63320 -34591 40403 26405 -20689 10795 -64549
r446 -10431 -39277 37647 -11914 -44060 -856 -52743 -20130 39577 1805 29815 5553 -44738 -29357 34416 -52284 20682 43652 -53797 -63577
r447 14760 -49465 41859 -34964 -16021 15479 21033 44028 29432 -7973 -4834 -33216 -49316 -41501 8340 -13219 57559 14909 -50725 -50601
r448 -47154 35767 33841 65277 -49004 63988 -53617 -8114 -17647 64456 -26016 -1820 49870 23124 -23081 -12706 65378 -12243 3932 -49435
r449 58418 -8258 -38847 -14654 26846 20022 55505 -61269 -26478 -53462 43883 47021 22868 60869 51320 -14840 43376 -39560 -62215 28029
r450 58790 36071 -37355 49768 18562 -29272 34629 -27597 21564 33159 -28522 6564 64613 7272 -15535 22782 -1424 -47723 -56024 64753
r451 -54743 64176 63007 52720 23977 -47109 -43686 10694 -30033 -30407 15469 37652 -28318 16260 20502 -39049 -53583 60295 -4022 54409
r452 63135 57653 -48101 4183 -22893 49285 10029 46234 18187 -37743 17888 -62440 42490 47544 -43813 -37703 -52098 34248 47768 -46497
r453 -5625 5383 2141 29884 -10776 -37310 9284 -50455 61397 53937 40838 62017 -26373 -38662 25423 -13948 -37695 -20895 35953 57135
r454 44696 11264 20497 -46884 50546 20070 -13440 -62025 11988 60414 -23745 37782 -181 23446 65058 44086 8787 -5825 -64098 41761
r455 53189 30144 -27690 20385 -50472 57601 60136 -59602 62938 -46560 -57411 52756 -62352 -11396 -40303 -34064 60155 -8690 -48375 47812
r456 50467 21458 -26196 46296 61018 45503 -41402 55551 -45173 -43971 12338 -2580 23387 -25313 -27879 36127 18116 -6334 63682 -62003
r457 57970 -20366 46331 57755 -23004 -3105 -31527 42643 64026 21352 -8062 -23650 1952 -20379 -10816 12080 29750 12457 2502 38006
r458 -25615 -39342 -2912 -53633 -37051 -55046 58179 25294 58254 -58527 660 -13097 -39675 38241 -17683 -59738 32389 234 -7881 29730
r459 6741 -13207 2018 18709 50746 -26347 -34210 54698 3512 -31725 -5462 7052 -50043 63945 -52914 27365 30820 4036 21098 -29449
r460 60671 -31679 65347 12335 -63475 45265 -35104 62826 -55636 -65160 57007 39268 2205 -33135 29491 30298 14027 52195 45584 -59026
r461 10812 27946 16001 26471 20932 40199 40060 16442 4956 -47534 15522 55815 -35614 58531 27431 -14636 24969 -2298 24689 37084
r462 7209 -35716 -19597 44504 -30550 -50736 38639 44811 -7244 13454 -11762 42550 -30967 -33528 21425 20847 55004 8645 51350 -1380
r463 52534 22545 -16909 -33366 30714 -41648 -49174 53172 -53311 -51435 28504 -12634 -26684 -14419 -20720 -32037 13982 -28118 44622 63645
r464 -1453 7741 -48323 28305 29699 -29607 -1610 -62085 61632 -16209 -55494 -44976 -23141 -47840 -32073 59879 -31245 -33201 18482 17270
r465 -32139 -51481 53389 15056 58863 -48119 -26383 52384 5104 53600 -59433 -22091 2420 -39845 -3922 -58805 -47127 -3354 52185 -30052
r466 20230 -44920 14770 3388 -25014 31792 28424 15835 -31205 57097 -46427 27146 36612 -42745 5715 -21168 -52689 24468 -27346 57687
r467 61617 26580 -15125 26191 47352 43695 -26343 -1086 -30653 30124 -25535 -42555 40606 21021 32886 64471 -15858 2719 17707 -4472
r468 31013 33497 18827 64018 -43235 -42288 29620 -52203 -4398 41700 37706 -37375 4925 7134 60975 29713 -34458 61770 8769 -38819
r469 43289 45724 10813 -46251 -23501 42175 23190 6279 44755 24205 -664 18177 15575 58214 40786 49629 -12857 -51936 52696 12153
r470 -32456 38720 -33857 31663 4138 -54535 -12462 -51836 61745 -36020 -32446 -33063 55064 14663 35945 -17889 -64874 41509 -2950 -6337
r471 4688 6876 60570 -44471 -43301 57734 30855 54975 4455 -17061 -46633 6901 -10138 -54126 19493 18835 55495 40687 -14731 18521
r472 51649 38316 -53637 -2464 60150 -49613 55142 40445 -43360 -59603 -43213 48159 39230 31681 34873 44303 -57579 -49988 25289 6423
r473 34096 15505 -27080 -40938 -21580 46862 21840 36948 24613 37451 57727 18788 -54232 -11947 -12908 38243 -58882 -30616 -3846 21372
r474 11974 9185 -61493 -7426 -27005 26420 36391 -56780 33373 -9005 -41777 3728 28840 -63008 -40425 61606 51289 -21027 -44487 27733
r475 -14654 -19558 -27880 -54045 -44952 -8008 16585 14334 62291 -36840 -58089 -10594 64400 54144 3646 17802 51668 -40073 -2965 -36999
r476 59531 -52865 -44279 -43082 -43014 -57318 9286 38536 37409 -45781 -58609 131 -38395 34868 -48706 31885 -10044 -19685 -13952 54100
r477 -10429 -43292 -10832 29138 18000 28988 30610 -53296 -54754 35794 -35586 16637 54181 29544 35829 38988 -65343 26242 -52592 -8706
r478 -19280 -21828 -23291 4659 -7636 56808 34277 -48131 -21072 -39418 49765 -22776 2732 -32976 -28980 8678 -40846 43785 -13059 -6468
r479 -26134 -58203 -46606 65256 15359 -41203 65443 50357 44690 6213 -40076 -49943 2984 -21928 9119 7304 25085 44922 -59657 8080
r480 44971 59354 -35904 16605 57632 -52250 -44041 44241 -1645 33357 20005 56857 -11664 -27725 -52468 3011 -3848 7823 -19166 64033
r481 -32308 -51623 45307 62015 -47495 26918 -29342 -42070 -36829 40801 -52513 -61172 -1162 -63499 -9441 37943 -42178 19341 13741 24019
r482 -20341 47446 -17315 -21166 -26462 -48617 -49281 40056 51175 -31967 -41838 -35128 17057 -523 12232 43242 44634 6239 -35967 61557
r483 -13526 -33876 53828 -61186 1758 19618 27076 45019 41596 -43483 -29243 44134 28066 56782 41469 34 -20762 56590 44103 5083
r484 -24558 -63474 -23660 46568 -40675 -23852 -54902 63051 42357 38298 -57603 19386 39907 -48358 -30149 -46751 24864 10650 9173 -45625
r485 -24712 2860 -387 36793 -44266 -7367 25439 -51925 -35170 -12615 62528 -34466 51959 -11740 18869 -40249 11391 -58109 55383 43690
r486 12064 -35604 21585 -33010 8836 -10699 -16911 60055 -9304 -35800 -64957 -8460 55895 5044 13011 42243 -12369 -23284 -15928 -64544
r487 -39048 29769 -12808 13926 6086 -37718 8746 -37457 -44316 12946 21627 -21919 31899 -44633 37003 -14528 -7273 25643 62800 -58374
r488 13045 -52404 -12264 -42425 30858 19841 -61912 6898 -47531 -15934 -35488 -64616 -39481 -21779 5982 -20724 -26034 63138 -34718 23426
r489 55469 -56127 -49712 -58505 -15357 -5378 -46992 -7851 47921 51987 -49264 41216 4075 -32618 33093 12836 37066 -61907 -50696 7242
r490 13449 43925 -59420 -37097 4202 41564 -64248 -32917 -35405 16366 13048 57590 24930 1027 -20998 -60227 -65270 -58495 29018 16038
r491 -9801 -47800 -37808 38869 37242 31202 -32398 -10663 -57470 -47952 4269 -18413 32632 -54904 14163 32395 19767 18157 -31451 3879
r492 15275 -48024 -12575 36014 -17634 -45996 395 -39848 28960 49888 -59345 -35488 19935 60021 39323 -21273 -54408 -16288 28082 21938
r493 2258 1873 56502 51231 31465 35737 57339 59647 -22774 23726 -44523 12669 -46145 -38156 27178 -58203 -7361 1275 -65020 -46897
r494 -42682 -26231 -39344 59374 -2371 -4696 13377 -30506 -1784 15069 -64944 45069 26421 -1020 -56642 -26426 -11332 -47085 57805 -32121
r495 59185 -42703 1002 43425 20406 -48105 9459 -59440 -1653 -26494 -18485 40407 47611 -31807 -39801 10809 -16500 23786 -40160 38079
r496 58771 36877 -16419 10429 10559 22914 -21582 50950 32971 20617 -50337 48856 -39342 -14962 -3019 18390 49358 30729 -55121 48302
r497 28975 -8770 24444 -47664 42339 52152 17929 -2446 49651 -33807 -3880 27443 642 30946 25194 -7457 -733 25052 -48807 57484
r498 -9683 -17392 58490 52023 47227 10308 61315 64336 -23356 -26485 9251 -52588 -20933 64341 26956 35854 -22412 33446 23752 -50878
r499 17503 -64593 28744 -38428 -32453 -8064 30087 33897 34328 -38830 -48416 21555 -14893 -54579 48464 25022 -13022 8025 -13378 22621
