mTable31 21
KEY  c0 c1 c2 c3 c4 c5 c6 c7 c8 c9 c10 c11 c12 c13 c14 c15 c16 c17 c18 c19
r0 -50183 -28441 14515 4328 21123 -15785 -35421 38892 50124 -29750 27196 -51684 22481 64679 19423 30334 27025 -31620 -44521 -36599
r1 11684 49641 47753 -24872 29729 34750 60985 59811 -62574 52584 -51824 -55441 52477 -65190 -41222 28689 4049 -16554 -16195 -32728
r2 -36048 -30081 -50368 42183 50339 -52265 -35502 -14804 -57706 -34533 -41280 62601 44771 -2070 8095 15488 49968 -1347 51818 -7041
r3 48047 59304 -42699 -3654 55385 -18690 -25738 -2650 55629 58420 -46044 -17345 -12518 -24669 59030 -36888 17204 -32067 -37318 45063
r4 19551 26952 7760 -55916 925 -38618 55570 -49564 -2438 -8751 -10665 1544 -62425 2043 47532 -55997 -22531 30386 -17939 -5189
r5 64388 8955 17076 4193 35356 65344 35565 23860 16783 -30171 -12523 -53234 13609 -28526 -10282 -48897 50675 -50537 11278 -22028
r6 35839 -55230 -45293 3531 -18300 40726 4751 17200 -43481 59702 -42379 -49018 53421 -62982 22500 51676 61407 9635 -35114 -53935
r7 -59840 22711 37179 -17549 51476 -12094 53701 -11719 29420 26363 14364 -37991 41210 40024 -37324 -36842 -58132 14100 23130 -56714
r8 18988 -53615 -35383 52032 -777 61031 43156 -47263 43055 -54914 -60216 8789 -5968 22208 39365 12125 -50433 -64834 9740 -17807
r9 -55589 41330 42425 60977 -64675 -1676 -41827 65485 41115 -43547 -64405 -3982 8568 -2327 65074 -54850 38878 -62447 -13163 -41245
r10 -55245 -18118 54582 -33082 -4306 18634 -19284 -50785 5799 -33128 13126 45731 -16146 62301 45667 -62890 39622 46663 -28786 43802
r11 36554 -31787 23848 -14904 28740 -7311 39976 -51901 48385 50079 4300 10332 -59810 63382 -27176 20821 -23888 49327 -14796 -22203
r12 -40546 -58942 44135 -10422 11401 50460 29497 -36927 -52716 -26186 23554 -27975 6131 63642 -9464 -3744 47693 6103 -64759 43829
r13 60380 -16725 -2590 4900 -61953 -54249 -24073 62743 -26340 44269 -12341 -15143 -9653 -1836 64076 -15523 -12181 -5947 -48078 37914
r14 21684 -37154 -6381 57867 -18030 8274 -35584 -45169 29719 19387 -22500 -21623 -1400 -62350 -21619 44108 -16029 56350 -17721 -14497
r15 -62567 31018 -39735 -65200 -53771 43071 7841 61257 -11372 1344 6047 -41065 57138 46514 55193 -2403 -5714 -50527 11525 -42865
r16 508 -32255 25115 -34117 -59800 52559 52229 -37199 -11363 -29956 -3734 -50619 53519 -11810 12936 -54677 -64757 20848 -31165 -33818
r17 -54330 -4729 49500 -12696 52514 -33166 -30887 -19589 -4278 -15336 62494 -48820 17897 50015 41044 -10426 -2665 63571 37275 -33972
r18 -16726 33966 16860 28515 -3234 37302 8135 -17884 30715 -18507 15217 -63905 -54252 -63186 -59319 -54748 1341 -13171 -6401 14144
r19 -4002 26929 -23168 36778 15314 -52303 16186 7005 -57836 -6919 -23563 1011 13845 28117 60155 -59519 17463 23989 -33315 61550
r20 42533 17516 -6069 32109 -24666 -9841 -56360 -53053 64135 -40641 52899 24092 -36186 -44080 33485 42548 949 -44929 63042 -63251
r21 -46241 6486 45241 -8496 -22529 17385 38970 31877 31919 32998 42449 -23049 -15634 -14375 39987 -22563 54181 -64082 16489 -31414
r22 -54415 -11579 -20960 35800 4346 12649 21225 -63635 30195 -40694 -23306 -39385 -24864 34725 24250 18998 54248 28557 -47665 -48643
r23 -6505 -62458 -39990 -37643 -59949 44042 -33011 41756 -38477 60781 -39854 -33037 30957 -32242 -49782 18944 42529 -5237 -15871 -64180
r24 -12429 -23790 7126 64638 1244 -19904 11642 -61708 29553 54989 36789 52968 -40588 57585 -38744 -14950 -17682 12181 -30171 -21115
r25 -51522 7589 44233 -64457 -34677 -22210 16035 -39094 26306 39876 30370 56829 6513 12560 -10629 -27177 -9553 5781 -26103 15907
r26 -62787 17448 -13424 19555 -33633 56741 -11405 -21716 32381 63110 7310 29633 -65182 62088 33850 31794 64270 -42195 -13441 -47136
r27 -44526 -27947 -44100 21390 -49821 30768 -3176 52974 31097 27927 33677 -12158 -51802 48915 7038 -19411 -50877 46837 -12491 -43881
r28 51060 32172 1276 -6932 -25955 54836 -24849 -55564 59539 -58292 -44418 43541 -7891 36543 -21263 -3518 -12847 51846 -18024 -30438
r29 -19850 -25112 -16155 -36654 5954 -16469 -29095 -44992 58461 18876 14597 -10857 -12191 27211 30644 14732 40242 44969 -21958 -47063
r30 -13383 -31330 20106 -38388 14558 14296 52006 62793 20260 -31303 -18271 15033 10699 24436 -14606 -61057 30129 31463 -56539 -45771
r31 -39604 -57389 -35531 28043 -44840 58477 -2301 35897 13080 -20248 -44960 3761 53606 21205 19029 -36860 -2617 42293 -27749 -51891
r32 -20332 -53307 -63928 -22742 -1610 -9852 -9486 -24024 1159 41845 51783 20687 58729 -29596 60936 63813 55239 35312 60004 -22560
r33 37450 22283 -47878 14979 -2870 -18067 33311 -14886 -31212 -6450 836 40893 -30328 -37744 -37469 -64274 -57495 65099 -41939 38852
r34 53221 47633 7912 41969 -15360 34250 64507 12600 49834 15093 59626 38999 -19335 6249 -28292 26851 12145 -4651 -23655 4775
r35 39379 12892 -36215 7672 52912 54617 62819 -11682 48411 22276 64134 -38715 -19459 21931 -18387 21034 -58337 -29246 33947 58103
r36 -36891 22952 57678 -9158 -42625 16451 -13329 -55196 63458 5606 15161 -62369 25097 -39361 -16244 -61742 37366 -59423 55338 -58277
r37 8358 3919 12289 -28468 55628 -50918 -26534 2819 2857 -65137 -47038 31499 -32992 -10750 26603 -36230 -13670 -40113 -29832 -8050
r38 -42481 -5645 -57027 37137 1377 808 -4244 -39560 -18656 40833 57619 -52526 -37706 -55126 -60608 61538 -9138 -63039 -31673 -10548
r39 55902 8691 23217 53308 -4265 -4823 -39312 40513 11330 3269 -65469 -10954 -43435 12800 -9885 -20554 37015 -14133 23870 -55111
r40 65275 -4599 -42592 15239 63933 -33452 -28658 9131 -41479 30830 -41025 36809 32098 47387 -21278 -12767 18176 -27344 -34478 -52752
r41 -46521 59337 6644 31209 5603 47938 -47662 -50853 37140 20966 8828 -60407 -35961 -9258 31209 46371 31743 19651 60083 -37449
r42 -64956 39636 -19949 -5744 -16263 24294 5184 -57473 32859 -20804 -63204 57410 14235 33443 2843 4759 -44103 -43607 38646 11255
r43 57640 -43042 -5368 60268 61982 -56455 57602 55219 -19976 3169 50619 -59765 -56953 33085 23950 38049 -12971 -45137 -57115 -29508
r44 50803 -36964 -63958 -31325 56176 -21211 60617 -44687 54396 64212 15630 -28617 10333 -59460 38768 -28116 -11342 15407 -17525 12952
r45 35794 52083 -56084 51881 23669 -8153 42663 -42414 48086 -36013 45988 -55147 -14494 51492 -30558 982 -29206 35115 64576 -40860
r46 56558 -1197 65497 -21495 44459 36908 -24308 38392 -37834 62614 479 8699 54165 -35243 -32639 -50149 -21106 29480 13762 51423
r47 -38444 12213 -33256 -39157 -3912 61370 23045 -58239 29676 3760 -22389 32788 -38098 33233 -61471 -27204 15307 21884 32923 30215
r48 5426 53595 57954 -58416 -43603 29120 34374 43244 -23736 30563 -60356 -10889 30781 41665 2444 -13288 64029 58124 20688 -59653
r49 47068 65290 16080 48412 -45471 22200 -13224 -10191 -51846 46209 36530 28332 -56165 14659 62070 34753 -41921 -21260 62783 -57097
r50 31558 -15887 -62986 -10818 -57065 -43694 -10852 -37944 27169 -8682 -27000 -15192 -17664 -23500 -57813 19562 -30610 -65162 20186 -16175
r51 37701 41103 60765 -43136 35490 54382 -60581 -16546 50263 -4594 50682 -54330 47434 27485 58048 35864 -44212 48431 22754 -17514
r52 60422 -48816 -63990 -1708 -31343 -24543 63465 -12877 -31093 54124 -10227 25678 -27309 41390 27220 39585 41979 50048 12180 -64800
r53 64867 -12730 23108 -63969 30104 35842 2502 -26572 -40378 46618 -25885 30081 -56547 32252 -13265 16928 -61236 -1103 -19842 9082
r54 31624 19624 -11453 29044 -52458 44595 51419 -38473 24360 47751 11847 7877 -9808 53184 -19995 -58868 -54996 7248 -11523 10253
r55 -45356 -43177 -19091 5461 15003 2627 58778 -50032 -57698 -56459 -28181 65435 -13740 751 40760 24789 367 14308 -50724 14579
r56 18870 54246 23623 32674 57068 -46956 43893 -43631 -22162 59910 -23799 24752 -29316 -64613 -56183 63390 35552 -19401 6335 -26847
r57 -17118 -42409 -43389 15999 38106 -28651 -8388 21226 63426 -58895 34738 46210 -18244 -40449 16763 -38892 27462 23025 -2591 50999
r58 -11792 28382 10404 18102 36132 7409 32542 -25781 -22761 -64353 -11843 19194 22757 -42662 57439 -49799 16538 -46734 -37749 -8496
r59 -36375 35506 -49782 -12967 -39155 48690 -42053 31857 26601 -65210 13027 -21475 29328 -26424 52523 -35385 63047 -53313 21687 -52250
r60 -29876 55060 -6301 1779 20406 62314 -13703 -53831 42557 60170 -36271 -39151 -3210 1759 -39789 65352 25117 -21964 46338 23826
r61 5566 -26868 -45613 -10973 -36480 25293 39782 1168 58266 45757 32148 -43412 61784 -14944 -62669 21210 22736 22466 63564 -28464
r62 43221 18816 64137 -49617 41157 -31998 192 -5813 45349 -14989 21370 39 15169 61648 -48602 -61920 -57949 -12890 -11694 -38835
r63 7536 -33694 17392 -55039 58209 27313 8268 -30073 48019 53461 17560 19990 -16466 47233 -12604 -32581 30575 57807 26175 10493
r64 62432 21034 9280 47155 -38321 -65437 4035 -19691 -8169 58760 -20074 28305 5154 24599 36570 -63422 -48548 20263 27944 -3563
r65 6763 35970 -36959 64289 9634 61101 -15959 24294 47766 -21245 45968 -53212 -13044 -33298 -41432 40185 10275 4702 -38260 -62465
r66 -38150 -31748 60591 34111 1421 14087 57724 49669 60793 -37669 3092 -26759 -22509 -29334 42840 40466 38246 -9527 36610 -58784
r67 -53601 -62711 -25878 60745 -41198 -8747 19436 17055 5210 -58132 42136 14742 -54412 -21244 55177 -18238 539 -37072 -5806 -5141
r68 45175 -8906 -26072 57379 -55082 34120 42729 -27434 -31725 1860 -44977 -40329 -23413 6498 60452 38128 40956 -7814 -43779 47725
r69 -21126 -52149 -19793 21128 48516 -32005 805 31869 -4704 49388 24692 9705 775 1441 181 9927 -626 26420 44238 31770
r70 -62269 -27015 44612 55008 -11367 -41730 33415 -27471 -29544 -15754 -35277 -56286 19977 -49005 61540 51627 59939 -4811 -44200 -673
r71 -2560 874 -26649 3486 33439 -30950 43532 -43039 -24842 53714 25456 -16209 -27675 -58662 35565 59798 -16888 -58958 40792 -25004
r72 -45505 18637 26649 16279 39292 34376 -55418 -61469 -21888 -27823 11108 -45757 -62944 -27511 -23876 -40874 63491 -49131 -29633 -4582
r73 -18236 50310 55968 26607 58613 -34041 27535 31008 -56215 -44034 12665 -49948 -40164 14762 -30227 -119 -23458 -63849 41255 15634
r74 57787 -18392 -54261 -56401 43352 -48676 -54269 -2435 26934 -58404 9527 -18732 51881 30134 19734 44295 -1448 -39572 18058 -53989
r75 -35314 -50121 55470 59789 64461 61315 63730 -56716 -28740 -59395 6538 10037 -59542 -51709 -44316 -30700 10642 -48727 -63218 23300
r76 -2736 -38105 44667 -56418 -6681 -51379 -23496 22487 59717 -35191 28138 50582 -29571 -50062 54823 15204 -34723 -37030 -45356 -31432
r77 -1370 7380 51643 10882 35713 -34115 -40358 33566 -19119 -30686 -56204 -110 -12478 61573 17763 -12672 62328 -27743 12853 -1372
r78 -44133 -27099 50246 42746 -36677 -137 59669 -14595 55572 49340 23748 2723 -4274 -21316 -44695 206 -48229 -39528 19574 55570
r79 61028 -26810 -21893 51439 64435 -46568 -44027 -56387 3948 -37216 57976 2978 63229 -53006 21642 37157 -20784 -683 -10390 -57805
r80 40635 -4508 34261 8737 63809 -35853 7854 -38089 42508 9267 -53393 29753 -53143 15493 -21070 11868 52012 37078 -42028 59488
r81 8560 25215 -44612 -61050 -49722 22802 42669 -19267 8166 29437 -39988 -28069 -24506 44395 7205 1031 21581 58437 33751 60514
r82 20152 2705 -61009 59318 -16947 55045 -59369 -12473 -22755 5676 9516 56941 -55396 61542 -22874 -24844 46522 2901 -65062 -26807
r83 40662 28757 -62018 59316 18497 40546 -38410 33815 -18783 -18137 -13874 -58570 -58623 21056 42035 -64777 38077 27934 -17393 -22615
r84 42783 61612 62541 -31164 30385 8707 26104 -60093 -4251 47809 -50218 40537 -48547 9830 -27176 -25750 32934 34476 39216 48814
r85 -21543 37524 56415 63231 33078 -47329 -45233 30083 52810 -47747 52888 25963 23027 55801 60961 -11617 -27034 -44003 -24990 24025
r86 6777 8803 -46873 -44808 -58662 44310 65039 48724 6837 -733 -15790 -58714 -52134 -42220 -36814 60202 -55185 26220 4821 -41861
r87 44601 -2260 55676 12175 -57963 41942 -60487 42784 18400 41878 -10145 -28220 49212 -42313 30041 54311 -48121 36955 -2174 25836
r88 9756 -11715 44367 19278 -55893 -18888 -57081 -48837 -64734 -64338 56441 2253 -25840 56841 -12051 28418 16078 -52551 -23217 -10330
r89 488 16624 9042 -620 -51305 -40214 58873 22225 44536 -38059 -41942 22568 -54604 64551 33890 39944 -16310 2043 -52334 61896
r90 -65051 -51794 65494 -46769 5393 20293 -56235 698 -24749 65526 -40052 39232 38585 60208 -22479 -18571 -3831 -62032 40322 24796
r91 -2174 -40930 21060 -45259 -28801 -15765 20641 -59968 47329 -20674 29353 -8247 -61207 40645 -58835 -33305 -41029 61814 31272 -55474
r92 -40678 -54910 -48562 24822 37454 37424 -30290 -30238 -61797 50594 -14470 -24691 -39825 2971 14347 29176 -6904 12831 54932 61415
r93 -25202 -53086 14280 64556 671 7285 -23901 -39923 61510 -669 3740 -61735 35871 -47709 -10508 20768 -28195 29560 -39702 9848
r94 -56920 15051 -64520 -31942 14107 8067 -21759 51945 41781 55996 -13630 -44927 -23096 42723 44591 -48047 5344 62205 58472 17499
r95 -46936 80 -17093 25083 49732 21800 -12061 -8181 46502 -42837 55737 -39285 -15442 -28737 16342 -61103 15047 -40471 -64520 -2895
r96 -15113 53650 -58934 39171 59582 -40059 -36028 -974 -62609 15704 55835 49757 51351 -63377 30951 -47395 -8497 61093 31205 33750
r97 16849 23494 -58228 34648 -21184 -21661 4824 -55604 -7303 -62246 -47779 -28165 -48584 -12417 -56587 -15963 20026 -43626 -37004 -40022
r98 -20910 32056 -2679 26834 -53974 -4414 -51882 23019 -59131 9006 23063 -58435 -40537 58815 36611 -62921 -51692 35028 30327 35408
r99 -28418 -48657 -1479 -13207 61921 30260 -24828 -17546 -41680 -47025 14910 -51611 -56626 56257 -56428 -5532 -10126 61345 -36647 51429
r100 52664 15072 20515 -39868 -53054 -59990 57663 62510 15819 46494 32675 63162 -22855 33837 43751 -40954 37960 17123 -47939 16794
r101 -46067 -35866 31077 -43744 -5852 9612 -20942 37258 3433 53402 54286 -4574 29420 14684 -56517 59951 64534 -5548 -48719 24036
r102 -48237 -11839 25979 -29717 18124 -4352 59559 -8419 -1425 -1747 -27627 -41537 -32836 -11801 -18353 3854 41006 58808 -62114 -24249
r103 63908 53549 -16081 -59130 52617 -16720 23893 40741 -18420 18803 -29514 -56725 19786 -49141 -32467 62190 91 -8017 31598 -13734
r104 49233 25733 -57100 46037 58048 -21807 60557 -28195 16527 -32216 -28416 14851 10381 31827 19763 48382 -8897 23356 55563 -62085
r105 -35239 43397 37328 -24748 -35317 2006 64721 -36026 -47167 32472 -9591 -65128 24762 -46074 60529 31811 5432 -32886 -49075 -11783
r106 397 14964 37657 53458 -8778 64494 273 -31184 5001 -18220 8230 -10526 -7465 -16540 -26668 40841 64011 49286 -32793 -52864
r107 -54413 -3452 -1747 -41074 -4363 27456 -21758 -10561 -26017 19561 36553 43976 65456 10534 58140 62828 -31762 -47534 56383 -36941
r108 62969 58172 45880 -45027 -33078 -60946 61235 -33251 31550 53516 26962 -55388 37092 21635 35130 -41484 -34480 -33946 -3600 -6987
r109 -38155 -3059 -30261 14683 28289 26599 11099 -11446 44351 26689 37550 -40675 -35412 19929 -35981 32745 -32236 -37600 -53428 9607
r110 40247 58644 14515 -14863 -57041 18051 59964 28651 -50139 -36800 -55296 -63340 -10239 -48386 -19475 -35749 54307 -24749 -33740 16577
r111 -37749 27274 -58136 -26653 33057 -2647 22361 20364 31137 43868 -3401 35177 4692 7576 -23454 17719 7866 -24546 26037 64974
r112 -44033 46472 62445 -34335 46467 20775 -61940 53235 -43425 27459 -54058 41627 41738 39550 39607 -36080 -20140 -13185 -42860 51024
r113 25373 41238 -4294 -17225 59364 8760 -4471 29022 5559 -9568 -56067 -27420 24618 -63284 13685 63310 -44106 17579 -10028 -16173
r114 10727 -40608 -38286 9838 48071 -44024 -42041 -20843 43792 3193 11214 51036 -43948 -59964 56123 14533 63173 58563 19249 -27606
r115 29621 -36778 23777 9169 24208 -39063 28503 24931 -13866 397 11066 -29576 -54724 16441 -38311 -8989 53175 -1530 -17282 31262
r116 -23276 -14098 28870 -35625 -47405 48565 54871 -41115 43376 8669 52529 -59340 -10198 -4056 -63418 35682 -39198 22168 -18698 -45619
r117 -58137 -41848 -64475 -21611 -18980 -7439 44090 -56189 -37785 46960 -51488 -37741 34267 7458 37709 32834 -6956 -17949 -41200 -51093
r118 27863 -54745 -12966 8117 14259 2444 -42884 11355 61325 -42642 13360 54201 25060 37636 21397 -21631 63518 38908 -52908 11166
r119 -31054 -12369 53788 52477 -61969 46574 31657 53359 30023 -31201 65299 17525 -26416 63490 40785 1654 64032 -8341 -26297 4722
r120 35424 -955 47269 44135 -8615 44264 1885 42582 -36871 23716 -40215 25659 51850 -27634 45733 62271 20230 -63954 27463 -50659
r121 63785 25625 -29291 -56878 63781 -31894 -35604 22674 34140 60255 -50139 -61001 36873 -41129 -25775 6730 47480 -12755 60327 -16255
r122 64042 -9387 -48853 -16244 33122 49995 49136 -5179 -59427 36948 35233 -6458 -8395 18163 34932 -25679 -15936 15449 -57318 -57083
r123 28045 -53163 47722 25198 25485 -20938 -37254 -45342 16771 -612 46565 5674 -27506 9112 -19043 -66 5334 -43917 -58454 15455
r124 1779 42336 -64820 -26392 -52434 -15564 33557 56246 13418 22800 -5396 40877 58535 -37787 22184 39285 -33806 -50290 -60170 12120
r125 -64696 61425 -43410 51188 62573 50879 47527 23875 -55470 -32189 -24580 18498 -16919 -37293 36979 -12304 19340 -50518 -20923 32747
r126 48881 -16913 -55740 12054 -65212 -52143 -37006 12830 -27385 -9180 -38922 -44537 40292 16908 47300 -47304 -10083 35788 15044 -61156
r127 5675 49272 -53914 8278 -19950 44505 60370 42740 -4034 -19059 -11719 48840 -28032 -46112 6621 -25102 47445 60195 -49060 -13271
r128 60305 17850 -5816 48961 -41880 -1941 -36436 -1483 34781 -3888 -25093 -60975 9698 -37952 5124 40664 -20892 9980 57807 -35986
r129 22266 32276 -34091 -59677 1578 7741 2514 -37811 44138 61006 50964 -31878 10660 -7702 -10657 14623 -16659 57596 -748 -12073
r130 -41766 -27206 62922 -29669 -61582 -49257 -29171 63222 -29668 14876 21828 38829 19856 -56927 61557 15378 -97 -61262 -6615 -45629
r131 -19915 36725 42272 51358 -30794 -1586 -58582 -2346 20505 -45124 46543 24967 14895 8326 2372 23936 -16687 31966 9161 -48526
r132 -7231 -54230 2260 12615 46507 10491 3651 -38574 -38318 2480 -63574 -3044 10449 -59524 63846 26725 -40474 -7041 32981 -12082
r133 36127 51033 -28348 -53452 63798 -51683 32421 -58535 64761 40719 -24426 35191 59660 -7040 11551 -24135 -54811 42746 39829 -65533
r134 -19702 -28680 -37738 -43290 -11720 -17712 53606 13486 43807 -18466 -9819 36620 -23839 -16885 9940 -10536 61879 -4614 -15955 -34131
r135 -8908 -46972 -16925 16271 -7403 -10740 -28162 3955 -28944 276 5952 9229 42783 23070 58399 -64281 289 9540 12062 -7324
r136 5632 -46316 -13372 -54283 -12955 3531 38119 10692 51294 -1257 -9687 -20125 61413 -20610 -30817 24125 27702 -50212 38390 -35804
r137 64676 65521 -42686 62192 -4014 29730 -20988 -3195 -28681 1283 43799 45961 58446 -39928 36830 41908 -31783 -10649 20811 32662
r138 -52838 55108 23910 -11320 15768 27807 -41803 -5736 16796 62074 -46891 -52990 10756 16902 -21251 -51487 3657 -63403 -48439 -14826
r139 57695 -19338 -33434 -30488 19148 16788 -54421 -8334 22090 26667 9077 59669 -65241 -48499 -14894 -16691 33321 -51562 43464 -26770
r140 56110 37980 -58817 23907 -63694 -10794 51878 49357 4645 4976 35307 27493 -30711 57846 -65025 -2136 18552 -14504 53115 27394
r141 -13504 -39466 -60077 -54213 -11958 58026 63159 16829 23326 55754 59399 55512 19913 3461 -22281 9928 -11668 36142 4898 21730
r142 -7130 59552 -6749 8624 43087 -62217 -64334 10965 -53889 -2595 29479 -41198 1456 -46107 19931 -883 -14014 -13043 -45048 6085
r143 39352 23738 -23470 -11467 32627 24365 51796 -25670 -39115 -52313 -35072 41167 -9671 -32072 -22369 30496 -16893 26075 42135 -46364
r144 -19598 -34489 6230 -54298 -58256 -56471 -40679 58098 7060 42827 -4655 -49539 -62748 42997 34519 4892 -6543 -22208 -4502 -33506
r145 -7971 32863 50166 -61224 -37194 31020 18372 -63089 -44092 -40642 -37294 -3495 -8000 42250 7424 -49840 45455 22877 -64563 58433
r146 20867 -27949 -17479 33370 -15997 -21119 -55046 -32086 -16183 12734 50911 -3662 13078 -62611 779 -44767 -40435 48244 12946 2793
r147 50840 -1099 15487 56790 56846 -50646 -25061 233 33143 -2918 44746 -11353 7118 -57454 -10285 -56363 -6297 20367 9261 -51420
r148 19688 29304 44694 33980 10650 1511 41431 -31147 37146 43213 2454 10956 7257 -35649 -38207 -20616 -37698 -39665 33858 1414
r149 49614 -53503 -28397 -42868 20556 1550 31329 7946 -34817 11508 -32028 -14372 59442 48904 61359 -2613 -28173 -21610 4782 -37855
r150 -49919 -57630 -24407 -20824 -30036 -8537 2508 56287 19316 -22360 13522 -366 -54688 -44882 -60055 12547 -6732 45828 -23101 -37193
r151 32602 64962 -20238 -8156 3805 -33357 -37205 -45884 39321 -51977 -25197 61263 -31309 17445 59655 -32672 10320 -12297 50863 -38612
r152 -16255 -43795 36037 14562 51781 -38833 59752 -44275 -37037 52558 42055 -25221 -34739 40735 23054 46809 58950 -57678 -48471 -21751
r153 39604 21568 28676 -60128 -41965 28894 -21700 57147 -47173 51739 59894 -65413 -211 -60565 -8908 6593 32543 -31378 5057 51058
r154 -59794 -54835 19731 29288 22079 -57673 -33770 52879 59564 1659 54401 6151 -51089 -17134 -8789 -57364 50550 -23260 -15241 -24390
r155 -43807 58345 -17771 29134 31270 -27736 706 -2377 -3615 -29295 26918 -62876 -37678 59285 -61517 57728 9899 -52205 18837 -13173
r156 34089 64764 43032 47039 -54018 57231 -34372 -11495 -7783 50809 -1264 -30037 -47891 43617 -22416 24974 -63634 53827 -11740 51115
r157 -4414 9573 -43393 -20060 -55829 40399 2508 21266 -40974 -52288 -52385 -41665 -65250 -16696 42776 -13260 46793 34589 -31947 -61527
r158 -8773 26925 -58339 -60259 -35284 19107 49396 32126 54121 -28263 16730 -1907 -6937 58510 23076 35979 8301 -20666 50113 -41812
r159 42800 51490 9193 -20353 -22992 17170 -25097 12476 58905 40292 5266 -37123 -44567 -16771 -41596 64438 65260 37056 -2052 38619
r160 -38516 -56952 -54378 -62154 -43962 -223 57541 14239 15125 -41932 -38391 3646 36651 -42640 -6789 -17259 -24285 -44206 -35466 -17533
r161 -26052 -22843 -33166 20905 1408 36341 -54116 5255 3085 34977 -28887 -64779 -24252 48443 28655 46811 23485 47060 -41288 57176
r162 -39645 -51517 -49075 27604 -907 -11835 -58897 -62078 -30080 20924 56518 32212 13641 -65495 18327 31046 -17521 63248 43379 32879
r163 47361 -23515 -7908 64962 2244 1620 30429 -52036 37369 -62933 26893 50260 4380 -59087 -17470 23947 -55994 59092 42844 -32718
r164 -62754 -53372 -4598 -40434 51518 -52887 -34212 26536 56380 -43743 49103 16049 -14982 -62529 -32967 58300 -18530 -49300 6357 15672
r165 -44660 40308 36079 46205 -8582 -24031 -19345 8466 -46804 -34157 52795 28981 6243 -45461 15202 36015 48636 -38383 -15047 50289
r166 6207 -36066 -15309 -53269 -32811 -11572 48082 32558 43791 -13248 -36687 -44748 60915 14302 -41191 11947 62723 42663 -46896 43457
r167 -21634 51131 64492 -45776 64155 -12385 57365 -41339 -9928 46025 12190 58615 -14207 63102 18165 -57852 -42076 11681 -9232 -16680
r168 26287 5783 -29120 5876 -23878 -46392 -11816 -14698 41480 -16050 18645 42446 -59219 -12168 -14620 3511 -41164 -63583 11828 -62318
r169 -2421 -64733 3758 52522 -2811 55865 -48077 41168 7774 -5825 -17265 -16701 -51379 52486 -23804 56864 21176 45198 61062 -50072
r170 -52290 -38064 -53468 -46587 35325 -44210 -65203 -33169 568 -46036 -62254 -33820 -18706 27298 -859 20547 13144 48 -13171 -57000
r171 45693 -50467 -65533 43690 15304 50872 33173 -30877 49690 -48017 -25048 12362 -63979 -16611 -54327 32027 -32581 -35038 30632 -16156
r172 29147 36904 61865 -43923 12010 -27400 -47638 54775 35968 -58649 -58894 3637 25393 37353 -57390 44641 7427 -46540 34502 13658
r173 12190 -50256 -24357 53259 13106 -55733 27745 -35706 -33296 -38614 -26212 139 19452 55973 53619 -35373 20738 39314 -26309 4642
r174 -10489 51175 -33900 29489 -42698 2738 7020 -6149 -7941 53158 -31925 56765 -44730 14012 -44460 -15705 -18204 2449 -17305 34714
r175 -37568 -32308 -10014 -33827 15773 -16951 -8470 -14979 54458 23258 58752 37557 29547 48266 48873 5658 62303 -14677 -8983 44158
r176 52209 6470 -19999 -59682 -65343 21816 44183 -64975 -3233 -48854 -21377 41026 36683 64385 -38384 -41799 9347 13586 -43938 -37363
r177 14068 -64501 -43728 -6132 2131 -50276 44401 43423 -39711 -26499 23914 -59794 -58765 12781 -48668 -43693 34681 49094 -32486 18279
r178 -16272 -58486 -52086 7367 -38916 -28191 -63520 29444 40866 -34705 -46893 63828 53661 43118 -7454 19218 58537 54188 -1793 -47215
r179 65334 5634 -41790 -59803 44709 15023 19818 -63335 50431 27993 -11060 -56622 -26567 -9198 47951 29386 63458 -39447 53161 -45972
r180 52742 -61362 61370 40572 5104 -59799 41129 3875 14285 41197 13663 43792 -8283 -31059 21839 32992 17830 -20424 -59647 46466
r181 -42371 -10780 32458 38428 -8115 -63894 54401 -32519 12804 -5596 -55437 -38256 16874 60733 -7797 6620 28630 -4819 24260 -1443
r182 35036 -32044 -51488 16002 4816 63065 -62832 26408 -12614 35923 50622 32301 13089 -40600 -52334 -50671 24066 -40507 -18368 -128
r183 49739 49146 -50910 39340 -23187 -44215 38136 22222 -1970 32336 -35922 28537 -49449 50319 54700 13078 -43456 -30842 -44974 4991
r184 46590 22668 12332 19421 -48239 27355 -3126 -64922 -35654 -34775 -37602 3870 -28061 -10445 -46343 56092 -22309 23517 -36287 -13423
r185 60171 32845 55023 8917 36657 40475 -36181 -14412 33034 35982 48438 30292 -37298 -27670 -11931 45496 -45614 19631 10075 55340
r186 27317 22098 -4469 8336 -29948 38896 58671 39398 -35047 -60845 -11906 51625 33227 -36368 -53014 65479 -57449 22653 18256 65359
r187 51803 62670 36780 27858 -14411 -31713 31510 10142 -44273 -50694 -49162 17702 19620 -59318 -17014 -36486 -30221 58979 -58372 7870
r188 -18708 18530 -62582 29533 28264 -7431 -29038 39117 57122 -37959 6520 58574 -43661 -9396 38755 28417 -65464 -55933 -32199 5931
r189 7439 55774 10596 31514 -47458 -50837 -11956 30651 16830 -41140 9591 -25191 53719 -17291 54575 -64413 -41770 -17074 -1267 -33193
r190 -50584 55068 -62011 11912 21587 -62312 9830 -4010 -58374 -2661 -23900 9226 -10686 22950 -24200 29042 28892 -57261 59831 -60532
r191 64018 12918 -65520 -29819 -16272 32153 42354 28217 -31976 64793 -1419 52787 -13529 14103 45068 32864 -45355 -48519 3575 -9454
r192 -20651 23414 -43685 -11976 43540 -41361 21685 3209 -40653 -46616 -14399 15111 23405 18482 -23282 12230 -50370 25227 -43846 -19259
r193 59305 -33041 49561 59580 44720 -37062 11548 -10541 -60873 15992 5792 -21291 37287 11048 -53578 -39806 -37498 19092 -62868 -6734
r194 -19989 34073 43229 -964 -59845 -9537 -38809 -33710 41165 -32338 -64970 50973 -45107 21486 14836 30588 51591 49471 51441 -13296
r195 -14458 57302 23414 43375 3396 36618 -1719 48140 -6161 33336 -52117 -47694 15565 -8002 7705 -52120 -50263 -25394 -48025 57782
r196 31621 42036 9566 29573 -4031 -23738 26273 -33986 8549 -24670 31931 54997 27948 -59098 37984 -954 -61926 -60884 43405 30723
r197 2198 49824 -26266 57357 8953 -41911 -31016 -59108 -12507 -10495 36213 49647 -61267 28736 -19703 -54378 -7866 -34744 36020 1179
r198 25893 30282 -36696 -18280 -54537 46661 -16117 -64953 -24694 31057 -58842 57243 29543 -29712 -38584 -47331 -3180 19876 -35444 36370
r199 4517 -64547 24967 -19642 19825 13522 -30976 9411 62796 -27894 -4362 6586 -11700 52080 -42051 10633 -48225 10514 63682 -10064
r200 -42147 -55268 19829 -63830 38235 61513 23923 19306 -57877 -28052 -10482 25539 -31490 -4222 -15079 -34892 -47072 -47257 -29517 15234
r201 -3342 22686 -24509 -54268 -2482 -64105 -14948 -52980 -16733 -17920 -16835 58478 61342 -58993 -40716 -4603 -54555 39065 -3822 -57568
r202 -29473 8045 -62474 28362 49528 20366 -23958 55564 2233 53062 -34176 266 -50526 59528 4335 62617 4754 63771 20036 -22726
r203 3245 52492 -41494 -21729 -30780 -15704 -2679 -55677 48024 63343 44759 -46494 -39848 -28244 -56030 40583 18768 -54651 32825 4494
r204 51063 17698 17692 27068 61421 -49531 -21239 -35400 11953 -12935 -59024 -33248 -44604 -2922 -15866 -27047 -59993 -38255 42164 48939
r205 -24879 60192 30642 -54867 53760 49003 23977 49146 47179 -43608 32846 -10791 -30942 58383 6737 -10323 38670 -32775 53084 -31770
r206 -40297 -48103 5967 -25936 -9681 -20961 53766 13647 23 27577 -47864 18583 29246 -21470 -13804 -18023 -29466 28039 13494 -21551
r207 59442 -12362 49980 -16472 25777 44462 44334 22190 -9048 36949 -63554 -1113 -49615 -3015 53698 56466 -3687 25577 54459 -60846
r208 -41927 16015 -34907 -50548 61017 23421 -35043 -13175 17683 25368 -41572 25020 -40804 -10194 45239 15181 -49653 -2047 -60765 -40493
r209 15825 -64659 -25930 5767 37549 -60541 53054 53778 -6590 6526 -46454 -60099 16117 -35496 51744 -60639 -6336 34094 -23315 21682
r210 -52952 -12454 1753 47430 57998 17535 -42199 4786 59443 -47741 -48025 -28399 16721 -13813 47852 -55812 -18568 3683 -11887 -36974
r211 -7625 -48768 -40223 38689 63222 15983 4638 65294 60308 63056 54107 -19525 -24191 -42952 -20115 -12634 -57589 55736 60287 -42969
r212 20647 45900 -62215 -33588 20880 -60872 -56844 -54384 -56801 -31954 12884 64682 37954 -58506 -63703 -52207 50059 -58800 41898 -35323
r213 -6029 -32411 48592 36797 18218 -20569 -16842 -1129 35630 -27817 -56645 7184 -12457 1159 52459 -21282 -25431 27136 -34493 -39395
r214 -60434 4229 32438 22562 28387 -40228 17996 -17027 -49978 -6631 -65117 65521 -42186 57078 49854 -34748 61919 -57489 -25968 197
r215 10815 -22766 -30953 -44984 21905 57896 -50882 57318 -10360 50573 -25266 -56210 -12097 -36687 61989 -15243 54304 64718 -13304 48969
r216 -38726 -64658 -998 -58132 53639 43117 45437 23881 -16472 -11384 50025 -62058 -31613 38778 39493 20661 -17400 -59141 -60870 -8517
r217 -16540 49970 46408 -33269 64681 53064 -3622 34549 -25040 -33837 -54031 24634 -36470 8088 27639 51834 -27241 46815 -24611 -22915
r218 40276 -19022 16134 -48978 1135 49676 31324 -41408 32720 -31270 -25375 -26127 20043 -8898 6371 15346 -45772 -13526 -62244 -46522
r219 56005 14535 12563 -1587 -4428 -400 -17101 -34628 36484 -14490 -24435 -8265 -29167 -62069 32388 -38070 -22250 -24017 5262 23889
r220 9941 53567 9462 36873 -55178 4674 -10089 -14019 -19837 51076 4498 -37172 -63906 -31499 52318 -36455 -28329 19656 -53416 31914
r221 -33507 -55355 62746 21827 -2031 -31341 30817 -64575 -40241 -65188 -2538 8281 -34212 28125 -11190 -40352 63912 -5792 -5231 21649
r222 -8285 2465 11082 -30674 -20833 15086 -11211 23235 46974 27145 -18046 46348 -15974 10456 39386 7043 -41624 42021 61964 63793
r223 -24877 309 3474 -31044 30451 -61058 7391 -28057 60257 64407 15223 56135 -54417 -4066 48692 24472 9939 56238 25262 11780
r224 56405 -57587 19761 -45290 26351 -53938 -38605 -52080 -21941 58225 -13094 -43589 52273 3817 15342 53154 -22628 -57572 -25831 37479
r225 -1409 -33872 31238 41200 43019 -15841 57874 41742 36588 37283 54870 16066 -60462 -34861 -10289 6127 -62341 -62486 -48046 -44584
r226 -49277 45977 50611 40520 3726 52346 63657 62397 -65121 43971 8678 36832 -63779 -7978 37738 54693 23534 28461 -11736 -22928
r227 -28526 13724 21973 2943 45986 -29716 -47341 18172 -12187 -11249 -25388 42049 -7576 43659 31930 24194 -33572 54442 -16178 16813
r228 -1819 17169 -34156 -59646 45258 -25796 37962 -44542 -29284 38498 -5885 30560 20847 -52307 1808 -47945 -26520 -62786 50493 -13053
r229 42075 39238 17531 -33400 9792 -39270 -52549 39227 -7617 36755 -42180 14368 -16336 -62175 46842 -44972 26941 -12424 49999 51612
r230 -18820 14064 -38154 63496 10321 -41806 8031 21364 36603 38609 -39831 -26971 -36135 -25946 33611 -59866 57707 21468 -42440 -6663
r231 57147 -18760 -24951 42583 -63643 -19303 -14667 20120 -32917 1537 26571 -22252 23264 63741 -12289 -35138 -11718 -15193 46306 62630
r232 -24930 -40692 -63106 27994 -46855 -30891 -57882 -51540 -54716 -47428 -7113 -49479 58924 47578 -36502 40922 -62116 -26005 62503 20526
r233 -41023 -50799 -4742 -18895 48558 17265 544 51165 -3779 -51558 -62909 2006 -63368 -3677 28984 -31931 -50033 -37175 16051 39349
r234 25211 11789 -63905 -49881 56255 -25002 -29328 49134 -37584 -14195 14350 -12726 26391 -44269 2397 29326 -10420 -39055 -36289 52489
r235 47439 23286 49246 -51345 54471 -6880 55620 47231 -58802 -20970 -61731 -48785 -10075 -56505 5930 -9024 -10416 -8638 1310 -18050
r236 -4175 7214 -53147 14038 -47070 -4682 55769 637 2131 313 48466 17903 55580 -50169 -7892 24062 22909 -24196 37869 14646
r237 39888 -31373 39315 -49920 31042 58385 -65177 -58717 53815 -50624 -45446 40355 -64700 -21335 -11997 57303 64265 -52798 64998 36351
r238 62885 -33495 13949 -12492 47471 -59581 -45146 2202 -14128 6291 48642 -34882 -63970 20138 -37167 -62699 6944 -48241 -33004 10380
r239 -21978 24566 55600 -17507 -5818 44580 38640 -4153 -31993 -42994 -41200 -61863 -34068 -51340 51128 -3109 12770 -53829 -53749 36303
r240 -21368 -40289 -51612 -18804 -42288 -35670 9295 -9573 -62480 6612 28174 -11057 41635 57358 -54938 34800 -48829 -51534 4193 -31037
r241 8339 44593 28168 -13521 -22942 21059 65040 27417 20471 1051 44006 -9443 -13382 32428 -24176 51407 60501 -6031 -61776 16813
r242 -34264 -57782 -25459 -52173 -60771 57240 -12500 64764 -20255 -58841 54455 31954 -1211 17196 23337 44807 44781 6026 -32749 -22858
r243 -34249 60722 44064 62781 -4929 -25544 15067 -10335 16329 50093 -63527 -20043 -63059 58320 36092 -6657 367 -35278 49357 -58148
r244 20638 18321 -49914 28931 52230 -44477 -4014 -2509 48988 -27015 -40163 -45124 39398 43224 -50168 -11488 -8241 -10309 33360 29065
r245 16122 -34429 -4189 25004 -31190 -15679 28007 -57743 51642 9251 -22194 54843 -26340 -26743 -31413 20306 -62873 -1613 -41092 5453
r246 2954 -62895 -9119 -29899 54365 -39684 -19635 11035 42121 28492 439 41961 18319 -27030 46903 -53544 39478 -64686 -46294 -19694
r247 38244 44613 49546 27024 41506 51570 37092 31509 -20261 -22350 5489 23004 -59543 -17956 55468 -42268 -50356 61479 14686 -61494
r248 -52349 -49124 -64425 32954 31113 21034 -29025 34907 23398 58839 3690 -35903 -31117 -34465 25042 -40783 -37048 51974 -38638 48036
r249 61128 -56391 -40884 -10663 -57922 -14791 45322 16096 20291 -190 -27944 57222 61237 19493 -35736 -16334 44411 26839 -34794 -61176
r250 19792 -5183 1349 64177 60855 23594 -8503 -48345 -10642 -21300 42912 41332 62783 -37022 41460 -45895 -59574 -41757 -26267 59682
r251 7366 -35794 55906 34054 52619 43517 40686 -60474 18827 -23458 -30302 -53714 30141 18993 29654 -13241 -7130 19368 2890 -34452
r252 34155 29693 -40624 24121 30537 -30816 41202 -38777 -63729 53183 -58653 33716 -41350 60347 17345 51380 -27817 -33964 32395 -52
r253 13846 12354 -12115 52146 -18767 27522 -64116 47934 51529 41351 15457 45926 -21749 -39586 57132 10092 38384 24476 11488 19510
r254 57442 -38439 47764 64988 -1553 -1853 -22675 2101 11537 -27755 -35866 -63089 -7900 -63039 31664 13600 51727 -55084 -62122 -28464
r255 -35273 -37804 -57820 32574 -12523 21163 -52945 -64676 -22943 44640 51338 -60400 64489 14038 27045 15489 2220 25734 43933 -28959
r256 41881 -52667 44586 47159 -23415 51127 61835 16358 24183 -6041 -3254 -37636 29959 -21075 -23830 -4645 -42251 56145 19178 4730
r257 1777 -48781 -60442 36670 -12235 29780 -28200 39473 14680 -47172 -51062 41573 56599 13294 19017 11168 26435 55897 52855 -50612
r258 3262 -53545 41470 44319 14426 3911 18980 -12527 -218 21151 -42311 28831 12293 29570 53027 -29365 6300 53310 2013 55489
r259 1004 43850 56114 -44137 -44261 -39417 56468 25345 -50273 -56964 -53478 -5754 -19215 13091 26848 42948 -10020 61242 50991 11819
r260 -5402 43865 45202 -52393 39829 41793 -15771 50440 -17130 -60842 39112 -46350 52285 -28543 42516 -50110 -26826 -22009 -26938 -64018
r261 6270 -37448 -40409 -29090 28734 -11459 37503 30490 1060 -41612 -61733 -16469 -62172 -13872 36743 6134 -27323 -14416 -23441 -23991
r262 14019 53428 40914 23581 -21227 57656 -109 32912 61397 60014 -6317 -38459 -45505 -52514 -32234 6654 10361 -49225 -55445 -15938
r263 10925 -27678 -1796 17237 -55668 -6536 33670 21138 54468 7109 36943 -41681 45964 -54311 59713 -6094 -11859 -54259 61209 54353
r264 -59738 -33003 -54033 46964 2693 -6360 7776 -7023 44372 -10861 -26216 -48689 40789 -38835 33921 24421 41169 -54970 30466 66
r265 33067 15519 3355 -34536 -60606 31072 -21215 -64879 -54612 49409 -35432 55781 65367 -31005 -37820 -39419 48870 53268 -8723 -10380
r266 -14466 22060 -10193 55764 -36754 33621 59740 37913 -4275 36226 -6133 -65382 -10314 -44633 -22477 -38423 63298 -49794 34157 -56695
r267 59021 52237 -28405 16820 55614 -40915 -1090 57042 -838 -8319 -43658 -17870 18287 -10363 40109 61883 43569 -51349 29249 -63198
r268 -48338 -1836 1322 24499 40653 -23148 14333 -42008 -17927 -59970 52684 -63551 1249 29326 -18818 56668 -25587 3271 47278 7508
r269 -3357 27846 23414 1386 27377 34090 -47767 -40159 -49770 21494 47873 -39908 -4893 10261 -32459 17543 30177 44278 -27706 12121
r270 18088 48037 13481 30691 48459 37076 25253 19492 -11617 -38712 -59586 -38596 36125 -16825 -65393 4826 9194 59151 60055 -50876
r271 -33792 30717 -10762 -26616 7123 14771 -2045 -61367 -15079 63233 55034 3077 59370 27640 -40325 -50924 -238 -50553 52566 44122
r272 37747 -26492 18162 -8510 -44671 37055 -41322 -26523 -16173 54788 -8101 54485 -56036 -42411 2852 -36641 59503 44763 47017 -47386
r273 1635 41635 18833 -57374 47361 -2141 -36407 -6768 -2712 -8804 52364 3716 -9873 -8474 -35732 65493 -22739 -37823 -54330 3998
r274 -6641 38194 13812 38793 59335 -63344 20678 31939 28275 -61224 52046 30088 27668 49067 40137 64619 8542 -6803 48218 -47328
r275 44195 55035 54154 24625 -17033 3332 -29401 5448 6318 51747 45619 31510 45580 46455 64846 35837 -4795 34341 20462 -39162
r276 -48652 15610 -4661 -8626 -48267 44334 64189 -20176 29280 -16989 -65025 26651 52003 -59755 60013 -60261 -1256 -10012 -21582 38649
r277 -62904 -19459 -19041 54228 39535 1678 38419 20833 64621 -63220 25719 -49634 40375 15473 61458 64834 -24850 -59358 -49252 -33390
r278 17121 39064 -27328 23811 52409 1588 -33850 21058 -15486 -59309 -57125 -44177 -36681 -59217 33734 52439 -42373 -45681 63744 -26229
r279 42666 -10210 33931 -758 -62982 9116 5777 -14647 64205 30876 38302 47474 -30573 39977 34932 -21496 -65403 36316 -40471 29332
r280 58195 821 59184 52990 -64772 -28997 50298 2005 -11358 -49655 22756 -46766 -17162 19404 34012 -31482 -49267 46840 -56316 26748
r281 -18287 -8989 -23126 45487 -62783 49949 -45003 27623 32661 60076 -7740 -28542 -62516 -18374 -62046 -10099 -18263 17183 -3820 -7868
r282 -27295 57046 47122 50555 -59223 -13696 -39081 297 -45485 -16594 64857 39820 -29563 -42574 32395 -24698 41266 -13814 57955 38128
r283 -25159 34470 10304 -33558 43828 -48750 -24845 5912 -28027 -796 5919 -37944 -11283 27499 61443 -33517 53486 22142 -47888 -64412
r284 58083 48231 52184 41980 9704 -52990 -53308 -26906 32448 -6049 -10470 -16031 2455 61713 -40082 -19377 55623 -50857 33962 17022
r285 -35710 -44808 -33571 -51835 -17709 47327 40797 -29575 55077 -14255 17989 22708 -40796 39428 -33667 58980 48119 -35298 53429 -48993
r286 -34643 64317 20153 56938 -5222 -59997 30257 -61148 -36709 25823 -10864 15150 -55114 -5460 -8461 48691 53746 28157 25972 27948
r287 42944 44002 32680 -60520 63898 62887 -58179 -56518 -31370 63209 46314 -35105 -36623 51523 -55690 37189 -59110 9648 51234 41504
r288 -29048 47784 27252 3533 51407 27582 32331 10724 -52990 -4343 21351 -8971 48154 -1339 -9465 59336 4476 25850 59206 17207
r289 33553 -19727 46295 27510 -3967 -7534 32616 -60996 -34631 -64088 -2543 -37153 14190 52474 -52202 -40577 -13837 -49035 24741 62741
r290 -46874 -62074 42685 -31776 12738 -7176 -3208 39538 19368 -43340 50095 -45107 55324 -21344 -21147 28267 10581 61521 55869 -53682
r291 -62972 -15562 -15142 63400 -34662 -55054 -25702 9468 60539 -26692 9954 12640 -20291 8129 -2545 44060 25831 -2295 26380 55816
r292 1969 -57338 -11614 -42919 -3077 -37651 -7179 -32176 34433 -64320 22649 23863 -10613 553 51298 8841 32025 55157 13494 16821
r293 -30161 40856 797 -61777 12220 -36489 63632 -6111 43925 -23300 -10849 12100 14157 -7857 -47134 45991 -51129 -12929 -63776 -2616
r294 29037 -13494 2031 -40871 2012 20321 40733 -41561 7644 -29817 -31280 36775 -25349 -31673 -54247 -21927 54242 -47129 -8218 -18389
r295 -34450 17942 23551 -13706 -52142 -9554 64220 53965 -5104 -55700 45569 -55879 -37168 21677 34446 28746 12986 39473 55888 -48257
r296 -63524 16733 -55165 58310 -9927 8104 -59959 23482 35801 15491 44675 -50063 21601 -1235 676 18284 15738 9362 -22468 4893
r297 59451 59528 5037 -7078 28820 -12328 39038 -33576 40893 -59997 -30022 -6754 61068 -17740 25974 -12916 31056 47662 35965 58961
r298 37272 -23103 17470 30375 55148 -58236 -23354 34141 -27624 4880 -61153 6263 1165 31083 -32078 -65382 -52364 17499 32796 -3181
r299 -40145 -60707 -2316 -64883 -49269 7603 22863 -61768 -40717 -61216 49548 57457 64646 -34333 -16196 24295 -24595 43698 31928 18459
r300 18625 32413 -53594 -43359 31092 48536 23371 30978 10339 39033 38648 -4839 -22759 31254 63548 43437 -57816 63415 -23883 -14586
r301 -52928 40028 55359 -925 -53852 4538 -55294 62601 -13513 47225 27433 -15670 14565 35210 31309 -5922 -61590 -43179 20364 9616
r302 -52820 -31555 -46540 -4114 5853 -4406 -25366 62486 -3386 5114 -29661 54424 62932 -12845 10702 18556 9475 -16897 -22539 -21886
r303 5635 3606 -4121 -55257 6654 64933 -53304 26583 -16202 41130 -5779 -14787 65167 25950 -41421 -35216 6621 -25919 5387 55242
r304 -25222 -44702 24378 -836 -49604 -33602 -5834 63846 -47941 37767 9305 46791 -23539 32204 -35406 -47574 50846 53289 -37315 -2380
r305 10551 -18556 -16312 -47584 22341 5076 -42932 20681 22147 -80 39670 -55338 -42788 20096 -21484 5921 41315 -14954 -28085 -49323
r306 -40436 6325 -46338 50687 36042 -15977 -35107 30247 55427 -4657 -41440 -54804 -23073 18126 -24995 54777 -39119 33091 -55182 36266
r307 -21226 -42613 -15065 -21453 -2686 -49236 52812 -37297 -40988 63292 31106 -3853 -4733 -28526 -40107 13225 -11322 13413 53896 -30221
r308 3633 -43785 53796 28929 4379 -40442 -37210 -35367 19062 59323 62104 18645 64871 7210 62632 -17151 65355 -1864 -23505 32635
r309 19221 -16295 51301 -4474 -3478 -35717 37980 -20200 -7060 47690 -25032 30452 -20622 -49477 17724 5389 24852 25555 -43048 -55741
r310 -54230 37669 -48194 -20320 -5924 -52908 -13798 25254 -56350 -36080 -38067 -25934 -51880 -32551 -4480 -63254 19688 22879 -57870 -22389
r311 57694 -22141 -51328 -59888 7188 -51671 26582 -18935 3783 -4356 7672 10774 59396 32825 28829 44903 46791 65079 63802 59130
r312 -47455 59581 -23610 -35598 43978 -11968 -4419 41823 13075 -33044 -61256 -18638 47040 -2650 -11591 8589 24077 -22452 -8386 -62498
r313 28926 33920 12694 -26284 3945 -9509 -53271 -59066 46515 -64708 9194 22478 -53624 -60298 -24008 30915 36690 45303 48565 -65529
r314 -62114 44545 -24372 -37895 -44322 -12174 56058 31022 1801 10796 -43994 -61345 -53792 29611 65426 28678 50121 -24748 46688 6059
r315 -63849 4574 53875 -56943 -8575 -23066 -6047 8488 15158 -1317 -24998 -59705 7981 5712 -33418 17077 -53738 12959 26432 46342
r316 -63210 59957 1883 -55981 -63753 34936 -21230 -50978 -61974 4824 -38955 50720 60035 2748 -57081 -3137 65526 -43791 -33147 63764
r317 9607 63031 -20099 34329 11728 16960 3693 -30430 31089 310 -64646 -44234 21118 -25543 31542 -43203 -1073 -57778 -59024 -38782
r318 -48312 17510 -37375 64890 28883 -62297 -57925 37473 -49410 26161 49425 -36136 -36166 -47882 -629 -23491 19383 -14030 50922 -39422
r319 -26361 -11182 11562 -40818 39630 54709 -65264 -19708 14620 -1275 -39116 -44862 -29786 -47122 -48395 45851 -43906 52494 36703 53000
r320 54350 -46297 54102 25968 59214 53136 19911 9995 39297 -6068 -23642 17998 30134 -26810 -46189 64909 -54391 -36725 -24101 -4044
r321 -6936 54460 -51764 57012 -41002 64962 29053 -47841 -19423 47445 51955 -51454 3944 27608 -60716 19877 -31611 -43050 16763 -35851
r322 49010 37121 9039 -18443 42425 62798 39845 27012 18871 12966 -51147 61655 64521 62998 -40492 -51835 34557 -14090 52979 -62667
r323 -3512 -56904 49968 -10953 29097 -37884 61251 -57992 -5578 29652 18111 -17202 -17279 -20457 10392 -46882 -6248 27409 -50996 -58789
r324 -15799 -42414 51435 -46801 -34155 54885 -38499 -64778 -40999 -25915 7948 54392 -33586 58526 -14424 -21856 -37157 -3093 -11411 60365
r325 4800 62798 -55757 -60063 30742 -55275 -25589 42400 21594 -2498 24116 57854 57700 22752 52756 64047 1007 4284 49937 40176
r326 -9571 -35311 -17038 -254 3153 -62895 -13017 52983 -22078 -44305 6338 20846 -26730 536 25490 16618 31143 17327 18963 -64656
r327 8994 57635 46481 61241 35235 41190 -46648 8002 -49369 -7596 -26268 33777 48092 13497 881 -44686 38412 -19822 -13051 -51954
r328 -18567 -26842 -44141 -28677 -22684 -7170 -40564 -1744 -42360 -21570 -52234 -61614 -44552 -13981 -23107 -46637 34060 20020 -6554 29059
r329 -61901 -3769 19533 58062 56271 -7253 52650 -30402 -24758 32005 -7293 50678 -48486 49752 -56408 -45602 33687 -8481 -61669 -2854
r330 50391 60537 -13691 22703 -52695 60996 -17322 31936 -46369 -3491 -10980 5733 -37063 53133 60838 -45669 1663 41891 -34613 -18466
r331 14492 10520 -15107 45276 16202 35850 11047 -19309 -1896 1918 43679 60687 -20777 7761 21879 49383 17267 50342 53259 -2715
r332 13267 -12642 -53694 -15618 -59097 64299 -23650 45287 52844 -31549 -58270 -17370 4986 17635 36047 -10108 7836 10965 -6574 4098
r333 -47678 -37465 -38037 -38196 -13829 41879 -21629 53317 24653 11251 -8830 -16023 -30046 9411 -55826 51435 -14751 5533 -51024 -62294
r334 18090 -40532 56648 -10107 -43245 -35531 23214 64334 -19288 -15156 34377 -46756 -15389 -4698 -44999 -49015 12996 31174 16190 -35579
r335 -50367 13909 -35392 -9603 52507 9963 20180 49124 32156 -60551 25586 51197 -56859 -1257 -5184 59354 -41045 54927 24177 -16919
r336 -4578 -49631 51916 22131 35325 -5267 34164 -29227 39692 -24739 54922 -10192 -35646 -3069 -3575 -37183 -28740 -29053 5184 16305
r337 -20897 44339 -40988 19542 24161 -33867 43359 -33059 -48491 -5154 -34766 61654 3123 -36568 30248 46783 -52866 -31455 -33910 -30606
r338 16374 -32069 52472 -17325 -55978 -55908 -20571 -37058 27515 -36748 -28256 -19709 -856 59515 23903 40200 15215 37650 -47087 -8703
r339 -43430 13144 29926 18067 -23803 43999 57875 35501 45243 -21954 1487 -14137 17647 -53540 -31108 25865 25384 40866 -39030 61780
r340 -34847 2005 -61804 53230 25061 60661 57470 3154 10381 -16441 -60752 -32958 -25901 -62340 -33583 45457 -29747 -30416 -43715 45446
r341 49009 -59872 -40528 53741 23812 -7691 -38577 18584 1971 32898 32887 44455 28265 64405 9558 8454 -36882 65535 30721 -46958
r342 39221 23631 20468 57580 -42710 26975 27093 43179 44246 36967 63986 56177 12283 -32740 42007 -39699 -57151 15151 43523 -53313
r343 31396 22311 -11748 59083 59242 31004 -30445 52114 -9094 -5388 -23268 -48110 -46105 -32804 4523 -20546 -794 9166 34473 -51748
r344 65268 51823 -40892 61322 20587 -12227 -28218 9322 58303 40555 -8177 9670 -17997 46825 51184 12368 -58279 8406 -30872 -49354
r345 -63132 49882 -28959 42678 -357 -35454 59378 48662 46570 -26378 52729 -43847 -35567 64852 -57851 -34439 -56337 -1267 -48839 -37898
r346 6534 -28263 -7418 30640 22588 -29772 -25805 -54665 -50213 23844 -65533 -50650 4088 9829 -47958 11024 13736 13627 -64205 -35363
r347 -35364 15504 -8540 36881 32347 -57580 65338 -11239 -32699 -22777 -20248 45433 -59735 7482 22663 34893 -14373 42736 -18580 -11995
r348 61800 -52898 1712 -18751 -13268 18818 -59912 -9541 52216 59376 41098 10716 -26672 37160 -26959 16378 5205 -29325 -52500 -20264
r349 30821 39502 -4089 27694 15802 -26299 4678 15596 3510 -26943 61578 -16843 16305 48459 -21067 60443 45639 29934 -35731 60555
r350 35411 9724 19156 -48440 -40403 -29342 3955 30766 -6652 46371 -52818 -59331 -55443 -5449 -13091 -61964 -7160 -41549 18671 14520
r351 -15874 18224 39310 18881 -4251 -30288 -20903 -12282 -49204 64004 -52601 22204 28499 -56347 -26837 30414 -26610 28535 36785 -13622
r352 12768 -22187 13049 63845 33470 -46507 22685 -52809 -12078 -25119 27411 -36813 65169 -8634 11433 37802 -50983 -60534 11875 32171
r353 -47765 6555 58184 -63727 25094 19532 29704 -36670 -21344 -6158 -15155 63191 1005 -64991 59591 29374 -8870 -60147 22926 11029
r354 35413 -63377 -3798 7226 -30482 -62230 61815 -60967 -46531 33631 -905 -45931 51012 -57472 31519 -44237 -55106 23807 65352 4518
r355 -45783 -57609 13861 -62355 56434 3772 16736 38865 10508 10048 62555 -36840 -26280 -43676 -22643 -42228 27979 57753 -61643 11187
r356 -25963 50616 40182 -59097 426 7279 -58398 -51570 57698 -42521 -11945 17694 55802 58371 -31047 -54283 -42876 38104 22236 -7145
r357 -46014 -65157 18745 -58917 37316 55850 29601 42655 -27105 45850 -15937 42247 14468 -56126 13944 -33913 -38513 56550 -19059 6654
r358 42975 55177 19124 -65534 10704 -20183 36879 -49556 -30926 -8291 -13648 -20031 -62116 23827 29244 44874 606 49484 -50245 30700
r359 49408 49091 46240 56778 -41442 16585 -13555 30702 59623 29574 50080 52857 43077 -14085 -45988 -487 62720 25970 -5765 -40824
r360 -57097 -17996 41789 -20586 -12849 52755 12277 -9733 -30594 -45973 55122 35898 -49457 -42553 2115 -13837 39058 -55888 -20173 40513
r361 33780 20092 13786 10929 -42211 46010 -27111 28091 41041 39123 -32124 31121 62286 65095 -32973 -53464 -58021 63494 28684 49974
r362 -56217 6900 32769 -37321 8557 16488 16176 16952 -17060 64981 -42773 16355 6996 26188 -10975 -57885 35288 17810 47760 -21679
r363 2318 -4152 -32165 47535 19152 -6756 -31578 -31191 62885 -58255 32922 -51381 1307 8476 39637 48414 -27409 29780 -26671 -50101
r364 -57852 -21075 -13844 35836 3986 -1529 47505 41589 54218 60270 -57028 26225 375 -51556 -64079 15569 -48008 -27329 -5014 -58028
r365 -36435 914 -21344 -27853 -45732 12664 -47772 -33488 22367 51449 62014 -19444 -33352 4054 -37775 12118 -40550 44024 -50186 60935
r366 -18603 12133 -21421 -52083 -59209 38927 -58287 31797 -51135 9672 -25630 38989 27472 36175 -42360 10235 8643 -31528 -64226 52726
r367 6910 24667 2055 20281 34917 -10722 51852 -5412 -17685 -34701 -9432 26257 53921 -47757 49686 -15259 -25507 51630 60628 26012
r368 14216 -27874 26719 -27756 26683 833 -49624 -27746 48041 45578 -2916 -43666 48637 -22755 -58373 42829 -45064 -52812 21986 10953
r369 -55333 51287 23863 28924 35787 26519 -27757 -43351 44675 -49012 23234 5301 -21929 34766 -57754 -9282 34555 -59915 17695 -8417
r370 40019 -14917 58165 -49563 -38662 -19413 53365 29533 5861 -62465 -42779 -58882 53783 28525 54688 1537 35909 41862 -32298 -26257
r371 17660 62436 10509 -20905 24500 5397 -7480 50934 -25380 -37211 -20421 30965 20233 48717 -43068 55002 -59324 -16980 44813 49114
r372 -48357 -40316 50630 52614 -57061 15223 -14525 23238 -11868 -6503 16250 1052 25080 51062 -5877 -57610 -54940 46582 13011 -60903
r373 1754 -15535 -31876 30550 -22960 -50130 9497 5639 2636 -37015 11591 50582 43218 11164 43368 -47330 -29774 12389 -43026 -4628
r374 34160 -65095 -13972 12120 9097 -18617 1260 9603 23232 25859 -4234 54575 -61811 30973 -49533 1456 -44696 30967 -876 -46170
r375 49219 -35841 29416 -20777 63454 -36625 -16057 -56649 -30467 -29751 62551 27674 21960 7159 1270 26427 -23293 -58039 -51141 210
r376 42727 -64437 -19162 6347 33925 32893 -49208 -27365 6970 -47051 11663 15031 9364 -12420 10518 43688 -49508 -27349 38418 -58328
r377 33981 -15012 60945 -40961 -16462 60941 11201 -44361 49674 -61010 -2053 35650 43548 -10395 22298 15446 51986 23376 -41238 -57918
r378 28644 -47483 15330 -12545 -3147 -51579 40924 58793 -14127 18548 25491 -61272 50285 -10277 17907 24327 16818 7757 19351 23655
r379 -26826 -40673 20714 20454 6049 -52599 -27018 56771 -1469 -54095 -27708 49007 6982 49495 768 -18237 22750 43083 23867 22836
r380 -24939 63112 61927 -14292 51582 53588 -57250 -21782 48770 62371 24697 11548 13634 -49426 -25736 -41027 -8400 -18275 -4249 25214
r381 -16712 17119 45246 47347 -58831 37940 -903 -29434 269 17080 -9823 -35061 -28044 33229 47068 -13868 11793 18576 -36192 37571
r382 42741 -34000 60814 -42627 -61683 37094 15520 -19934 22276 -4925 14663 -9942 -25821 51168 -928 -61894 13517 18874 -43311 57622
r383 22564 -18529 21838 45373 29792 -41694 53669 -60810 -20659 2821 61936 37247 -23125 57084 27568 -63625 58051 -46917 -1511 57646
r384 -52668 -62505 14778 -1631 -28142 -63611 -45633 57594 17696 31000 40734 -11925 4639 16541 33478 -15463 1346 -10652 14708 -4789
r385 34412 5214 -24523 -8657 -16821 8000 60888 -41752 -48528 -30236 -23953 63568 -29681 -56246 55258 -58804 18095 25692 14141 1102
r386 45215 33681 -45394 -10978 61943 -62294 8073 21207 -46014 -30112 51386 -19214 -59933 18045 55792 45444 -24941 14836 -65362 -52929
r387 21754 63182 -57551 -10843 49810 9031 -16326 -22118 48472 -62041 64245 -40168 27307 30415 -64975 20065 7643 808 15899 -29463
r388 -45539 -16895 39494 55820 12070 -16864 -24222 30362 38239 39114 -194 -57636 20210 -12638 -60662 56997 24309 8646 2116 -41778
r389 -34183 -47552 -27401 13277 65305 29330 15923 -58106 17200 -57673 -61753 -45284 -13151 20931 -29046 -20013 -6969 -30674 22159 11953
r390 64045 35880 -49502 46968 -26296 -32170 -37747 -10225 59510 -49514 -21700 -12857 23308 -5850 15848 38612 -62240 53119 -29551 -41955
r391 -41089 -51473 -20305 18144 14821 -20390 -8175 -12281 26302 -20958 21169 20805 -32516 37346 35916 30112 30995 5328 47262 -27631
r392 -45322 -43446 -2975 25125 34981 7947 35328 -54608 -40453 29968 13581 -48919 36112 -53757 54194 -50891 60445 21612 -19096 -56924
r393 -63178 41620 55166 -33189 27760 17096 53832 -42623 -27399 -27867 -35801 -60241 -27338 32232 8461 30500 -33681 26684 -7935 -25400
r394 28691 -53627 -21867 -64294 5955 -14046 37935 18820 -27772 16984 -59440 27175 -35141 52394 -3070 47229 -62712 61017 2191 29057
r395 41286 -61396 63165 -26626 57773 15608 49165 42571 -1072 30423 41670 61127 20403 -12045 21201 -62311 6713 -6651 22072 -5694
r396 2460 49810 -19427 7776 -20542 -22700 60090 -21650 -32554 18853 -52244 9057 1388 -48382 47566 53079 -16275 -61421 44325 10626
r397 -38255 -21249 -18568 -13826 50543 -26613 87 -50890 45794 27734 -32995 -60230 36319 -4485 61225 56678 31834 -35683 8882 -56524
r398 21446 35522 29374 26809 -9160 -64440 27803 -40423 1034 -57439 -58626 -62328 -45154 54441 -4484 37436 -59389 -3919 64656 25487
r399 44188 -55013 -48544 60137 -41239 61876 -28565 22602 31810 -13358 -38051 -35762 27177 42489 48618 -55131 -28592 10403 65140 -548
r400 -8069 5371 -8456 22071 -12946 -33244 16097 -19660 47335 40920 40366 50095 -63917 40299 -35594 27507 -16102 -65090 -58675 -31155
r401 53307 8234 23095 -55628 59326 10297 -65335 -43817 -21289 -50587 -32591 -59644 -14295 12717 -64438 18242 48635 -54207 42529 62209
r402 55076 26589 -38569 11056 -23271 -64386 21993 3865 -7681 10063 60737 28193 -21470 35713 -38109 -28682 8981 55527 -20333 -61574
r403 -12375 -42553 48519 22519 33603 22693 64652 268 42880 1910 -61237 -59981 -5095 -44994 12539 32115 28899 65211 -42594 46467
r404 -62565 -9822 -57703 42144 5890 45350 -36681 -29592 -45162 1974 -14222 61375 -17986 -53110 17661 -14388 -39770 42414 47996 44949
r405 64855 -4639 -946 36359 63901 -7459 26094 -7899 -16172 54565 -27654 -46451 6352 47693 -13974 -61737 -49852 -42592 23854 -62082
r406 -62906 -22371 34792 35215 10972 23714 37676 43767 -17370 -42076 -1129 17111 12266 22340 -12324 -12161 25656 18639 -5399 -27204
r407 23026 -1468 8339 3387 -45964 14519 6746 24003 -29354 -33431 25904 -45038 -63446 61086 -36581 -17122 -40440 -27705 -26001 8895
r408 -10564 -37087 28350 -3727 -46189 11722 60128 -58379 -36807 48690 -33226 -33043 -36493 -12175 33970 15516 48011 19874 11357 3572
r409 -55987 10293 56999 63265 39706 24613 -39764 -17205 -4028 -22488 3854 13042 9303 11754 60419 -19941 16165 -56928 -52880 -31868
r410 -4991 -24728 -13816 -48664 10638 14354 51593 -10274 -2045 63570 -18766 -36976 -32800 -54177 -28003 -14642 20079 -61532 18543 52001
r411 31702 -7428 -30532 -57714 49567 22026 52948 -2404 -58710 4243 26126 43524 -786 -6597 59934 -22732 13839 -38682 -65247 -35644
r412 -32691 -58125 55362 -61173 -25572 -40605 -39135 49093 -2045 -38524 -15882 -64798 45714 15611 62983 -48539 47535 32437 48457 6218
r413 45895 56778 -23549 33986 -24235 -57351 30592 23205 -56380 27015 -63049 41269 -76 -52869 43590 -29191 -57743 -61523 -36668 -53260
r414 54589 -48738 -50466 -8127 11613 1678 45126 34974 -15212 -55087 -22225 -7548 13798 33960 3219 -25761 29636 -49175 63794 -40126
r415 5661 -28938 -32143 -30677 25011 30198 35309 -30962 43767 -14833 60915 -61026 -29842 47076 -44714 1445 11900 -45749 -12195 52512
r416 -10961 30699 6658 26459 -45591 -51409 -10697 44034 60667 -46066 56702 -33844 -42749 -59262 -30391 -2203 12095 47618 -33810 52897
r417 -15820 -12298 24216 -48389 52362 61107 12159 -59045 -27053 -2779 7757 -42950 64988 1520 -29673 30961 -49643 752 39767 -29077
r418 25049 -54863 52875 36372 -26497 -19025 25264 -59174 50604 29951 -49938 -37045 58433 49081 35943 -43684 38196 40891 18621 20874
r419 18280 -64338 15385 4881 57393 33218 53002 -60746 3593 4838 -35761 50844 -47471 -52293 -26950 64588 -15259 19063 -18417 3700
r420 -6827 -42208 55313 36152 -36935 -21433 -41867 -40104 50390 27092 52148 32268 -51451 -4439 -37127 41779 -15751 -61975 50387 3187
r421 20887 -31026 29165 -58543 -33241 44541 47433 61922 -25192 -61779 -150 26429 51547 -26470 -10430 -56022 27885 -13756 -54834 -62662
r422 11904 54821 25878 36526 -7644 53793 45259 -10744 16050 -59246 22244 59289 -13735 -14827 -46292 -14081 61043 -7200 -19370 43304
r423 23914 26337 -33607 -65104 48187 8011 -39167 54167 37376 -52461 19199 42545 -2868 -65042 -55015 64025 -29631 -1366 41222 -63481
r424 -7444 50486 -1567 42547 22247 21309 -57710 -46014 40506 36841 59845 -61967 25320 -55472 -57372 -13313 37960 33700 -56182 -30826
r425 960 44831 -22107 -21968 23865 -28514 57977 64138 34228 -19884 -54813 -6976 47697 20282 45490 36719 39392 -7407 62836 2582
r426 4315 28731 9635 27603 27438 35080 -18132 63411 -15262 10639 -16602 -62873 -42404 -38109 22230 3044 29591 -21453 4297 27917
r427 7351 36707 -22988 33855 -54719 -1075 13898 51881 57586 -63076 36125 57509 -32996 7375 -40636 -38513 -1234 30956 -29054 -52758
r428 -7230 -40138 -44020 12967 965 -1251 2025 -14160 -58162 -55228 51890 4020 -16585 -16035 8103 -5856 26035 -5799 -17333 -49629
r429 29908 16488 -47860 -37994 -48320 -7124 -2925 -22181 -2271 3565 23376 25458 -58014 -1185 37793 -55866 -38277 -42127 48059 10155
r430 21925 17055 -14332 -27124 -27728 -58969 56647 22246 -49344 65110 61046 -41134 54526 63627 20302 -37079 -15732 -33464 -48113 34499
r431 -25172 20775 -8440 -48510 36843 -3603 -27019 571 -28443 -17222 11192 -48050 -326 -28293 18014 -12913 43833 36163 15755 -63627
r432 37000 4279 -54102 20550 -58356 -10680 -53986 -58648 47702 7814 -32584 -50754 -6345 50663 49420 -49993 -45703 15708 38674 -35713
r433 -56973 26549 42489 -8089 -9616 20643 10378 -52136 -314 -32177 -59596 -30536 -6954 31333 -54599 -25753 -51491 -33883 29720 -31489
r434 -17711 7352 28800 3238 -61498 13544 13914 63972 -43701 4842 18172 -48733 53673 59541 -56916 -38932 34170 13123 -62197 38127
r435 23998 52080 53258 -36426 -6618 31577 -46871 34999 -44974 -36636 -20052 -10135 -44978 57093 53393 -4652 -43786 41201 58823 -20981
r436 16102 10339 25425 -33620 47665 59597 52639 -13425 24074 -56653 -32990 26303 45275 -42037 4865 -26812 37620 -8313 40677 19433
r437 21185 -24791 -50111 -10288 9813 4067 -60471 41950 31369 34093 38129 -62416 16340 -54716 -35643 39878 48107 -60054 -58954 17476
r438 13344 -26095 54466 48637 60720 57633 28275 61195 60 -16215 -3000 45933 -24703 12838 -33611 -64145 4362 -59546 45196 51045
r439 42321 -62438 -762 -31031 -29499 58940 23625 59037 -40259 26669 29640 -7154 -35400 -58772 -5303 -20994 44423 -9901 -63607 29179
r440 35717 54367 -30516 45890 54957 -18457 -38816 -24561 43934 59187 1610 28599 63823 31293 -19363 -20252 45517 -59905 -23110 -38289
r441 -56051 40042 -58054 -53143 -17915 -48278 53952 12001 20372 -53758 47158 63867 -3890 57501 -30629 61355 2535 35253 482 28693
r442 -62955 -40692 -40899 34705 -34653 -15065 -11278 -22154 56403 52305 -36499 -43598 39507 -4300 -43925 -56238 2519 58358 -13321 -26138
r443 -56358 -36533 -20614 -61130 -5748 -20165 37461 -43528 15940 -18355 -47827 -40915 420 26276 -98 60200 30275 -23594 1348 27505
r444 -60718 5890 -12940 -5537 -60964 -60832 -56060 15148 1888 -58370 -11621 47589 60826 28135 51652 -39963 -46113 14264 -32455 -1214
r445 -17500 -37316 38456 52117 -21775 39556 -18347 -41169 -55859 38352 41039 39064 -25119 43258 26518 10614 -48458 -22044 -12163 17181
r446 2098 10487 10095 47928 64704 30433 -39041 16203 7784 -42054 -6655 -51274 -56840 16420 -16397 -36310 -35533 -40037 1116 53910
r447 14794 55890 -27742 -47464 42079 -53934 63946 64825 59550 -28244 24072 14727 -27450 -38088 -19 -48180 -51645 22378 -57438 -46235
r448 -46138 10611 -8526 11209 -3070 14793 59938 -21443 32946 -57869 57621 -63598 49020 -53895 -16839 1795 -26119 -19038 53117 60278
r449 -46800 -57664 15706 47670 44488 36955 -39659 39608 15316 -4479 -29158 -62806 -12843 12709 -33026 -53116 -63782 1989 -32143 38376
r450 -51062 51724 47515 26497 -6136 -30735 -55737 -54540 64823 -9263 -47609 17936 -40754 -9017 -36175 17962 12537 -57268 -8234 -1874
r451 -26991 -43334 61489 3073 -28888 -10634 -45633 -28276 -192 36381 -4145 41642 25779 15853 28845 -49957 64354 -23821 12583 41665
r452 892 -44037 15128 -25255 51282 -38340 -7257 -22985 -857 37292 -26354 -36693 -10667 42525 17836 53741 35225 53088 49119 -30292
r453 57224 -31602 7871 17306 35960 -23213 59814 1338 32253 -23795 -62130 -3629 -27448 -17401 3762 -21814 276 48838 16698 -26437
r454 5358 -15997 -62663 39281 53723 -65057 52789 58936 -1888 -25215 -37975 22000 25907 -25376 -59348 -21568 -60784 27469 22724 -23435
r455 -35424 8834 63414 40866 42090 47291 14661 62155 -28959 -42163 -16641 -47924 -33472 13900 -41188 -29444 49352 -9774 30241 60129
r456 -55102 19151 25937 -33255 8372 -45632 -22239 60816 53662 25500 -28079 -54421 -56654 31535 11247 -12219 -13425 47484 23131 -64474
r457 -14896 57490 33774 47370 31695 21236 -58178 56496 -27999 -52330 -42319 -16812 62167 -21539 -46294 -62968 -28149 33895 -4451 -64689
r458 44553 -64330 15503 -56009 64407 34803 25981 24100 57297 18893 -63779 36003 674 -2693 -23913 -57491 24000 24711 -56820 -9194
r459 -42448 54425 6315 2222 -13472 -63900 -38325 62428 20955 41240 12687 4819 -3600 26944 -2875 -56454 -60313 -48403 51524 -61479
r460 52505 12549 -31289 -34689 62007 -19178 52803 -7992 47400 13500 21256 -59031 22795 6297 -14595 -51645 23624 -60255 60176 3140
r461 -57205 -12859 7567 36254 49414 -52773 -3694 54078 54408 54563 17159 -891 -49 19730 -36261 23255 53628 -42873 61961 52968
r462 39252 18561 20096 44927 63927 10101 -45385 -60544 -9466 46759 -7055 18520 -1416 30498 -7034 51045 -31728 55338 13289 56189
r463 60975 35056 -64333 -29007 -50645 -15126 -38571 17305 27787 43152 42511 -25625 1003 37289 36574 11551 19868 -10646 3163 39764
r464 65122 -39599 13309 58252 3526 15817 39609 42106 -2431 36879 -7945 29316 57194 58981 49452 39336 3527 -6153 14204 -41577
r465 -2879 5963 -40093 -50682 -65504 41302 48174 -25615 -22631 -37769 19346 -47282 -11081 -26198 -62885 60265 -13530 53614 -28276 26816
r466 -6542 -63887 29293 -20307 -42566 14420 22596 37549 23637 -32009 61649 -40254 -24693 -7320 -28487 -50996 -40874 -61779 3900 -56256
r467 12135 -17893 63500 -20382 -15519 21228 -49269 52813 30404 17074 33464 -39747 -31270 25741 28955 37542 33815 56147 -53827 59753
r468 -31225 6453 -52815 17368 -32467 34427 13110 39378 -22781 -42982 2030 -64953 -27087 -47530 -58495 42834 23990 -28321 -62944 -48525
r469 24728 -49950 -42238 41908 -60266 -9946 -44427 1496 21248 -39785 37661 17864 17934 -5155 -8239 -9364 60582 43690 -4973 -18422
r470 -38459 -38186 -39188 44000 47948 -16139 34572 -25025 -3692 -36458 10454 53819 33704 15323 49842 34607 -54360 496 11780 12170
r471 -20997 -11580 -3054 43247 -26007 -16405 -50188 17510 -28993 -4619 22059 10102 -58052 -18930 -4340 33945 42297 48168 -5282 -14815
r472 -5252 14973 -44095 -23202 61497 40013 17255 -30944 -37719 -43520 25824 -23102 37292 44286 -43280 13461 55750 -50481 12511 11874
r473 -34325 -21672 63949 -47168 -40728 19899 42743 56942 -28238 50552 -34552 26875 -38967 12547 -29957 42768 13383 42961 -46000 11878
r474 8341 19695 21695 -30278 -57803 -2527 20203 -36118 -57643 50676 24378 20189 -49981 -35231 13483 443 8189 60963 -63911 11948
r475 62379 -58315 -9621 29912 -38428 41692 55834 -57289 -64726 53188 -44879 62835 -30634 -33749 -28204 33068 49504 -64298 31155 -14583
r476 44903 -15707 18524 -22265 -2864 48449 40098 -50654 -44476 -34787 -36984 35300 -27370 44895 20339 21795 50281 -16018 -34983 -58454
r477 -62161 61785 57617 -15580 -39534 -9138 -50936 -17850 9481 -21252 21621 -18850 -13581 -54794 45402 -59175 -42685 9409 5329 -64180
r478 -29868 38496 -17406 26124 37263 21841 -15900 53346 -8884 -50502 -6926 14222 55106 55949 -54918 60087 -50338 -63460 54056 -59775
r479 11324 44018 47043 -15412 31793 36174 -29031 -54729 -44996 23725 -27761 5085 -8632 13191 55934 -47177 -3773 -60123 -49816 47096
r480 -31604 23899 -12 -60154 3488 10223 47926 -52953 -32241 41737 -46026 46230 -25769 -63653 -23872 42962 -33208 50698 -43804 -16871
r481 17082 50749 -55257 17155 -36794 -42497 27990 -51016 43027 -23469 22358 -29109 37018 -38804 -31935 -17248 59260 -33729 -36668 62866
r482 -17677 61126 47675 -39065 12207 57448 2685 57563 -47418 13071 -46542 -28223 54488 -53578 -60660 -5823 21713 25469 -44185 -39348
r483 -18364 18268 -31451 -29937 -63031 -21233 -12771 38555 -56747 48538 -6903 -10653 52623 51327 -13549 -10892 43713 -22361 41959 -11362
r484 -28963 6711 -50319 -50158 24051 313 52469 -61356 22704 -52978 -15637 1231 30537 -12967 -45837 37354 -21666 -34570 -38224 53359
r485 22116 36939 -50012 -20816 -65473 -45794 12681 -50154 -23809 24326 -57369 -55408 -36853 4071 50545 37143 7154 -63950 25919 23560
r486 -28633 42240 -41108 -673 -8861 -29693 41613 38277 -33855 43981 14233 25005 -22705 4402 61124 -34135 -6170 21175 -19429 9892
r487 -9282 30183 44204 -26611 -63500 7441 12391 -9326 -58400 -23721 -57401 -5057 47049 -62949 -753 46151 58273 -29614 42648 16889
r488 -1479 -19844 -40988 -62955 -54808 -46635 -53886 25012 -23340 -3405 56100 31649 -56194 1692 -20374 34292 -19151 -17477 3436 -27862
r489 -36042 7032 -40481 -10223 -45982 6235 22167 -11387 36904 -55824 -54270 -42953 -7686 -38903 9994 9782 45211 29650 65193 -24363
r490 -16731 -64666 -46064 2768 -55188 39052 -2083 55007 -59139 -45870 -44431 14522 -41841 -51218 -7730 -48494 8953 -62188 -44333 -49805
r491 40885 -35472 27831 44355 9216 63665 61842 -18474 -55095 -63949 -5848 24161 -39761 57307 29579 -5424 43997 17052 7123 102
r492 58580 15485 21198 40908 -61954 -40374 -55706 15710 -59786 2834 49459 27314 22675 37167 19657 -6685 26588 -39564 62761 21884
r493 -50723 -65152 18314 55040 -44640 -43467 -1707 -45682 -7144 -46068 -21532 13052 -15329 -15347 57852 55048 40722 56895 48387 -38641
r494 -24091 58908 50619 -43452 222 44713 4480 -12696 -34826 243 -26991 -5702 -31481 61779 38743 27024 37407 -52562 -47959 -27288
r495 -39330 7976 -23545 -47201 13818 35813 -38072 -29476 -47782 23593 -9032 51413 63196 30624 37470 -724 45641 -1195 -44949 -45934
r496 27068 -40984 -34193 31590 34245 33826 60320 -19774 -52231 3482 31108 -38575 -19154 -41604 -11254 47902 -59381 -52237 56990 54048
r497 30680 -55498 -23559 22174 56240 -64759 8195 -57974 34214 -13794 36845 -48509 64925 -27686 48861 59496 -7206 -54704 -6561 35427
r498 10704 12585 29805 -7526 15770 23230 26142 13181 -7036 61875 -64568 -19048 -26421 -57846 -62968 24761 -60209 63169 19641 40102
r499 -6768 11090 37762 -1612 32491 -50311 -61823 -2964 -41960 30941 6153 17973 11235 -7151 -52757 -45642 4145 -43125 -11227 4827
