mTable23 21
KEY  c0 c1 c2 c3 c4 c5 c6 c7 c8 c9 c10 c11 c12 c13 c14 c15 c16 c17 c18 c19
r0 -957 -7892 12865 24928 28706 -28933 -33631 21248 -58963 31703 62796 33919 31614 10179 -51255 -38493 29153 -35600 -28156 14339
r1 -55426 -18588 -27541 40056 -46046 -62700 -59503 48807 -55714 41287 -39813 11972 -27857 49940 52759 -27746 -29993 18621 53249 -24518
r2 -41701 33022 -24060 -47609 46213 30608 -1191 -44854 -63604 61006 -22748 30666 -48877 -35213 25020 -22409 38747 -8457 -25188 -64932
r3 28381 53889 -49696 55220 -48834 -62559 5888 -42409 -26515 42866 -40877 65507 -32075 -63104 -20691 -35304 -34021 9485 -40839 -50678
r4 -52632 62200 31248 -43117 -64646 -39218 -53281 37282 32573 -7707 -41320 60944 24307 30640 64334 -50517 38939 -60645 -64079 -52607
r5 -22672 41479 -26816 -46358 24744 -39409 14842 44532 -40641 -17883 -515 -10154 -29604 11655 30051 11057 -61063 -34181 -25025 37352
r6 17731 -48107 -2065 -42752 24354 -31236 57666 14772 -25603 -27266 45044 -47704 -57741 -30901 4943 33655 34003 33638 -27052 133
r7 35010 -23083 -38686 -14204 18633 -9080 55035 -49591 -51252 16310 -53061 39162 -21569 33851 -45084 -27099 47294 24130 -55861 64130
r8 61067 -39484 49984 -32631 -37351 -26519 -9994 52655 63766 -32709 50819 -8961 -60125 -50369 65146 57018 16967 54577 -49687 30406
r9 -51217 -38607 -360 33248 -20911 -4867 -55948 24865 -45549 -24886 15399 14394 -10115 45311 -15546 56562 13116 -5396 20625 -59901
r10 38780 -24296 -38049 -9730 55161 43671 -7852 -13771 32284 -9339 27012 -17391 30240 -3008 -607 -33963 40266 -38710 -57928 51485
r11 53032 1190 -55385 -48965 59629 -207 -27573 -42675 -45552 -21903 -42395 61524 -63598 -10225 14260 -59346 -37593 53013 34135 21177
r12 -57302 24579 -38346 50911 -44564 -33643 -56926 14560 47914 7925 -21569 33055 37821 -21095 -41830 53108 53970 50520 9461 -39685
r13 38004 51337 43370 -45193 36080 -33610 -13473 -3918 -49319 -57668 -19378 30666 -26033 2905 -398 16988 14674 -21175 21004 7558
r14 -52377 -8696 -44463 -28589 -30437 -6555 38562 -26763 12407 -64387 23868 -41530 -10000 -31389 -28227 19795 -36893 25205 16487 44281
r15 -14885 63900 61605 -40791 46470 18042 18188 -16523 -33082 51217 -26723 -27720 23387 -1138 35942 -56395 -36687 -44093 -59363 36620
r16 11957 -47327 34349 -53988 -38140 6268 21665 -62538 29063 25355 -22428 -52125 32220 8547 1812 -31175 -44269 -12763 -56695 -28055
r17 61181 -44479 -35595 45882 21858 21334 7467 -32360 -61209 -25570 -56225 -55575 30496 -1646 64834 -18740 -1868 19621 -30703 -36024
r18 -55986 42661 -21499 17206 36000 -28168 -46850 -28265 -9419 42310 40480 -48306 1320 2301 -606 24 65322 9943 -10412 19568
r19 46549 6540 -28207 -5960 -25943 -45955 -27515 -44606 26484 -22170 -43161 -47058 5454 21134 -8679 -23312 -30372 -39137 10672 58732
r20 -46488 58494 1915 15252 -39382 -54201 23329 -10163 37785 18725 55964 4145 -56355 -53808 -15069 -57104 64489 -27586 -8972 -11185
r21 21473 -30486 -40733 -23023 -46671 -7106 -53130 58685 -25431 -23050 9347 -36092 -19468 -29805 33619 -64608 -13826 3224 -58397 3174
r22 -4137 -34356 -57883 -28310 48289 -65396 40257 7927 -2012 9724 13359 9633 -36813 -29191 -20599 21033 28608 33684 41979 -37799
r23 13958 5633 -40386 -48560 18235 17403 -15072 34457 27902 15383 20295 53848 -47395 -8482 31065 22254 -2736 -38164 25817 45371
r24 34499 58053 -35982 36637 57712 46655 43568 7222 38899 1939 -4115 -24472 -58197 -29333 65225 1691 55539 -29444 64535 29795
r25 -48180 22137 -26434 -57390 22559 51490 2023 -56059 -36923 5928 42081 -46111 41310 -35979 -53462 -1810 57344 -45684 -10384 -33210
r26 -27186 -15203 11564 56582 34979 -29904 -38560 -8410 16441 -42427 43977 -44762 -43201 -16951 -43117 5913 -33699 5844 2347 -8104
r27 -59169 2344 -16141 -34527 -52207 18773 34595 -43502 -61655 -12697 37306 -10942 58553 -27058 -33358 -15324 -40034 31999 -13679 29300
r28 49550 -38061 12522 -27067 35810 -48689 64846 -9671 -63006 -19635 11457 13974 -25693 39985 -13662 -35295 -16438 56419 36587 12548
r29 15409 -568 -57261 -1792 -1272 12302 29448 -42785 -39537 -22588 -29741 -62200 -11328 -55082 11767 3375 57707 47910 43133 -14026
r30 47906 39301 -33888 -47511 56069 61364 10886 61120 -24990 -16932 -34280 32741 -34401 12240 -12966 -46247 36770 -48221 -8029 60018
r31 23717 -23511 23916 -30935 40093 4037 51951 -23436 19855 -32748 -18051 -20634 53424 -40120 3119 45393 -40870 64814 59743 62445
r32 38754 10316 17633 29890 -63776 -10585 -6011 -11287 -59726 -42215 -40125 -52399 27836 -64128 5680 -41836 33409 41614 23420 359
r33 -21849 -26476 -65531 -35027 15310 -44380 63810 -40211 37243 -19389 5863 -64692 -52773 -3783 11239 29929 53578 54127 12207 18940
r34 63701 11120 41049 -19869 -10024 -21252 -39080 16077 -21563 11222 41434 31995 -14207 43949 40121 47379 59491 -19454 -18689 30028
r35 -46947 -15535 46827 17440 1408 13253 61371 -4251 44484 -48124 4752 60039 17307 24807 -65136 -48745 -13687 -2418 6224 23411
r36 25694 48498 -62330 48017 38027 12773 7336 56031 -60736 -34555 -55108 -12735 46948 -29194 -35514 -15086 16354 13418 30184 -17080
r37 20427 19990 672 -38551 33603 -55533 24120 265 25646 -1570 19257 19366 -53863 2418 63611 42284 -30139 -52679 26053 -4702
r38 9426 14516 36804 11381 -3069 -27377 30072 42784 -39020 40256 5139 61434 44321 -50565 18614 -41799 -45071 6269 11883 13520
r39 -6917 35607 40298 17483 30266 28103 -48616 -60929 -22033 -43230 -55713 -53907 -28469 -56735 -23632 -27713 44121 59038 -34623 -38458
r40 55590 23999 52377 -32204 10500 30866 -21560 -4649 -24741 3648 26521 45480 7779 23179 -48961 12632 21316 -24607 -61723 -15751
r41 32990 26186 -37933 -15059 38882 -40659 44110 8358 34477 22353 39250 52776 57296 8773 -19362 -23453 42966 -60344 -32194 21315
r42 45105 -3664 -16647 31729 -13922 -50030 49600 23138 46363 5521 60663 -35720 -48180 19872 48562 -23234 39785 -57310 -23749 41640
r43 60764 -64196 -8382 -18922 46712 24325 -10705 -64147 -60807 -39751 -51791 -32193 139 1268 -39575 -56845 31478 -20541 -27624 29249
r44 -9946 -52890 -22146 52264 -47347 30209 64565 8670 26807 30940 -42282 64754 -59192 -40001 24961 -4927 -55391 39863 14015 13603
r45 26937 -15585 -42617 43007 -45435 -40761 64702 45130 -43542 -36200 -14239 -61222 57640 34213 -20358 -36889 -13060 -18683 -60589 27265
r46 -61691 -57625 -14776 14699 51875 -10160 -30677 42072 -2198 -13958 34384 24707 -58027 -35134 17051 -54502 3495 9979 -6015 19066
r47 34875 -41043 -55608 -29169 -34137 -40099 50660 -35941 30230 46816 -11431 -24608 -16479 -47212 62875 39551 25858 -24926 33898 58923
r48 27586 42333 -56654 -15950 64304 62767 -33114 -46904 -48305 -1983 38179 49798 29863 39381 13706 -52713 336 33635 -37070 21581
r49 42477 928 -59882 10677 -59763 -2088 52447 17797 -17073 64313 -52581 -43526 48199 -4864 -60851 48705 -26197 37338 -4142 -5459
r50 1588 36305 -42967 -15372 14727 -25172 37215 -11377 36776 -45291 -60719 -8098 -18219 24370 31562 15278 59439 -26926 -45771 -31335
r51 -51845 -22554 -7332 -23360 -42056 18517 21035 21871 18387 29545 -64261 57482 -35723 41398 -38029 39648 -42143 -29659 -35010 60970
r52 -31835 52535 58330 -22898 55350 -21123 44377 55336 55144 -43676 51729 12552 -59723 57991 14024 -7864 27397 49504 62302 3626
r53 -29834 29904 -48659 24608 -54227 763 3760 -35522 4405 -10665 -4710 55241 29058 -29527 -47908 -20036 3102 -20752 4763 48140
r54 -37699 47958 -43714 -53343 21531 54308 -57229 58479 27725 43460 -53924 64165 -31534 13336 35700 23856 36616 -49707 -48264 25281
r55 -48213 -41336 -45284 -13853 59701 -41885 -32251 -20323 -51311 -31981 45751 -24986 51550 -59139 51514 24676 32202 2956 28274 -50710
r56 30413 -59738 59038 47457 -48905 -28881 -48822 18460 46049 -399 -40614 -23704 -11660 -62452 -41345 6473 -6703 -62495 24392 46417
r57 25864 -15968 -65402 9357 13766 5382 46766 -60586 -18023 42110 -39567 35620 51248 -16507 39926 -27964 28086 50692 981 -12137
r58 -15959 49406 42330 21901 -37839 4618 25304 13909 -63732 -56489 12900 -7719 43011 51913 36398 64702 39343 -36507 43030 18689
r59 -59151 -35095 65000 544 5579 27732 -34693 41512 -31969 -51286 -38995 -23646 20255 31653 55518 55235 52987 -16837 -57709 -39625
r60 9343 -61076 -474 13933 42214 -52983 -15851 43201 -29672 -31472 -20033 64384 35043 41744 8083 -4716 59362 -26754 -38849 19692
r61 3983 -28012 11790 -20457 58879 40082 59580 27700 -54967 -32962 13219 31365 19241 12774 -26715 -3724 -50157 -23618 -4610 -18394
r62 -55655 -46675 58540 12938 31109 57967 -5539 23279 38027 4497 -21441 53126 42190 20871 13607 42602 60517 43498 -47125 65029
r63 1947 46367 45686 -31539 57669 -60377 25501 13258 28082 -61718 63350 16720 -52330 -45030 19230 -22637 22304 -8702 -24376 -52245
r64 32333 -54226 29470 63356 -966 -37134 34777 12989 -874 46575 7214 -51034 -13808 10457 19979 -5260 30821 2618 -9192 -58460
r65 22252 -32316 -17184 62320 -22234 -21823 29965 43302 -8062 11613 6662 25343 32390 910 -29925 -30677 -9742 -23092 -59792 -55454
r66 23935 -32301 -20872 51442 7582 -51886 51273 58904 35281 8964 -47659 20414 36149 49105 -4107 -23510 -16646 -18134 -50558 -13989
r67 -62789 33036 -16433 35494 33529 10184 24005 17954 58246 44578 51929 -30793 -37759 -60702 25990 -2002 -14310 61152 -60496 -1180
r68 -19567 31745 -33499 35269 2997 20817 37291 -15165 52981 16919 -32251 24935 -21880 52622 23167 39271 -28317 -53248 40855 -18216
r69 -24152 -6251 -15656 63436 -4979 -9686 50545 -20331 60851 -25579 7082 -35408 64578 20750 -44338 51970 -43350 32365 7979 -47930
r70 4718 -64065 58030 9624 -53581 19411 15754 -56794 -46120 -478 -4755 33665 38780 51145 30935 -38385 53350 -34713 -19286 -593
r71 -31700 -18338 40523 15916 -57137 -39642 -60483 -14142 40960 -61369 -36759 -57252 -21706 28039 51550 20437 -54683 -872 -43849 13722
r72 -31492 24957 -46215 -48478 54125 33608 -24828 -17777 -3413 -3800 60211 45650 -18923 18436 27201 -60076 -46547 13919 40688 -41727
r73 -60889 -63468 -46164 57230 52839 -13013 -12705 -52042 32543 -8379 3663 -20785 48072 -46808 60798 54738 -46860 62005 -48761 47309
r74 -4472 -56885 4012 33273 -11640 62286 -45306 10773 59727 -31282 27758 -13179 -48061 41526 -5841 26615 14065 22767 35585 15937
r75 26915 61778 18995 -61977 -24642 46267 3162 -64084 -44467 -34806 -17489 -6092 -62120 -59792 3582 -58302 -3583 3065 59512 -50274
r76 35675 -63766 -57491 -951 26173 -37059 1274 -21113 7195 1549 -50641 -58637 47258 -2237 42288 17972 23000 62710 14074 -3411
r77 -20409 43532 -45330 34921 -35194 11919 49655 -21364 55936 53594 15614 45425 40750 34332 50006 36822 -25805 -8010 -4578 -9315
r78 -18332 54984 -38891 39392 -64959 -35338 11295 36530 -13269 19573 23270 25496 37104 -41106 21223 43815 -21025 -990 56569 5918
r79 63599 28839 32537 -32527 -37996 17130 49092 41077 30279 53053 36775 14256 -45133 -35368 -41817 40380 -45544 -49135 -23136 -19991
r80 2683 48071 -63281 6502 46413 22566 46145 -61594 12347 -60736 -42547 53088 -49119 35948 -13416 2816 48126 -26395 2284 -32195
r81 42858 -44286 -6148 -52319 -18221 -58744 -20848 -44167 4366 6278 -33172 45140 -31999 -55632 -11454 18442 53726 55750 -51190 -56721
r82 1840 47433 -41229 -53569 -495 -23667 -4028 27261 -38293 -39693 6400 -63915 80 46434 -55248 43823 41785 62579 44860 22724
r83 -3041 38766 -4999 -54892 18090 -23107 -29744 -34767 57563 62241 10573 29343 31491 19929 -8848 -42295 40361 63541 -50729 14421
r84 15512 1061 5254 62077 -54061 -28087 -8172 28009 -64422 50971 2094 19500 -11002 -43269 -22090 -40999 36157 -38804 27593 -4741
r85 -64629 -10213 -46759 48839 -61466 -32828 14189 8933 9718 41861 56295 39872 52302 59006 62284 -3058 5767 -8747 9012 53039
r86 31704 -46822 -28906 -9372 8135 11615 -47452 45095 -23127 33612 31024 31115 47592 -46463 5058 -41854 30704 28423 12112 -60144
r87 58104 -23470 -36290 -62391 -22410 36851 48028 -35304 -15542 -53917 -11873 -46380 -49111 34324 29899 -5035 58468 45138 29516 5507
r88 16288 -54889 22939 -36203 13876 57491 -50363 41216 34188 14438 -1297 18819 41126 -17858 19261 62034 -1204 279 -4655 -51875
r89 44457 17666 11564 -63776 -61867 -41822 16021 47622 23231 41164 -56739 62866 9081 54495 30416 1397 -33963 -14519 41616 10770
r90 -26695 37287 -17123 62144 952 -14839 50800 45527 49021 58834 12109 53838 -24690 -30292 -12746 -23370 -59587 2265 63314 59311
r91 -63132 7560 -23178 4009 46126 -43628 -46331 35685 -31160 -30089 31889 26087 -31343 36369 -41864 27152 -53693 -39635 -43747 53308
r92 -45579 47641 -17757 -54536 11343 -32865 9718 48839 36626 65291 -50087 -21084 -29293 -37579 -52096 -47831 -17944 -2675 19155 6590
r93 31659 -36917 -28547 -10793 -5809 20404 61596 59090 46195 48883 -46773 -8174 -39702 -13419 22179 -11001 -939 6910 -5592 -63590
r94 7536 24445 -37642 -1810 26480 61310 -56089 -19788 -8553 -32015 -33142 -53867 28351 16226 -11816 -55659 50077 -42274 -50362 -44429
r95 -25893 -6461 -43791 21347 -6903 -59176 41766 30896 5244 57501 7110 37155 -20465 -22178 -52621 34895 26354 -45129 -6733 -35162
r96 -22137 7711 4862 -41344 10887 -60475 -8603 -7113 -619 -52095 1668 -27037 3684 -40324 5166 63926 23070 -2818 -20161 34856
r97 -17811 -17218 27510 57083 59374 -11305 27826 43656 -43953 -22899 -43278 -21292 35008 48229 -31370 -520 -28699 -52934 -39376 -12439
r98 55035 18054 -40676 45440 1306 -12329 -24539 -261 -5330 52909 53270 -48147 -9900 22903 10447 6783 -55231 6189 17581 39
r99 16413 -63324 64460 8341 62859 8926 -2433 -19460 60016 -5429 -57296 -61991 2804 27846 -5755 42913 7020 61801 -1954 -56237
r100 17951 17603 22501 -12420 54482 -23766 33428 -15908 6125 -6326 -50850 -40338 545 23584 -34495 -38677 -43544 -57536 -19531 -35860
r101 33790 -4287 -57060 12310 -41567 -29745 63943 23148 22570 20769 -46476 28806 45983 1275 11672 -27881 -27568 -15622 61394 62472
r102 6279 38024 -62930 55861 -15162 -41068 -59915 203 17458 -59926 -32062 37150 -61819 33275 -2027 3387 48012 27214 -3233 -38814
r103 -33428 65373 44584 -40944 -59237 -38357 60005 -7016 -19113 17824 41796 -6425 44134 9074 -27574 12517 -52768 -50809 -35670 -12489
r104 -48182 58768 64927 -46980 -41694 32764 -29806 -22242 55060 27425 36551 -44716 -42514 17499 29337 57464 42097 -29372 -64438 23372
r105 -370 -10796 24008 1258 -29430 -64944 52072 45491 18191 -16142 -1514 -12312 -25418 48324 9915 -45791 -52904 43728 -27069 -39702
r106 -5824 -54060 17512 -39351 -37561 15222 -24734 -62496 45694 30074 15756 -51773 -7805 -29074 65380 -25169 22947 -10726 -33028 -2498
r107 10344 -47160 51283 -3215 -50665 -52532 -41109 61522 -41925 32649 -1818 24353 -61663 2417 36455 -26392 -36727 17020 24368 -23502
r108 46179 145 -62512 35201 -35473 -42529 27866 -62602 -64566 -49441 -34461 11398 6870 -51637 -14252 -54735 62312 -31060 -25715 -7681
r109 -34447 41163 15814 -31737 33769 -10655 8274 -13441 62280 -28814 -9582 -43631 -40723 18139 57263 36057 21139 260 19001 -8212
r110 38648 58467 48213 59515 52604 38472 22719 -32237 -45403 -15823 27529 -62066 -25864 36436 -47725 -22938 17077 -396 38043 -58968
r111 29268 -9132 -19912 -7085 37953 -59503 55324 -60382 -48779 2726 -6529 -36849 -53323 39085 26475 -7253 -48845 14404 -61668 40599
r112 -2804 -47696 47036 29619 -34357 52440 -15630 7688 20430 44379 62465 21932 -52559 36002 6249 -21337 13064 -7768 54593 -25399
r113 -23914 46342 54604 47080 14556 60260 -45447 -64073 33988 -30284 23129 -10234 55783 -36991 -6836 60038 -64465 -11222 -8686 -44791
r114 -38855 -17468 12624 -31175 -57547 -48893 -61006 28129 -32454 -32189 56514 62853 55814 13651 62886 -2442 -31583 29319 46702 -52747
r115 -1657 46630 44276 62525 -51278 17061 49423 11079 10673 -27917 -45809 -46596 264 53175 -10514 -36150 25726 43337 -13911 12952
r116 62128 -30630 64304 57138 27393 24861 50565 45682 -42540 -28678 -44292 -45954 -36869 -39826 22535 -28372 -28942 -3629 -55901 -51316
r117 -52709 22611 17280 25457 -1615 -23064 -12347 21196 -41236 -57286 -54272 -12343 -27447 13156 48334 59930 38962 45620 25152 -684
r118 52550 -19555 -32706 1362 -65203 -3791 -38178 -1032 -12083 -21556 -16661 -11238 4735 6730 64162 31730 35631 42179 61155 -6529
r119 -60398 -16343 6199 -14033 -30174 56189 8187 1494 51928 46817 9326 27018 -57410 -35307 -31805 5246 -3086 7663 38758 -19260
r120 13198 -43414 -43976 -30786 53537 62814 3978 17257 41075 24287 63087 16320 -15870 -8867 -32254 -45484 -48766 -47694 40191 -22212
r121 -46876 -33587 -52287 -39033 -7131 -61695 -49915 39965 -22848 -12981 -34008 54913 -34066 24203 -21431 -22210 -27608 -12168 -65071 28762
r122 -46930 7363 57541 -25026 -31558 -32654 39520 -5481 59435 10368 -23407 64807 -27479 35408 35269 46581 61868 -50318 -14407 -22298
r123 27413 53255 47582 46633 -61759 -41156 -15826 -65495 -55626 -2595 -58092 17174 31384 25770 20888 -45125 38768 4988 -59626 -13552
r124 -40466 -62361 60227 -3102 -9730 9909 -11388 -6909 46928 30663 -11789 -30270 -5517 65208 40347 43692 -5184 -18927 5047 -32960
r125 -58264 55785 2769 -49796 -61515 7231 54397 42427 -36090 -20222 -2839 -23086 43729 27250 -12693 -22478 -55535 17586 -65101 -61693
r126 24304 62637 33759 -62809 27743 -6789 31780 60277 -19804 -41468 -28965 -20836 54382 -17724 63388 -30636 -65177 37265 -62672 12388
r127 -61520 -20510 -15346 9707 56393 40853 -35372 -53695 -61979 51735 6147 -18114 -64920 -33714 65407 -7949 -41084 13345 26349 60867
r128 -22475 -62564 18673 -47647 -4314 -63452 -48401 -43638 -56467 -15394 38210 -4042 -39411 -25612 10556 44104 61149 -58854 -44356 35164
r129 -49406 -7529 -14241 -49687 -28819 6719 -54253 18938 1755 -63026 18756 -7687 5525 46287 43928 -45733 63450 -9244 -22052 -2110
r130 65482 -40807 -43120 223 -53489 -56715 45128 61615 -38697 -33353 17769 39525 -33927 38905 4894 -41458 -62908 -28830 31087 -56235
r131 38021 -52591 20244 30603 23087 -11866 -39244 -41664 60595 -922 -52785 35601 37998 -25825 55902 -59152 -39687 33138 -16971 3172
r132 -46750 16775 39743 24854 20130 -31218 31756 -27671 46684 42498 -20814 -9641 -49389 -20372 8067 23167 49667 -36659 4122 34061
r133 -37465 -19495 -45816 -27795 18183 -22047 -39796 50263 34449 31318 51445 -42023 64851 -62986 -49251 17912 44524 -50578 -30724 -48254
r134 -57563 45026 24463 21873 35473 -3824 27617 -1513 -9422 -32635 -969 -20694 -45435 -48064 26332 -51651 60284 -11523 -50668 -57658
r135 3009 -15625 19517 1162 38621 25205 33822 33531 43496 -41682 -15013 36298 38839 -19808 54556 -59083 31383 59230 3948 -64313
r136 -35528 -17927 48150 -13237 -17565 -58539 58680 -32843 -25423 584 15267 -19176 38388 -18558 -51097 -44924 52053 13929 -25903 22388
r137 32267 -10523 -19685 35564 22298 -24619 -8167 4344 46173 17818 -2803 -4481 -59009 38569 60121 33124 -33790 57092 48832 -54021
r138 -9428 -19660 -30333 48320 -2734 33649 -56872 28272 44896 -43227 27405 -33323 44789 -12700 -16577 -58896 -47999 20126 -45164 -26727
r139 -16704 28644 20834 26336 15993 -9622 2473 -40088 -17416 -54117 15743 2857 -13303 -9337 -30241 24242 -55119 19518 44255 -10096
r140 51891 47321 -35983 -28101 21938 28347 -5509 50916 -43165 40989 37286 -40723 45461 -45462 3117 -9949 58698 16092 -30453 -29339
r141 -61726 -11993 59042 -18985 -45591 -65163 49834 15357 -43641 40954 -17299 32944 43686 14148 23590 49929 -57935 -43058 -50071 -42029
r142 -10295 -54015 -22737 60544 6798 21810 45120 59306 -31032 21616 -38882 -31879 -51593 46593 40792 -11613 -16149 3678 13518 -61243
r143 22978 -25787 61788 -57981 21440 -25291 26248 -2832 -65500 -42690 -48618 1379 19292 -27986 35640 -42670 7669 -3978 -19891 60959
r144 -54889 12858 45105 -52780 17819 23834 -45744 -21397 -24257 -16567 -49725 23793 -34233 63478 54129 26498 49361 -24105 -60202 -24071
r145 -30103 -1238 -11820 -59478 32910 33407 48905 51348 -17776 158 -2157 14377 -20128 -54459 -3388 33566 -63878 2156 20888 -42622
r146 31020 -25480 60582 62826 -13512 -37225 -51707 -49910 -30806 -54444 29945 56429 61258 -48024 -17330 -28176 27039 -47884 36715 -53695
r147 -2032 54873 -22341 -19276 1898 -17527 34480 4949 -65136 934 31499 -10071 -58944 -9623 -12717 47143 -42086 44230 42399 26294
r148 -65496 37305 41074 -29939 -52939 -13919 -47440 3548 50164 -8719 12719 4825 52097 -53536 19786 -22957 8566 7480 21112 -62077
r149 40691 10770 10790 -27925 -58697 29237 16945 -39429 23458 -4265 -60335 -35126 35247 37959 3523 -63248 -22616 13375 -63781 42218
r150 -65451 7065 -61677 17489 62305 -2007 -181 45974 -25648 19932 -28192 -8500 5785 -63289 38101 21862 34911 48742 -53659 -47576
r151 -57254 -38308 14387 63593 -55599 -43357 -34048 -42915 34404 9811 58697 36633 8404 19654 -18847 -15733 -35664 40215 54664 -60087
r152 5332 5211 -59701 -55443 -2698 61294 -35309 -16275 4347 54554 -50477 55626 15254 -64596 -56065 46417 13656 -64849 31469 -43832
r153 -37375 51422 38377 12907 15291 34793 47664 -42432 32657 22231 17156 -58504 4233 -1502 32222 -55244 41832 -58691 -42903 15265
r154 58633 10874 -32941 24131 21923 23004 -48139 -33192 -23123 -17430 -52411 33562 19985 5773 58223 -50340 -20166 51993 -32929 28517
r155 -16222 -1969 -1342 -24208 57542 12869 10579 45135 -59248 -24628 -23105 -12348 16645 23190 3376 -33961 -42602 61965 -36837 -3281
r156 -9471 -37663 21710 -6336 -20794 42368 50044 -33948 -7083 19353 38066 -47325 -15066 23927 9912 -4618 46446 -62573 46173 -3251
r157 59550 -26302 40282 9825 18641 57125 -57413 -6246 -32448 35447 -46381 -19927 -38161 -59024 -4593 11139 -14151 8859 -64898 -12442
r158 1283 -61281 -59802 -18739 17790 13654 -58316 2865 -3885 56458 63105 23973 -64895 36405 19314 60940 24264 -37098 -53060 59208
r159 -12567 9136 -52465 -52644 -19527 -13058 -54463 -2221 10668 61802 20012 -18609 -16784 19602 40576 -64056 -28544 -37970 21571 63698
r160 42908 32012 31310 64108 -26841 -38838 55761 19878 -632 60276 55361 -23722 8904 -17244 -33576 31127 -9463 36153 4267 -61803
r161 51680 -18859 5052 -17035 -24278 2596 53482 -49399 -45773 9629 -20943 59269 -60080 -808 -48836 5246 -47717 38328 -4060 28144
r162 1178 -2481 -14497 35048 33188 -27748 35960 -39016 -682 -16895 -37090 5652 7139 -13503 30214 55331 31653 -59503 64044 55139
r163 -24836 -27859 50870 -14718 52940 26128 -6611 -35338 29313 -30897 41450 -49955 42867 -61862 64875 -56856 -21280 23422 4941 -52213
r164 -35820 -13482 -61229 -3316 -2603 -55741 634 -44464 57255 874 36710 -26626 -48626 -5891 -8057 15790 8547 4251 27438 -53423
r165 60265 29142 17987 14676 57044 43913 -20762 20372 41319 -53336 39171 42278 60693 -31471 6285 4848 16431 14576 18372 -5286
r166 -19160 -57342 36597 50248 21272 -23525 42560 44654 53014 456 -59572 34289 6222 8329 6926 -18100 -19987 213 -46747 -62893
r167 33910 -24120 18235 14618 -6037 -18238 44181 -16079 -23050 -37497 -64736 -18824 -22880 -28521 -31153 -44195 37473 8007 -47784 14606
r168 47235 -59446 31054 -22387 -23123 -32083 6818 34078 6956 19840 -35036 5569 54221 -16432 32751 46922 4417 -1414 19024 4604
r169 48054 30286 -56996 -32806 41840 -63811 770 49559 -29992 -5504 34840 7065 32487 -18208 -33179 -14974 -49428 5589 13840 10853
r170 -40201 41902 39704 -35667 -45164 -47542 60064 -2442 -38706 -8735 -55480 41980 -2210 -11903 44727 -68 -6072 -59917 25554 30473
r171 32242 59024 -49228 -9925 23207 47473 -46542 53421 64290 -45309 16420 59879 25986 27251 54095 32061 -10967 51450 -559 54408
r172 -17493 23894 49253 -65333 -19268 -39027 58609 -16643 41504 -6458 19086 -41435 3950 -35886 -46358 -17045 -2615 64698 45422 -35741
r173 47222 12359 -47153 -28671 -7963 -37849 53004 -38166 -65297 -38666 -33940 -60360 -45736 -41327 56032 -29413 47967 -191 -13559 583
r174 -63501 14011 18249 -21810 -40310 -29995 35686 44858 3217 8315 -40667 -41863 15039 32666 45820 -37388 -40352 -2840 41238 21517
r175 -31631 -47958 36609 -18577 58440 -21019 -6853 3645 -25106 -27300 4682 49613 -30299 42360 26244 -9119 -9272 10671 -11134 -8913
r176 62087 4009 14598 8580 -60515 -42235 26633 -38701 -24326 -26215 -29827 22796 17374 21574 -47866 29324 -1931 4971 38935 -12095
r177 -61263 33622 -15893 62233 41453 5927 -23321 -24069 -15580 6452 -23103 31041 30186 30097 28809 3318 -4340 -59156 26561 -63976
r178 38534 -63423 39468 -27498 -54764 53945 -49962 63119 57191 62968 53132 -19968 -50142 39161 1246 3056 11395 -44383 -28932 -61548
r179 -62055 39973 54639 -55197 -31991 -48268 6560 17970 1113 22 39938 5750 13606 36759 -1520 -27122 -50941 -204 -12790 -8973
r180 8992 -39572 38721 630 -56474 -47360 -36050 -18766 26519 -48624 55757 34149 4776 5177 61304 -3900 40176 -27921 59066 63006
r181 -57591 -58335 8500 -30340 -48742 -28415 53678 43355 16547 -63323 25271 -32277 64163 5228 1686 15132 57763 47603 35458 -29860
r182 -16356 -8627 51603 -5755 41983 41636 9665 52069 -39314 30577 -30724 -31213 37727 -33297 -30006 21172 59473 63276 -21013 8632
r183 15497 -32062 -44051 -19458 8702 25678 60650 16503 32995 58571 -20422 -60273 49354 49140 -46497 -38904 55765 59434 51028 17220
r184 35593 -45077 -11837 -34978 -56468 -47626 -22331 -444 4202 51935 -18583 -16453 -39981 -28832 10279 54594 -11527 -32126 58609 8013
r185 -55492 44248 -1602 -3958 28470 -34748 24617 11684 50173 -3677 -45933 -37861 -62920 966 2457 52597 36214 60774 -42728 7763
r186 -57820 46621 40129 55223 9332 10768 15539 43030 37004 -9430 46796 -57252 -31732 57924 -33852 -2876 -28368 4110 29241 -17253
r187 -17189 -5252 40032 -65101 -62214 -39580 8901 -14781 6061 -50824 14921 16326 -29985 41483 42326 -33271 39373 46601 -10032 -38336
r188 61494 6125 63299 12251 48852 14240 -64013 22418 -12563 -18459 17619 429 -41893 33128 21370 -13841 40406 57614 -56122 7291
r189 50200 -49392 -51927 46782 44158 43819 -24014 -33360 -26129 34027 28020 56043 61332 -14074 28756 42623 65225 38233 -5654 -42202
r190 8144 14314 19729 -23143 1260 -11753 37419 10044 19130 -46248 1203 -9059 -44090 31921 36846 12980 26605 51943 38241 -34402
r191 -22713 31975 62158 5581 -21151 54087 -27961 20835 12373 4302 -60911 45665 -58381 30293 40170 2558 -62799 -38196 60861 -29641
r192 -58119 13657 62158 -30008 -29234 29240 31959 13936 24030 51104 23423 14484 7570 60181 -33100 -41094 -12986 -5747 19432 -5673
r193 9796 35838 -23845 -36622 5771 -32928 58403 -30792 -33346 -36993 -58030 43619 -58990 59153 -62350 46238 36907 -15725 -45424 -50843
r194 24729 -18629 20817 34511 -34046 -7885 -5769 40248 39051 31242 -42416 63188 64189 -5843 -39103 4948 -6534 -30489 -60634 29553
r195 -24152 -29085 28689 -28268 -2199 -29795 -40176 26303 30248 -65013 -59672 -55039 4122 -59181 2833 -29299 -64924 62180 30441 -45035
r196 -24434 30249 -44924 -22404 -50519 -14932 -44371 28399 32783 45906 -26620 -1612 -58990 -12353 -47482 -64178 29206 42903 18867 37958
r197 -56803 -41129 6721 -39931 55829 -14006 -54376 -21879 -10592 34619 -54307 -58925 -17491 -34159 -52391 -39472 -36153 38114 -51272 39892
r198 -23335 -19517 39377 26264 30418 15017 48636 40401 15658 52652 6148 50209 51291 -34684 -28825 64344 -5644 -60242 -26682 -553
r199 64256 -43887 -61681 5450 -7889 -31591 14337 29504 61383 2665 27638 -42631 -56424 -4225 52098 11829 -34322 63040 -50850 -21927
r200 7866 35964 58694 -39835 34272 54036 54029 30297 -48407 -53826 -63386 19796 49665 29527 -64717 -18108 13268 25729 -54450 -42791
r201 -36539 -12446 -38036 9661 56400 -50142 -54780 16326 -32650 60949 14882 46209 -6280 26670 19934 64875 -9944 2810 -4087 25372
r202 -32865 6264 6576 18733 -29570 -30614 -37385 40047 -22525 60846 29630 15688 33065 35689 16351 -17120 -47388 -59152 39642 -6436
r203 -56809 -9843 -7186 51409 60965 1773 -57130 42226 -8586 -28934 -43444 50690 45485 28811 -50060 -8396 -27319 -31424 3350 27128
r204 -36644 -118 -43374 -28243 -31002 10627 -9765 -60434 58180 39459 37728 -38918 -36049 44476 -56191 -56245 -62359 57352 23246 -14100
r205 -26822 14634 -60552 10004 52526 37310 29296 9228 -2231 24664 -22667 -22507 30704 48293 15429 35564 25970 -55266 30967 -22067
r206 -47362 -18891 12129 -23117 33875 -58176 41424 -63779 -62695 -31917 51462 -34265 53098 -40806 -1414 14796 -6025 46200 -15081 -39777
r207 -56846 -47908 -7235 -9408 24235 -11353 -22516 36201 25687 995 -27587 12917 -20094 -46899 38805 47787 -17663 45591 -64720 -31877
r208 47009 -59499 -39821 6912 55689 -56777 -8786 15211 16021 -36163 -4221 -50077 -56023 62665 50976 9087 -20163 57532 -26696 -58350
r209 33755 45350 26142 -51386 16153 52937 61452 -48071 52736 -52398 60180 17139 8592 -29021 -14917 61368 -37677 -14199 -15760 9161
r210 -37699 -20667 55385 -14203 -5212 -23080 22336 26265 54052 -54997 51055 39996 11872 -1770 6337 61906 11257 51342 -3850 13318
r211 64164 11882 6676 -38196 23328 8619 -41777 10149 53495 -6983 -35832 51519 -35055 -26814 36954 -64187 6199 11068 65359 -39315
r212 -6605 57017 60035 7696 35567 -29114 -23410 46768 -6290 -44500 -54269 1502 -38012 29486 -12421 -21125 -64763 -60587 -52581 8422
r213 51524 -16160 33635 -44237 30934 -3207 9330 -48264 -26789 9907 -45709 22457 -36789 -49946 21155 59779 47211 20502 -62811 -7984
r214 25662 685 20970 -36993 30116 50965 -22326 -31636 23332 -62558 15073 22686 26055 57558 55225 2903 38859 37138 -63667 55999
r215 44972 38114 46368 -13303 57702 -10560 -20720 -63559 49611 -38078 -42948 -4474 -54157 -30934 10363 -6900 -31184 -58697 53582 -64891
r216 39598 46870 32682 44346 -7148 2402 50254 40890 -38051 -31346 30995 60015 57040 -6274 -59343 -38885 -48968 -65466 -38959 1600
r217 -45677 59146 -26233 21860 -48556 -63289 9451 -51613 48905 -31519 -35008 60588 22902 32361 -9074 -15578 -4012 -57215 -39710 63005
r218 63527 -24037 -31502 -32528 18367 -28873 -13349 16244 -13643 44461 41378 -51011 -627 62525 15839 -35818 49963 -30692 28647 -20055
r219 8280 1744 18582 60404 17706 14110 -44245 3748 3209 -57085 56931 -59569 -39958 50513 63858 -13901 -34904 4131 -21546 -8202
r220 35430 -24255 -62951 12621 -38777 60503 -28034 -58032 12576 -5999 57216 2331 58329 -19494 -14175 -35028 32111 -39170 -9206 8649
r221 -59950 19331 -53595 -6695 49780 17155 57635 25324 -10101 -50547 25331 64144 -23773 -12770 11400 -41670 33326 8954 -51959 -64778
r222 -12945 -54520 -40288 -25411 -11865 63568 -15653 37036 -23618 50397 7795 8133 -44421 43044 37328 -43283 49464 42479 46064 65500
r223 -15649 20543 38265 -56147 -7449 -12457 -22159 21530 -30941 -21787 -7312 59677 -11179 -51617 -17729 -62154 -15170 -35994 12006 -10915
r224 14990 36784 584 5999 -60135 10895 26111 15013 -28200 50448 31269 -31452 19254 -55829 -36695 57147 -25339 -57471 -48465 -52178
r225 -23018 -12266 -59066 -22554 51637 56375 -50348 7259 -27016 -53071 -53307 7818 -16582 -31631 10623 21856 -52267 33874 -30219 57308
r226 -48837 50786 44362 38444 58609 -48181 54017 48182 -46625 59642 -13688 57030 -18975 -36116 -23414 -26602 -13913 61151 8052 -46164
r227 22049 -3733 -13610 60888 -18579 -40282 -29580 -17161 37837 -57319 39335 17803 -54417 647 -53548 35420 7599 -58389 -65215 56103
r228 -27598 52187 -55397 -35531 32036 2295 -43026 -49008 -25083 3803 5244 -51206 219 6377 28246 21435 64024 14745 48702 59165
r229 -847 -10332 -20417 -48496 30476 59145 28531 57251 3242 -38725 25055 62461 48177 15005 58810 -62993 62673 59592 58331 27084
r230 -12919 62385 -63551 -5828 59247 36314 -382 62714 64809 62016 -11118 -7887 -25777 -42336 -33803 -29556 21416 -64609 57201 -7510
r231 -63433 8187 29468 30153 -3683 55777 32207 7593 47334 -5551 -49304 33522 -9373 -25234 -3906 -24765 -9488 58603 21490 -3597
r232 -60873 45295 22938 -37598 -64700 -53216 23049 -9254 17185 27460 50936 55052 -15668 -24017 -35780 38980 5407 46011 -40564 -565
r233 -14305 -61575 35493 -25457 -34009 22493 -13783 -14504 -18610 4913 6717 42179 50552 32783 -11883 -17606 24033 -8508 -54837 -34900
r234 51083 -30520 25259 63538 -42632 27725 14724 57481 -35468 -27206 10261 -60998 -17040 -61961 36595 -2660 -6594 18060 48021 4181
r235 -20893 48495 8110 -14099 -35156 28590 49546 14629 31406 -21965 54482 52954 51791 27779 49366 -25402 11143 -5668 13350 -47306
r236 37163 -568 24934 39551 58819 4579 54735 -46712 52152 -44872 -39621 54560 48532 -2319 11388 -54290 24684 -34075 6523 -53772
r237 913 2116 38301 -45173 6569 6456 14438 19940 -31849 -32440 -28303 -37461 -5904 -64817 -39367 -3072 62468 -20335 32024 -55413
r238 56275 15412 -25635 -53020 23188 -41568 22184 42751 39045 -41245 -9782 30410 39458 19302 -46381 -13068 -62944 -15142 39903 -60046
r239 -56264 -31697 178 59079 8298 -16173 -60654 7947 -9968 60651 42 63525 63665 2303 -23391 -1417 25458 25321 -39047 -31947
r240 5421 45665 -15656 39257 243 23264 27977 -52628 54737 -14810 -39437 -4067 63944 -336 -35005 56773 10267 -2732 8004 -65432
r241 17941 34400 62485 -24900 -17019 25226 39239 24971 20779 5205 -60914 50997 -42041 8949 -21740 61810 -62833 32416 -16134 -48401
r242 -33902 -37771 -18889 -61440 36577 15347 -11831 37980 60497 27379 46451 38285 36896 26764 64957 46083 39502 26926 -11717 14821
r243 -59114 64358 -51184 22839 11888 -15424 -41429 2873 62599 -9684 -4892 -13842 -50905 43552 -65213 11346 64424 41562 -44173 -52425
r244 -56645 41214 -21216 -25531 60845 21521 64576 64130 26084 -22034 48858 -24207 16223 28637 -1603 42026 7349 31102 35332 64429
r245 64293 -54299 -56821 35184 13741 58677 2634 -54360 62074 39085 60772 -4274 28386 -41491 3537 -49469 3905 -58483 46975 -8390
r246 27210 -34781 59347 34253 -30449 -39939 -19576 -26072 -31432 -20302 8683 14742 -2938 -60892 36851 -20714 29473 49685 -60243 63853
r247 50358 -15432 27087 -49823 19583 -45268 -29264 51702 -38918 36849 -28189 -63081 28719 -16789 -57055 17544 10645 -49126 -64266 -5670
r248 -50660 11542 -1502 10857 60582 -49026 -28548 3439 62032 36371 54105 -25160 10403 -10047 -12437 -49623 -52931 26647 -46410 561
r249 2516 -624 48562 -49325 15828 -4011 44682 63571 9425 47879 -65247 -34748 32422 -28175 -57802 47093 -51014 45745 -55462 -34736
r250 -2081 35494 -38154 26114 -61427 32387 -56125 -27225 -34153 -34120 10634 37480 48933 -59757 -45256 -36700 -20751 39614 -25456 -5323
r251 51581 -18859 -55946 29058 52124 62260 -55314 52575 -41088 3658 44646 -30487 -54590 4815 -48545 15280 -44833 -63709 -52485 -42273
r252 -28773 49808 -5163 35391 44277 14812 -16354 20952 26318 6176 42275 55686 34318 -63527 -56779 -59898 -5886 -16467 -22518 -32646
r253 23760 -14719 -16815 13831 3107 47088 -31823 -62895 24739 -52683 -26908 64336 -43983 -20226 54466 39609 9982 64395 18363 6595
r254 10478 9604 -33802 5727 12206 -10045 53738 -60045 -43434 4766 24176 -34313 -57763 20855 37525 37703 -3929 -59062 37217 -16363
r255 16175 38950 18069 -3816 1037 -23206 18583 -39763 -23929 3468 10536 -63382 51192 -123 61838 24783 51575 49322 5931 44502
r256 -19749 14521 -19568 12433 14402 57939 -65338 -56619 -3283 61924 -48392 45623 -53249 -59350 -15776 -12265 -29109 57232 -42090 27499
r257 -8114 19521 -50806 -30699 -48425 18941 -36544 50724 35857 -19112 -38636 4336 8165 63783 42885 53078 33559 -2400 42592 -36029
r258 -39865 -38180 -35524 -57874 -42707 65370 -16059 -58493 40862 61519 -53375 -34938 55503 23159 -53754 -62977 -56137 -25185 63606 -55874
r259 31522 47935 8727 -60117 19152 -65484 -41067 9911 65304 33551 8106 62339 1742 -14992 23259 -31332 -546 -15784 -37169 56663
r260 60240 1281 19577 -43215 -27523 23182 1465 -34569 30981 6026 -44368 -6465 60092 65266 -9982 39637 62540 22363 55663 7591
r261 -11098 18389 30827 -25872 32669 13054 -3168 -62196 -87 -39197 49320 -38066 -38033 6996 56574 -34274 58720 -34229 -34223 54343
r262 10962 -62109 -35203 43649 43688 21481 64168 35381 25803 -36645 -23746 25865 56512 -35292 42091 26137 -530 -63094 -59606 -13356
r263 63206 10972 38351 42397 -17967 55457 -31980 -9267 -62177 2805 47176 34797 54339 -19431 22392 -4940 37318 -33031 49439 30734
r264 -43392 31709 -14277 382 35284 10179 -58391 -5790 -43919 -60344 -55088 -42409 -59601 -56843 -5908 -6073 -31555 -61648 44001 43842
r265 -38862 -56655 4255 -31000 32426 -45422 45901 -25382 -18222 -7664 -58327 -59758 -23272 52611 58115 -64316 -49821 -54738 -29384 11652
r266 59998 -33366 34280 59212 37013 -44033 -52658 35388 7553 32849 37219 30118 63007 23585 -55784 61972 -46882 46818 -65387 43817
r267 1685 -27839 -21534 -64315 -57602 40436 -46211 50260 -3731 52851 -61837 -7457 -36335 1043 9530 -7987 52312 -38606 -21849 -48977
r268 -59099 36029 10153 -62334 -16832 5555 -29046 -39671 -42058 59259 57191 37384 -18001 -4577 -45003 -20512 -7375 18534 42681 61007
r269 42654 -2645 -41026 18580 1037 -20242 3769 -21658 -29935 52472 12822 57648 -11717 -58120 -18512 61030 -395 -41025 55964 -14206
r270 63707 23302 -54295 62786 -8343 10697 5874 -15345 -32854 -57941 16695 -54323 -30057 -22526 -24813 64324 24873 35828 -51197 25552
r271 62279 19391 47044 -56260 -27190 -11588 34215 4682 59395 29433 13113 -46222 -64189 -37345 -20450 -23306 -37274 -23416 -24956 48793
r272 7136 -59534 42276 -29937 -63393 25191 17518 -5230 -34085 -9266 -21530 -33163 -34619 -2246 17814 -29057 53869 50627 -45078 -36115
r273 26694 5276 17214 -55682 65489 52302 -17710 -12609 -1259 13891 -45992 32860 -21049 36889 -37370 46062 -54011 47529 36071 37373
r274 8811 -15671 -23866 -57859 25476 -55737 4695 -48567 40527 -18826 -14089 -50552 49940 -25888 41460 -60095 -47012 42659 -22006 -8907
r275 -49403 -6210 -6071 -48399 -12509 -51582 52214 -12269 -62342 34955 37524 -12562 38957 40563 -5387 -32614 52832 -32161 -22461 -1815
r276 -43210 -40645 -62401 65504 59662 59090 -3618 -20859 59205 16074 -53083 -37948 26659 -10912 64764 11345 25239 32775 30454 -52042
r277 38231 6255 -23961 47952 -52499 53112 31193 24897 -23636 1431 -45655 -24108 41355 12841 -29252 22988 60722 -13489 -2252 -9941
r278 43460 -43859 -15741 -1542 -48748 30474 42413 32016 27808 25093 22710 -41897 -49387 32610 1614 23547 -34075 20446 -29987 -5068
r279 -57257 26724 -34147 39717 38580 8850 32300 -38480 -36634 -61682 -38111 41645 32095 21256 42333 43273 -28044 -23239 -30424 -22070
r280 -11384 -10974 55508 -56711 -28520 -35621 51622 -56564 -54958 18132 -38468 30664 -56287 -52410 40072 14970 -47918 -25986 820 30455
r281 -5360 -59927 -31596 -49199 -22280 -24829 -27553 -53536 -51890 -53083 62962 -55253 64788 27053 -3155 48885 12318 -58631 -47808 27854
r282 -5498 -4032 27283 35734 27145 31482 5165 43260 -8753 -20781 -149 -45900 -64803 -33718 60108 -49506 -52891 56933 -52222 -51327
r283 -7537 -8002 32777 -29345 -52527 -17704 64708 55452 -25470 -6399 46708 42770 53244 -52651 -7442 -38883 28945 17334 31108 -62602
r284 62659 18210 -13926 -20831 4382 38050 2570 -5210 -51503 427 -59311 42450 96 -61579 33418 28360 8163 26264 -21732 47927
r285 -49003 -63661 36006 50532 -53956 -54209 -47445 36873 41070 26961 -3903 -23433 34698 -26914 -29601 16840 38438 24201 -26907 54385
r286 -65199 -62215 2982 57126 -48538 56482 11261 -61440 31088 34154 57177 44952 -38102 -64961 47476 41750 33809 65288 -27897 37935
r287 31375 -56829 20976 -22916 32867 8940 -54079 -9740 -4362 -11612 2249 -20379 -64473 -7080 28959 -20891 -25010 35370 -54902 -23204
r288 4184 -10757 -63054 -15035 39021 -32311 -59883 -39257 -6699 40173 36003 -11653 33985 -61933 626 34495 -31222 26939 49534 -63837
r289 -22675 -44848 -17556 41129 58257 -47888 -35615 -30871 38556 44377 -27210 -62020 43400 59178 58515 8573 31452 37006 60826 9627
r290 -33380 33823 15272 -41468 -42609 1148 50176 -36543 -35323 -40781 1382 -6995 -22128 -18181 2633 -62145 -9083 779 -44755 17752
r291 -31315 -23309 -11439 23681 -9092 53744 16002 31772 45103 37125 -3090 39521 12599 12285 32765 -45453 14280 -2152 12660 -23026
r292 31590 36474 21636 22464 -14973 56570 -3960 -47812 40562 26127 36852 61930 26822 24388 11924 -13668 20914 -54122 -3290 -49663
r293 -29964 -54569 -60472 -9543 -25368 13714 -35099 -24051 57678 -25922 -61066 42508 -42761 -37948 26808 25692 -51561 -3180 32445 -22328
r294 48609 -53838 65371 17464 28811 43040 -24730 -23915 29350 45554 -53469 52895 43088 -35804 -42717 33447 -40973 7120 -42408 -22157
r295 35026 40765 23957 -39436 19593 55259 -52309 -58242 52684 -954 -48272 -26874 61869 41769 45503 47967 -55643 36269 -16255 26450
r296 -21809 43263 -23278 32426 -40421 24689 63392 24479 1380 20747 19519 -19700 56647 9249 -16770 18845 -37542 -285 61749 -61200
r297 -29136 -17313 -18645 24612 -58606 38276 43669 -5206 -58913 20597 21635 -35730 -44448 58907 -10253 -53522 45721 -60183 -35609 -49144
r298 -62442 40263 -22488 -35428 -29209 33495 61628 2169 -41539 11100 -38811 62253 -26036 63047 35878 48122 11138 -23652 31077 -14287
r299 13579 14433 -11695 34640 -40632 16408 -36516 37471 -39164 -39388 -36355 -17100 56613 -27046 45770 39158 8555 -14881 -14724 14153
r300 46836 -19680 -45749 -17115 -391 15204 -49907 5795 -57175 62301 7470 -35446 58612 -54139 53013 -41272 45407 32342 -52183 20310
r301 52125 -36185 18379 -2220 -50136 -47432 61600 -43346 1553 47441 9282 -33775 -54498 35316 -1075 -15535 48096 46424 27381 44557
r302 38396 -53124 -59703 -36710 -31549 -8433 -21258 -64448 -24887 48509 41168 -33739 34625 -55727 -38974 -43502 58897 26308 -11343 61490
r303 -15539 38480 -19216 -13465 -60585 -58623 11983 31877 2520 -47846 57335 -52911 -42812 -44717 -40650 -10077 47535 -5484 -19792 12073
r304 -38726 -28467 38667 5268 -21903 23793 38957 65344 19984 17038 -59388 40887 -20526 41497 57594 26159 -40428 23287 35289 -49578
r305 30998 -253 -19514 31425 -21440 -65353 55011 -41689 -45297 56055 17559 -37712 20580 -22102 -11511 46774 -8939 -30276 -54416 -60016
r306 -13058 -56147 42975 24547 32321 8708 -60329 -54357 22605 32097 15667 10437 -28168 30499 36627 63110 -32058 59577 29393 29203
r307 58923 -49250 36402 22707 4068 4127 7710 64857 43526 -30763 2780 57834 -38645 46118 17903 42140 -23803 -28100 54957 -48810
r308 -26553 34741 -15837 -15396 13662 -47931 45575 -43870 61421 15147 -15531 33184 28428 51793 -52291 1787 13982 30569 48353 -43970
r309 -45725 41702 48271 3919 -38483 49335 -52875 -38891 37919 -52125 -33906 -2454 46081 32885 33411 33547 1925 45458 19869 16867
r310 46717 -62354 61221 38041 -34503 41331 15371 -59913 -3470 64972 2008 -15551 39594 -22004 -48818 29498 -5668 -52880 -52101 8446
r311 31292 -59370 13880 -45387 -30463 -15476 -50254 -44920 38532 -34424 50840 55475 -58098 52628 17313 -61423 -59101 -46521 29453 39490
r312 24167 -52584 -19052 -56870 32751 -14822 -21727 46999 48992 21034 46736 5432 -23851 -23093 -12914 9001 -52312 61962 57467 2861
r313 -59983 54777 -44007 -2043 -7133 -60122 -5395 60636 -19739 42373 -31970 -51001 -21043 -36523 41695 36800 -62605 -52730 53542 -23999
r314 2569 17125 27369 5521 -36504 -43639 -1476 55284 60260 -18146 -291 37508 -42293 -34038 41331 -36598 21384 -18531 -55868 52236
r315 -17575 -14027 -60154 16186 32939 -59523 10467 -22190 55608 -18630 12000 -38947 -6068 -54864 -30009 -14188 -8353 30090 15947 53234
r316 -64587 48107 -14630 -42475 43810 3613 -35022 -33931 -28851 47717 -31507 -29242 35820 -19291 62978 -40797 55098 -63038 -64912 -38338
r317 -33226 7914 64259 -2012 55435 -9786 -45740 43680 59647 -56690 27972 60774 38769 596 7231 -52620 -50878 19366 -62102 5871
r318 24271 65225 -7104 56951 61967 -62482 -16777 -40641 7036 10814 -33519 -64108 -17667 9501 46356 -55981 -25526 -29988 34519 39749
r319 10763 26449 -48985 -6010 7664 57477 39359 58528 57950 -41488 -4358 21829 42431 42620 26529 65473 39365 -64465 4290 -23211
r320 -18507 48634 42302 -14367 16994 33198 57426 -32669 -38935 -37329 9050 -6743 -13777 13806 -47167 65205 -97 37476 24105 48261
r321 -43653 -62749 47488 -33627 -52830 -51651 23608 -52717 18027 -41735 175 12388 -12510 11004 -11472 47650 -60989 -33188 -15597 42808
r322 -44444 -2996 13321 37484 13711 -58858 4865 -11296 7344 -3814 -40649 -57154 -3637 -35988 30751 7298 60396 4676 -52460 34803
r323 -36569 -30944 20113 14508 5569 45398 56867 -15172 -52325 -49053 36255 10214 39067 -57122 4820 27581 48264 42640 -28065 -3244
r324 -41809 -64016 11706 -6079 -35044 -8048 -4409 22614 -79 6076 53765 -60121 58258 -47418 -55955 -44656 28579 -1116 4300 -28985
r325 -34092 2324 577 27979 32510 -15062 -32141 -56302 -10972 -15070 41182 -13653 26200 -56919 -34650 60647 4055 -20286 -45100 36332
r326 45654 16726 9109 62880 -59957 21873 -7523 45734 42512 -51854 32557 14761 -46256 -3340 61886 29398 22610 22180 -27557 -34752
r327 -34798 -41632 -5501 63149 -61905 46578 58418 -1374 38211 52728 -35306 42616 -60487 -62409 14673 30952 -9711 33122 62219 14589
r328 20392 -49756 -57946 -796 14587 -50727 -26543 23727 -40209 -20956 18469 12188 -12632 56480 7315 64604 5738 -11045 -40672 13335
r329 59365 -19343 -3332 -60623 27396 4052 -7014 16358 -838 2807 -34896 14860 -60550 47848 -28169 65063 -33006 21462 -45287 -38983
r330 12751 -62127 19445 -4626 8101 -49928 48889 17025 -32821 -64545 -37496 -7396 -18261 36405 40491 -10432 -8476 19615 30558 46542
r331 -60553 45437 12106 27957 56872 50018 49146 50088 44199 -36551 11567 38652 63926 -5216 -14597 -26393 -31118 42340 5498 55640
r332 -47678 -11433 -47087 -1848 -15869 -48650 -51402 52230 11990 13138 13698 4431 -52567 -63470 -2288 38599 4989 -13958 -2626 -46737
r333 30808 43063 44973 -27635 13632 -12681 53315 58788 29731 -64127 -8845 -34721 37485 -3426 -29014 -30655 -60957 -4899 -269 26159
r334 -1172 58299 31223 -13836 -28439 -56548 57838 12833 -19625 -59557 46464 2365 -41560 -43551 -60850 32447 -39125 -28682 47128 26086
r335 39207 40655 51421 4559 -32796 -53033 -41701 -15481 62282 -10363 29782 33298 42616 2375 -61411 24595 -42440 36714 -21771 -3931
r336 48293 28914 39288 10781 -13042 3383 12532 -35082 -36374 -58741 6698 44332 -65067 -22554 -51034 -422 64000 57383 3839 28016
r337 -22714 -41239 36367 -50428 -20506 61602 -14036 19268 -16526 -25677 974 47697 50553 24397 -1021 -58286 -9011 54874 -37517 58250
r338 61857 -48560 54041 -49062 -26508 -29144 49783 -51156 1356 7968 16515 -58890 32835 62923 -15736 -26650 53302 -25424 45689 -2151
r339 -2214 -1370 24639 3012 23653 64893 -18156 -11228 32657 60773 -16306 34047 48680 -7483 64876 -64867 33052 -13548 55495 -62918
r340 27277 -47108 -30631 -10657 -17580 3715 15524 43822 -35687 57236 -9410 41025 -59314 -36778 5244 -35088 24569 -47937 -488 -1355
r341 6071 19866 33464 -714 -27956 21202 -1109 22405 -65441 20533 24815 33797 -22608 -48570 10916 -43162 18185 -55931 46658 59968
r342 1625 -13945 40887 13872 35510 -57656 -14699 -40820 29619 -2494 -13632 3142 22773 -27600 -50072 11687 33473 -62570 35956 -55369
r343 -26440 -55818 39203 59186 -55276 6718 31869 -195 54457 -35292 -33709 -61742 -49743 -24815 -30447 37390 -26851 26328 -8230 30922
r344 55242 -8094 6217 11476 -42056 31821 33548 -1620 47750 -55345 11023 -48830 -21498 54092 14349 42277 5030 -58867 -28994 50068
r345 -15850 -45200 2509 63980 -32450 -64665 54582 -55237 -31112 27250 -52284 -42873 -37485 -50073 2902 -29339 52688 54245 32755 16510
r346 -739 -14056 -54582 58690 -49514 -17705 -36551 28544 -56767 -31765 26017 17423 -51889 -9493 31089 -57778 -16089 56620 21081 -65078
r347 -48675 48295 5501 54852 7701 22885 22555 23975 -48347 -47976 -43118 -26326 -50881 41161 10534 19312 9964 -43267 9306 -49035
r348 48026 51307 -2189 19655 61546 -28368 39104 44525 -47717 24584 55946 -54717 56233 20552 19781 -4663 -62926 -47770 44249 -3099
r349 59137 33540 47735 49326 -46824 -22763 -33441 42910 -42282 59439 -930 -60443 41088 -12083 34270 33879 64682 6433 59389 10479
r350 64052 -64626 -11960 -44649 37830 57154 -64373 47976 -44274 53791 16947 36393 -19812 -20081 19145 1285 -46960 -60833 -52319 -51559
r351 26673 -7800 -549 -48302 -479 34502 17521 -52492 23875 -43503 -18045 -53556 -44984 61708 -53167 6013 -13600 16902 -12398 -18172
r352 -39567 41352 12640 5452 12194 -65500 -43488 44497 -210 62676 18334 63572 -14616 42835 47024 10984 -55637 -10251 10390 27545
r353 -24795 27403 40759 -52931 -7818 -32656 -46898 25902 42809 52783 64201 -53638 -54483 34058 -55990 4476 21769 -45597 54719 15750
r354 -16828 17173 27328 35834 54492 51040 11365 666 53747 -54622 6455 23345 -14034 62464 65533 5997 20165 35282 47298 -1862
r355 23271 -32864 58743 -3568 34241 50156 16112 -22461 -28767 31984 60682 12575 -54041 32148 20776 3508 -10285 -36783 27560 -46068
r356 -16394 45551 -37817 3068 17140 -4879 -55788 8625 -28294 -12614 -31051 17504 10824 -54528 27132 -51691 -29819 56568 -38205 9714
r357 61864 54250 55226 -4180 61531 -1522 -55586 42438 21488 -34788 62250 -11535 43446 40074 62404 47208 -26606 -33275 -8639 -37071
r358 53536 -22652 12028 44901 55927 -40452 10624 28034 23705 -9337 -11111 -55463 -61800 -48065 42007 -6680 -6685 -35139 -12155 -14980
r359 -8659 59748 -23518 54505 -35642 -50025 -13100 5198 -26395 57428 64446 24767 3709 593 40745 -40847 -24217 -18130 -47102 9763
r360 -31545 -58752 37950 44873 38156 44358 45378 -21081 -22088 -26712 -61348 -51003 -16100 26777 189 46058 55350 -15702 10381 -26116
r361 17445 56938 -60427 120 -18621 53314 -4861 31055 49249 25602 28666 -25515 26425 39328 39585 38293 44247 31720 -48151 49549
r362 -32666 -19871 -48334 -55018 -65091 38746 -43804 57938 13083 -13693 53523 -32225 -64798 58670 -64422 -4595 -589 47475 -59475 57945
r363 -63565 157 -63005 -55989 -44357 7584 21486 9667 -29719 12568 -448 7935 29375 -22940 26248 -24422 -42175 41590 -38536 -3121
r364 -25402 -23601 -12794 -64497 18958 39156 -29085 5475 -48605 24874 19202 -35754 -30656 -62915 34254 11934 -64289 -56596 6537 -3198
r365 -56835 8676 3178 65202 14382 17134 -5249 40506 9824 -31605 37303 25153 -27553 -57940 -1114 59982 44403 -45902 61959 57106
r366 64651 -25466 -51153 -31705 62170 -29677 40598 -25312 15350 -51374 -12089 -10745 -8226 3093 32745 -33864 12137 -410 -13689 57576
r367 -2530 -25387 -59272 -63887 -49059 34696 63116 47664 -8317 -58459 45884 48025 6580 32070 56662 -4984 55820 -46163 10196 46033
r368 15199 24204 1109 -12011 -32137 43748 63707 -47778 -28637 -39027 62081 -5311 -61380 51748 -5992 -18102 -28729 -6271 -57763 -11228
r369 18655 3168 33562 28176 -8283 -46617 19399 30579 51866 56636 43133 42775 -61304 30529 -33357 17293 33303 -22818 -4964 -45947
r370 -60689 -11969 -312 -36356 41501 -56980 -45092 -52700 -47847 -22774 50613 14857 -53873 24309 -34523 -36790 -61296 -45177 25133 -64786
r371 4855 42088 -9994 -45952 -64600 -65344 35952 56029 57629 34399 -27843 -30440 -43843 -43634 55538 40188 26535 40948 -55078 -48502
r372 -30212 50196 -41909 1593 -24603 -52592 8073 63517 15443 35458 -33021 -56871 -61309 65359 39362 50173 26794 -24122 -13645 310
r373 -1777 -49578 -36044 1060 -32195 53094 -48882 -12672 36831 -34850 -64043 -47032 31796 -39855 34172 -53318 -36902 -33017 56690 -57107
r374 60931 49122 -54353 47780 -12396 -33751 21244 -13573 38415 10132 -10403 -1463 46528 44027 13389 -12222 29131 9774 -34978 -14725
r375 20990 -19205 -21551 -43397 -59896 -25591 45832 -36131 25761 -42499 -33610 21281 -55559 5901 58378 56042 28295 -7781 -10354 8981
r376 -42847 46364 -51122 -18289 48687 53391 40654 48321 55938 -56928 4462 27335 -48977 -49608 -23739 -9115 -52033 39751 -54389 48333
r377 -9011 -17385 -25901 -38347 -25874 16612 41792 -59444 -39022 64701 63923 -27230 30301 28256 2217 28466 22924 -55998 -6469 2422
r378 -17688 -34273 -23331 42868 337 45947 -20954 61761 -6223 28562 40089 2295 27679 51895 -52168 61751 35480 5525 18850 -60275
r379 39816 19780 -12627 -50489 -17277 -30095 -57895 -39949 36362 -3726 7835 -64663 435 27322 42031 13671 -55618 15408 4505 -49852
r380 53489 -32497 34694 -55848 -42691 -55397 -4280 4345 -45815 -18361 42720 5983 -49568 1282 51505 -51921 -54246 19682 -13152 9067
r381 -62726 23019 27119 -45764 -24089 38205 34003 42316 -53442 -27792 15388 -58932 55745 -24057 -33902 -60493 41942 -55767 -53263 4242
r382 50424 -36763 -41604 -22257 41375 18285 -40389 -63545 32241 -30825 -25042 -1221 -12024 -31366 36648 15576 58506 -24221 -60424 -37372
r383 -51523 6444 -44050 -55796 23026 -21788 -44349 29089 -44923 -31879 53479 -33521 42410 13356 -37238 -28701 1499 -60713 39653 -44216
r384 29529 -5187 50606 -29259 30578 -36264 -63611 -64038 7206 5262 -31358 6308 -20408 16018 35110 -30984 8781 -42248 18063 14829
r385 44975 18077 52635 -34434 -16818 34691 -31289 -53981 -48213 -37438 9813 56235 63903 -9837 -51753 41132 8252 -11072 -61737 60220
r386 -1816 4097 -56666 39003 26456 60394 13595 44982 47717 20995 -18906 -1220 -53492 -37604 23085 1689 -15179 20231 16435 -9470
r387 20692 21709 -13735 -38893 64230 -9448 40817 27114 -26826 -27426 -42720 -17606 -9646 44642 52295 30973 61642 -10146 49791 14280
r388 -25564 -4080 13881 57501 21083 15204 -63572 -27311 55278 -55948 50744 -39486 44035 16881 -65436 30559 33463 -53897 50626 -16337
r389 54464 54316 -45042 -19777 28476 8170 -32982 44844 4553 60149 51110 64186 -5587 29091 24958 5243 33527 52656 -60630 61407
r390 -17954 31492 39465 47075 7705 51572 48863 -39838 33216 36653 5981 -64470 47013 18191 -46327 19622 21983 29067 -38079 52115
r391 -62980 60864 -48546 -58917 60993 37987 -5207 -61784 31753 39874 28829 -57561 31024 18956 -4012 -56747 12829 -28162 -20963 -64267
r392 -7010 25572 -47256 15553 17888 -44972 -22671 20138 11107 -2361 54009 9434 -32560 -4446 22594 -60254 62958 58035 35679 5836
r393 -24229 -55120 -3501 55490 -43990 39762 63723 -39584 -60931 58074 -7396 18807 57773 -56702 -54759 -21987 -6692 -25279 58392 -58114
r394 -54584 -16014 -51856 -29602 55911 -9526 25014 -25116 -26854 54530 -32045 -41450 -60123 -23133 -46353 -23147 64337 26605 2566 -57854
r395 -35788 -5964 64661 -42236 -31465 -61636 38119 56410 -37145 -16267 -32213 -5521 -2954 -28101 15470 50736 29192 -717 -54273 58841
r396 2576 -51944 -3662 5806 33531 -16074 -2602 -43949 -54071 -26589 -19167 8805 -39893 -20493 35662 -64233 -43173 -49015 47642 46560
r397 37556 3721 2193 30263 4099 -9549 -47589 11837 -41816 -31957 -33498 1974 9097 20672 4234 16894 -49588 64107 31840 44025
r398 21003 -26892 -44744 36298 7586 -53380 52352 49940 64564 -44160 -46301 -8199 -63184 -54094 -13764 -51698 47619 8876 26524 -1641
r399 36526 -61612 58972 -33384 -39776 10472 19562 -53786 46270 -38898 -47733 8400 -4865 -30253 45783 -24259 -20000 -27130 -3820 -26241
r400 51723 -19041 25894 63111 -1312 -14405 44188 37771 33681 54445 -35950 -56304 38006 -39645 29348 -63258 11109 58028 -7843 -1442
r401 -33024 -12995 -31742 -34331 13333 -30118 48518 62762 9394 -30069 39775 -59594 1019 51101 -30693 -64413 -17549 50849 -42940 -7743
r402 -10964 -41505 24907 42298 42779 24271 -28319 -47213 -34171 12759 3236 20251 -47245 -28691 50687 -62808 -17330 16712 18716 -816
r403 49927 -45514 -19370 -21557 -54859 31609 19373 22018 -62675 31107 -45159 -38519 -39060 20429 -8676 -42214 -50518 18083 -5572 -30024
r404 61555 -57246 57501 13176 19705 -22376 -57512 -57443 -4739 40568 -30246 -17574 60943 10462 -20046 -44453 19570 -36616 -21469 -26403
r405 -51127 6976 -41175 -16924 -48892 -55223 2166 30529 27964 23271 -47460 9599 15046 -31878 62552 -60980 28259 24604 31488 41009
r406 -20679 30885 -60906 -54456 20001 57355 -59742 -16129 -1157 1517 28217 -2520 55587 1734 -25710 32954 -43901 38720 32685 13369
r407 -59609 -63545 -58780 45148 56802 38465 -46436 -27603 17073 25291 600 -44382 -6089 -9492 43760 -39257 -24974 -32461 39088 -42502
r408 -48127 3315 5241 17579 14102 -31881 48488 -51530 63323 49989 -47618 -23211 -22171 -22844 -18897 -60641 55602 406 -6387 41609
r409 -45926 -20683 28752 2516 -50927 34178 -32016 -12476 46650 -1072 34602 52513 -13156 -4327 48102 -22324 42941 -18143 20427 -45316
r410 41866 12577 10307 -15728 -21851 -3192 59553 20368 807 -886 -35870 -18982 6927 45855 -20346 18782 41342 53946 34014 -32139
r411 -64992 43284 1099 11656 -18147 -12440 -63312 47877 33892 15916 2906 5640 43885 -41020 19171 59746 20922 14079 -17979 -23687
r412 54139 1636 -48753 -18494 56869 -20380 -10758 51912 61940 -45377 33662 -15675 -26306 55420 -36700 -63661 49037 4582 7763 24070
r413 17945 -5335 -8838 -63360 26557 16138 -29781 -15301 31312 22447 -34268 -49771 -54104 -57923 38078 9307 36243 58615 28894 54727
r414 51773 34937 -10688 3855 65517 35208 -50935 -22886 12502 -9735 -48321 -7159 316 -41442 43264 -21163 39220 39147 2150 -27622
r415 -22787 -26042 55251 -47654 -62060 58658 39985 -58246 7313 -59418 -24029 -11618 32403 -55536 53375 -32771 20185 24465 -44816 -46298
r416 59726 -42633 65106 34367 -58226 54994 14095 -64845 -32223 -52178 -13662 44360 -50971 -43029 -53331 35712 17986 38624 64583 31526
r417 -10818 40685 -21046 51070 12179 -45540 62102 3801 8334 -61371 26677 -30310 -8920 -36891 34007 -406 -54828 45071 -2760 1037
r418 10355 54482 8048 3202 5559 -30711 42190 -40758 -31555 25518 -35871 -8511 12571 -46141 12705 -56511 35149 46357 -56771 27683
r419 -52804 55497 -8176 -61427 10537 -45451 -58973 -1738 -63765 -42164 -46591 -14149 -54848 52595 58745 -25959 39634 61425 -122 -52699
r420 -60539 -52898 -31652 -15225 22036 -62389 3491 28316 -60273 57387 43223 60580 -7360 -53943 -60059 -45844 -45143 61743 32439 205
r421 -36939 -7954 63818 4613 -48620 61029 6137 35038 61153 -62756 -25607 49325 53240 12823 -39309 -54925 38405 39285 -13740 -35624
r422 51122 -44618 -26202 46838 37580 -1282 -35764 -18709 -42470 6216 -40858 26103 -3056 -1797 -24435 -62173 -55172 -19902 -56628 -15354
r423 -27076 61109 -63362 -44259 -30667 -30974 64094 63851 -18823 54299 -54552 25994 -20457 -57134 -50160 -27222 -28401 41537 2261 58072
r424 -50146 29492 64088 61975 36190 -23949 8129 -12795 -37147 64475 5931 45659 53693 19305 -25345 -18841 32212 -44001 25053 46508
r425 58438 -2239 -42954 50737 -60257 41702 12443 37010 -11001 553 -48878 -795 12019 -35873 48565 -30533 52640 -28242 45859 -53056
r426 2260 -38979 17358 -28642 5391 3498 -32150 27400 12902 20259 12546 -62422 -31817 -19184 -6352 -59222 -56834 57707 64278 -50460
r427 31362 -10997 -15108 -3032 -22775 -3534 -3975 55222 25603 17870 33832 -9973 -27983 52836 32943 20606 -55208 -24625 -53141 34003
r428 30912 -27272 -20206 -49271 10411 46701 -33861 -18854 39491 -10794 28249 -792 44443 -50547 -19957 -31972 -4262 -24345 31970 31355
r429 16265 -53145 -42947 13098 -63678 36352 4494 19011 -61284 7309 -23912 41300 12193 10141 -7435 45928 20898 63572 45008 -7540
r430 -22784 33763 51593 45570 -12927 27036 -46533 -36458 -10613 -36226 -38589 -64905 -39706 -37078 53606 15989 18084 -33118 -14019 -50180
r431 24760 -36803 42659 7507 -52658 54990 -45990 35013 -57552 -10067 60412 59770 -38732 13268 61721 -12973 -23898 -60311 15184 -9956
r432 -23478 -1379 39343 -45513 -13795 28046 28862 65418 -21134 -12031 54297 -9741 -55320 -55253 36863 58067 11962 22253 21407 -31340
r433 59789 11382 26403 -17613 -2105 36842 8240 -14751 11844 -63002 45957 -37025 -7160 -4977 10919 43722 -38246 -61814 10708 46141
r434 -9615 40012 35016 -59157 -5173 57997 13189 61394 -1802 -7757 28974 17617 -58870 -48057 20106 -34942 13387 24616 -55154 -14216
r435 -59031 19889 -15106 6661 43653 60118 -7003 598 26914 6195 7381 -36204 -24723 47338 -18509 17155 -62496 -15148 -17875 21291
r436 6880 -27512 -48430 34598 37783 37073 -50068 -59402 33229 -32288 -59001 -26245 -34452 6580 -61973 6529 -60704 12443 57605 -19223
r437 56150 -12195 53485 -20790 -56503 -47436 32688 -58853 51899 -23884 -31797 44429 15321 -22505 50826 24910 25419 50792 -39732 36951
r438 56661 -39367 49170 -1139 28727 65039 41948 57805 28112 -41615 -50945 41816 24736 -5398 -58037 -48184 -37713 -62588 -26075 49033
r439 -26860 41798 -12064 33553 41659 -12904 -15688 -52821 -45633 -57123 24 25157 -14350 13357 46038 -51638 21195 43770 31301 -20454
r440 38102 -46987 31645 -891 -52047 7525 -36423 40439 -650 -11202 31142 7499 6380 -38593 -5218 39019 -23679 -5118 25258 22879
r441 43586 -14538 53580 -28934 875 -24448 -34422 49782 -37789 -52935 29367 64986 -59438 -59591 -14460 23808 24850 37344 -21918 -27991
r442 -9176 50320 -58472 -12759 57672 59188 -58115 -60652 44541 9646 -2948 -10669 -34893 9164 9874 21386 -28489 -51089 -37191 -16374
r443 -8321 -24308 -3188 -22522 -37446 47811 2987 -41782 -49761 54767 29890 43164 -57736 15349 2613 -51949 -56328 -53592 -18286 53116
r444 52651 64493 -11631 -36241 22246 15440 -56352 -9182 -606 4304 -16012 33963 27816 43704 16476 48443 -62135 -39685 -1686 13820
r445 42731 -6379 -36230 -56206 -14802 14442 -12483 -7870 -51684 28931 24296 59559 56656 36142 59768 -60986 -37545 19153 -1520 -26836
r446 -11204 23028 45221 59328 -20758 -61772 -95 -22469 -31074 4395 11269 21637 -12706 16792 -16888 -12474 12366 6560 -61322 -27384
r447 12224 17737 17636 58964 -33262 53167 -29310 5673 -43684 55963 55439 46934 -38451 46952 -46660 -15614 -12189 53930 45231 -24779
r448 45766 -11315 -50403 47223 -40427 -4703 -1415 31899 22569 -4891 -46551 -58036 19475 -46880 -32428 63593 10830 61321 -45258 -36058
r449 50438 10376 -12309 -65531 -51666 23091 -4063 -13802 -21877 -44594 -11795 25361 -60066 48991 13341 19937 39680 -60759 45973 11269
r450 -14609 52460 -30361 58877 12925 31642 64177 16585 55770 60906 17077 -4493 -64232 -57016 -45072 -44936 48884 55486 -12419 367
r451 -34568 -3678 -44858 -22409 -26672 -36646 47891 39524 -60425 -26830 30530 3245 61963 -6771 -53703 18030 18741 -20940 -38785 -9866
r452 -26831 38319 -9510 31209 20774 -61113 -47960 -14084 27578 -33923 63531 22637 -40884 60022 52961 51320 -63598 64770 -30688 36469
r453 -12902 49484 -9225 -21071 -50209 40440 54222 -31084 23180 45224 -53924 -16306 -41817 -43549 -20124 34950 23784 25060 -43657 -31482
r454 -30604 -21432 -16403 12517 34752 35876 8922 61946 26005 -13817 -65136 34223 -22017 -49607 -51727 514 41267 -45205 26820 22291
r455 15748 -11305 -43351 -7351 59636 -48043 12896 64593 31089 -57899 -34643 -21412 -32762 10921 -30953 -47422 -32737 58236 409 47199
r456 -32879 49664 -45252 2215 -54307 -13168 -40442 42466 29149 -27411 -22679 11968 -4483 14771 36825 57414 28554 56925 -62187 -26764
r457 -34379 -55787 14407 -55416 -37052 -46066 42712 37213 13533 -63478 -11813 57773 55462 7798 4123 4918 35821 26967 -8240 65127
r458 37064 63955 -578 -21572 35191 -8896 18973 4519 4615 64688 46708 21456 -64708 -1186 55567 28408 -15201 62601 -16961 1698
r459 49160 46820 41975 38085 -59692 -2630 -20044 -56550 -11501 35020 -47360 -16729 -53091 42068 -65214 24818 -53776 57503 -51675 62395
r460 -19609 39714 -44218 60238 47750 50180 -58198 13621 -54299 -11410 53367 -65473 44130 29236 27719 -1364 53889 7222 30118 -14293
r461 62428 5798 -15846 63476 -31754 47429 4463 -29149 -22011 -9789 3352 -46005 -44913 42809 -34861 57450 33539 -31925 -10952 -7469
r462 45341 54828 57026 -59352 -182 10376 56547 -29682 -61255 20646 -63649 -21105 52921 -35879 -10026 46968 12656 -14990 -51797 -35189
r463 -63503 -4972 26245 -47693 36341 8409 59050 -41820 28799 12877 62392 30634 -19573 62243 4205 44393 17459 2218 61515 -32191
r464 -36668 42943 -56854 3626 48138 -65151 -18891 25340 48453 3463 -58380 -59419 59239 -45790 -13338 -56314 -19262 12456 18352 1650
r465 -31250 31109 -4505 17933 6342 -7871 -61573 -14937 -48879 27941 -61932 -36457 17288 -47692 18631 18471 24064 -43308 -53675 47221
r466 32357 1119 24401 19261 -61812 -51077 12279 27604 -42699 -15565 37345 -245 -41898 -42405 -48292 -55074 27065 3844 48581 -29406
r467 41608 62283 -28403 56191 26739 -1001 44904 3193 -37653 25162 50225 -36448 -34891 -41782 11974 46874 12197 53455 -59043 -8325
r468 33760 -29352 19293 -60932 -11949 40728 64526 44810 -23897 16139 -51768 -50360 45405 -44655 63820 -50757 38556 42123 -40962 44086
r469 -44060 39837 5849 -13289 17007 -65030 27283 42761 15178 54144 -49811 42104 -30936 29189 649 30466 -64985 41270 -19932 -51780
r470 -27846 2100 -20558 -23367 -1774 30625 51568 18960 -10024 10038 -52506 17922 -1543 45621 57063 -38905 43159 -11935 -22904 -38237
r471 55991 37790 63628 -64079 -2689 8560 -56532 32972 -15260 20982 23731 -13749 -1126 34485 -9089 31299 26293 19890 -52451 -38733
r472 -16515 -8472 -64551 -567 -12694 -18294 -2428 54367 -38284 -3593 65255 -57595 3465 29261 -64158 44102 8540 15170 45566 -55430
r473 1411 39945 7582 -31333 -21908 58667 30055 -13945 -64221 -32033 47798 -36085 -17524 -37471 -55527 -42777 -5641 14742 -21062 16772
r474 -1868 42356 4872 -16720 -37710 -28407 -54837 8455 23865 -22863 -17501 43746 28448 56910 -16211 -42366 43583 5954 12731 -46718
r475 -34004 59304 -11431 -2456 35101 37717 -59894 -13371 43662 -3311 10083 44985 54462 59669 1067 -23751 44838 -57531 38539 54968
r476 -27823 61802 -27511 30414 -8550 -46725 62229 28919 52326 -54436 -28830 -30024 22384 15796 39263 -37385 -2210 7431 -54021 52383
r477 -47928 -27034 -24503 -4594 -42692 -45400 -30084 -34252 7305 12487 -52095 31800 -13226 -20941 -4635 -52216 53934 23814 -15342 45673
r478 -61498 51531 -9656 14758 -35301 59053 -56978 43806 -33261 7852 45745 16114 19101 21842 -33071 4742 -26893 13587 62393 41579
r479 -50386 46337 63165 -53311 -1620 4967 -34182 42129 38115 -30798 40353 -52552 -60208 -12412 -27345 -33220 -17027 63917 41404 -9138
r480 51470 -14890 -24679 20972 -42626 -14020 -52432 49106 -58997 37107 -45584 -49415 18867 51069 41770 -28163 -56204 45111 -11815 61508
r481 64256 -51981 -52530 45883 14506 -58891 -22087 54963 -60809 64925 50193 -46515 -35274 42966 54972 34083 48424 -18257 -59180 -48279
r482 -39575 -55846 9508 59051 -64251 -11167 -29902 -14710 50271 -1167 41865 5687 3666 -13449 26882 -10795 -63639 47059 22390 -3739
r483 57612 -22748 -35076 25057 -41919 -30224 -8461 -59568 -45635 47419 1687 -35623 -16385 23693 30962 -37100 14528 30619 64313 -48722
r484 -12484 15322 -47139 -34673 -54351 43303 24171 17473 25962 -13326 33478 -10616 38990 37812 -43214 59478 22841 5910 46201 -7567
r485 -59713 -51419 45361 -9615 -36319 -7746 12679 -27101 -4295 -53050 38311 8996 -3515 -39346 -47886 -59254 50625 36747 -30364 27021
r486 -6556 -31793 9567 -32198 32382 -26919 33920 10743 28812 18306 3766 -26345 -9266 46091 -13161 10694 6355 43123 8717 1911
r487 -8170 2815 -16854 -19966 -27259 26317 23730 27740 -12476 13584 -29656 -57478 56455 -60654 -48036 48473 50898 7967 3815 -40607
r488 52736 -33709 -15569 19062 41476 32345 -2113 -9225 46215 -28606 51217 50043 -45934 -38169 -57671 -28885 -9661 -65490 582 -60246
r489 50893 -56761 -12039 10001 -2016 35810 -54717 -14056 46983 -56535 40722 -57579 62653 -6196 -17338 -28854 -30082 44528 -43632 3980
r490 -15623 7666 59113 7668 -21956 -18604 -25056 -60347 52246 3182 28662 -33149 -3716 6116 30900 26682 53264 16689 -5315 -22920
r491 -28643 -6317 23610 20569 13174 24986 49107 -12380 -25372 2845 31501 41296 59923 44563 53556 -1703 -12083 18370 -54037 11309
r492 23324 49866 41671 60209 -56167 55282 -19756 52717 -27518 -56212 -18832 -4398 -60797 39952 -36278 16923 58077 -30210 -22507 24461
r493 62127 -28777 45421 46897 -54537 17184 -55387 -36861 -11091 -3470 -4388 -48392 -21593 27641 25622 19923 21420 -40608 25658 -31373
r494 -38625 -42729 -31303 -54386 -5690 37903 63298 -24585 -30 54457 -49246 -16476 6271 -22133 38012 -45589 34994 -7098 -57701 -3768
r495 64141 -9621 -8148 7385 23438 -47434 46493 39190 47715 -19292 -56267 54032 -41758 16919 43213 48652 41764 -9779 -51788 -33859
r496 -14187 60102 16457 1677 -37280 57518 37103 -22677 33181 -63486 -57502 19870 34605 -18031 42677 21360 -10824 47642 59304 10076
r497 -34549 -16824 -19478 -61021 -32975 65202 -58712 -45233 -39803 -42917 37277 -60622 -22658 -21163 1644 56029 40461 -9447 -59920 -4228
r498 11052 -51002 39744 -9540 -7186 -23209 -20190 -41427 50520 25018 -44394 63491 -9148 -61256 -38230 41099 -30551 48778 -54052 27263
r499 -25128 -26079 -11513 -46577 -24368 -54794 -56795 -60340 -8799 9716 56770 -58500 10568 52294 -12002 44447 50521 -1816 -56237 59175
