mTable6 21
KEY  c0 c1 c2 c3 c4 c5 c6 c7 c8 c9 c10 c11 c12 c13 c14 c15 c16 c17 c18 c19
r0 -30253 58567 -16176 53590 54387 30789 -24198 34222 4573 30494 -14848 -18182 -416 18288 22677 50830 29037 -3120 32102 -17570
r1 -48299 12314 8775 -18525 -20731 47831 -58963 15252 -37898 13563 31166 49571 -41666 39708 22680 -55545 -12617 -43563 -41268 -17367
r2 -4070 42638 -46389 -42268 -23667 -46273 -45779 -14046 26648 -40096 -15571 -22646 -19559 -61142 -61868 45469 60252 33555 -1849 -37550
r3 -48374 -11484 8868 -36758 -56532 -11113 226 24352 -47866 -58794 -63305 33056 -14496 61354 29537 -35833 20803 -64473 -11927 -9499
r4 36335 58716 -14498 44804 -31778 -13292 -42661 59020 40943 -61459 26246 -28194 44771 -24490 -60056 15963 49087 45936 -27068 14892
r5 -10651 -13710 -59437 45516 13789 23419 -7182 -64779 2893 -6308 14462 -57844 -44650 -59265 17013 21764 -19650 -40876 -25841 38517
r6 -3716 -11132 19851 24042 24029 28956 -41643 974 -24466 6273 12402 -59322 23632 -40514 23360 -45450 33360 -37048 -23501 6879
r7 -33404 2849 62203 50025 58838 19195 27310 -60654 49048 62751 48210 -16273 7075 -40367 -47576 57935 42718 -1533 9965 11748
r8 -46812 -236 -39463 28743 58249 -51792 834 -59007 60868 -58978 61577 -1829 53902 56478 -47076 -37346 -7060 27886 64969 -13760
r9 3697 -46302 39670 -43292 -54241 -20489 52134 -65470 48187 15088 48373 -8853 19350 31046 -7665 -44168 -40570 -33639 10258 20550
r10 -45465 47174 595 -19080 62370 -46045 7345 -59921 -35982 55069 -24234 13712 10132 34693 -58748 23872 1195 -14269 23703 -10433
r11 -10148 27301 13960 22871 -20061 -33408 31773 -1147 55331 -48147 -52349 -20054 58002 -37060 2790 52959 52515 59199 -50751 -33454
r12 55669 -61757 -50683 3525 58090 -2400 -484 53168 49618 -8132 -859 -9948 31503 6185 22095 52932 -6959 20231 8231 -30496
r13 49645 39080 63516 1138 24155 1177 -13087 -62096 -61477 -14079 -28191 -3517 -56607 -50773 56924 760 -2149 -14012 28827 -20277
r14 -34822 16177 -32389 -7887 -55444 63926 47401 -12906 5373 41532 32364 -29735 -23295 45883 -43838 63665 59644 -53808 -46981 -19079
r15 8393 -8238 -25258 -33319 -53641 57353 21425 31598 18213 -64462 -8419 21988 -6277 -55695 40899 -25008 -26690 18054 -8145 42280
r16 31828 11679 -12973 32463 28824 -60491 -35942 -36627 15555 53820 25723 33841 41907 22435 9752 -49140 42798 -39759 63852 39651
r17 -17487 -61178 -33749 -41799 -20489 -33100 -53549 9826 -33885 26970 3041 -44046 3729 63818 -35572 50254 -63884 45451 15022 33596
r18 18792 -10665 -392 -1131 65376 -43192 33080 301 -6988 -47261 11430 -20999 41089 -11923 43498 65025 -42275 40018 24746 -3795
r19 -15542 44449 6088 53872 -63856 -57347 2804 -35249 -61224 -5789 -47323 59557 -34936 16278 -32331 55215 20076 21967 -22941 10702
r20 19074 49312 -7251 -59118 59910 23485 -28133 52224 -30923 48567 42341 -30536 5815 14884 53885 63840 -42650 -48190 36113 13194
r21 -23851 -57695 -7714 -23997 5245 8062 44049 -11730 22235 43347 23933 11656 -29893 64818 54915 24453 -63400 50117 44607 25102
r22 25986 9032 15550 50251 -2168 -8793 53181 -23772 63605 -16502 -16331 -64807 -4558 -22978 -25208 -57312 -8559 7466 -41001 23536
r23 -18618 -36459 19452 -38016 61223 44082 24441 -24250 65183 -34141 49989 -218 -48343 -15278 -16124 -56417 -29650 -17687 44099 8499
r24 64699 -26651 -3170 -8718 30527 -47728 20503 45925 -25169 -63115 -43879 -52370 12900 -35294 37199 30570 -31137 77 -31420 -65127
r25 -55265 -50891 57163 37009 -9043 -58593 11667 42441 57629 49075 -34580 -4128 52320 43764 64697 -58514 -19545 -48245 38761 7725
r26 -1575 -7418 -60027 -19412 2902 36559 48575 -6728 40316 44313 -57357 -7542 15214 55100 -29987 44443 31946 -7566 -65127 61543
r27 39455 29227 -45522 40554 20191 61873 38442 -16586 53770 12427 -44434 51041 57718 -30964 24594 -25880 35644 37649 60101 57769
r28 45864 -28985 -40923 -48856 -62268 33006 39842 -12574 26488 -49963 -38458 -58853 -22197 43527 -45026 -40791 -45996 32257 -32129 -49622
r29 -61525 50369 43853 62954 -35552 -14474 -48042 43307 50633 -22932 28115 52266 52545 -15200 34057 -47678 -171 -8289 -50839 -39506
r30 46209 28088 17234 62788 44822 -26340 45431 -49655 54898 -9926 60999 64668 -50642 -61322 -36094 -40156 -24424 25775 65241 -14926
r31 34516 -47528 22381 -25913 -7498 62856 -53831 -53029 43529 -18991 -30056 62689 -42300 56479 -32352 24546 -27419 9718 -24956 -19418
r32 10821 -56602 45866 -62227 4976 62304 65081 -23592 63508 -43280 11331 38141 -56288 18612 46823 13183 4852 -8556 -21890 -13229
r33 44118 32532 10553 -15140 -63527 -8979 53906 55837 -6819 14084 -63686 13995 5602 -43723 53179 -53983 -22232 63153 -1984 42076
r34 -51604 -12396 -34445 42967 42603 6192 -48973 -20588 -56833 -55376 19976 -43634 36566 -30064 16945 -4038 22214 -8531 9172 -49698
r35 -31616 -8944 -46767 -20886 -13758 -11004 46483 -36948 -32884 40941 -29830 55068 51458 7367 -64407 39887 -35107 -30370 46333 -62618
r36 64498 52619 -61187 -39102 55972 -11896 -32073 25013 63684 24165 55720 13800 15970 50436 -10194 54911 58460 55167 4001 -41786
r37 20370 -58881 61268 -60152 -30593 -46373 33441 35961 61931 -58924 -30229 -13331 -11438 -58284 -30961 -12516 63346 -1511 42989 -56933
r38 -24787 -20240 -19901 -39355 22526 -5213 -46797 58851 31010 37906 25841 -18561 -47494 62502 -33530 26009 51352 -14767 61298 -10772
r39 24018 24413 52994 -22159 -6974 -18454 -14461 -3247 -1584 54731 12734 34429 -65226 56580 6659 37146 38669 -47494 21902 -57350
r40 33398 -23376 23626 -5491 44186 -60407 28732 16082 -10148 35042 -17986 -39083 -6986 1751 -2333 56185 -43381 -50288 64850 48910
r41 4527 54954 40134 -10806 18461 -38878 8570 32101 55878 33712 37923 49212 31817 31357 7261 42877 50648 -8344 -23340 -9483
r42 18190 56728 -22121 -20054 -62578 4377 13790 19051 39835 13682 64185 6010 -53105 -41336 -16540 -61710 20383 -19133 4284 -23461
r43 -2420 34266 1954 -56738 31793 -54146 32797 -45659 -40945 -24437 64156 34859 -52337 -58792 -16332 -10258 -1079 -56045 15746 36179
r44 -22632 -23417 -9461 -11810 -60798 31857 -15201 -40669 -13398 8888 -15921 46674 -53053 60791 4976 35794 -10891 53000 -59160 -45417
r45 -41670 -20775 36531 14147 -33582 37909 58440 -44797 7790 -5062 8709 37257 -49494 -10474 -33050 53260 16557 -11303 -40795 -49095
r46 57221 -42095 -28195 51718 -62567 -39545 30560 6811 36110 -34643 -30652 48828 20750 24903 4106 -18283 62719 -31356 -52606 360
r47 -7677 20037 44983 -17778 40400 -58931 64815 -5190 -44597 -7156 -22522 -19614 57005 -24024 -40746 29774 14820 -18880 13932 59711
r48 -41190 64850 52825 -18919 14369 -53794 8173 9290 -44701 30496 -57381 -5563 -27121 -48679 42188 35646 -43469 26072 47482 54841
r49 -4244 -8550 53064 43059 -46526 56736 979 37234 40936 -59606 -28464 52272 47172 12652 -46657 10514 -52711 -61594 8176 -39997
r50 -4757 56604 61637 -45399 44549 -46554 -25631 -35919 -9600 587 -36516 -3779 -27657 -41073 52594 -33136 -10080 -33546 10503 -50441
r51 -35177 -60484 -9921 -37890 5627 10909 60953 -9903 13175 35269 37221 -62083 -6979 62740 -27918 46062 -38300 -56486 63594 -22122
r52 -34441 -13587 33610 -38719 36675 -8441 -64479 52813 -47560 -29650 -13173 -54559 -53282 -25795 -32779 21536 -4377 62465 44796 63820
r53 -56191 -29877 31782 -5868 46792 38760 45688 45216 32505 -46952 -43198 55567 55696 -46034 -56120 10526 44878 46056 -44927 -30447
r54 25184 2555 -62307 -11853 -61974 -48253 -1683 -54599 -23975 -4490 -47736 15422 -15373 63424 32476 -47741 45976 33895 -42770 -7400
r55 -17932 4755 -25916 -13579 -11453 -52228 -40565 64238 56594 29842 -42198 50298 16717 54132 10061 60997 32917 49975 53975 -29343
r56 20063 34858 3115 56613 -46050 7521 -15982 -13060 -24462 31856 -37035 -10 19288 28506 61517 -57457 -1308 -46252 -29154 -57147
r57 3414 -52292 20058 -43427 11420 -16599 -52983 -53791 -17576 37859 56749 -56488 58882 62655 -57760 18330 41820 -22035 -6708 44135
r58 43245 -60535 57174 13852 -50842 -59465 21905 61164 52576 -26967 13587 -31070 19671 -28614 53822 -59807 14083 -64978 461 43996
r59 35078 -2478 -62324 -25245 62031 30004 -57774 40319 12575 19771 -41942 -12108 14107 -3905 53368 -53890 62325 13584 -39628 62498
r60 -63947 36601 24188 5375 -36548 -27943 60039 -20875 -306 1738 -25669 -23211 -3226 44440 22689 4719 -18753 -56154 -14357 24592
r61 -48908 7145 39695 42715 30811 30726 4291 25190 -3171 -30240 18853 43742 44644 -1060 -27481 45622 34753 13378 -42543 57896
r62 -1071 -37581 -35537 -55116 -59725 5246 -64986 -5222 46976 -20984 -64565 25996 47564 -31911 -27638 -37678 39536 -24922 47432 -8174
r63 -15322 -8658 62630 -55152 -20094 65085 39972 -6647 47611 56319 38032 -7188 -57709 -32090 -10941 9555 -9089 9820 -57033 -32535
r64 -56686 -42139 41105 45483 64221 41012 35908 -40485 -40369 -9290 -45236 49213 -21190 -20449 14615 54250 -38092 7787 24927 30425
r65 38921 -32323 49304 -27866 -28204 -52901 46265 -52508 45294 41415 -10325 -64355 56832 -55298 40313 -54952 -3575 -49056 -64669 11868
r66 -24608 -35537 -61112 28420 -19279 56627 -39431 -1418 53988 -53986 -19128 -35130 34015 23444 3154 16854 16108 12485 -10219 -44942
r67 -44824 -26146 -48403 -34985 25611 27884 -41227 -39331 -42579 46393 11481 64342 56791 31979 36922 17073 -64540 45273 -57798 42795
r68 37596 28378 31588 -43353 -58056 -20344 35057 -59783 3133 -42654 7359 3924 -21162 -7945 25007 -21659 4311 30562 64663 -18281
r69 -10204 -44418 -4849 -9252 -19738 -30396 -55273 -45945 -35720 40980 -36466 -58659 52033 59873 -33097 60217 -18045 -22570 -13453 18455
r70 6873 -61937 -5954 56386 -57684 46241 52028 10889 60647 -62591 4241 -20371 26 -39492 -10267 1587 -52264 -20537 -4560 23194
r71 23949 17467 49641 -60242 -17353 40645 -57282 -15259 -34384 -56829 -62258 -51540 -25122 8053 -30238 -10938 -28983 -63207 -35171 -35153
r72 -7899 -60211 -64008 15959 40093 48225 -44615 36497 -52985 10758 -35096 -43606 25625 36512 -3981 -31150 13321 -56661 22527 -3837
r73 22572 38100 -9877 48670 -3920 -26996 43375 65009 54721 -39729 42925 47745 -30096 -32884 30717 -61421 57190 -44838 -15067 -30235
r74 38328 -47595 11903 16932 11934 -52885 17028 -3181 -1030 3739 49134 48657 -24476 24477 -2486 41372 -16440 -1323 -15500 48286
r75 -7999 33510 -55472 50137 14843 -51582 50226 25048 17570 14598 -2309 49569 4653 28266 62258 -6227 20928 -12941 47132 -12903
r76 -58109 -43950 -18222 64717 11462 48272 -8593 -40715 -38845 33139 13751 48390 51244 37252 -1565 25337 -27693 -16919 35247 64955
r77 54239 39139 -52197 -41329 -52774 -34189 -60449 39502 -34166 44329 23105 -33560 30990 57156 14293 -20682 -56825 -475 34640 -56954
r78 18911 52869 65091 -28293 61511 40707 24682 -6442 548 -29842 -54798 -15130 -20225 -54001 9669 21554 44896 -41372 -48821 -18405
r79 45120 -47484 -20945 -8998 -59889 38131 -12530 -2838 -2007 -19984 45155 -7952 -33286 -4537 -14032 -13636 -22839 -46847 -15924 -8888
r80 -54446 63742 -41070 2502 -58371 -14706 -39698 -20475 -52698 56593 -17012 -29101 -58318 19428 -16520 -10647 -61897 51506 -42642 63878
r81 -13323 58649 64341 9291 44933 22691 23501 62057 17039 -43768 -23574 -30083 -63546 -41535 -59009 19337 -12689 22286 47864 53484
r82 33318 41783 -45476 -15354 61333 -64755 -12855 -63901 22685 -60339 -23320 -264 -35391 -43365 55685 -53275 3411 -516 -36063 -43837
r83 24685 -22513 -38445 -26023 12346 -64302 7974 40000 -26873 -26387 -3995 -48394 54661 19812 14711 -7735 58960 21989 -55516 -59525
r84 -62316 -21034 -64658 30223 -61311 -44794 -32962 -23766 27803 -16446 -46360 -22124 -28612 39069 -7594 12872 -53702 -57232 61419 41102
r85 61355 43672 8249 -4530 29779 15638 4697 -59492 36545 7302 33909 -13360 -31281 -18710 62436 39690 1529 44472 62323 -2481
r86 -25837 32106 30970 42008 65500 64260 -42838 -20889 -2709 24321 -32451 -61535 2527 -1965 7092 260 12690 11907 27688 24849
r87 44557 38353 46437 -21095 -42304 11495 57441 54218 50758 32045 54500 -36383 -52429 -252 -59602 -42858 18531 -41656 -58252 2925
r88 -63453 29997 -2251 -35582 33998 -24642 63694 2976 -58523 -42696 21127 45865 15499 -7376 7169 -49009 43236 52195 -3270 55837
r89 -29008 65125 60963 -40651 -46303 -26716 47161 -1283 865 -26636 -17398 -5810 -7312 6014 -37195 -5514 9092 -15651 -49965 -21907
r90 -32006 5867 -19282 -22755 -49661 -15468 14366 3609 65364 -48807 33143 22344 21807 -49732 48305 37479 -560 39342 41362 -57169
r91 -39976 34787 46015 -16209 26243 -34496 53692 -40039 -24802 41156 -17090 54749 -30645 64987 -10941 5491 3367 -21032 -26677 -23823
r92 10143 -32260 -17510 -40015 25387 -48871 -40303 3842 -12382 42507 -31814 47911 63181 -20038 2565 -49192 -59165 28835 41946 63803
r93 -26566 23819 56210 60526 -33538 5983 -47905 33438 -60014 -23239 920 -6210 -46786 34880 64014 -22593 8499 54922 61974 -63158
r94 54869 -11973 -11548 13802 -40690 -584 44324 12527 -5786 12266 9430 -61638 -53374 -57428 44869 32125 15001 65168 11188 -57114
r95 54640 -22129 30408 19876 18976 59003 -27856 47134 3849 42542 53505 -23404 34104 48865 -62212 -61464 -30312 -52016 32245 53749
r96 14178 30386 58925 35430 40246 2682 -48988 -24706 21780 -12073 22694 56836 10692 14879 -54624 -46959 -53801 24424 18894 -9997
r97 62217 56945 5398 -59124 16465 -3327 5896 54639 -2645 -61184 -2591 36575 -59491 37861 53957 32081 9677 47690 43755 -57838
r98 44925 39992 35863 -41971 -38772 21833 24153 32292 21310 18189 56209 -27282 58176 -19056 16403 39474 -55271 -32449 -34259 50079
r99 7773 24845 -1779 13160 -61876 -2717 29180 40141 -38993 38857 -22284 -10091 29520 8 9610 7909 -52085 61121 -56626 23356
r100 -44022 24291 61695 59358 60193 9036 15300 -7046 -13266 55989 -55497 -34296 -10622 -58101 -43634 35100 1364 57473 -25729 -46631
r101 -10585 14672 39482 24720 11673 33735 25954 -6805 31823 -49082 -61437 -53695 50993 60161 -32090 -51193 31379 14793 609 -22277
r102 31523 -7984 7270 27376 -30937 14672 27987 6261 33504 36365 21220 40424 60665 64598 15135 54195 -15760 -44260 2988 -13216
r103 -27137 34510 16750 9074 -34817 -63784 -14844 -16108 -59402 13274 64233 2178 -44870 64943 40376 -28724 21592 -34873 22484 -15185
r104 -30681 -24293 -64338 39927 -2611 -63414 -3042 2650 63467 65000 7573 -58172 18819 61856 62282 -47619 64859 -60681 -50709 64770
r105 3019 27769 -56436 58042 48334 -43481 63272 -12615 21316 -5663 16639 -6689 -45425 13108 -52949 21218 -42349 50301 -62310 6754
r106 49899 25507 65077 63412 -53560 -60001 56005 29009 50998 2226 -57548 33018 -3022 -50657 11563 58522 -47660 -14741 9320 64486
r107 -60999 53106 -39946 -41414 48194 20275 58089 45788 -5247 -46470 -20104 -25147 -48224 7435 -3681 9149 552 -64746 34477 -47477
r108 51462 -9411 25587 40942 -38961 59114 45782 40652 62900 37092 53383 7475 26222 10800 -4623 -3618 18783 -46629 63346 -46955
r109 16464 32221 -14085 5449 -6667 4872 -4736 -16605 -2127 -63279 -36026 -4277 13866 4183 -32346 -38502 -30267 -24989 -10671 -557
r110 46263 8262 61993 -18693 -36899 18044 -44020 25499 64595 -43131 -10593 -30413 56568 48664 -54699 -25249 -27776 32553 -22383 44714
r111 13840 -17306 13379 -33825 47634 -36707 31470 -29552 59459 -62647 -64611 24063 -61674 33918 24021 49933 5976 30329 -48455 29363
r112 -60902 57064 -48904 -17351 -3822 40897 37409 -15580 9167 39552 -63218 33853 27117 -1045 -52247 -63975 -9194 -64072 -42151 -60466
r113 63104 -8629 925 46751 -33890 -61235 -39129 35536 -5086 44983 28684 -37484 25917 31549 -53202 -34668 -44188 33252 60198 -12702
r114 35483 -64311 10008 25683 9443 -21400 60776 -46307 41638 -64074 61451 24761 61792 -26118 51006 34558 52758 -46931 -14274 9815
r115 -47391 57246 30186 28755 -5138 38485 11059 -14908 21400 32045 -21102 -55544 -28790 -5933 -10535 59718 15094 37416 28530 -43849
r116 9500 10269 -56412 2288 -34728 12296 -19231 42679 -1462 49858 -19113 -16540 -1103 -6112 20823 -2871 -766 211 -36223 31684
r117 -19859 20500 7644 -41700 -50467 56627 15331 -42241 43483 -30467 -31090 34529 -6061 29308 -48409 -33526 19605 -25684 -55386 36225
r118 390 -48307 -44482 41350 -265 -47927 35076 3976 53634 -11549 53108 -37971 -11882 2933 46449 40658 60881 -58960 52281 -54576
r119 -17985 -49816 -3468 55395 -63806 12305 59481 -7761 41901 -9573 42433 -49082 -11291 -30312 -62478 4324 49002 53638 13597 64448
r120 -31885 28701 -58496 -3923 2296 -58313 3365 17168 34139 -65357 2845 -33653 23803 -10946 -12115 -28780 -40375 -53764 26919 -15937
r121 52192 -13746 -23806 19218 -48011 31733 51625 -62712 -58270 12783 -17400 1554 -15541 18446 -64971 -63895 3799 -27127 -19935 -26084
r122 62814 50805 -50689 -48129 -25408 -3659 -47813 -15017 31830 -60760 -50690 53623 -7771 -52993 -42054 19347 -26204 -30450 -44226 36826
r123 62200 -31060 -7489 -65312 -17927 22325 -31718 23624 -5510 30373 10348 -44924 -52745 -58146 -43619 37783 31758 41732 56422 -46222
r124 11184 -375 45839 44554 -38898 2273 21038 -37313 34205 1391 -58789 11120 37399 15535 11217 3589 28736 9224 4248 46414
r125 5877 5577 -9680 -37044 59157 2936 -41169 36615 -45353 60546 52130 -28353 -6274 -18790 41370 -45270 -5124 -35781 22007 22307
r126 -54785 -14386 -16488 55047 26323 39788 -20444 -52008 -18261 14008 15914 44780 -5915 -25556 9549 -46732 -51844 -7873 -19581 30453
r127 -44218 44602 -16200 42264 24227 -21118 40179 -20450 12717 955 -20507 -15994 16466 3059 -34906 -30543 -24610 40065 -21032 14448
r128 -54328 2611 58584 -47396 -23316 -62964 -64818 -61444 -8782 -57575 -40257 -11851 11814 41855 -62709 -45787 -6884 -12572 -12713 -15541
r129 -6170 -38506 12133 -60598 -64654 14057 16158 -28606 48943 -40648 -51647 10078 -17731 -35049 39452 -64719 34108 8501 6498 -55010
r130 48850 32362 350 41718 -2653 -29126 -58010 -5422 -27797 -27722 -24145 22181 52392 18907 -8338 57782 45400 -20537 65509 -39277
r131 33366 46147 44955 -23110 -60054 -22267 -19532 -21246 47731 31736 -35741 64940 60318 -22999 -40019 -12480 12585 10489 20991 4399
r132 8915 -18623 9281 49290 -35737 -61108 11713 65500 -12047 -18299 -25858 -46266 -14117 -48913 -42492 57146 13937 -43587 36233 -52255
r133 -28112 52382 1708 -8691 -261 -48108 25520 -24842 -34621 38425 29371 23289 56870 49364 -13222 -39679 -10790 49920 44529 64025
r134 -29665 58752 25547 51805 25329 37831 35761 19256 -51750 -32968 -42658 -49486 -38695 38268 8438 33866 17041 495 -58893 54541
r135 15318 -22336 -49536 -43713 27706 50118 24256 -46271 21892 -20913 63531 32806 45207 -62321 23700 -25483 -8415 -48861 15938 -31094
r136 58831 62585 -6756 -45950 48190 24511 21638 -23300 -19329 29618 -45613 4087 -46513 -21436 -36222 53021 -13943 52380 12499 33367
r137 -62520 47205 1126 -14056 -22770 29380 9153 -23977 38282 -19154 6324 -2108 -38008 27951 4666 14929 23117 42454 -38346 -13806
r138 -61669 41058 -35466 -3513 28484 -32803 -10650 -29318 -30935 18487 -15801 22819 -28187 -15570 28528 -40311 -21514 31244 29869 41003
r139 51197 -47397 -36888 27423 46020 -33139 -14596 40972 -32200 -13602 -29006 18870 -23112 31555 6419 -64196 -33675 -56886 1288 -35947
r140 57278 30909 55138 -56115 -30643 -40653 45381 -5398 36681 -36704 11064 38335 53809 8562 60508 63928 9375 9521 -11033 -65378
r141 -56180 -36882 61031 -19947 -17498 19937 44856 36685 -59547 37548 -47669 -25306 61608 60925 -44849 -5104 23841 8007 19171 -5372
r142 7636 -50840 39564 -41216 9142 -11386 36418 -45917 38504 -42201 52052 -62129 45542 4799 5187 -10304 6844 -36053 22998 10880
r143 50746 -29334 -16118 -59339 -42276 62698 -38933 18214 6795 8583 41425 46758 -35979 -15223 -47309 52671 -27603 -9418 -42685 21903
r144 -57952 5008 29076 -12628 -16561 28808 5367 -41296 62958 -40612 -26602 20571 -15175 -27689 -11217 -9574 -15785 -62368 -9592 41397
r145 -6316 6768 -5529 59447 53651 6472 38841 -13947 6538 14450 61252 -22244 -12655 -62435 11929 -53334 -3025 58593 -28685 -2228
r146 -7917 -14576 52484 -38541 -18679 52968 -16243 -6547 -63296 19713 -43947 55317 43511 -37019 -65517 45329 -47520 -56569 -12117 60780
r147 11392 4888 -51161 50552 10714 -15901 -20308 25921 24307 48257 -10924 53622 -54017 -59127 57002 8005 -38307 -38338 -15142 65157
r148 25004 -29930 -42077 -41350 -39401 20066 62857 -25182 -62617 -33381 -12784 -24153 -50812 -9608 -23269 30537 34612 -3756 -37681 -53724
r149 33418 -10556 26265 35526 -49778 23742 -44088 17431 -12650 4495 8760 -56468 -35993 8438 -8971 454 11224 17406 50271 21839
r150 -10703 61274 16283 20918 55490 15547 63088 27293 -45278 7550 -18420 -37769 27821 -38206 41623 -33746 -46665 -26142 -47131 -37513
r151 -9856 -16112 54067 2012 13115 9396 -43768 -52493 -10151 60936 -49189 60134 31851 -33128 44476 48175 33188 46011 61249 47744
r152 -52100 61084 62063 -36696 -5785 14333 26892 33339 -10677 -45519 16349 -62757 -8046 61085 -17295 39185 -63845 22708 -31110 36589
r153 31987 -2320 -47255 64107 9966 31459 -37304 12525 48360 -40630 -9480 -6231 53398 -40779 29478 -37279 -64701 20052 39803 52970
r154 -14620 -43339 4730 -55203 -8347 -52237 -59595 -34555 -46788 -50637 60027 44035 2045 31608 37315 24392 51421 -59906 12949 18340
r155 -4656 9259 -39550 -37748 -45809 10154 21229 16641 -65317 51504 39748 9184 -22936 27932 -35675 50196 43621 64318 -50489 54122
r156 -11479 -48033 -44138 -51782 53332 -32846 -49195 -48523 -35829 62447 58251 -49071 -19640 -23552 -39902 -23194 7733 9182 -37274 23438
r157 -11234 -59932 65119 6153 30172 -6880 23813 -47725 41426 4698 35520 -62827 11997 20411 -12822 -2788 -25507 -47922 2676 -53808
r158 -972 -22050 -49528 61329 -37582 -7547 -34356 39494 17413 -53560 62381 -49761 44303 -35405 -55687 64412 -31191 -34878 38252 -59331
r159 -41509 13542 11916 -38296 49109 24909 -42941 -10604 -9440 12237 61968 17826 -63243 18222 40395 -43039 35417 -10004 -19909 50101
r160 -20017 -29977 -64513 64884 34693 -37845 40302 -38980 -50135 62330 51475 -24197 64809 1527 -36329 -55074 -65090 24937 46543 -20992
r161 -33597 23251 28029 -9634 -37210 33271 59402 50461 -53987 -21365 -43304 46449 -22656 -22484 30522 -23672 -29080 -63768 -41950 -13918
r162 -57837 32439 2798 13472 8077 12033 -53863 -28706 -58316 -44553 3699 -38015 -9750 -45484 16273 60342 42717 -64846 46287 -26495
r163 -28620 32397 -20180 53006 39320 -27564 7041 -60402 51158 -35056 -29243 45774 -45636 -20554 -17468 -36750 -60538 -58917 2923 -65339
r164 -59107 -2250 -30364 40229 535 31920 -61247 26649 -8701 48775 -19781 -9015 48999 34561 27300 -58714 -25247 -50648 20170 12332
r165 -54523 32702 -21015 42425 -42906 27238 41293 -34779 -16409 31602 27965 14434 -19604 22004 -38912 62593 17269 49878 -42570 -42361
r166 -62540 -12131 60960 46593 -28744 45188 -18958 11534 -19953 -23573 -17466 49809 -6371 -58919 -42439 8267 23561 51169 -46512 53562
r167 22036 -5263 -238 -31025 33915 -7805 -29252 -15022 21232 34322 -5241 51242 -47910 -41373 -1255 -6622 20037 -33886 36049 -13836
r168 21566 -34291 -4223 -48982 20841 -11021 7432 44385 58230 32181 -12048 59326 -9538 31857 47750 18516 -18718 -12882 62439 -31262
r169 -40562 17117 42881 58808 -40157 -6645 -35626 -26137 32817 -17995 -39079 41640 44145 -10357 8182 20102 -23161 -44409 -10721 -17322
r170 -32726 8591 -42780 -3965 -38341 -20151 -62701 44311 -27701 37012 10471 -58637 1178 -42278 -53185 -44750 -39820 9554 -60085 -24629
r171 -39863 39751 39719 46444 39250 -50002 -40957 -26164 -19426 -50750 3843 -10338 -9384 -62870 33463 -11891 30799 -12292 36468 -18246
r172 -5149 51124 19866 -64410 52481 -31013 52957 34027 -48029 -27154 19773 -14760 -4685 -1993 25584 -36523 857 -48554 -30566 56694
r173 42462 16971 -46877 42478 11968 47196 -42229 40232 -15400 1408 22673 -36878 13092 50366 35571 56306 -22584 37468 34206 23711
r174 -14503 9457 -57846 51689 -64510 -55904 -49930 206 46954 -50910 -59795 15039 -15605 31185 -23295 -49939 -55482 45545 14753 39434
r175 -63867 -40910 56896 24703 8257 10379 -36669 -38428 -55223 48904 59939 -64372 -57671 -24022 -60525 4265 -42655 424 22050 -34348
r176 47917 -47310 -38849 43283 48269 58591 48788 -6230 10267 -13988 3536 54454 17393 57486 -22029 -36564 -37762 15756 -25332 30202
r177 -1399 -15773 -49079 65097 -534 -35788 -2061 59255 -9731 43266 -64449 9753 -58915 62843 -38788 -24658 1821 39168 -7599 10955
r178 -9388 -51759 7736 27064 -2060 15390 60663 -18435 62709 -60445 4269 60613 50537 60761 -1400 7621 -21595 19338 24164 -64322
r179 -53683 -38455 -25153 -23591 -57773 44388 -123 -63610 53713 -29046 -62944 -1509 -51455 56691 -64774 -27149 47705 29636 23726 -10174
r180 37295 57837 6276 -41634 -37703 23295 35282 -42882 -44703 15507 36483 -44657 43763 18178 -26024 -60477 19979 -58873 55598 41488
r181 -29594 -49776 40664 33481 28268 14979 43294 -22253 -62188 -58894 7066 -13461 -60468 17463 -52969 -32390 47396 8280 -4972 24485
r182 21905 747 -9788 -30219 -41184 6973 -15120 21924 -37779 -27877 50650 59784 30955 -40042 12487 48777 -36152 -61464 21061 -53120
r183 6921 -28540 14148 12544 -61913 45352 -38208 -24856 13403 31960 -35156 28720 55924 -14986 30032 -40998 -64331 -43053 -37294 19405
r184 -58176 44700 56870 -56374 -51436 37232 51150 -7842 -62951 55559 -2595 35269 -3133 42187 45435 -6321 -32026 -19584 -5552 16654
r185 60769 -8362 28965 28044 31850 -51203 11251 -33670 460 17249 58565 143 47171 4385 26548 7026 -62396 61094 51436 61356
r186 20165 -17710 -21132 -15502 36081 -43597 53226 4855 22996 28184 3906 6866 -22309 -1212 11816 49013 -35128 -65516 531 41246
r187 -6534 18645 -21171 43041 13537 -64541 12058 46378 5288 -24272 -31114 27595 43883 47358 -64662 40130 42949 -3124 -45572 9380
r188 9623 -15322 61471 64597 -34397 61707 58272 -49189 -35763 23274 -52831 -32043 12905 -54358 38807 51368 -43977 -33388 1409 37328
r189 30650 -58933 43577 45103 47500 -51064 -28576 -39444 -43382 28442 -26499 -9196 -25752 -60171 64196 24199 -22785 39068 -11163 -11486
r190 14830 40952 55029 -12906 41361 7372 40173 -25106 27906 -52097 27718 65202 -52557 11499 -32338 -10593 50294 -16381 -47588 -37944
r191 -50543 -21484 -63011 36200 1915 -26949 -53378 58618 3436 -36056 -63275 41978 -24046 5200 -60681 -18220 -21929 33653 -21080 -45046
r192 45723 -10453 -14300 5692 13748 -62045 3961 4672 12226 -30253 -49195 -64704 47198 -4062 -30530 -62713 4593 287 -20251 -7474
r193 26302 -22605 45954 -120 12861 58492 -19400 -36389 -63077 31971 26858 39231 30603 -38921 54057 -32498 -50363 31382 -37938 27285
r194 28278 17374 26289 5524 -55049 -46145 6987 -13084 -33189 -32911 6568 -58016 23580 -15181 29308 -37854 22459 -30307 -27004 -47382
r195 -63298 61812 -5442 -17441 -15754 -27075 2733 20481 20469 -23155 21583 -1264 -5378 22012 54212 -53811 -41243 53952 59586 -20432
r196 2845 -8880 44605 40873 -62538 44369 -33368 57947 -9804 15943 -15893 44657 834 -644 -44673 4962 14260 -15628 -49525 -53729
r197 26975 29033 27188 -64420 -26459 -11131 -61256 -62605 -57277 8745 -31042 -18089 43682 23099 -41723 52224 31061 57101 -63925 11090
r198 64618 -62978 -60153 -60127 -3698 -63282 -13210 5546 51593 -46222 -44501 1305 58985 58663 17310 -56371 -39731 14015 -4668 51529
r199 19856 35413 -34219 -14912 -13942 23393 -31186 41626 -46985 -36197 6795 60554 -6559 -33880 35623 61161 64554 -55485 35490 -22484
r200 -23410 -58620 -4767 -9305 -14193 47107 -48220 31664 17745 -52022 -17193 8741 41784 44229 22303 -52743 57234 50835 32500 -50005
r201 -32548 -47577 -4155 -7427 -12286 -9235 -56053 55297 -52035 -28734 -39889 -13634 -37149 10465 45412 9574 -30014 -28472 25250 -20179
r202 366 56954 -2449 61146 -64249 -65535 -40187 -4184 6122 8277 55567 -21668 -28107 39651 -34461 21939 9252 -27572 7989 -5104
r203 -30721 -42208 36418 -50529 10932 -60725 -57966 -37139 44234 -60204 -16649 -28550 42380 -47981 -65238 -24217 -59268 -40636 39998 -43220
r204 5571 60464 -54854 -35864 -41479 19660 6492 -5063 -24469 -41156 -14396 -25398 38907 57904 60270 -3868 19801 -27319 -18743 30907
r205 33466 -35568 -13010 39989 -39511 8979 -62606 -35666 62956 -61509 37040 -48183 47459 -58943 -8481 -51509 25658 -40160 49063 26300
r206 14140 36285 40408 -60294 -21406 32401 -2641 -50345 -32911 -29308 44213 48372 -22263 56537 -16750 -52904 -26270 52072 65442 28499
r207 -57890 -18798 -18217 -34982 48104 -7138 35208 54690 26470 28002 60119 1413 -65525 -46405 -10728 -31132 -15453 -23547 46812 -46900
r208 -43111 52486 36877 -9823 48682 32347 -27588 -45326 -48053 -10668 -1600 -51166 -3459 -50693 -46073 15157 -47978 44745 10282 -45073
r209 39688 -21305 22506 -28564 -20213 52882 -59614 28011 -48982 -7500 -17063 -38535 19144 64976 -35475 43273 44785 -28775 54138 -18040
r210 -25780 -33432 -49836 37742 -17106 -48413 27669 -47742 -34435 1235 -29838 45665 -31075 -43433 20357 23806 40688 -9445 51018 -13349
r211 25542 51739 -6742 -17854 26028 -42632 59603 62269 -52684 20345 -60807 60049 -22350 -26887 -43682 10157 55760 -26452 52638 25697
r212 -28980 25464 -38474 1584 61912 19934 28222 53836 -8139 -31021 -26841 5066 -50146 15708 21013 9729 10373 12758 -8688 48744
r213 -27035 23433 -45447 21871 30091 31237 44605 -64699 -15407 -28326 -35747 -32629 -41979 10701 22334 30545 42434 -33353 40255 -36194
r214 22285 -46595 -20635 13553 21067 41403 61476 64175 -52661 11598 -49825 4074 56377 17521 22715 29894 -17717 19097 382 6778
r215 -41578 63419 -24657 -306 -12954 49635 8212 48220 -59150 12947 12346 49954 -56535 -10335 3893 -42586 65383 -15083 -18877 -64316
r216 -11494 -37670 41932 -52724 -43816 -50488 -33688 -60252 -10055 -35984 -38701 -58735 58951 10980 -22051 20542 8969 28760 35897 -17490
r217 -14997 64064 1537 4148 -55796 23149 22308 -56593 23245 22058 -60148 12513 12597 16716 -35119 -28866 -30603 -48090 -22019 -3248
r218 -37158 -1739 -55003 21853 33404 -26715 41494 27428 -3868 -45990 -36645 -14410 33886 27430 -47196 -53812 6503 -32532 -14871 -5047
r219 -34356 -55870 48640 -11449 48812 -19294 34618 -19909 -53843 50635 57711 -41180 -24107 34665 -20173 57603 -9906 -32359 -56678 -33551
r220 43237 -42200 17544 52869 -6337 5956 -27090 -27849 -55769 -37289 -475 -38516 -381 47738 -16265 30082 19800 -11540 25187 53722
r221 -21651 -64399 35666 -33805 -53502 -5049 20000 -8619 61988 26664 -25474 18944 -62554 -3940 63875 -37750 61739 -46396 -5610 53456
r222 51762 -45213 44155 -17291 -40008 -39748 -615 -59528 -18349 -42498 14460 -59174 63710 33990 19145 -46527 17301 -25050 -34236 -39387
r223 27861 35278 -2585 2631 27633 3889 -27350 -64198 -57943 37277 -41048 4708 -48731 14492 -54057 54924 -30083 22099 -47378 60865
r224 -52665 -32198 65279 47265 64290 -8268 25193 11158 -57135 45773 33670 24077 27370 8905 -37509 53378 -34397 -51311 -8379 -44210
r225 10460 -29304 51089 1745 -31759 53088 1376 11633 61079 65285 3001 -54223 63804 -16589 -403 -40499 -61876 6174 -40612 -32404
r226 11187 28307 -12404 57223 52828 46195 59216 6809 -23514 -61904 -18057 17900 -39349 2035 -35530 60273 65160 26403 -45301 35026
r227 44569 55263 60708 -24506 53517 -46722 64296 -47784 -3430 40061 20941 -24971 -11751 -58735 -46282 -59650 50961 36760 -21521 42235
r228 12396 -40734 -9954 -40051 11119 -45568 4053 15356 -21050 22607 -62408 7845 60191 14983 26388 13717 -50227 32583 -27422 41834
r229 33664 -15179 30681 18346 32238 6728 -49406 65195 159 -5196 47917 2078 62655 -33907 -63728 7042 24794 52317 25201 -31177
r230 -47199 -6287 21545 8776 -33626 -58230 63946 63659 64060 -5927 6520 59044 -32514 21547 -45431 21468 53823 -62401 -37919 -30138
r231 -52359 33411 12343 -23219 13637 -38764 29443 2149 37175 39450 60582 -63045 63280 27300 -46350 45304 31388 -35598 -5063 42343
r232 49160 22247 15054 30207 -61478 -12880 -54450 -24020 62469 -24872 51541 22570 23206 21321 8439 -10973 -21201 61479 35673 -15140
r233 56229 13011 62864 16192 -15815 -26204 23709 -52795 64441 54311 -62691 4001 -19196 -11530 15786 -8204 -45917 24173 -39423 64171
r234 11736 46099 11955 -51276 -22142 7036 42056 33188 -9679 -20029 -60883 38654 -61431 -29058 -27374 -28320 28169 -36556 -13041 22490
r235 -32922 53428 12812 51619 -52551 -20105 28407 51540 -53354 -53289 -41879 50155 -57476 7484 45446 11505 -52933 47378 -10413 -56383
r236 -32820 -27808 61999 39957 -14604 43446 49065 17875 12905 55351 -45350 14903 29439 -65110 22611 10739 -37770 -51649 40936 -53537
r237 -33932 -33088 24206 -45538 4080 2301 19796 -39870 60907 47679 -63108 -63164 -38192 56032 -32929 -52096 20823 56031 1071 17981
r238 52614 -29958 33059 55887 24679 39094 43703 11059 -40865 -25612 15229 48288 14487 45957 -28068 -10749 -12595 -24983 -37289 27588
r239 -31787 -43493 8006 48363 -7142 38894 -18088 -26204 2485 9964 -16755 53126 -47403 -58366 -5820 34307 61006 8928 28628 65368
r240 57169 32461 -8481 34118 -65002 -9292 -43494 -12321 46304 -19656 16177 -48788 -57212 -31746 17834 -25994 -40010 5737 -21737 23260
r241 14658 24871 -13165 40130 -56942 -53714 1944 28905 -60459 -5807 46644 5582 11927 1614 7348 44124 51934 -61014 50634 -51836
r242 39370 43329 57035 31186 -8896 120 -42263 -55295 10881 14095 1048 52346 -62311 -6362 44817 -10263 452 -64734 50430 -49539
r243 -3658 56553 -50903 59930 50727 -43139 -10725 -17286 -23705 49320 24535 -19013 42681 -54413 -38853 50545 -11607 60727 -9814 -8426
r244 -11533 -19001 -14072 14940 14984 -29601 -35013 61977 19410 -17219 -2425 -65526 -60448 11721 -10452 54724 -58053 7324 -9284 3926
r245 44794 -60253 -29730 24972 10099 -3511 -22869 -21347 16849 54063 -38900 16190 13480 58791 -42958 46159 -39555 -55379 -32745 22330
r246 -32828 13817 -13810 -53624 -16683 45954 -20208 54406 -57904 -12277 38623 -55069 -39481 -27380 487 14510 -20945 -34577 13329 -15230
r247 39068 -55828 -51423 13441 16686 -17097 -13029 -10101 16046 -63076 -56011 62670 49766 655 -14719 -47068 -43188 30461 -50108 -4213
r248 58545 -31493 -19603 -50384 15777 39038 -32391 41611 -52994 6212 -33988 45924 -6086 29457 -58690 -63951 -26259 -15640 48424 11052
r249 3279 -9846 -64252 -35514 26336 -44472 -31769 402 -21689 46276 -29597 37464 59669 -48062 34446 -44083 1838 36480 -47057 -36641
r250 9616 34906 55242 -52094 28733 -47089 -3064 59717 -53627 50812 -49700 22928 -36638 18161 -47455 -59970 2301 12450 -1589 -56132
r251 -32544 30432 41141 30708 -51129 -40188 49405 -4017 -34711 12371 28065 -53237 7272 -24428 44960 -60945 44465 -65406 34056 -14236
r252 3422 -46106 9366 880 32026 31638 -33999 24947 2680 -1798 33055 -46561 55635 24618 -19156 41445 56730 40730 44882 48535
r253 30752 55105 -1908 -7834 -51438 28898 -11560 44829 65408 304 -65195 -38676 60963 12213 -49017 -22350 36051 8909 -24760 -58639
r254 60143 20959 -64316 -54291 -45149 24170 56038 -43858 -17479 61558 27704 -8920 16260 57596 34693 -56161 -18731 2321 11272 44627
r255 -9369 31951 47114 -35126 -49310 -48343 15624 -26426 -48534 34095 55177 45132 12325 49461 4906 1684 16313 -55142 10113 -5888
r256 22135 -39379 7024 -39881 8764 -61683 -45677 43259 36709 27916 12202 60531 55527 28585 11005 -20046 -57104 11790 -51174 -26424
r257 11054 -47541 -61352 40199 61614 21972 24393 41360 23155 -17315 -13659 -52959 25497 -65531 62726 -17480 14200 -58202 40725 4625
r258 -30262 -850 -34019 36653 -3637 61283 49998 63828 17082 17200 -48553 -49913 57557 15509 -10643 11881 16026 52523 50792 47735
r259 -16929 -35931 55214 57530 5729 42966 30360 47778 -18327 -65107 53851 44197 35398 41813 -34629 58007 -40662 -9930 46923 8541
r260 -25509 -41585 41887 -28218 -52854 30187 -25906 57789 55512 6912 4347 51772 -21870 44833 -39133 -28438 -61818 -53656 -29352 -50729
r261 43460 -34107 65243 6190 7301 -41367 20102 -2661 54958 42324 46283 -38291 26205 -12164 43262 48101 28763 33639 40194 36947
r262 18414 47051 14318 -42167 -19370 -62003 -46128 45460 62607 19820 41333 30887 43455 -13881 28772 29079 22800 -10185 -36627 22509
r263 -45681 17666 2060 -29060 -62466 -28326 -39547 -40967 28717 53721 -62638 -55124 -38252 -20188 -23261 -13770 29771 -4922 15946 -56704
r264 11539 -21412 44793 6124 22239 -48788 15019 7177 -3624 -46786 -44378 15908 36450 -65462 33005 -984 -19807 -11387 24236 -59049
r265 -49899 26989 -14774 -43375 59914 35744 -16711 -49493 16319 27336 14822 51381 -62215 47684 -35413 -46705 -15993 -60806 -19769 -1962
r266 -46483 -23984 13332 21107 -18745 -16278 -53891 -59476 -13651 44370 8871 -56233 -1311 28968 47461 -4349 -47826 -45776 30804 36936
r267 -64324 27020 -45829 -55977 -30928 -22534 -13061 -39899 13647 -3619 5642 53644 45800 -37570 -24775 3352 -2178 29063 -58037 -26612
r268 39844 3539 -13646 -40453 -55476 48599 -48446 -28648 60807 22816 -51255 -22503 -28391 62701 27740 -61991 50768 31346 31559 -46699
r269 54165 62422 40539 37691 -4585 49558 50063 29656 -20674 -14593 -10674 -53570 -15808 26556 -56934 -34457 18286 52140 32456 -41578
r270 25573 58604 58876 44511 11557 -65123 31348 -59579 -40368 -56297 65438 21315 -24955 -25016 3600 -40500 5638 -56758 55250 45559
r271 -22509 54198 -5918 -8632 -46180 -56540 -32531 51692 -7255 56130 -57991 14563 46651 -18586 -24220 50946 3855 -57920 -21832 64955
r272 57256 13620 -23932 -19693 17807 42477 130 2085 -5664 11135 -31170 -53553 16180 -9032 53917 48560 -57835 -49632 32432 -59681
r273 -8112 -58670 42902 16238 -17623 56433 35505 -46332 32621 7477 -46398 58666 -64821 25729 6512 -32561 -35179 -46545 65222 -45226
r274 -60432 -64148 -1085 -5376 52883 8108 -3218 -48192 20215 30573 63552 -22364 59246 53212 -10356 -54875 -12321 -7183 -56023 54343
r275 2107 38112 62801 -37879 29338 -64356 59821 -56677 -7893 30196 49810 51527 24172 57908 50136 -58557 25303 -6490 10142 1227
r276 -36679 -55753 730 -50576 38565 -44894 61671 -15081 15421 51944 -16499 -11164 -14057 -31959 45318 37271 -23149 10493 -59347 -7233
r277 6017 48646 21627 817 -49042 40033 45103 41671 3974 -45151 5352 -55769 -64997 13616 47330 -12440 42359 -63971 -28488 38062
r278 -39580 -27542 -43406 33304 -25189 -13265 15386 30566 -44110 8591 -35372 -58386 20620 47264 45455 -51211 -54611 52271 31846 38650
r279 1157 53194 33720 56345 -48732 15446 -32942 -53858 -25401 -56491 -59565 14418 41567 -65360 48806 14211 43238 44913 56354 58443
r280 24240 6443 10055 55611 40454 50915 25522 27962 -63426 48913 -601 -5484 -5906 40681 16548 -38409 -22371 -54782 -30164 -34260
r281 -3514 -13526 34793 -30296 -46359 56820 -7754 21641 -19137 6052 -29328 -26982 50724 -47662 44851 -46669 52003 48896 41818 -7213
r282 27623 -21142 -37698 12314 -59428 33043 1937 -59426 -55041 -53533 -30630 -53860 -28454 -28708 61245 23869 39560 58250 53805 -6764
r283 -18203 -40034 -51795 28277 62999 -24549 33740 3454 14150 2028 56489 14381 -32196 -38007 -5191 -6576 -54164 -4875 63046 -54675
r284 10094 -24446 -52533 -54410 36312 -8669 -13909 -12830 -47370 -46139 28373 47853 -64435 -56399 -50464 37606 -11032 -17533 63778 21156
r285 -21769 15604 56673 14350 -40869 -53258 -25798 11787 -6102 -56262 54001 12466 50828 -48358 -17424 28915 26301 44194 -28227 57854
r286 48448 1390 -22950 31592 -296 -523 -64687 -43229 51586 -9058 -46327 -14603 40377 -56723 48441 -30966 -13831 18728 -591 498
r287 -5004 -42131 644 -2036 -29255 -10098 -63367 64316 64434 -6579 62894 -43283 -5812 57849 -11786 21874 -46523 -62535 -39125 -9676
r288 3234 62428 -51865 57370 -38805 27632 1969 -2307 45840 10081 -47500 -4462 65134 -14030 6944 -46129 -54302 -29842 5417 41387
r289 24985 -33911 49609 41317 8918 -60053 45760 -9263 -42019 -62139 -48314 3476 11358 65464 -55155 -5104 -37307 62768 43206 41707
r290 -8455 38166 36616 60714 25837 -17139 -17629 24435 59057 44027 -31335 -57319 44199 63968 34974 -53105 21704 -15825 -5011 54495
r291 -24618 -41908 4641 15477 -3255 -18626 -53040 44395 62661 -6747 51700 46895 -105 61656 57587 61123 -21148 10972 2985 56022
r292 54063 11326 -35347 49987 -39011 -46679 -13619 -43096 -11260 53818 11266 -45580 26144 24600 -34207 -61400 -35897 11045 -62599 42496
r293 19186 21036 44346 25433 36496 -34659 -25569 23247 -45679 -47999 54353 60969 -44867 -49360 -6384 38959 12602 -3772 1534 19353
r294 -12045 -8416 -21352 18195 54979 3481 -20321 10425 12622 -54081 41632 -32532 -23762 -21886 58161 -24569 9834 37998 55244 29108
r295 -52187 15525 58844 55740 -16758 -27688 49516 -54385 -43716 45627 48173 9453 58153 -8572 -61365 928 -4733 62883 40035 -38601
r296 56452 34807 -48006 -12615 -32533 42178 19206 28382 28552 -38821 -25139 48858 -1147 -26584 16004 -19105 -58748 52386 5999 11994
r297 -26703 -56150 -23400 18657 -6668 36180 -13241 -8078 3516 -14241 24105 61470 30448 -44311 -47749 45917 62006 6353 17830 64629
r298 7438 -36356 -44156 43537 2238 29423 40772 24946 18800 35622 49403 13918 -15149 -44028 -61085 -58959 29892 -16846 -25136 54371
r299 -63882 22128 35705 8152 18432 -57874 -40709 61259 -23523 -26132 -44882 3062 -160 -11976 -65377 1125 26703 51315 54372 27689
r300 38297 48499 -55637 53861 57754 30398 -17661 -65533 32256 -4328 -1032 -10461 -39787 -49062 53213 -10318 21040 -11786 13891 12292
r301 -7001 -22613 -29585 37423 -23153 -47690 30614 -21113 -63061 -38498 -35229 37657 65262 20927 -19149 58140 46362 -22499 -25605 59760
r302 57564 5502 -5473 -40682 23928 60429 1136 -38506 -4072 -53319 -37075 -52697 7256 -7504 62013 -22650 50589 56261 -43327 38220
r303 -56381 19379 28736 -16814 49440 -33337 8746 -4930 -9691 -4564 30313 -35009 44281 -57853 -3558 -38433 8693 -38810 33776 38385
r304 -48670 62484 -35572 20172 53088 28601 20699 33116 -51996 -27546 -31283 35165 47059 -2324 -53450 -11198 -48031 -61624 37535 -15817
r305 21742 -8469 17210 -36541 17528 -14327 -31788 40332 -5965 -27185 -47340 40150 -63105 -21116 28318 -52537 21378 10673 53917 -39924
r306 -29967 26320 -56673 1179 -4697 12690 -43720 -65334 -39605 -59792 14732 -43873 -37107 -29110 25752 -58129 -64511 33209 29494 64251
r307 24919 -43216 -12216 -1298 24755 -37429 33562 -23643 27133 -11632 20354 43530 -43475 -3650 -64766 -53390 -56794 -62849 -19667 7911
r308 -26344 -24509 -4467 45149 47660 -38024 46548 -33737 -44659 -61989 13701 8869 39225 52692 6964 26775 -31410 13242 -40608 -8911
r309 30953 26648 -16289 63464 58909 -40181 24423 38663 44765 -28481 33373 -32816 5249 48814 -3232 12163 64960 19332 57317 13315
r310 6244 -22815 -11115 52132 34437 -62161 64023 -25642 23279 21545 -10309 29381 -23176 42177 -33521 -22876 -28131 -39844 6524 -60702
r311 51252 1824 59887 12125 -56198 59292 -37874 63090 -54724 59309 -33237 2515 -64700 -58987 577 -49767 -10710 39620 301 17584
r312 -3790 26246 3647 14203 24951 22815 -39037 65393 20740 25871 -55709 -40147 8865 -29236 35658 25688 34716 -55406 -2323 19393
r313 -21905 36828 -55681 28348 52086 -9493 -32338 65467 -26847 -16465 37 -50842 36575 -30188 -28231 43443 17660 8324 21534 27082
r314 -37767 -21827 -6474 -33647 33641 52840 43047 46444 -36671 -64763 4847 19388 56424 9993 61190 -49931 474 -28209 64213 28852
r315 -54827 47485 -23653 2124 -35072 -45915 -42408 62089 8005 -9897 -44145 27217 41092 -36323 -63981 -12974 -61574 -41393 -52650 31135
r316 2433 -56145 16359 -768 -60280 -51121 -39577 -34536 -22015 1423 41917 -8648 -17179 -17145 -3676 21824 -45827 10274 24697 56219
r317 18151 23645 -13385 -13888 48440 59237 9947 -51885 23316 11388 24530 -6544 28651 -1049 -37957 -21159 7445 63786 -171 -52632
r318 27704 -24372 43790 39729 30318 -37432 -5159 49226 -33138 -35517 -53289 22180 17713 16873 2150 51797 -59121 2572 -7785 31365
r319 50822 -63530 -9234 12793 56084 -3900 -60775 33071 28937 60913 -49995 10269 -18611 -33932 46401 -7504 -3711 -28005 14564 -43730
r320 -31748 59188 831 64432 59863 26920 -11934 46992 51841 -56981 47814 -19608 -62114 5597 25753 -18298 16054 -32176 -12189 30761
r321 -40545 11502 11426 -12907 -37170 4944 15854 16710 -378 -64152 -64349 57002 56635 36559 15310 49084 46974 -37717 10024 65209
r322 43977 5783 -52194 -46495 42647 -54991 -3250 -21128 -60118 55555 -23465 -23648 56173 38190 -61925 18820 -58300 -59053 -46191 10627
r323 -32558 20375 -13244 18439 43103 -39793 -26305 -38723 64146 -60353 -1612 -16956 19587 56058 -44297 -17720 -24344 8069 40211 25567
r324 -4019 30509 -51026 -21414 -41154 19187 40346 -18326 -33351 53911 -13980 38945 21079 -31388 -3816 55425 -60869 40582 -52177 14537
r325 -4387 -37329 -63670 43478 55224 -17143 34574 4195 5 36169 35401 2490 42500 51798 41407 -22499 14963 47708 -51107 -31442
r326 -62923 58780 47106 26124 10897 56554 -43895 -9145 41774 25737 59268 61075 -34534 40422 -62199 -28706 13992 43992 63084 -52735
r327 28943 48344 -47393 54288 36890 6700 -24274 23430 32684 -402 -61083 31477 -26426 -37388 -27219 -36514 -27705 -45299 60602 -40945
r328 57281 -35551 -47086 -53983 15159 -38440 -34572 17873 63078 -59459 52477 23674 -13535 28445 64181 -38816 -59100 -46880 -26586 26499
r329 14719 -40154 44912 -65168 44307 22351 -51398 -29001 46932 -43166 12406 -64579 -17504 44006 -40878 -36936 17206 -3879 -52919 30219
r330 -19221 23106 64616 -62246 -30189 -32163 -59101 56682 46861 -32164 31828 -56351 -47682 51677 31910 -50864 -49235 51688 53922 -44557
r331 -9044 -14908 37948 -26104 -54270 40612 -60450 34367 -32784 -25486 -54720 301 809 -36284 2183 -53889 26993 -49813 28344 11113
r332 45348 -19407 -52860 -26791 19496 -23588 -22653 -63503 6245 -14073 -25538 14188 -46613 40527 -41527 21969 20312 4981 22523 27176
r333 -58158 22396 -973 60809 -50172 4573 -25147 -24452 -15541 57438 16124 52174 -10432 4094 31342 -37080 47323 16587 -10358 46370
r334 3546 -47821 15064 -8255 -52313 5766 -22491 -25657 10262 49195 -20555 -19050 -869 -2790 44266 28489 -2553 -8668 -7443 65150
r335 46346 -44426 -45195 26708 -43716 54176 -35668 25489 -38496 -32063 31724 19626 -43984 -65247 5163 40299 41358 -29366 59067 -36888
r336 13139 -33170 -13774 34221 -40240 -36541 42144 2561 41792 -34840 -27849 14380 28304 61306 -12186 -64564 52638 27379 -26243 22882
r337 -55728 19407 -46900 -36734 45117 415 -32359 41948 -40199 37586 43385 -62087 -37749 -30953 15688 16804 -27245 60535 -26545 29863
r338 -62305 37454 17 63664 -28399 -48034 34871 -54808 -54314 59458 14938 -24425 -53296 -15923 61480 -47792 21091 12933 -49863 47897
r339 34303 -17579 -23157 -33618 9660 -64478 -21864 -24520 -33645 1372 32776 -54470 -1207 -32956 -20013 58635 36860 41396 43405 -41076
r340 41416 19224 37598 26620 -31757 32711 39800 33998 24227 19279 53231 -63519 29718 -60277 -24783 -6390 54917 35680 -38804 55855
r341 21667 24063 -33449 13099 -1711 45115 43316 57204 -12618 -52452 13609 25357 43322 33960 -32249 -22651 51872 10458 58920 -24280
r342 63964 18214 -54110 -32665 30679 -12289 8537 15267 -20741 5108 -57054 40986 -40210 14274 -28652 -20407 27863 58043 -56449 -25272
r343 -65179 -14009 23929 35319 -56465 14923 36325 36557 45685 29313 -1917 41344 42539 -49401 33306 37914 -6081 33220 3125 -19981
r344 59851 -39896 862 -37710 4102 43051 55105 19337 -76 14707 17871 -60223 -39518 21800 4709 -2921 -8616 -15318 27780 48403
r345 1295 -8475 24659 -58319 -22038 -5704 -22768 -48725 -34059 4869 51680 -57379 -12899 54900 -7913 -6652 -64731 31800 53147 12222
r346 -20397 -17758 63003 37072 34090 814 64500 -7921 20719 -53513 54925 199 61563 59882 62818 -47578 -34679 -27230 -49153 -9440
r347 38276 -56438 51199 12931 -38705 38932 -8892 35894 59157 -18549 20459 -64094 -59031 -57088 -58997 -56479 37019 35983 -17390 57871
r348 -58307 41327 -53523 24170 -42631 49146 -22076 65465 -65159 -53530 65346 60503 -38231 50781 -33999 -55504 52959 -38623 40801 40704
r349 7256 57953 -3854 34163 53719 -46776 18709 14158 -62378 35179 50206 14350 56178 42263 60802 19356 -23876 49283 -34434 6213
r350 -35608 11794 59172 -39799 -60215 37135 57845 27997 62067 -51776 -28781 11893 58727 10481 63117 -37349 21145 -16111 -20406 -21974
r351 31734 56025 -43791 6002 -13069 -50310 30129 -33249 20637 15466 -33945 54650 43976 29644 38726 42154 -50836 56201 -27848 -43976
r352 -40806 37794 29351 19436 -41238 31617 62702 23382 55411 -11717 52186 -50540 -40066 -9474 23622 19169 55615 -17929 46457 878
r353 8261 -8980 -27461 16625 -50063 25173 -21892 -27191 15274 -9718 -28800 44778 -10756 57627 9578 -2750 58683 -49892 59041 35425
r354 -41302 -53129 17797 -46973 48415 -64995 50265 55619 44327 13803 -51015 51763 32106 4269 -17330 38357 -48082 20439 -2370 13264
r355 11456 16499 32520 -4578 38065 52938 -33562 196 -48524 49476 32107 -26982 -30325 36816 -17176 -29598 29126 -37778 31347 -24740
r356 43296 14555 -7037 41712 -49814 -63315 -14607 50000 5693 -1817 -6504 24242 41956 32621 -10841 -12273 -36467 -63500 21615 -2623
r357 -89 24083 -20913 3708 -791 26242 -20391 -37451 4539 44458 -8949 11479 -9609 -1365 37181 23538 6619 -2007 46743 63849
r358 -46444 48054 12150 42533 21729 -61694 -57392 -24021 23703 -65168 -64048 48500 -20858 -20310 64805 -44640 -53245 -17522 34356 45139
r359 21032 -1051 -34300 8563 31530 -33216 30566 29659 5370 -37128 -59822 -62286 -19325 18351 -11082 -41020 -8548 42511 8130 -13509
r360 7432 -2371 -42447 -632 -61806 -49736 46453 23261 26180 23259 -43566 -21858 41186 -15633 -19753 2729 -30616 -50885 24970 36264
r361 -8251 44914 -12006 -1933 -9911 63764 -7981 -10750 -28032 27672 42721 10216 25276 58140 57969 -28000 -16128 -59462 -4716 57615
r362 55339 4939 -26307 -59563 30156 7546 -22363 -22098 28956 17573 -63013 -59358 7656 -43126 45827 -38613 31649 -57079 -54504 -2248
r363 64588 -33260 -29852 62170 -19390 6676 3593 25389 36692 39268 60468 -9723 39546 -20704 -45501 -55058 37177 -33107 -54377 63046
r364 18148 -51186 -47179 -23326 -5875 13062 -63931 -40519 -50149 -24697 -46301 -62988 -13764 -59716 -4849 -5841 47668 -16819 46167 -52955
r365 26092 16363 36509 16761 22258 60420 9135 -33946 -60624 -20455 -58597 -49820 9721 -55854 21537 3835 3134 -62975 -6086 19188
r366 -10442 7200 11910 60875 27900 -62549 -62709 64496 44158 -20798 -27927 8640 30066 -56752 52360 58986 49490 -16074 -11516 -41363
r367 24932 -36589 -31832 -7469 17861 -29861 50453 -55174 23264 58381 41804 -43468 -33375 4073 -44209 28483 50870 -27469 -56734 -13638
r368 -53911 -5770 -12300 -8826 -4482 50784 -59230 60979 61011 27990 59084 28382 51624 -61839 -12716 -11549 27392 56307 -58067 -9453
r369 -33643 1044 -14763 29254 -11904 -49340 -52222 -64296 -15112 25675 57744 -47565 -47156 -52664 -18564 -62663 41038 -19237 40258 33940
r370 -5697 -41085 -24163 60714 29765 63123 19405 32004 -25556 -37255 -55321 -57166 -1891 62422 -33063 -33075 17313 -17875 -51461 -20929
r371 -46453 -8559 -3130 12273 -63288 -49764 65278 -52898 -26424 24242 -30283 20534 -51050 -27788 -53234 13252 21417 -23976 42790 -16475
r372 27774 53272 27772 36359 -8148 -61349 -16412 -43284 -27066 56095 59698 -7522 -46429 16878 -12080 34340 41427 8147 -60016 -25332
r373 -8165 -38908 -23719 -10683 63151 63583 -28735 20068 4982 -23538 -11582 -27248 51530 62840 -10191 -8784 -26592 18517 -15965 9170
r374 -909 48837 -49163 -8406 12111 52728 -51942 -20927 -57919 22801 -24348 -26719 30530 38727 50161 -50272 -23982 14395 59736 14028
r375 -48948 5804 -35330 -27222 -27248 14141 -6024 -42190 63197 -49228 -35902 -42663 -21500 33281 -36738 -1921 -63398 -53218 -52226 29038
r376 -45904 17186 65410 -28946 -49539 21666 37713 -26573 -972 9157 -7069 -56559 -62149 -6733 -10219 -44041 30116 -6038 38910 18438
r377 18240 9899 -48471 -56496 -49333 -61198 -50329 7020 7107 3112 20227 3959 -55370 -43597 -56263 20788 -45552 -17773 -30970 27452
r378 -44818 -4820 55196 57920 -21928 55267 49496 -43136 25 -34447 -8128 -36838 -23386 2975 -56316 -11756 21055 10697 -20052 -54860
r379 42397 -23557 -57580 -41293 47709 -24880 29239 54727 -5787 -43862 20500 -55666 26967 -54553 57854 -54594 4807 -12247 -35948 2752
r380 -56430 -35936 11669 22198 41290 25750 -47573 38820 16835 15329 15847 60462 27029 -4941 -63680 -39500 -6146 -8390 4436 -51810
r381 -17901 23851 30982 -64470 2670 -52794 -41535 -1930 52027 -19317 64550 40551 -40534 -62481 54471 -38105 46996 40837 -38521 36709
r382 37565 -58514 63620 62664 56028 22115 -18977 19480 5945 -56436 -27230 -8561 58065 40149 -15353 -52495 47788 13145 -8174 -55661
r383 3053 40216 -21668 -49271 -3861 -42209 -30379 -41706 -30089 17180 -37052 15284 -41745 5437 -5932 13984 64150 -26096 -47866 -53527
r384 -55924 -8564 -6703 24532 -30683 -49010 -45142 -25885 -9773 5682 -26720 42391 16195 -2441 900 60701 -48186 5644 12730 25345
r385 -32805 -527 -39890 -28682 29956 -41859 -16724 10060 -7800 42385 18257 57653 -62583 -18301 -5176 38303 47402 -12141 -36307 -39459
r386 -60988 -18109 -10383 24971 64391 10846 -4163 -42426 -20961 4421 -4436 -26043 -41628 32411 -17220 1672 55103 33136 -6610 -3190
r387 32942 11029 4117 -484 41442 15321 45218 -61408 -64763 -14110 -35687 -43250 -23043 -28224 60323 -26446 43405 27432 24798 37507
r388 20387 4851 24786 -8004 22281 36621 -20507 -32474 32233 -2513 -675 32465 65003 4279 -15086 -57617 64600 -14167 -62969 39811
r389 -25498 18257 -50155 -36700 8751 -38815 -64714 4903 -47619 -9690 -58330 37127 50800 6044 15807 56164 -61157 61957 44291 27769
r390 -65081 -25930 -25467 11705 30159 -48202 -61161 -62903 60575 1669 48845 -38851 7668 55972 -23852 -47838 -777 -57428 37669 28752
r391 37767 -60485 5366 -29706 25221 -65354 62098 46836 15674 3418 -5769 53955 -61079 -18610 11435 60705 10184 -48346 41603 65499
r392 6119 -35827 18376 16095 48310 -63913 -19292 -52362 -9278 59377 44368 -44903 -40341 30176 28598 14416 -23953 35832 54372 -51461
r393 52066 59108 6631 -63551 -51460 -11667 18893 -22253 -54019 49779 63436 60423 28963 -54468 61658 55623 -13268 -25132 6306 10766
r394 56192 1975 -60176 -24443 46242 9559 -58340 -2205 34104 -21840 -18979 -17112 49851 -32896 -43696 60677 58879 -24041 30199 -54749
r395 -36732 35244 35275 64092 15595 -33456 -10171 -23412 -58632 38436 -62257 43513 3245 23195 11641 -17959 40632 -21238 41385 -17593
r396 -18223 -142 -7035 -23430 14315 -43042 51587 -4684 -21160 28817 -49505 29410 27827 -3229 30565 -22568 -56304 39359 2401 47727
r397 -30594 -33000 -56608 55529 -26178 -12681 -42287 -23870 -46113 -13612 63768 -58104 -42793 10323 -18850 -6049 16804 49117 -57493 7142
r398 15257 -3167 54796 -47164 23592 4709 51721 32660 -18742 -17485 -59117 4465 -43140 -1286 31882 -33309 -7627 -30273 31319 40070
r399 15225 42452 -12571 -32943 48322 -27815 -2083 23790 34390 28601 -16644 -19892 -64756 -39031 63928 6350 28091 63417 19284 -26654
r400 -27027 -39431 12694 29357 652 -43463 -13007 11719 10798 13389 42311 8520 -56893 11248 -11853 -14182 41252 63516 34572 6725
r401 5465 -16433 28754 -14067 33003 8562 41003 31855 22847 21239 -28352 -61672 54203 35513 14987 45144 -19949 19140 12712 35277
r402 -3474 30248 -8293 58328 -11768 -65091 46841 -34451 17575 62883 29599 -25278 -54420 1838 -20212 -40547 42747 27400 55833 36989
r403 -19627 40206 27941 8844 -10272 62050 38368 46309 30448 29972 -62114 -30451 -45651 -21053 7164 32696 -45084 -25742 -47770 29828
r404 16621 974 -40962 -12158 -50156 -42072 -60546 31721 4567 49389 -58824 54773 -24832 17597 -50576 -32380 308 3574 -51336 -16296
r405 34862 46516 -53260 56216 -64873 39430 -9806 25363 1327 -25490 -18967 -52919 43722 -61544 12309 -1693 64476 26598 1887 43303
r406 -34333 59362 65262 -31976 45376 -54125 -4433 -53829 50562 39743 -43495 -44981 -4003 -47018 23624 -27133 37332 -57379 32059 -39120
r407 50673 42610 -31266 39426 -13742 -391 4545 9401 43059 -47072 20384 21555 -4517 -33384 -16591 21347 21291 44861 -56751 43317
r408 -51959 -59312 5682 -24824 33121 -34807 48190 -26412 -6352 -558 -41233 -64654 61039 -42100 24295 -31945 -43564 27675 -50566 58048
r409 -33488 18512 56979 -43645 -61423 21301 -52303 -21849 26475 -32311 23106 65433 39081 64968 -46822 21866 6241 47301 26043 -44789
r410 55103 24450 -61201 -3376 59823 32750 45407 51027 -20830 42156 47626 -44132 -19392 -23654 4507 -19864 -43305 22326 -55483 -9212
r411 -44109 58937 -20945 -31372 45522 54924 -47611 1984 -39628 26502 -23851 45809 4871 -3173 46319 -56115 -37997 -40805 29627 -13654
r412 -30307 -26684 -21570 -6597 3386 59494 43533 47752 9582 -39234 12220 -50093 -25968 -57561 -9576 -13567 33191 -12259 -5173 -8885
r413 43083 -19640 -30351 -9278 -46101 9318 11707 -26747 -6209 -1065 6082 27936 6792 -30579 27598 12922 -51171 23337 28908 -33818
r414 -16065 16063 59267 -10153 -54225 -44357 56093 60846 -23655 10144 -24766 9346 7111 57925 31110 -20517 -49725 -58366 -22275 50218
r415 1378 28392 35918 -25004 8036 -8830 -21721 -55459 -10168 1925 -26349 5227 29420 49164 53233 8039 36060 -35738 -47128 -47504
r416 10060 25774 18837 -56966 -47605 -10371 -16348 -61974 -23022 -15221 2880 -61769 26607 62295 -11276 -22403 -2459 -38661 9591 28437
r417 3897 -30972 -29922 -20735 50139 -44429 -64192 54849 -23264 -54985 22529 -58162 8378 -6491 63716 50720 41467 -26030 42056 47575
r418 40341 55279 30041 12083 -42424 28646 3382 -42788 -48818 38411 -39786 -21936 26189 35805 -41192 -43490 -5725 -42829 -5154 -2510
r419 59887 -29734 10039 -63701 -49610 39758 -19357 -51557 -12042 57936 -55110 -18991 -52325 -17717 -57974 54978 -61297 -29876 -40392 -3672
r420 13128 -19950 -22968 -48779 -26173 11973 55855 -19481 -61471 -52637 16248 56450 25156 23737 17356 44177 37974 59088 -727 -21037
r421 59041 -6590 31951 -62692 -36333 14264 -48518 -22095 25996 28614 19930 3092 -6631 45551 -64224 -7378 -21404 -35322 -54792 35157
r422 -46112 -44960 -59947 -24000 45309 30140 -24428 49768 -46607 -10911 -45662 -37028 -39083 20464 -38813 -144 23340 -43904 37738 52006
r423 29256 23721 28325 33849 -42543 -28910 -7519 8237 63383 -45518 44685 -44304 -53221 -60887 -5458 13676 -8439 27787 -5280 59027
r424 -12530 27277 -50233 16113 -42684 56081 -26352 32935 49454 -572 5282 20103 29693 -7970 4941 34349 -42360 -46505 21205 22832
r425 -8267 26048 9481 54848 -59578 24604 -36102 -36626 -59885 37196 -64389 33479 -65105 -865 37071 21333 57339 21450 -43315 64162
r426 19275 -39020 -60489 22910 19077 -43573 23270 38654 35496 38061 13800 -65061 -9193 -30564 19128 36192 43509 -53447 4709 48634
r427 46222 26164 15684 21451 50379 -32859 -12150 46619 -64824 -13440 -21113 19971 60893 28673 -22215 -60050 33853 57168 23979 25597
r428 47941 30383 8378 39014 18873 17555 -45785 -4848 25905 -5831 -46308 35634 -10143 -7973 -1536 27618 29166 10847 572 -23164
r429 34895 -49173 10103 -16131 47416 -56931 -6323 -12003 45788 52379 48738 -12020 34748 20568 26909 -35075 -3205 -62436 -30487 -6009
r430 -54128 61877 -19213 -60761 8772 -22365 34654 15460 -11387 -58489 -36781 28989 -24960 9415 5484 -1609 -61225 -40376 44609 -35691
r431 -42611 -51726 56640 52112 -50242 -54269 -63026 -738 -6158 47983 -10461 16841 57693 -60273 -47048 37087 -44689 -15591 13490 -42453
r432 -40290 55642 -57914 -27038 5462 55581 22545 37297 23471 -37965 -55753 19846 7087 -54385 -40106 -8043 -43290 -38534 42885 34288
r433 9736 -27872 45559 -2601 21651 7303 59382 54300 -23792 22141 -34980 -14000 43879 39049 -40736 57619 -24209 339 -31564 34281
r434 -64755 -40523 -8988 57887 -57354 20839 -28364 28438 5447 -17616 4885 -13737 44100 -43280 57193 17874 8100 29285 41555 -15217
r435 22919 5402 23580 33447 -25391 40655 47741 -1982 -10985 -13453 42516 44103 -54378 -8385 14452 33779 32189 38274 -19854 -10394
r436 55102 -58968 49843 -10641 47471 -62827 -43613 52034 49922 59323 -48733 13399 54080 -56808 54607 -38800 52366 32013 29107 -22765
r437 39924 25140 -17629 28126 -51779 33610 2257 -37748 -16463 -38500 -62491 -57046 -63032 46195 62440 -18739 41152 -42624 -50078 14657
r438 2206 -58751 -58226 -54756 7630 2084 -16330 33467 19744 -41931 25415 50603 3049 7835 -38597 55490 -27501 -32135 14198 65433
r439 -40494 7994 -25892 9255 53825 13604 49004 50224 -33524 -25531 36439 11774 34096 23862 9908 -44160 -7381 55165 6784 64604
r440 -22492 -20770 -43828 41978 21571 -40370 -57935 61394 42495 52385 53219 38965 -10295 5100 -19186 -32600 51672 14267 62025 -18751
r441 -20028 -28244 30613 63711 57318 -33482 -13349 9559 -63195 -27529 45717 40878 -13337 45072 55603 -4494 -2005 -4496 -55625 60963
r442 -15964 -60265 -21921 19902 -44614 42429 52800 -3524 -38940 -21246 12294 54235 -2134 52761 44226 15105 -36907 -61402 -55930 24632
r443 22523 -19814 -39011 -64650 -28614 6031 -1873 4959 16209 14262 -44979 28170 20801 61517 -31402 -55842 -25417 61325 471 68
r444 14011 -42632 -16541 -6688 -28205 49927 16645 18689 7045 65185 -34140 -39720 49573 -43573 -7676 -51620 -41519 -46947 52711 -58823
r445 -61165 -7637 -64071 -1426 29435 -45307 -59654 34281 9523 24788 -29317 -27173 34204 38391 44091 -49190 -50437 -42536 25287 62778
r446 -31606 5084 -12472 -29396 -36730 -20589 -57221 -22209 400 -61028 3366 21071 -48387 36064 21591 -2518 46542 -64636 -39961 -41607
r447 -61373 53562 24974 -50741 -62966 675 32210 -35042 -33354 -48213 28556 -58404 21265 63217 16323 -24466 -26035 -61426 -39627 19806
r448 47307 34848 -24767 14838 2385 60006 -37020 22864 -14063 -38567 18620 -59001 -1616 38093 29556 -57003 -23891 -52999 -24827 61749
r449 11673 -51083 29359 12457 -30941 -13393 -39818 -57432 13831 -7639 -40331 -24133 55982 65259 65437 -48824 -11163 24775 -22514 5108
r450 -21436 35317 42840 43713 192 -55596 -22996 -61976 -60114 -64781 1099 59944 -49665 64860 15418 23243 27667 -56478 34894 -32767
r451 -45493 46627 26392 -50884 -18381 18687 914 -40843 40696 -33089 20044 -48215 -44671 -17054 -46218 27838 62983 25340 20077 18694
r452 -54066 -30752 61037 -43571 26396 -21361 -63168 -12199 11547 38445 -14922 -17336 45057 -38242 -57402 -35532 34588 -22042 3077 28725
r453 16052 49780 -61128 53452 -52088 -41764 13821 -51935 152 47226 -15276 12927 -30875 9195 38683 -38140 46035 -59297 48353 45878
r454 -42644 -5870 -38218 50341 36442 -20881 51740 -20717 57921 56841 37936 -64114 -19725 -38652 -40470 -16120 59050 43705 57359 -7406
r455 -41537 -45677 15475 -27256 -29554 40629 45195 38046 -47410 20785 40750 -138 7448 -33576 -46077 5095 -17977 -38694 9290 -37570
r456 67 19680 29519 15482 -43831 49864 33358 28738 56745 10819 27048 51291 63109 63093 61011 -54672 -61878 158 -42472 41129
r457 -10416 34660 21230 23077 46261 -13684 -23561 54755 -51980 -53641 707 22796 -20204 -41803 57965 42043 59753 15454 -34685 45871
r458 -40805 -57645 -37762 1455 -50503 17025 11910 -1004 42414 -59375 17679 -8780 -44137 -19062 20583 13211 46035 34553 -59631 -12615
r459 -8947 9949 26332 -52733 -40464 -42282 58888 60206 -35131 -52311 -7856 62823 -37521 -27330 -28257 58119 -17634 -20107 -63965 45541
r460 -36369 50235 -26352 -49413 16957 -27503 3291 -22153 19937 -33356 46497 -28494 -31940 -59295 -39346 43440 38226 34008 -24990 -44876
r461 -47653 -53208 32889 21745 17211 -11253 33647 32934 -23290 -7615 -24149 49854 -35627 -22847 22640 25451 13889 51621 -42430 -17521
r462 -44846 29442 50121 56886 46281 -25892 -15170 -30734 12440 -50929 64769 -32602 1152 59129 2418 35202 13782 -48460 40664 17295
r463 -44018 -58661 -7241 23982 -49534 37558 31105 -64556 -4337 63330 29101 -22701 45404 -11602 -920 49528 8507 -56002 37776 -36358
r464 6200 -44042 -46495 60845 -33120 21352 38764 11602 -46848 34256 -61046 -31629 20263 20534 15657 -5218 -23687 -44918 65447 26541
r465 27315 17983 -38094 38737 16456 9904 3349 -61757 -6814 65047 -42606 -62683 -56290 40773 -56657 52483 47475 -28408 41978 -35580
r466 53060 47265 -53079 -3850 33120 59175 11910 6742 -12826 -14488 10196 -14658 -3457 -32195 -17929 61771 -27656 44776 11953 54145
r467 28358 26774 45704 -47400 -19525 28688 61650 12760 -39216 1157 17981 18897 9226 -24686 46236 -12193 -27068 -49485 28502 -47530
r468 39976 -44292 -35082 2939 59574 -24749 -62924 -50168 -17738 -11188 35988 -18095 -43509 -1418 -14612 25965 60464 -53628 59718 -22726
r469 -52866 61218 13120 49660 54499 -42135 -19599 2590 35827 13234 -14180 27745 -54405 36971 25709 -54748 46556 -40251 -22686 -48682
r470 -52512 -48316 15646 -56774 14625 -49335 2301 -465 45582 -56718 26042 60954 21316 34258 -51092 -50619 30761 -20375 34154 -1936
r471 25609 -15323 -12872 -48265 -39696 -38523 -35878 -51995 35618 24008 11874 51747 3368 5430 4508 38190 40406 50297 60020 -24835
r472 -37986 28261 -45398 1317 -16968 23224 -49024 33528 36009 -57384 -36847 -16544 61272 -866 29760 60863 29996 -25587 38559 5690
r473 -13786 -62538 -1912 -61057 -10333 57943 -14163 -29666 -65384 -19955 -25948 1563 -3297 -6075 -29505 32815 64948 34972 -44550 -63017
r474 40572 -29136 64707 51642 35646 5308 -17850 -48950 -63360 -28120 1981 13053 38299 -5951 19158 -47245 -15903 15754 -6063 31588
r475 53864 45604 11848 51553 -57631 -53308 27811 23741 28220 -5783 -39816 -51363 -31279 44171 -37777 13921 55924 -12577 -17578 -9074
r476 -52605 20650 24355 -17132 -63193 -37015 4328 -40851 29221 -33250 28832 65135 64864 -31362 37227 -46904 17710 65112 24434 34709
r477 8362 -11526 -38013 -26402 60820 -38531 60803 -43296 3004 20977 13902 -21236 15268 43103 -50848 -62074 -11854 57728 56274 43389
r478 -31727 -184 35982 63044 18805 57725 54347 -39219 36078 -34644 -32505 51130 -38300 51834 55985 24745 43901 -59285 12851 -6679
r479 -21651 -52780 -60202 37140 -49190 31322 -57289 48625 -52383 -39499 63170 7127 55261 -21048 -9586 20146 13011 -32971 -25933 22145
r480 -24834 49266 24422 -32724 -55787 44465 46223 -27111 -47404 -27440 39231 36378 11433 -58995 -54173 4226 33222 -51506 -18409 29245
r481 -48340 -53694 9312 -20910 -46211 6047 -57023 8364 43609 14274 -10345 -10169 -60157 -63872 29673 26748 -52290 46554 -57790 14478
r482 39423 -19739 -20214 20177 -52599 -34288 -37460 4403 30018 26290 -9840 -52884 17549 -44548 -45944 -8503 -26222 4505 -55541 19478
r483 -45465 -36998 18879 15765 9011 17153 -30638 -45584 24807 41909 -11144 -27022 -55369 36377 1058 -63839 -45933 -56058 27929 -37279
r484 32871 4651 24486 -20012 6556 21063 -39863 12024 -23482 -61636 -35632 -330 -57906 39347 -16036 9487 -25399 -29711 -10689 45286
r485 65 -3090 -48061 -16411 38365 51012 -9792 -25624 22898 19930 13282 -2727 -46328 56354 65263 -44952 -15757 -57977 49191 -3722
r486 -53489 -53686 59561 10432 -63318 50039 39928 -65166 -23737 34557 -11589 12050 -60409 -9944 21707 46294 -15634 38902 -60161 29920
r487 38200 51803 -39912 8819 -55287 -42434 49350 21007 -46758 42273 -26041 -60547 15247 -27592 61528 -3491 -52451 5122 -2438 61805
r488 60831 8823 8206 3202 19221 -30563 36203 -4836 -20950 -21827 17451 3586 18712 -19250 53885 -21286 -50330 -49612 21582 28644
r489 30788 63516 37121 -45079 36634 50858 52121 -60567 58181 -15728 -63825 -658 -46693 -62347 -59927 20501 19132 47746 -3001 -10632
r490 -1766 -20938 43674 -34733 22434 58097 -37860 -59463 31632 1215 53194 5904 -56458 -3128 33721 36219 -28272 -30811 62075 -19167
r491 1162 -28709 -55249 -56984 -54970 -35940 -42857 64957 46407 65007 -1332 20665 -63755 42507 31590 38504 -49016 57185 2327 62298
r492 -48398 -10730 -9292 -59415 -15085 23990 12311 -31360 -36195 -54812 29829 62709 -14028 16403 12165 -15091 63981 -34242 63858 -10346
r493 -46286 -18470 47183 38194 -34529 30867 30890 49561 -23116 -27659 -7664 36632 37978 -64590 -64734 48004 53010 34628 1609 -10706
r494 9620 266 -7016 -38639 -38232 -39329 33799 -24876 59565 3270 49457 59423 -41626 -37695 38487 65260 49571 -28165 -56240 55479
r495 22009 52122 -48288 -53135 34290 -50549 -49289 29073 56000 10508 10224 52606 16913 -22287 -62474 -38128 17474 50224 -17752 3339
r496 27973 -26355 -18762 -62865 26068 -26689 -58540 -9145 16661 37801 21287 64915 48684 -38849 10590 -45719 -829 -12523 13714 53916
r497 -48440 -20557 25528 26303 -15764 49472 -54122 -52419 -53119 -30035 38476 -38225 5604 36142 -21146 -11263 31869 -28220 23463 12287
r498 -44197 -51660 54969 2559 -62928 -34060 -19702 -12450 -43481 -27187 -13295 14968 -42821 62319 1298 16802 25916 -5705 36703 26804
r499 47573 -34383 -8888 6563 30117 -21691 -59374 -5672 19155 -41440 -11242 49766 -54586 -64194 20748 -36873 14523 -9589 54391 42284
