mTable43 21
KEY  c0 c1 c2 c3 c4 c5 c6 c7 c8 c9 c10 c11 c12 c13 c14 c15 c16 c17 c18 c19
r0 -45883 12012 12338 17237 -49709 -50705 10296 570 -58187 36855 49630 9205 -57984 63587 -46924 30593 41873 -30522 -1620 265
r1 -57037 10874 40208 46763 46382 -29867 -56868 31354 -59361 60744 -19287 -63219 45392 -30125 55914 35149 -52539 -23444 -32244 43894
r2 37454 44403 -58462 53165 25705 46832 56678 -22063 -43602 29641 5008 -51896 62298 -14140 -35701 57500 -11376 49222 59797 60626
r3 63236 -43861 55261 14734 -13043 22841 65208 26087 51063 57813 -62868 -19033 29533 -25493 -21466 9490 -37805 -34323 -9566 -59223
r4 -23210 -19650 -22204 -9734 -29099 -46985 -8762 5189 -28583 -59854 54726 22610 -13082 44245 44778 4286 -20013 -46526 23373 -52821
r5 13777 -14320 -7445 33668 63621 -1606 60823 52840 60565 13899 -21145 58658 12994 39816 19223 -37872 -56786 -6387 4233 41007
r6 -18268 55769 1996 60696 23529 37766 -33910 -9824 53439 -37916 -25405 3372 21652 -40955 29846 44985 -11186 37104 -42006 65365
r7 33192 62770 56112 1893 -39823 -53640 34861 34124 30825 -8719 59370 -56992 1749 -65184 -17376 12378 18008 58358 -64539 32490
r8 20075 41833 -51751 25354 28578 6077 -34757 -55407 26338 -34283 39478 -38147 27082 29849 18392 -32837 -40017 46692 -57764 -12181
r9 6424 8408 63103 -12538 -3529 2292 1826 10445 -29325 32272 30707 13909 -15299 48650 52754 -58473 -45639 25901 51727 -28184
r10 -27459 -51079 -61854 58418 -26685 -8741 14930 -46290 35112 -55528 50345 64883 47400 -2057 16425 12419 2889 38887 -13408 32854
r11 32893 43455 -41325 -7819 13833 44068 -55480 17557 -32016 -62914 -20949 12824 -46331 26718 -16663 44819 15979 -25778 -48683 46292
r12 -38054 -51603 -1870 51590 -41414 -44716 24918 33829 62919 39910 32128 34281 774 -35975 14046 19138 -9327 20428 1113 60015
r13 -21919 6960 43135 -7922 50511 64492 44154 -58567 -45586 -7389 27176 -4855 -11610 27798 -61578 -854 51295 33723 -37513 39591
r14 20484 6630 -42931 -40795 50707 14225 32285 -55006 -27527 -36567 -39656 51164 -62744 13548 -2402 -15735 36545 38623 -12047 -19219
r15 -19162 -33274 63110 -62193 4602 -43059 53738 -52062 23224 10412 57827 -61528 48470 16315 -55282 21982 30988 -47672 -27126 -1344
r16 3027 38089 18075 -55428 35848 -49865 35804 42267 -56926 -53528 -4553 36166 32554 -44381 54252 -16871 55780 -52125 65500 -49026
r17 50586 65358 -58022 -18126 56184 -31061 5342 7718 -7840 23338 49282 47922 -54607 -50831 15792 -43587 44907 30449 -23111 -46720
r18 -12375 52037 44887 -8994 -44306 42857 44670 44420 64806 -40535 19452 63213 -10059 -31849 -985 -40648 36273 44932 19607 47484
r19 -56586 -37326 -12758 -14305 28259 -56993 10299 5292 29518 62652 14127 39717 -4426 -25477 -36884 -64223 -19149 5912 54539 -18922
r20 23672 -59350 18979 15390 6727 35829 -65174 3357 -44391 -6629 -12087 -7861 -61649 11849 63343 53531 -7179 18681 -52870 55631
r21 -25920 59378 -29241 -57166 -22924 7115 691 41343 -50019 -33050 -18983 -17426 27120 -46701 -15030 40043 2055 -2952 -31970 -24894
r22 16630 4391 42570 32098 -56699 -63357 -2883 8499 -61826 -19308 22145 63327 -7046 57025 33229 28198 58402 58831 -3735 6897
r23 1857 57081 15737 -27602 -36048 -2108 2958 -28232 -12313 -62050 -5511 -29623 -19552 -23429 58798 19054 -51668 -1974 -30454 -56991
r24 4300 -15706 28043 -39329 20370 57971 57110 62070 25216 22109 -6692 42178 -53246 62600 -44417 31518 -28399 -62190 2590 -23875
r25 -34473 36603 38893 -22819 967 -20048 -6223 -46934 -42864 57119 13527 -34812 609 44123 16127 50980 -63527 -36633 22262 22322
r26 -11183 26466 -62607 -58399 -58628 -14995 22362 55883 -6456 301 29331 -36164 -31199 21695 37971 -53493 27766 -50894 53023 -13049
r27 -31771 1715 -50126 64658 -64251 -48924 -12982 31255 65024 52446 -5097 -49122 -3593 55415 64142 -22981 -22883 -15251 -7114 -51281
r28 49553 37734 13249 -46541 -23638 -38961 -4084 2858 17073 33259 -353 -28750 21022 -63356 28115 51491 45559 26883 -14657 -16668
r29 39847 -13181 -42332 26622 -23622 -60372 -13131 -29927 30315 20071 51173 43172 -41733 16523 56 -22642 -51700 -61085 -53601 39309
r30 54114 -60455 50872 -44092 -43047 -16840 58641 -31568 27578 54835 62963 -37971 -48959 17680 -63557 13886 44001 -64600 18676 -20767
r31 12365 -4864 35076 6126 -34063 22483 -3611 -11362 -35977 -47955 310 9687 -57024 59241 11565 -45228 1943 -46319 13718 -60887
r32 1301 64741 -52674 20926 61494 -57436 33504 -32091 44721 5285 -6870 32420 62883 10150 53724 51319 -45681 12134 31077 -40253
r33 -62706 20691 -11364 -61600 -7840 33585 -6436 9222 -63443 36589 24978 22170 -36676 -62460 -6309 5616 -23074 -32752 12503 45307
r34 59797 -23186 -63948 38576 30453 10906 -56855 25520 -23160 -47750 12675 -47444 -48026 6064 -6023 -20181 -44374 44746 -2230 -7056
r35 -33849 -49140 -33893 65024 43680 11031 40024 6913 -29369 53028 -36344 -51440 18843 44600 17570 31624 65194 -25689 -29348 65215
r36 -37263 40669 16287 12988 55048 -9194 -53424 29028 46420 54677 61309 -63638 -46192 27033 63761 2795 28793 4927 61769 -26613
r37 42639 61274 37746 37278 -5360 63763 -25338 53872 -1744 11443 -932 -46910 56396 35026 17917 -5710 161 -23059 -33223 -33646
r38 -8557 -14505 -24452 -13700 -42536 62734 -31989 -3002 31559 22235 22717 14171 -47896 -29000 -43092 -3636 -65119 20115 -22922 -48182
r39 -41480 12390 36886 39071 -8554 -41027 -22997 13365 -12966 -13974 7989 -9965 -39206 21913 -7037 -58584 -23940 1819 42794 -41907
r40 26216 -63575 -63078 -42055 49396 36315 56607 -14338 50627 -41010 -32220 -51943 -52587 -40164 56532 -61143 -30443 51492 -28553 -63415
r41 -24534 64878 -19869 -51256 59996 -60362 -30405 -47636 46432 37447 -28133 -8676 42125 57725 -63425 15210 -51451 -29154 -4457 45015
r42 -52160 -59546 -31183 -28222 -1768 -15493 -4424 24923 -24188 610 29392 61526 60472 -60989 -54297 47850 15793 56364 -52484 -2806
r43 -15955 22786 -1103 -1234 -2637 -34404 -42035 59465 -2338 -54711 22616 -62966 56879 -64081 -37586 -17014 -13409 -23299 -28445 6897
r44 4849 -47941 12868 23193 62532 9386 64265 -22070 -18315 -32302 -57160 64248 45915 43133 -48721 -57335 -44601 57834 2148 -61015
r45 -34351 -57702 -19848 26377 22992 -33154 -32610 41329 34388 -9309 -44599 -60150 29744 -47580 -47646 4427 13779 -59710 61657 50701
r46 57123 42478 -50354 -24762 -55570 -8563 65425 -50377 -52859 -39117 -31486 -24242 10859 -37373 -65072 -2365 -4945 -49417 5555 -42626
r47 16689 15513 -15846 -37453 -31337 5347 15479 58401 -49563 -52080 -64479 40874 -45831 -3924 42024 -39694 31364 6732 36070 -17874
r48 -10968 242 -40788 -57934 -36505 -58107 -59046 48354 -28858 20994 48869 53242 -38 -11715 33495 41379 37836 56430 43956 -30295
r49 45424 -30253 12648 27067 9583 -18069 -63913 -32167 -14751 -24988 -10802 -30741 -37962 17835 -33535 64432 -21932 -38721 -24836 -32399
r50 -23818 48351 -41970 -58597 1240 17850 8028 19862 17199 56347 41275 27770 57471 -57593 -38428 -8776 -7006 9029 -61029 34409
r51 157 21640 61663 -36593 -38162 25805 31924 -47770 59590 63099 56074 -43564 -13586 55968 42411 46297 -48012 28773 13152 -13928
r52 -937 57886 -36575 2289 37452 -35719 -36643 47923 13555 -42365 -54396 -48629 -16844 60841 -3511 -34372 42654 -36574 18332 15300
r53 -24024 25221 65212 61601 -53337 6569 63785 21756 -63274 29091 23369 -34532 57658 -53960 -51394 -56550 681 46717 -4169 -33925
r54 -60975 22791 64529 -30073 7098 -14435 18974 51359 -55195 -47841 32694 -21026 -61651 -54663 -63658 9690 51356 -46855 -14760 -3041
r55 64405 -29527 52506 3342 54050 -34393 43566 28665 -10284 -31307 -61201 -36687 -13228 54718 44308 -34303 30871 47855 38068 -48440
r56 51743 27397 -1859 46718 51970 -50490 -14521 -33972 -56355 -47132 -1045 9237 39287 34523 48400 15585 -1907 -16347 -54410 35645
r57 -13107 64693 7155 20701 -23850 -40105 13623 52163 64815 -4162 27946 2981 -45936 -33278 17846 47280 27027 -26527 -506 32933
r58 -32586 -28410 -11695 -7352 -37609 -34733 48070 38687 55300 -34446 -63448 -28570 -38082 49071 -14279 58195 11281 19169 -23154 -34548
r59 57017 -21871 21640 4186 -63317 -21001 -38579 9757 41228 -28771 15812 -36566 2939 64725 7233 -38709 -40453 45150 -11994 63490
r60 28605 -59870 -5480 -56589 -57827 -48743 -35431 -61126 -48960 -28495 56386 -7123 54254 -21675 -53016 -55259 56734 -17527 59328 -44798
r61 -33151 -21735 -39574 -7861 -9603 -15613 -41387 36625 -47681 -63211 -62162 4345 -15860 -28918 8563 39808 -18228 26650 21251 -18907
r62 36472 44158 -32412 -31136 -21688 45914 23188 36225 -29251 46545 -7469 -52791 -5903 -9663 -1834 63435 62841 -62879 -56924 63334
r63 -5951 -6432 -13643 9167 -24401 -36214 39331 19496 -45600 13238 36075 -19722 30600 289 -28351 -27712 8695 4596 -1482 -30257
r64 -42623 61177 -13144 8256 -37139 -10648 26429 -20031 -39105 -22954 5165 63646 24575 -30147 -7696 -48017 27569 63037 45003 -28637
r65 62746 -14921 -36296 8910 17630 10781 40767 12588 -36960 -9126 19378 20267 49074 11096 -56437 -37428 59543 -18171 13250 20692
r66 36446 -51208 -63634 45887 -18009 -32438 21187 -65282 43294 -3846 35168 48605 -6955 32626 -39629 -8527 -27730 32790 41203 -5466
r67 37233 -15931 -60475 -33097 -12514 13954 14255 -10645 -27269 26241 734 41814 48965 -18649 -39363 -51394 -52192 -65503 -23292 -46298
r68 -26200 38016 -1277 -27636 64722 8987 -65248 1509 -5044 53429 60914 53949 -54864 -1075 6128 -49640 -43814 -29418 -47723 -27013
r69 -2240 -40574 -17133 26544 20953 -22095 -24321 -30039 -62086 20184 -11401 46369 -32971 35208 -1874 13385 -30302 13104 51346 40320
r70 37962 -54477 59159 28326 -21826 -52300 -11739 -38554 6191 -60118 42985 49124 -50909 -30860 -30518 -50991 -18472 51175 7986 39602
r71 -9389 -24619 29408 9421 48433 52276 -31404 -30683 -13220 -1089 27925 58605 36215 54328 -55876 -52138 -826 63485 -49556 38422
r72 -32787 -44308 -40221 -38758 35888 -12303 -1062 -25343 -11171 -56051 -58240 -3542 -57881 4368 26104 -4539 25409 18130 -35151 -23418
r73 9035 -3061 -2933 64112 -51956 47634 61971 785 -34227 -52002 -1236 -34670 -17216 -50137 4108 2725 -49896 -11293 -42352 26760
r74 -36954 -10500 12537 -57551 -12684 48626 39827 -9435 -12387 -59462 32882 18446 27212 32612 -12587 57377 53890 -25451 -10151 -41203
r75 -18986 -36470 -63215 42129 -46620 -15024 -51258 19745 24094 42728 -52729 -63457 -49118 4725 -4888 -20351 98 -50318 -28094 -18433
r76 -31365 19752 -20600 -54639 -21067 32036 64013 8140 1707 29816 26371 -17545 -16187 -15885 -833 -45602 -14345 -2446 -6135 -25261
r77 -22036 -37722 57557 -56148 24594 6486 63730 -42338 57420 57988 19151 1140 -32005 10962 18943 16700 -52184 42846 42502 51304
r78 52115 -14265 -53950 -27806 -50288 61277 39138 64986 -15626 64393 34270 -64170 -5373 -32615 64502 -65166 -58048 -9206 -59482 -11435
r79 -51824 -24220 47364 36725 42604 37517 11451 59841 -41591 -9343 2668 -17590 57297 -47651 -610 -57463 -35804 -10493 52379 -6707
r80 -31831 59607 11326 -38285 3538 -57348 17334 -28877 -36557 -21781 14759 -6255 -62225 46578 51917 -11018 -14696 -65230 -59226 35544
r81 35027 -28687 -63618 -28338 -24075 60751 -57348 56862 -4643 30745 32244 -6814 -46653 -20542 61465 39976 -25900 12047 -12354 4983
r82 23154 -11982 63216 -28694 6210 -24282 -8014 -4282 12011 -1375 -38346 18680 6522 56243 -40737 -8613 43573 -33895 -5321 -13910
r83 56192 -22935 23473 25945 41056 -12130 -9469 65515 -4192 -25314 -59191 60707 30938 -59373 -7805 -53808 40529 32265 45262 64983
r84 2432 -56627 10569 -1920 15890 -21590 10371 -43715 9421 -23904 9893 -44155 41840 35219 56530 39350 45682 -10614 -14404 56215
r85 45224 44786 26707 -30306 3078 60587 -4921 -24873 18594 -59422 243 55820 20942 -3509 -34708 4948 30602 64887 8801 10256
r86 36076 -41522 62804 8412 2275 -9626 -17363 -21923 6315 -20202 -56251 -4615 43071 16284 18645 -42580 26225 -28325 -3280 10931
r87 59026 40075 20140 57438 36492 -11678 -40887 -24002 -23306 -20618 -54539 43507 -5011 -20091 56436 39262 65495 2377 -25305 -39208
r88 14473 -60110 -38610 8391 -50521 4215 19497 -53003 42693 -57984 54874 42500 -46591 21815 48495 5780 -13239 -48482 443 10143
r89 29509 65325 37295 51124 -35126 3052 -49282 56113 8177 26243 8812 -52072 -9795 -7456 -42878 -59629 -39415 24195 25984 -44946
r90 -48311 -29237 -48847 -15836 39722 53596 37713 24666 -40624 -39906 27541 -26266 -42504 -56867 -41300 2419 -58430 -60748 -55262 39370
r91 -62943 -8823 5214 -60198 -26919 41755 6527 23214 52347 -3759 30219 -41443 53202 -55958 -15070 -7444 40204 22311 -37871 45051
r92 59626 -43834 39636 12050 -2902 -25008 -540 3817 -10020 -51220 52159 8639 -25045 15886 17289 -17366 15233 -62248 39674 -4041
r93 1422 -22283 41998 -20222 -55583 -462 55194 34622 -64229 55227 -43588 45621 5972 56968 -23019 52277 11773 23279 16819 54106
r94 -7117 12368 44587 57887 4211 -484 18901 27289 -26520 26458 61642 -26886 65445 29648 46515 -26540 40123 36196 -60512 58518
r95 -38527 37863 -61831 45406 10280 -18910 34934 47994 -50160 -12574 -51797 25956 58322 -58314 53754 -6434 63459 -27947 -17324 -28705
r96 22417 -30520 50033 -28693 9924 -33166 -19019 42065 -20157 -16465 46039 -27356 25817 -30839 40298 61878 -58808 -22110 -50465 -17136
r97 -54809 32134 917 39188 -61757 -39315 -44325 45722 30536 -38616 -54478 -7699 -63511 -4164 -43796 60952 24499 -14921 49195 -28459
r98 -39649 55984 -24634 -44284 -6256 9588 -29771 64572 -28679 -35787 -51269 -20447 54311 -3345 -33943 25688 -58051 -20405 -6646 -7059
r99 -43569 655 24815 34661 -26307 -5622 -50037 -26788 -26322 -63829 -17927 37869 53322 -58325 -56605 -31017 52257 -25353 -44242 -16578
r100 -24682 -49188 -55017 -1643 10213 42719 18178 -59732 12340 63405 39446 -15995 22224 -13363 -7771 51454 -1413 -37916 228 63389
r101 -49270 -55070 48882 62924 -22793 -52146 -60573 -28506 38245 -3550 57294 -61634 50002 64103 -14192 60855 55976 56811 43667 55360
r102 5725 -27587 -39492 -1405 21632 40882 21208 -11334 -31547 23665 -26846 61622 8251 -15004 -14068 45751 -54803 -37776 40343 -13646
r103 2558 -62743 -6871 -10364 -37680 -10691 62204 35010 47345 -14486 24040 29978 -59199 2255 10310 55581 58628 48330 12657 47459
r104 -16522 -50017 32766 17685 -3475 37467 29051 -19222 27884 -11875 -577 27375 -21746 -53424 7731 -47771 4300 5238 -41130 40457
r105 37454 -43037 -43650 -26243 20920 24600 -9895 27634 36841 -57858 56889 -16175 50972 14574 25624 47784 -20375 54083 58080 63420
r106 60323 4172 48746 63767 -64961 34084 59908 22944 -58473 16214 -5513 -29566 -22875 9134 -40263 20775 26286 598 37003 643
r107 -9545 -63876 -32595 9287 8696 31929 -32878 -18325 -32187 -57216 -41452 -50299 63622 61415 -56915 5357 20055 32157 39239 51786
r108 -53015 9343 -1906 -51571 39678 58193 -45390 -37395 -42015 42857 44045 60343 -37843 48192 43846 -7057 -21063 -61737 54248 -11861
r109 33068 -37015 9687 947 -49899 -29991 51752 -39968 -64711 -5222 -31625 -39646 -57053 3819 18820 -53895 43446 8141 4370 -45951
r110 -31948 -65071 61305 14876 -16437 30243 -43837 -14756 26257 52123 16508 61921 -44305 -12183 -32921 58627 16468 65027 -15175 58973
r111 -1596 -31606 -27570 28103 -31185 -10773 40165 35084 18103 -13971 52573 32226 -61363 30729 45767 21893 52191 47680 62631 6331
r112 -53154 -23927 -19622 1813 -59872 -59567 28305 616 12209 45136 -53952 9727 -9566 37965 52531 23289 31849 -47356 2693 -37693
r113 22443 35566 -42570 35547 -10953 60552 -23766 24340 49033 52885 22396 -59065 -7472 -38710 26952 -27409 -8665 32228 47999 -47724
r114 -8909 31318 -30818 5341 -27917 -30900 -50403 57812 -17981 -32070 3729 -23234 48692 -55064 -55229 -4023 34016 8792 -13699 -44890
r115 -62163 61776 17885 17772 -2338 24411 -59107 -31022 37279 37683 -41979 -12485 37062 -22589 5979 1418 21583 -37290 -30283 -41989
r116 -47619 2099 -62331 -56471 54915 -4960 52185 26388 -11862 -6921 -47226 54483 -60751 -1586 58399 -25602 -52908 -33166 45631 63895
r117 -28062 -1841 -998 3756 -39470 45054 49690 22380 -29227 14762 -4679 52836 15229 -42154 36915 9155 -34049 43086 -8258 3975
r118 -31524 50816 -24743 -12888 -37325 8976 -45197 25588 -13492 -20070 -34316 -63525 49757 15423 22435 -58234 -41184 -36492 7721 -33302
r119 -15087 -34959 -3155 -39879 -56094 8596 22473 47887 23330 -25251 35645 55141 -3566 5691 -58754 23669 -32405 44587 -64768 -52360
r120 -37884 59311 -49554 57890 23657 -44598 -56066 -36875 -28257 -56021 18216 -9920 -30872 -27506 41007 48843 -8624 3169 -50547 -22620
r121 34058 -52960 46408 -55562 -6818 1661 21386 54117 36336 17937 49816 -41145 -16503 11182 -44539 -52750 -63640 48306 23153 37635
r122 23940 48680 -18107 46996 -55810 -1888 38519 9031 -16858 30207 16893 -10098 33583 -32918 -49479 8822 15631 27672 26956 -32897
r123 -62709 55734 -35808 20044 -56617 11564 -43864 -30459 -15529 -45617 57658 61677 -10755 -45324 52760 61656 -34497 57046 49674 45199
r124 35096 782 -6322 18488 -64247 -64145 64354 -10838 2779 -44585 26131 33158 -7574 -18690 -62853 41618 -8273 -17520 -28672 -61907
r125 33801 -29835 -24675 -22834 -7358 -30616 -26456 13369 -51494 46130 -19386 41539 -10046 4597 -41886 -19691 -53241 -56521 31234 -55615
r126 64637 -31399 58831 40323 28767 25322 61864 41955 18809 14983 -29126 45308 17663 1029 25890 -65220 38521 53319 -40031 30936
r127 52533 -37524 -29425 -57425 -59736 -55372 20393 -18726 20066 23556 -29857 -32700 42480 10421 -14776 11046 24150 -12193 -65518 25612
r128 41322 60809 -1499 -37747 58435 51751 7211 27168 26263 -43733 38567 32207 -34289 55865 6216 33875 50895 -24341 10008 -15103
r129 34043 -60955 9393 47187 63446 58798 -35812 -15414 2354 21829 -37487 61277 -52596 -23816 -35996 21372 20393 12181 -53327 -63655
r130 -7279 -34458 7221 41902 -32455 16517 59963 -26174 34969 44932 54158 -3069 7831 37046 -58021 49355 26950 6625 39286 -31176
r131 -15872 39622 932 -352 -13446 -25578 -57879 -9465 49689 32315 8 -10975 -40698 -46179 21087 31720 48979 -37957 -47201 40870
r132 -195 52167 43318 27351 -24242 -61222 44282 45853 31643 62497 64007 -39176 21991 22850 59506 61191 -54748 -56214 -47109 -31906
r133 29706 29415 30584 58236 -4756 -58509 -7187 -29031 -51045 -30772 55097 16735 32958 45875 -59715 56646 26462 14608 -4075 -33637
r134 -60675 -7722 -14908 -45090 14828 -61566 -15935 -64549 14650 16594 -32861 18424 39632 -12712 9736 38249 -55172 -47631 -39503 -4800
r135 -61354 -29935 -46001 15859 40827 53458 1875 7863 20914 63042 -28303 52512 46161 -29242 25324 -38211 -13637 -29338 46828 58009
r136 -18042 29903 -3816 -28275 -10940 57619 6403 6482 63355 -8168 -21712 -29351 29223 19382 1406 -38720 3713 -43930 -65217 -28275
r137 -16308 -54942 -33110 33003 -43562 -37564 15971 22188 49681 -30805 355 -22751 -32588 -10210 -25287 34046 14901 -63375 9621 29654
r138 -44893 26073 -65421 -32228 -65236 -54878 3065 23897 -48525 27586 -64576 -6663 -43598 46901 9661 -42395 37081 19886 -29368 -14162
r139 -33523 -10660 56139 -8413 -2997 59314 -21665 -12854 -41592 -28550 -15230 -42462 -17326 35731 -8703 -27534 -59724 19444 -24492 -22102
r140 -58728 -38936 9308 -30138 -33580 -42706 17399 -46693 -61807 8125 -47036 22801 -5229 5077 23960 -49669 25593 26871 -32550 -22246
r141 -57728 -57974 -17673 45475 -49307 -9268 9159 -2970 46713 -17509 -40024 -10625 55138 63496 -49105 -64135 -25176 61911 -6520 35006
r142 10266 20618 -14749 -55586 150 -1575 -12503 -51961 41922 11966 -60516 14548 -16641 55481 -62593 -63296 -56743 7851 31724 39767
r143 2440 52484 -49538 -52733 27255 57796 27044 872 -59558 -54813 -39941 -26048 32952 -36290 819 41555 -21796 8985 57395 45047
r144 -5288 22114 -50979 -43079 -62738 125 -50830 1939 -20520 29348 22432 26756 56978 40622 45322 43554 -41108 -27542 16153 30963
r145 -10792 45325 63664 -48088 -17753 46143 38628 3265 364 26203 -3645 493 -31761 20551 39688 -31159 25975 17828 25771 23690
r146 -4676 773 -39986 -301 -32088 -875 15355 -58593 20357 -24976 33921 -49829 50832 -15675 -21112 19978 -16246 10322 260 -57962
r147 60591 46711 -60185 -32317 -32275 -56012 37851 -44317 -9039 63471 -57746 32303 -43159 12757 37643 56152 58868 -22550 -34023 -151
r148 -57108 -64177 27913 -39304 65477 26589 -16567 -64735 -6172 57852 -7057 -59549 59762 -44865 36181 -11013 62574 22522 -29335 43454
r149 57174 -24902 22388 -5004 -56764 -53549 25992 48112 19398 4912 -513 28118 -44365 53098 -5002 57828 -62636 -22393 -1594 4075
r150 -5218 -25385 -46694 -53531 45949 -33850 47441 25021 -52966 -7326 60473 -59937 18034 42504 7899 53418 -41442 48505 17384 -21361
r151 5870 -20858 4611 -11053 580 -64607 17811 16203 55951 -47517 30866 -6484 4599 -48658 61172 49045 37766 -49333 -41099 -15458
r152 -20854 -12538 28864 23090 -25144 4569 -37309 57836 32528 18923 -34367 57183 -58623 45840 -43578 50354 -16866 -32209 -15018 -34381
r153 -39155 -43826 11549 47850 62916 54220 10621 35190 -18479 56354 54001 25632 -37728 -11462 -30462 38076 49157 -2380 -53728 63643
r154 -23710 38186 38316 -17841 -62983 -17560 11896 -27243 30878 -57272 -54013 46041 38937 37760 24537 25628 52545 -58191 54077 -49642
r155 4846 44209 41641 -56379 -19175 -65331 -476 -41275 -13395 -20595 -47319 11549 -31539 -25939 -46110 -1398 -31644 -50226 -52786 25209
r156 -61357 -47882 -64452 -39572 -547 27491 -56233 -53552 28176 -35931 28639 57080 46974 -19660 13822 -16135 -61513 2182 12010 -13901
r157 46891 -65378 40106 -925 -29810 -11992 39842 47355 2964 -33041 -6989 59823 57109 -3768 -60454 -28460 -61885 41145 15569 -63634
r158 -8760 -16702 -24151 30030 -52948 -28304 -19471 -39141 29935 -13837 -4290 35090 8214 21621 -4940 -1202 63641 50684 36909 -57326
r159 36263 19343 22399 55164 18033 -25502 6897 -61058 36326 -51306 41603 39882 -8344 -15249 -50616 40865 -16535 -41307 -47710 -26293
r160 -14592 21081 8427 26129 44234 47312 19935 -52754 -48483 24369 -61899 47513 58187 53883 -58701 52222 -16740 -15788 -31731 -53943
r161 -41745 63679 -33208 6196 -20792 -60999 -27564 52486 -52311 -19867 38278 39992 26829 27511 65476 -22623 -44010 -36979 -8515 1964
r162 54703 56107 41477 -41689 -14750 12110 -14931 -58625 -64094 -32824 10067 38354 19566 9398 26603 14715 -63012 -3879 -38076 -29259
r163 -43791 -13061 54169 19838 37493 -41688 -59541 15314 38234 -62926 -6795 5261 -39784 407 -30510 -10581 -22677 30820 42669 43395
r164 -27888 -54478 1513 -50000 -20808 -48215 -30847 2213 -50199 48417 37895 -35236 -34864 -48929 10397 8271 36845 40473 58011 -966
r165 30126 32930 60884 10632 45213 -65064 -29107 -10112 -50755 44753 -20451 -6343 -23819 -44263 49542 58537 -47772 -22317 1726 -32044
r166 10674 -23464 34715 -48523 51302 34649 -5274 54715 60866 -49382 -39391 -22575 -15328 -31104 58617 58345 65018 28890 40096 -40733
r167 -65203 -24208 -35167 -44096 -34008 52879 63114 -17316 -55024 51371 20328 35050 -46886 -11875 -47829 14347 -50026 53883 23967 28435
r168 -13835 12660 12135 29020 -39404 -60042 -31231 43247 -14990 -6231 -31189 2734 -40110 7613 56259 -9945 -8749 8749 34596 -43581
r169 -41385 28844 -16220 -36818 -55408 -11626 -1150 51039 -8056 27785 -59203 -37275 -7624 10939 35761 31993 -17573 41490 46010 24849
r170 37713 11980 -7761 38100 60957 -47326 -39228 9144 57624 -12366 51325 30459 -53022 -56787 -54389 -13305 20856 -26305 -29683 16784
r171 -877 -63158 17197 51965 -21037 -4813 41724 -54233 4541 -13616 38265 61989 -49948 -389 -13894 -2943 -8518 29367 8642 -62975
r172 22037 6126 -23714 16374 -59270 -52070 -45168 32815 -16596 -18799 48572 -55506 -19906 -11611 51689 62525 -26427 -31464 23451 -41303
r173 -61338 -44555 -26393 57070 43662 -15333 -62646 55921 57851 31818 38365 22800 549 65453 -16678 60201 37481 6628 -14693 53367
r174 17165 -47733 11919 -10994 36755 37128 19166 -6365 -49335 -17014 58022 53856 30274 59729 -53540 16535 48366 43672 -20355 29505
r175 -42536 62573 -29628 -24118 -17837 -23613 -46760 52726 -2713 6923 -20603 -32691 -49665 45342 26258 -56892 40923 -40747 58336 9369
r176 -44501 44198 57008 44666 54049 -24146 39504 -5709 45431 -30262 40360 -4709 23789 1371 17597 60746 -11083 -54678 7496 45498
r177 55303 -19475 -6282 -22392 -21393 44676 32814 -58656 9355 44393 -45028 57713 -35295 41338 41099 491 -25228 -43511 35431 -42189
r178 6314 -28474 -33798 -24329 -22405 -47490 485 54501 -22549 -11368 26635 -60048 -63669 61925 -40365 -27530 59464 -7973 -9125 -17301
r179 -50475 -28922 35737 -27441 -42767 -38089 58186 39195 21852 -52458 -43466 35012 56743 30050 55278 -58779 -27958 38169 12543 -18402
r180 -47278 -41370 12509 -26715 12348 51706 -40713 41810 59373 -26048 -43558 -3553 -42387 33941 -45867 59705 -65079 59889 19196 -37666
r181 -17072 50966 48797 59783 30491 19553 -56025 -29978 62957 -48373 1207 -61897 15171 -10132 56126 49824 18909 58937 -8661 -31024
r182 -1985 22739 36668 58047 -2757 60914 -15260 17866 14665 61848 7753 43235 45252 57546 -25696 47493 21221 -35501 -56297 -9315
r183 43649 -17799 55965 -24784 -65244 8506 13422 -54257 -1048 54158 -58120 25611 -21841 -6854 32852 3561 13297 -61784 42527 -9243
r184 -16473 16836 16046 10632 -65406 64739 41337 11748 -32004 -7837 -23455 -29206 -20309 45393 -47738 52659 382 -4109 25660 23497
r185 26495 -31928 -28955 -21284 48586 -29630 -17834 34818 49134 -27751 16042 17778 -57163 54154 58852 35870 -20517 -39986 39318 63767
r186 -9953 -49871 -3592 -26944 -3779 -41207 -15802 44384 -50293 30338 12208 14955 -63462 57769 30683 -49880 -15079 -65208 -20045 2109
r187 -20843 62611 60966 35917 37783 -12690 -31839 -54007 50113 29177 -42694 16868 -20965 34076 39778 32342 -19277 25120 7716 -37415
r188 -33382 -59668 44933 61188 24589 25510 -52293 39886 -19748 -33658 58192 55495 -47551 -56827 -37997 17284 -13308 25086 28369 22912
r189 11548 -57062 8902 -7545 -32188 58091 -24266 29419 -30556 -59055 4149 -43003 -477 -34341 -54808 42647 -60254 -17742 -49804 6694
r190 41950 15952 22230 -20978 39960 57992 -7483 -41736 -36426 -35464 -13051 -12688 -35429 30355 -64170 -31751 -20698 43988 51255 31068
r191 30435 11809 -30194 47767 9188 -53291 -32926 41354 29768 -6712 -62198 -28048 -1543 34204 -31571 -20818 -15678 -61777 1115 -18411
r192 33793 2730 -26486 60624 -47418 -13151 15539 4579 -4628 30320 24141 24767 24689 -61947 -5982 16913 19918 61266 -5675 -39576
r193 27358 8799 -28269 -22874 -25324 -38373 -2789 -59503 -49666 -41635 49268 -39605 -18635 -484 4835 -10553 26539 26522 -8743 -40034
r194 56125 -41795 63739 -16263 4576 -49438 -51444 10018 -23515 54690 -54909 -33043 -62892 21677 -51158 40001 -28541 -58403 7261 -44116
r195 -49576 -24036 43103 -62797 -55701 -60727 -56668 15712 -56228 -12761 24047 47355 -39933 -44571 16919 -8175 -34917 -18730 7779 -25415
r196 13232 46155 -41033 -185 -48243 -22003 18536 -2230 -64096 56098 -18509 24381 -29380 -13480 43551 -36321 26622 64508 3334 63736
r197 51714 -33265 60841 22905 43786 30564 -17063 28062 20693 1498 60613 -25466 4859 10977 34958 16498 -24563 16001 -10216 -60228
r198 46226 12787 -41197 -57046 22008 34238 -26203 49796 60458 32963 60564 -33451 -55928 15079 -19308 45090 -42331 -59872 -54337 -59093
r199 -47830 -24843 38197 45323 27936 -43413 64406 -17430 53568 -55147 17145 52767 65228 49724 49146 53929 -63108 -58783 -61660 15819
r200 -64787 -9273 -49986 -30607 -18802 8904 27041 -29054 24237 40196 19018 -47707 31698 -51453 51618 5245 -54570 -63201 11154 -63562
r201 -1594 -34730 57593 -30583 -57059 49046 -39948 -14354 -29720 -30094 30028 12384 -22720 -21505 58183 -30649 1534 -47412 -52098 -20703
r202 32670 28260 8611 -36427 -61803 32180 -22523 54278 6186 -19264 -62010 4666 56068 26207 24717 16529 12961 -44391 -54540 1340
r203 27664 22904 -39978 49388 -7886 -62869 53562 -62457 61544 -15171 -60549 -52634 -11389 3748 38940 -57603 65533 57401 8167 48740
r204 -23333 12012 -23910 -60278 42132 -59429 -4764 -17394 -20673 57489 7285 15914 2032 1298 1823 43894 -36732 -26792 -10517 -33165
r205 38095 -49302 37216 60705 -12044 13315 64273 -62338 23380 29454 49042 -15907 15948 -48848 48810 4603 6903 -29411 45522 -7023
r206 22062 58264 37869 -60415 5261 -12646 27606 14829 10966 28225 -15459 39003 21235 53187 -30255 -20017 1847 38539 13002 56768
r207 17854 6660 -51033 -16077 -41080 11460 47057 -235 -34234 14646 -46995 -50086 -25009 55747 -3454 -47504 44819 -18371 -57242 30039
r208 -33652 59166 61155 34845 53658 58449 -63356 34163 54198 -38365 43460 -29518 -16199 -14550 32766 56821 61129 20425 -3252 -27532
r209 18183 -36028 -29494 -7378 57829 -3286 -32538 -18723 58986 23717 -396 24428 -43280 -4670 -53100 26630 -9343 -49707 29162 39704
r210 28023 29727 -39560 -23800 -60908 34754 46573 3713 -38350 49667 -31517 36783 32054 -44120 26640 40262 -32003 -37281 25725 -13934
r211 53808 -6820 -41499 53561 44239 19253 3899 47716 29398 -50291 -25297 -18035 -28266 -17738 -4166 -23670 31454 37973 6915 -27591
r212 -2524 -17128 -56389 35683 -23966 -22813 -17964 25135 -12351 13563 5948 -2923 -37797 -43704 -26779 5944 -35677 65524 14776 29997
r213 -25033 42160 -54604 2446 -11555 28220 -49655 -21215 51163 61125 -51132 44818 61864 5772 -51872 -34910 -45077 -25293 -26921 64529
r214 20749 42193 47627 11402 -58999 61431 25312 -14474 23807 -30445 57199 63245 48066 24795 20349 46131 -53673 13855 55721 -55177
r215 -45066 -40411 63065 -28904 -51474 -62256 40978 -37980 9959 64686 23840 -50090 -42512 52789 -25486 -25260 41027 -58126 -50563 31946
r216 17910 17589 -8498 -12458 56075 59953 16183 20876 61804 52407 46226 -1862 -65374 6379 39903 37235 -59654 8145 44460 -30578
r217 -42498 9102 7073 36375 21893 1880 -54447 -37371 14777 -8813 -5644 5645 61204 -41589 49149 -52427 59176 -63386 -18877 29148
r218 8414 -49141 7650 -52281 24584 9139 -32771 -19709 40180 3903 27220 -64247 31153 518 -63245 -39928 -8427 60940 -55851 -59521
r219 14676 -7590 -49875 -62246 -28170 -56282 -55949 7217 -60255 -22132 7072 20262 48045 -43355 44501 43271 45217 -41891 8677 46286
r220 -12505 34703 64923 -25795 16466 -43070 -44586 15327 -63530 -34322 15609 -40323 12760 -21586 65329 58169 61558 -3637 18889 -32927
r221 60263 29209 -64573 37062 61334 -22993 11532 -61902 -40695 36154 -45588 -51183 -45847 -31611 -62282 63280 1818 5138 64274 8823
r222 56479 -47074 46513 -44148 10440 -14506 -64559 37418 38965 -30852 108 -31266 7657 1979 -32681 30246 58190 43880 32302 60349
r223 -61024 62036 -36501 5802 39040 23176 -2690 -11736 -13864 27351 60993 47606 -61330 8980 -26356 28810 -30601 5610 43319 -4470
r224 38383 4745 60810 -2011 18498 -12632 60444 13050 -23669 -51442 14064 55291 -59249 -16158 -33832 58769 -31424 11348 48987 10654
r225 -39697 30423 59332 -44328 37770 36319 -13548 22797 42662 -45766 -53950 -57426 -30600 -35900 38376 -35231 63619 -61358 -41300 -30038
r226 2761 17784 -35354 -32505 -31613 -18001 -46337 7259 44541 56700 53361 -18763 46504 25106 -17226 10739 44498 14123 -6426 -31870
r227 -62080 49103 -19453 24320 29966 -43442 14704 57316 -20568 34550 -40336 35709 45166 14420 -60978 -10198 14303 31020 -14627 37821
r228 32491 24928 6824 22812 13068 61212 -13335 -10415 50335 -13903 -27634 24315 59792 -10217 -41378 36749 50733 -9463 -31418 -39093
r229 -10747 -40412 10879 -16614 51658 -26248 15077 21485 -3386 6517 -9887 -45426 -28985 12120 -29059 41690 64133 -10794 -44051 -14086
r230 -48352 65030 -61594 43887 -47014 13750 -60038 8154 39753 -44422 56469 -20712 8610 23745 -1217 46358 -33008 -18499 46766 -64819
r231 -25193 12920 -26362 -869 -50907 -61614 -58955 48678 -28888 -63872 54780 59773 60753 -30680 -24638 33743 58449 52747 40186 -16408
r232 39888 -42074 -21659 -12856 12590 27364 -20641 -6133 48243 62188 -38125 -29154 58739 10346 26632 39653 54243 47324 -17727 -43840
r233 -1819 -55199 -24832 -60175 56129 33033 -49853 61565 -16942 53859 1855 4375 -63889 40553 -40241 -13530 54398 -48989 14891 58182
r234 -2178 36895 -49156 -24553 -24662 -65163 47540 -38781 -50152 3355 46680 -6725 -31288 -20353 -42579 -19893 -52521 -23125 -28583 -10566
r235 58071 19203 -47014 43279 -36797 9281 -45002 -10499 41619 -2862 -13816 38368 -48237 -7680 -13320 5096 64350 37150 -6042 4670
r236 -23895 26506 32492 -36426 59469 -40087 -64787 -27355 9579 26039 -25005 -44042 -63804 -31092 48922 -20368 19340 38173 37801 18184
r237 29111 -30131 -46525 34188 -32770 -33538 -5546 57783 -45783 -32852 5227 -61373 -25782 -61542 24236 47957 17577 -6951 -40247 -50520
r238 -61441 64017 -48847 -25444 -18752 -8297 57093 13709 -48389 -47199 -4309 2573 -26567 60161 40916 -50421 14477 -51181 50506 26856
r239 5789 46583 -31371 -55235 -178 63934 56045 -43785 -13297 34572 -55023 6869 23109 5817 -14443 49930 14750 -41980 -20442 -61400
r240 -32447 6370 22528 36307 -14166 4594 7272 -56148 -49780 13229 52263 -21229 12207 39535 56097 -43244 1023 -24684 -7292 -54702
r241 8683 57975 24532 38011 24635 -10502 32977 39864 56274 58502 1105 -39940 30853 48180 38460 47928 -59624 -23027 -62364 -46525
r242 22883 12833 1753 15271 -12273 57728 -9061 30350 25092 4279 16706 -3860 17294 -32520 -25935 -14692 34464 -1334 26301 53852
r243 -62576 39467 -51998 -34675 4572 61395 6928 21415 -51609 21743 -10939 13056 27934 -55294 -15344 -45739 28045 -51628 19457 -63293
r244 9902 -23651 20622 -46648 27660 -61303 -9754 53574 -51818 -48194 38666 -52698 -52486 -50184 21457 44900 53684 20325 8837 16222
r245 -1109 47790 -44001 15860 9329 28590 -33759 6940 -10795 16785 -52740 -7617 7919 54476 -44698 -5792 -61018 40195 -53368 -22713
r246 46692 28170 4982 52692 -52425 -24030 13670 61035 -32602 23313 -25074 31177 6736 33876 -11538 31650 58462 49166 4708 -21134
r247 -36771 -38235 57375 21170 42620 63070 -10574 11118 -60788 -52764 -62856 -51205 -28223 37804 -26161 19967 44703 -17111 -24073 -51189
r248 -54681 -3962 48839 -8096 -29369 -53904 17414 61918 -30146 54719 -38767 -28318 -45907 55062 17741 11077 17604 43743 -47971 2355
r249 -50630 -12192 -33553 -58692 8412 -37879 -53922 -21637 54744 -60898 23778 18683 33132 -53823 14143 -27286 47232 48918 63762 -44969
r250 9818 -6815 47249 19534 55173 58068 12958 -28006 38465 26275 -26581 2749 -22010 -11857 59975 2081 -47168 23460 25153 -31159
r251 58767 31732 -8235 55653 -25503 28030 -38696 -25530 53592 24268 -9778 34376 -12521 64212 -15583 -50035 52852 -28042 -51635 -63383
r252 -38953 -39481 26989 16646 -7538 23024 -64497 -5924 -13043 6690 -13457 -41733 36331 20429 -40721 5990 55909 36307 -27179 -2930
r253 19088 36786 -9196 -13924 -57316 14868 -49738 -7130 -24594 -16947 -41132 52374 63115 536 63862 40271 -46220 -34552 4373 -10115
r254 -11266 -19271 39337 -38111 20530 48330 43330 -5844 -57096 42416 14538 -58104 -52485 57121 -16241 34032 42201 1763 7186 43890
r255 -4673 42857 -63578 50465 29982 48586 -34443 52029 31293 -36173 26903 -22510 -53498 55014 24856 -58253 46751 -38621 8802 58211
r256 -22340 65112 921 48600 17752 840 21997 44532 11494 -19231 8800 -51444 18272 44432 -27852 -59039 -18706 -37251 47356 -18137
r257 -65197 64097 33318 -49122 -42559 -11036 -32746 -8726 -23219 15839 -24071 -9643 25908 53072 -34900 -25974 64288 -24112 13620 42857
r258 -10343 6354 1778 25846 16238 -4684 45421 -376 -6645 6610 -31993 -4288 -3731 -5834 56399 -162 -13280 -18277 -62334 63725
r259 -46920 -22794 -19272 60439 63564 -57643 8432 -46359 -22434 -28588 1557 -910 -37932 -21279 -16325 -7335 -57895 -51991 -40937 -12834
r260 11161 51602 -165 52890 52132 26021 29654 -27675 -21964 9726 23280 64885 -22061 42994 -10463 33583 -18719 -31152 -64239 25267
r261 31901 -621 27229 -35942 64338 45538 4993 -30881 -34595 -5385 56112 15800 55682 -24286 -10129 35274 -34002 -45231 -6707 -24742
r262 -43037 -6553 7480 -23475 -48353 -48787 319 -28890 41602 -51860 3501 59108 25383 53012 -36643 -34117 30862 23064 -58386 -46263
r263 -23647 39891 52258 -57811 35068 -65407 -5864 -11617 42730 16007 52924 -14858 -30860 17190 18540 11513 24170 -7456 60585 49627
r264 3434 38333 48145 -44022 -28843 64774 45670 40597 37234 -50089 -52708 -49044 49920 26479 -9347 -10251 -59741 -10002 -15712 36420
r265 60360 5169 59616 -41018 36752 -63466 -4296 -35987 65044 32088 30427 39247 10696 54930 -27956 2090 46773 -23618 -28854 -11913
r266 -15882 3334 17314 61164 -5720 50501 40246 51470 -55477 50784 -10648 51070 -45716 24374 18877 22723 -35703 28040 -26945 31375
r267 707 23108 -6846 54019 35092 -50879 268 8919 47193 26718 43385 -33710 -20935 -32202 -9916 -22157 -5403 47753 -57036 -64999
r268 220 -45767 -34484 -28249 -62369 47338 -16090 59729 -11158 -40165 44877 62313 -51775 27410 -56355 -15305 -15066 -36674 63438 -33430
r269 41555 39253 47645 39241 6111 -38570 -3148 -3136 62768 -39762 -34221 19995 40974 -57861 25236 6044 -42531 -12584 24271 -11472
r270 -41697 -22582 -47710 65086 -60199 -61516 47917 49599 -54446 -30474 -7499 38749 14469 -32345 -37309 -65316 -19243 -4049 -29019 24497
r271 39430 6951 -28779 -41334 -11516 -25685 5089 61329 32311 -26492 -34293 -17400 -6074 -36857 47388 -52882 14028 22041 29087 9646
r272 -43018 -18443 17109 -27560 33636 11255 -42320 54545 -13016 -44305 -34317 35773 5455 -37519 35711 -57204 1570 -6376 44114 3244
r273 -11350 5278 48215 -7219 58850 28857 -8737 21018 -5648 32745 -6549 7696 -14776 54143 58875 -58523 -37572 -10649 8465 63639
r274 -61230 -55067 58178 -53587 -55827 39848 -43893 -23827 -63900 38226 38359 -4581 -22026 -7913 29125 -40937 -54926 15946 -17655 -20402
r275 35286 22564 24624 -23828 63634 -32815 17783 -40055 44859 60060 60607 50480 -8559 59820 49446 -42655 -24737 39736 49659 10981
r276 -1691 4212 56542 -1981 -40655 -36001 23613 -18271 58140 -24763 -7706 -10441 62781 20676 41599 49759 -15312 11802 -63017 36916
r277 22681 -17323 10532 -7828 10946 23243 -29840 -19310 58741 45919 59994 -40583 -43686 44107 -48152 44948 -6308 -44799 -57359 57872
r278 30631 -49054 3028 -5624 -23529 -58024 -3512 42352 -64280 30601 -37802 -8924 -48724 63156 -6113 -9169 47463 -34262 -59328 65405
r279 -81 42609 -12195 11017 48750 4949 55066 -27934 -2954 28800 3388 -21257 -32254 24936 15976 40463 -64687 41742 48742 -60970
r280 -55146 -47923 31238 63178 10338 38842 5847 63451 -15915 -18284 31330 -24591 -1397 27765 24529 45855 35659 47108 -14619 -14361
r281 11207 -2904 -54938 -17355 24734 58933 -60123 25355 -51824 -30296 46890 -34555 -19853 1117 42485 -15633 -37746 57034 -15314 -53481
r282 -14031 43519 17226 9359 -55611 15166 6723 -52020 -60610 -52307 -23614 -58932 -39065 17029 35718 21249 -43245 -60467 37891 41192
r283 21159 65504 44492 61125 -13012 51241 23003 42908 -34624 -53043 33588 -45984 20418 17262 7417 54611 44607 -42549 17428 15785
r284 12088 -39564 49 -35189 21771 13092 -61484 57745 -40109 -16214 -12043 14029 1807 48856 -32737 40334 -62718 -23215 -36051 40861
r285 -61533 -65196 23306 -38841 20796 21411 -41260 28581 -62054 -24100 2290 7151 51831 6793 28126 -65191 -38896 -53210 -25660 59101
r286 49067 -61137 19895 -53980 12068 46716 45341 32095 60681 -41106 -33764 17452 -33989 -51600 -39041 -27034 -12070 -23728 -26454 44182
r287 38151 2202 11731 15873 5977 -7519 18388 -51160 17200 -10161 -59025 -48248 -56144 -34278 -37747 -63256 -50837 53044 20435 17397
r288 -43133 13207 44549 -14022 -38654 -41910 18708 46436 -26651 47567 -51848 -13139 4115 14310 -22490 -13121 34566 56324 -44066 14673
r289 48365 41692 27613 -57334 28145 6815 52857 43168 -11061 -63984 -35223 63368 14188 55738 -20382 52654 -38490 65092 -30561 60278
r290 42820 36389 -60007 -43769 -53999 -36475 -32841 45297 -64981 15471 -30551 -27340 -18508 10104 31497 23411 -22171 -28470 51838 -14302
r291 22512 61211 50615 -24895 1097 29955 12986 31890 1283 51298 13356 -1350 64899 18919 47179 32475 -13821 18692 26159 25288
r292 59530 34446 -45651 9417 54760 -56789 62037 51809 47403 -5713 -6827 -5489 16753 7807 3941 38091 23526 24121 -24940 -36293
r293 25915 -9274 -21505 -31377 55899 35693 -56006 45143 -28852 22880 -8886 -10206 -56278 -26837 9513 48756 16614 -5948 4390 -38891
r294 -43290 -53816 51959 34756 47766 -36713 1361 -64177 -36729 33019 -33648 12033 33454 43028 60632 -6080 4488 -44649 22901 -20545
r295 -34612 20334 -46953 -31103 51148 -1547 30007 -54272 -15447 6648 -47274 -7417 64296 35487 17113 8040 7177 -8477 -15500 5603
r296 -9555 -57557 -11784 48091 -5890 -59662 -36792 11030 49268 30693 43697 -63807 17026 22654 60010 24139 3208 31922 -3325 55845
r297 -13364 -41762 32717 37891 -23441 48648 -60753 -57644 -46949 18250 13749 -2341 38631 -6382 -14525 -23640 -20861 -8814 47265 -20717
r298 51615 17553 10562 -63420 6905 -13724 50212 -41939 57319 2145 35358 6166 -43749 8570 46310 -51771 -23762 10202 38992 -360
r299 -29689 57004 9574 59491 -64863 -17082 7324 -61700 -4849 47846 25625 -10235 8946 41507 -12044 -59852 -11233 17766 50837 37064
r300 20730 -47323 7905 59979 -6083 53901 35117 25774 3155 -57007 21621 46634 -27891 -37183 44457 -8337 54427 24992 -5103 -21366
r301 -7189 -25660 3686 50295 20874 -951 -47429 -54201 -34119 -43928 8446 -17646 12130 19628 50552 36791 -48605 -54006 -38535 -18350
r302 -14779 -35057 53415 -52471 57911 36849 31594 46466 -48221 -5846 -17832 4593 -32189 44347 14072 -11205 -30568 -48083 -17337 -19011
r303 7654 -49439 62714 -42991 5845 -10818 -23753 -6970 55037 -34283 65033 15332 52270 -3697 35128 -2213 10031 -36954 -55453 -42303
r304 -20312 -2189 40158 -54728 31155 59478 -10169 39164 52086 64911 41513 -9288 57328 22105 33181 26682 53109 63070 43562 -25216
r305 56403 42895 -46952 -11895 -8444 -61194 -22100 62448 -25542 24973 53040 43791 -27955 60375 24110 -18770 1277 -58709 -40288 16279
r306 -11227 -3945 62786 8023 782 -2065 11914 -19633 57046 -19351 13615 -38801 -14869 -45052 25253 32421 -39318 64074 -60720 -30584
r307 -63691 578 14045 35032 21182 -16093 22930 -33022 -19636 49792 26846 41060 40921 8741 46059 -45981 -1778 -33258 32247 -62029
r308 -61863 -31293 -36377 -29548 -12071 55744 13597 25351 -64818 -21899 23530 -11072 -39578 -12066 -62113 52985 -19003 -540 -16687 6253
r309 41306 48361 24389 55175 -10284 60539 62105 23967 7020 -28944 27774 -4612 15429 51933 10673 57208 -6322 29390 -109 44463
r310 -6709 -26657 -55307 -1888 -5169 -34000 -18174 21089 29354 -2123 -47717 574 26353 -53557 43391 36828 7063 -4892 -38913 -27338
r311 46153 -43806 -15442 61715 50732 10544 36788 19128 8962 56970 65340 -9349 7174 48863 20766 -22845 -15239 -11576 44522 41006
r312 -22352 -10708 7962 -59224 34670 44630 -18514 -31956 -53627 -37801 -10958 39286 -26652 -19234 -39469 49859 -27744 -56456 10521 39867
r313 46615 -20579 11550 33343 -34193 -14066 13651 -30446 -61264 58549 -13125 -49611 64825 -1779 -48392 59318 -28706 -36326 -40913 1480
r314 19192 42683 8552 31628 48625 -16376 25818 61568 1952 59222 -37835 61649 11565 18409 -14857 -32574 -275 42725 -54654 8337
r315 -36566 -26544 20329 35901 -14077 -42663 16718 40448 -20527 -27974 -57423 11549 -8138 38211 -33331 -57308 31014 55535 27401 -62479
r316 50887 -51514 -34529 47419 14680 -58616 -55167 -9604 28416 -20332 47794 28036 -8722 15447 -52168 15611 59435 19853 -35901 17627
r317 -34597 65088 -36455 -61835 12881 15289 -19612 -8647 -19018 -28375 -60109 -56008 -34656 6004 -5429 6702 -39184 28482 -53617 15763
r318 62296 -5521 9585 61841 60803 5914 -46696 -610 -45419 58069 -44043 56379 56255 51919 52236 36357 -8641 6418 50457 -37373
r319 44854 -26510 -7248 -44449 -55105 35677 48162 23769 57442 -57066 -41700 62868 -28800 50786 -20042 43956 6986 -30245 6376 42565
r320 41386 -49911 6926 63163 44229 33216 25781 30247 8798 35102 32545 11854 33693 -42470 3442 6895 19976 -37069 -21193 44100
r321 62125 -11323 50546 37919 54253 41865 54328 -27424 -7137 55138 -38196 -13098 9457 -40678 -27649 52242 39951 10066 -48500 -34351
r322 53004 -13678 -40949 17623 -64207 -63912 46871 -53498 -38406 55769 -9291 65522 -26545 62612 49683 6792 2160 -12762 25326 61514
r323 -41677 -9329 -2117 33503 9557 23580 -52293 63184 31727 20740 31208 34759 -53491 5674 -54455 33357 35360 -12368 -6504 39316
r324 -13878 17297 30468 56665 -7035 -19759 -20709 -53860 -61159 -53906 -9097 -18106 -38942 -16635 26321 -36336 -26124 34588 -56046 31853
r325 31126 -21566 13362 -25118 12557 45710 912 -20750 50427 35357 28640 48921 49426 -53096 -57350 -37548 -59631 -28304 26669 -59710
r326 -12232 -18564 -60769 -53186 10271 -47709 -37658 64129 64719 3471 -5964 28426 28202 -53826 -25177 62055 -52982 -14271 -64654 16805
r327 -27277 54410 29072 30763 -38755 -63790 -12373 -57579 -44323 -49138 39952 -22982 16589 5453 -46316 -25065 -62992 55752 -32268 -26595
r328 30811 -33092 47990 59336 5514 55579 -43093 15905 33778 16629 11664 46816 49177 -22257 -17438 -39932 -66 23527 -58668 -39708
r329 44412 62201 -43587 34601 -51157 -24905 -36153 30575 -9866 30337 -35625 50913 -40327 -63164 -34483 -40477 -18168 51564 34199 -6604
r330 -41093 -19173 -45370 47962 -35217 -54681 -22549 7870 10283 -26938 32277 -55504 46304 8352 -36328 31775 -39160 -58280 47119 24880
r331 -46549 5645 -34 38702 -23759 -59114 -9191 -59569 -18007 36604 -57830 -26988 -49567 -7695 53850 -21147 -11082 -28970 61370 22794
r332 16600 16025 -355 32755 -11477 13924 -4647 -46646 24849 -3822 336 20499 -35901 -60363 54331 36594 -27867 38875 11999 -64244
r333 38637 -53293 -44940 3958 -32777 8914 65306 65198 -30025 29256 12473 -9953 -28265 -15315 3737 -19526 -38446 43771 -47600 -23411
r334 1826 -14301 21545 49373 24458 44674 -59547 -45918 -8396 40368 -41334 20004 58378 37491 -20858 -6611 8580 53750 31236 31574
r335 -34947 -8154 28188 13723 -1622 56246 -25970 64608 -46073 8297 -14388 3145 -48093 4227 -7357 7566 -30474 62301 -497 -47762
r336 38440 48569 6150 55922 -44217 34676 36118 56066 -44432 8953 -7909 -27817 62203 -3480 48269 -18875 -30727 -20526 -8401 37849
r337 -12066 49635 3140 -56036 4010 -54725 -64459 3680 65341 2248 56009 42254 36733 6860 -43550 21357 10078 51089 54985 56826
r338 31583 -18998 -46497 -57874 50105 29733 -41806 46216 -40813 18115 -28347 33638 36140 29787 53246 3951 27872 -37521 9044 -59025
r339 -45227 -47061 -8666 30039 -48034 -33368 -16929 2599 -58065 31695 -27516 28460 42857 54371 9110 -16097 -581 37437 39099 44740
r340 -1250 3094 -25381 -7366 -8664 -645 62585 -56583 -25161 29271 34036 62888 -5964 -54728 -22797 7778 14324 12449 54430 24566
r341 -48654 -50588 11659 51368 -40948 42415 -40774 -34587 -38102 17416 7216 -46492 -36874 -31537 -44181 -44460 4997 24135 62746 40918
r342 -7846 23765 21136 24374 23112 16431 16761 45560 -22020 -59520 -18465 -55526 -21434 51387 48694 -56725 -41678 -8671 -55696 30710
r343 -64319 -5673 49556 -3854 -43243 9063 -30139 41943 35702 39603 15430 -47032 14723 36211 -46908 4957 17715 65062 11232 23277
r344 -29558 35662 -52064 50913 -43695 23272 -52291 48547 -21971 31210 36081 46826 11465 47449 -19145 -56299 48566 -2247 -13039 -9313
r345 7764 23820 8054 -4243 1167 -18266 51911 54841 -38895 -7139 1239 -59650 16839 -62530 -65498 24517 1923 7967 -53785 14321
r346 18637 -13038 39997 59039 38017 -59337 -39163 -59251 31657 -27515 50236 -10283 17950 32556 -18297 2792 61753 20494 8665 14805
r347 32981 -59353 2084 45506 -24685 -17319 23443 23503 -56410 64511 39126 -52523 16558 29918 57570 -3080 45884 53551 49167 32129
r348 57977 51959 -9355 36106 55721 -26446 18640 -56787 16943 -24705 -40009 30256 7235 -36927 43439 -31574 61797 40198 -32828 -60028
r349 -24427 -17643 7674 53362 -32657 28430 6470 42557 28961 -60231 -24139 -61953 16059 -58860 -42658 43166 16673 -55763 1860 4692
r350 -39211 -9330 -24020 -34343 -28098 -59421 28158 55300 -5605 51103 -57345 -32969 -62462 -13779 57177 -52043 -42186 -34743 54622 55262
r351 -27335 17792 23052 -46456 -50481 -15386 -18250 12928 50360 61016 -61169 25108 43079 -30596 62131 10177 6164 -4044 -11072 -58922
r352 61464 -43242 -46170 -24563 4494 -15672 -29846 26512 -14091 49800 53260 -62382 10616 -48785 -26570 61581 -38206 10993 53137 51755
r353 51928 -9506 -50672 -63503 48447 25881 25874 -40799 28182 54082 -40949 35404 29335 1435 -28540 49219 -1079 41981 16843 30709
r354 -45895 -48630 -64154 -57680 -18840 58370 33277 -44832 -54846 45273 -18283 21290 6823 -15717 59411 -6188 52615 -16936 -62862 19932
r355 62627 -25545 47835 -49675 -50844 -11545 9 15947 983 46995 17835 45385 -57195 -59272 42946 -58933 -61705 -13997 43663 -63782
r356 -26084 17930 63399 -58764 31807 -60288 1538 65113 62416 9537 29921 -59146 60108 34952 57426 -42353 -38478 35534 4356 -58645
r357 12433 -60496 6442 50224 -54122 -31374 -17636 -47324 -24030 -62808 -57523 -60287 6393 61716 7511 8496 57771 -41093 34734 50959
r358 50253 489 -56821 -9499 60717 53824 -30629 -18543 -6558 -43366 -9103 -33136 -27928 13456 16270 25525 -52517 -49691 -11092 29816
r359 42542 10399 -26498 -40557 40851 22049 55072 -26852 -7096 13890 -53967 -13687 -9732 -48709 2837 -8101 57607 -52013 -52256 43213
r360 -7013 24485 20109 -52523 22542 -44629 -47406 9740 50566 33884 -50959 -57447 -59730 54859 63530 -10619 35779 60617 -36823 -33882
r361 45950 50851 -43211 -8915 -50656 55204 -33079 -59075 40008 46648 -7608 29917 -45629 -5623 -19451 -25772 31390 -56167 -48813 34270
r362 -17988 -11367 -6288 -45812 25942 -63259 -7860 -34036 -20061 -15901 55628 -19504 -39140 16939 7904 10704 43732 -27300 42141 -3936
r363 -15595 49501 -26942 -32032 10126 -195 -31412 -57650 -8868 -38237 -62540 -62492 -47265 52632 -35078 -30469 -22969 3442 -37875 -14436
r364 -17503 -22 58697 -61938 24137 21398 35983 55702 -54097 30857 9368 34341 1494 45059 -21702 -7219 -55829 -27008 -13392 -44200
r365 59490 11618 -22175 8879 -26431 -1310 -64568 64540 42796 31779 50712 -51427 59638 13136 20196 -63259 -31370 -14966 10696 59972
r366 65204 -54151 -55115 52543 58030 31260 15516 -41178 35088 36154 59783 40655 13068 22141 -61829 -11830 -1214 48483 -59733 62295
r367 -55531 -64924 5281 19136 -46745 -37545 -36592 -54545 53725 14154 42597 -41993 13694 -9043 16570 -65144 14023 41654 43678 47456
r368 -49505 -63724 -30650 269 61647 -50630 -52714 55336 9421 9073 -26332 -25042 -39839 22134 12699 47025 -15403 -40451 -2951 -12093
r369 10023 47673 29456 -10565 5718 -50466 61924 7346 -4487 18153 6038 -9224 43704 63973 -20665 12305 -1746 -2158 61159 24702
r370 -64733 16913 17745 -46794 41922 -18916 63323 -35311 18832 64367 41535 47361 -26199 -40872 64276 -49202 -49274 4873 -3555 -44972
r371 5242 62450 -16153 16885 32591 26202 -52670 7601 -22268 4054 -13505 42714 12981 -61694 11332 42469 56459 43643 54018 -60898
r372 63964 2504 -60771 4314 14258 50418 -50282 -52771 -46927 53788 42063 -1927 15844 28492 -39557 41433 28730 60329 -40992 50433
r373 47363 32004 60688 63572 12500 47416 48614 33617 -3151 26227 19958 17389 18809 -7287 -6177 18059 64107 -27186 -25268 -22090
r374 29832 13553 -22895 46999 28074 -61563 39540 42375 -32611 6898 -47638 -12587 42953 -42790 32954 9051 58191 51103 -22991 -9173
r375 -43102 -31378 -33376 -57552 56718 -21748 46732 -16619 35350 2997 -32075 -12721 -62718 36666 -9881 -58691 40832 -29512 -15184 24541
r376 65419 -12103 -41494 -37111 -60014 -58247 -11147 15157 51055 54556 20877 -57759 43745 40716 29264 -23190 -21674 59820 10627 51173
r377 9049 50657 7497 40658 5974 -12987 42414 1499 56965 61069 -27758 -8523 62968 -18946 42521 -37693 29650 -3332 50816 9935
r378 54215 -56795 30792 5166 -28899 24090 42020 -57551 2853 56855 -8822 10456 15212 -6594 -46310 38908 -14314 -54914 -1007 -30591
r379 -41622 38994 38519 31902 59043 -32014 -39002 -53655 7381 -43326 -16814 34069 -64518 2145 46669 56743 11084 19260 56733 -35061
r380 54250 -14483 7281 -17671 60917 20681 -58299 -2701 30482 -65195 17156 54255 57213 -36585 22803 61948 -62413 20494 48698 -34545
r381 20801 -65043 -29236 62794 -18849 32110 53994 -43769 -47521 26759 42554 21627 -48057 -15556 14837 23344 19903 29704 59896 -697
r382 10984 45895 50895 -64281 -3681 -8338 -25879 -32954 -36297 -30098 11911 22367 -58717 28155 8714 53740 -65109 -28739 -41214 -37521
r383 41684 3806 48793 -52858 25928 -30224 15577 449 4228 28400 7371 45479 -4003 -11341 -1151 -52177 -39822 -23239 10547 -29323
r384 -31048 49662 15572 4783 32282 36560 49958 29087 58445 -11926 -20762 -36232 24861 16522 41913 -21361 37418 7318 -17361 -12532
r385 -58547 -35823 5044 37551 -37999 -14306 5581 -20431 -46116 -30718 48738 -26395 -35594 44366 4004 -46982 -30969 -30893 9367 42961
r386 12063 48863 8885 -33745 -10138 19244 -52068 1977 -45036 52367 -45138 -25570 15360 27669 49820 12407 42734 57745 65319 17146
r387 3055 39424 -49711 -45329 -963 18639 -39886 8758 -46351 -1490 -46222 36743 37646 9644 39410 -26801 -12107 29957 9557 31403
r388 3484 50841 -56396 28249 59064 6595 24712 22290 15494 32077 -8313 61640 9325 50303 34992 51435 61729 5502 -3602 1449
r389 4088 -32525 -49691 61397 20961 55717 22087 -26111 29354 -27350 15220 -41162 9146 -57393 -1321 -16910 -33288 -44642 -56308 -43660
r390 -50776 27041 -33464 -6066 30411 16735 19044 -64726 -44389 30418 -3516 8168 64340 37332 21524 -7189 -49563 7605 -30828 46655
r391 55520 -41723 -11559 57926 -20981 -22749 -50857 61178 12541 -21814 800 48412 64773 -49143 49078 -30981 -50498 16140 -14124 -55708
r392 15564 -64406 -37145 3609 10081 -54467 -62463 55100 -48960 61036 29316 -59496 54286 -14490 64529 22433 38110 -35765 -58691 -3622
r393 -38636 -26013 -3560 -58643 39957 29685 -10033 53196 -35340 -25896 -53784 -54978 5483 34554 -10640 -46632 -18798 10864 -14419 -36594
r394 -53856 -50828 20756 -37413 -10964 30105 43765 -9088 -37852 -18714 -46447 -41697 35461 53216 -39920 -53782 4186 30499 2299 60331
r395 29537 -24999 10090 11817 33732 -44699 13155 -3915 -50382 -8855 3106 -30490 23465 55136 9017 -57427 -55359 -11677 -45888 39832
r396 -12231 56752 33767 6172 -27207 27520 -44715 -54612 8547 57643 39960 -30721 55646 -37428 23536 6065 57776 36428 20991 -29175
r397 -57603 -29760 41429 53217 -50701 26611 5899 34655 -14436 10246 31957 -53979 43362 -22292 36850 -53447 -45001 8207 8973 -21878
r398 -9158 19939 18307 50314 64686 -12150 16848 58944 -40700 30593 20449 -35003 47694 -31295 -28318 -8518 17892 -4646 41287 -60326
r399 583 -6955 31898 -4446 15032 -38134 20419 -32119 -7239 58611 -30368 46297 -5744 29773 -26427 38869 -47785 28825 37854 52042
r400 12727 -17850 26304 24942 10460 19176 59496 24380 -63757 -15223 38436 -2431 -41291 -26712 -6385 52636 16263 -11971 -24547 10320
r401 -7037 41887 -22380 8727 -23434 -14399 -42683 -36760 -46914 22221 59758 51980 50347 35845 41942 -28489 -21432 47206 41444 -5174
r402 -16812 15659 34441 19711 20262 -9047 43724 -60923 52915 33842 17215 -6506 -38772 -2483 5869 -25754 -61672 18859 35984 41316
r403 19577 -20290 -29258 -8127 -41319 63829 34731 19896 10553 -54605 6248 38347 -19577 -60436 -12474 17874 -2243 -16514 37176 14243
r404 -20023 -19850 1817 16575 57793 -63586 -56837 53422 -59060 -44598 -62001 -18589 -13925 -38485 2219 6042 47536 12067 38298 -24470
r405 16117 -44134 44457 -61567 42441 59138 -41302 -64170 -29830 18922 25473 -19633 -57105 14941 27678 57124 41076 9174 -59597 -24940
r406 -18959 -26688 57018 -62317 -1766 36716 -13008 -30886 -56018 181 -42200 -40570 61829 -45030 -46597 -57369 -56020 23280 13713 53010
r407 -2989 -12949 14139 48539 55212 -52341 28965 35130 -5196 20139 -8385 -23503 26985 -50165 -158 11801 22521 -29434 59946 -50908
r408 -59690 1122 -24719 53282 -23340 -48106 12004 8743 -34290 -2782 -4836 -41617 -48602 40503 17124 -40789 -47085 13506 -38478 12255
r409 -60021 -21468 60955 24349 63057 -12568 -48182 -11022 -40702 49422 -56518 54398 13917 5361 40797 -18861 -33523 -9834 -10046 24998
r410 -24981 -21160 52013 -25778 -65252 62940 -38132 -61205 1891 13960 34359 231 51069 -13289 -48211 58196 34050 16499 -12506 16784
r411 -14956 24325 24359 -25278 -63010 -5893 28756 -5377 -55821 -64672 -4775 40390 16712 -7811 32105 65418 -23841 43800 25991 -51550
r412 19532 4482 -20337 -6755 -49820 -31144 -25311 -49233 -53053 -15952 -25993 -30039 -31504 33853 17149 -27600 -61962 51368 34295 -61763
r413 -16225 6361 40109 -2903 -23268 -59001 -59960 -24783 43716 -38194 51168 -40776 -46838 54588 -7231 -63672 -58088 -35195 -64676 -15958
r414 -7398 -16003 -38309 3450 -18804 31574 28898 45442 -15453 19386 -54257 5039 -31079 -9356 -33474 42966 -7408 45420 -62019 -56166
r415 -53794 -13130 52097 -61048 58251 19335 -43909 33688 -48465 27714 33519 -14187 46157 -20422 56537 -22209 50183 -28061 15663 56869
r416 -19323 52775 -28674 -18415 -4257 27799 -45764 283 48097 37939 26607 49609 46480 -19484 27790 44636 -57407 17715 -9295 -48237
r417 60445 20325 18769 -53436 -12662 -27723 -40005 8514 16250 61659 23827 -17322 -5911 -61311 -9813 18857 52384 -35631 61555 -47612
r418 -62573 -7037 42398 46218 -9781 59506 20293 49170 33735 49246 10605 -39400 -7124 -2712 -40579 -36609 15649 -10208 -32142 59370
r419 14625 -24247 -7463 -53260 6555 -49520 -7899 55168 25757 57918 50160 -63220 12656 3709 -15404 -46537 -56609 34812 38519 -48233
r420 35113 18497 -17130 -17645 -50238 56366 4134 -44530 -40542 -5492 40914 27111 1497 11164 18351 -33220 -55819 48017 43269 -46873
r421 24110 -35083 -28239 -13529 -28176 -5550 -60256 9540 12985 -43685 28746 -60530 -33957 45079 54029 12464 7456 10125 -12998 46170
r422 -43225 -10236 46963 -3001 -13168 -7116 -14998 -35844 59538 24070 -56457 62708 44885 24374 -23936 -50358 38360 8294 49070 -36767
r423 7521 10738 -45056 34225 8692 43872 -45160 61772 486 24944 11747 10552 -38168 -25683 -30571 -43982 25398 30102 -12048 -36139
r424 -64256 49474 20367 11004 36564 4898 19748 64088 21396 -1897 -18361 -18882 -62520 -61365 50174 59834 -51744 62086 -54885 20066
r425 -48126 45204 -56845 60196 -25896 -63559 24409 45499 15394 -57560 -596 -35095 34782 40854 -55526 -49709 14811 -18377 57006 1217
r426 60238 -12369 -42724 -53642 -13013 47781 -13725 -10296 52911 -15 40257 63177 36064 27685 53470 -63318 4046 37257 -29999 -8715
r427 16831 29444 25534 11124 -7194 -13577 58998 7391 49099 -63001 48000 -33500 -58555 14959 -3590 -62261 -20772 3717 11885 19782
r428 -60723 -9032 53028 -24364 28550 53134 55724 628 -44940 22983 41349 -49582 -54697 62460 -8199 30843 27125 -39660 47954 8923
r429 26687 57958 12833 40134 2252 -63686 -10732 10222 -59821 44733 41796 29084 -59920 -21929 -59023 20570 22206 32786 -51224 36437
r430 43302 41014 60019 -32137 -39291 -16200 28065 14913 8799 -27539 -15768 64942 -14866 29649 50215 -3644 10895 3981 -65030 -26342
r431 41583 -8615 65023 -36594 -28210 20817 -14167 22400 6382 64755 47344 2428 51077 47909 -55994 3225 43163 -5871 5711 54891
r432 -44059 25747 -31046 2283 -38962 24544 -26978 -33763 -13375 37794 26852 44088 -12104 16176 14662 44710 125 -4502 -63146 -41109
r433 -9710 52739 -37333 -42166 10132 15970 11195 15042 49473 -21466 32869 8037 59642 -44165 18690 47506 54553 -55574 41030 -22110
r434 38721 -28691 -30182 -15669 -10294 44268 2671 42671 28493 -52340 -46267 -19132 32050 -7587 42740 24718 60204 37711 27094 -40832
r435 -53026 27024 -39675 32120 37778 -12061 4687 -38754 30114 -4618 36879 59135 17772 44460 -24685 16773 48334 39189 8084 12837
r436 16184 -6403 -45594 -43522 43039 55884 58740 -32851 46912 -49993 -2832 40906 -32435 28530 -29693 -33509 25641 36111 -54723 25282
r437 -43028 -42678 47856 -39264 -16726 60912 -48669 -42508 -64213 2139 4681 -52298 -54471 -35080 -26394 45138 41871 50574 -51713 45821
r438 -52004 14886 -53908 61259 -15865 -2604 -13307 -61360 58334 -39161 -4326 -21178 -58351 -48244 -10388 15857 46456 -2739 14886 35798
r439 18777 1240 -10074 22688 -19943 -37525 7391 -36395 61557 -24545 61097 -24594 -10507 31284 55703 44038 -11039 15564 -64026 -47026
r440 -6109 -11708 26156 -62881 49674 18812 -64893 37849 61469 -2866 46650 22015 -14640 -45172 -33417 -49850 54620 -1011 -61640 -52809
r441 -51323 -6189 26096 -5490 -63103 -45738 14758 52442 -19058 -59367 -16754 -52460 -39847 54684 14626 -15892 62260 11442 -2622 54608
r442 37772 -23955 60174 -47096 15273 -23197 28677 -21603 -31971 62551 -37461 31599 26653 -53055 -48056 -25026 -13796 61255 -9803 45777
r443 -29376 50628 52408 18927 -39429 19346 37452 -38652 -63896 -52086 23570 -39971 8092 3279 9191 -52387 40247 6904 46174 45765
r444 4934 43175 -12672 31728 -64759 36693 -33184 39503 44930 792 -12606 58162 7828 -4455 25716 -45334 -56127 -44113 -32235 33922
r445 -46476 21828 -5117 16027 36047 -11260 10062 5105 -25265 -28695 -4214 54491 -11786 -59653 57544 -40875 3827 64093 50592 -50480
r446 53053 -48989 1347 18427 28871 -63181 -15682 -48004 -22376 -19777 13603 33022 31241 -38772 -36685 61530 62693 11281 -29262 -614
r447 57790 14167 -56851 28534 -2043 19946 -3160 -2767 -52587 -29446 22437 -30580 3922 752 -1579 7428 -60217 26161 -12976 -21530
r448 40261 44672 -19547 6567 53749 -21032 -45496 -17061 8197 -45615 -52311 -28894 19552 -62909 -38035 16729 -40674 -18742 -33597 26734
r449 -45741 45338 45047 36386 -59975 -41241 -32039 64587 -4890 -52639 -42484 62632 64520 47850 41734 44429 6135 -61981 -31378 8235
r450 60027 59707 14762 30514 28487 -2150 54429 52004 -58462 -43640 49827 56289 32840 -28411 32463 -61427 -50579 -65371 29748 7760
r451 48872 -8384 -46879 -63188 2102 6597 47025 -58120 -49477 18031 58463 -29970 44944 -15780 10 36266 -52632 -22885 -57923 59109
r452 -32624 -26469 -8041 34692 42069 2581 -9862 -60467 -33201 58848 -19389 -27254 41407 53194 -21948 10140 37312 -19185 -47766 -63263
r453 -40622 -14269 -57207 -30696 -22742 -40371 -6888 16049 -55477 62906 -58579 -41352 -42940 41030 16013 1644 43741 34108 63842 -32926
r454 -37272 -5410 64758 -40701 -50552 35875 -51615 -22004 62939 60888 -50844 -56868 45318 31325 14742 30558 46443 -49706 21329 58834
r455 60946 -5887 -400 -38298 46913 54897 -61662 -6712 -19850 12025 48899 53065 -24398 18028 -18245 25485 -50407 -22163 23673 56428
r456 -62335 25739 6572 -36781 -21224 62233 -31315 50837 55173 11655 51607 63211 -30007 39269 -15904 -40842 8149 -25151 -56196 -24366
r457 3 3369 -49302 -43602 20100 4451 -32204 -18715 -34536 18626 -64210 -33375 1109 -2384 -34683 46555 2196 63721 -40555 -58303
r458 11326 -36302 -13795 -5756 26576 5082 62057 -29163 -60150 -42760 17519 52939 599 5756 48163 17234 33214 -33046 -53338 -35215
r459 -30708 -65512 27061 45239 -11948 -37000 26712 -29142 14388 -57924 -51516 34365 -42469 -21108 -61588 -52259 -37899 13987 -7871 3432
r460 -17073 -724 25485 46823 2098 -57563 -3656 59949 44712 -56043 -50608 -21071 -33587 26612 -6972 44331 3672 16094 2829 -1583
r461 -4329 32978 23813 -8226 -49137 -26250 -44725 14917 -33126 38170 -13947 -62955 18688 -56758 -64711 -46283 50639 -4610 -5182 -1604
r462 -48522 -45064 -50226 -64595 6808 64321 -64224 31080 16314 -57406 -24235 29056 37425 61423 -47750 56375 -54603 -53765 53450 61644
r463 -48337 39155 -40339 10266 -51604 23151 126 38464 -322 31046 30471 3467 -6835 13524 -48763 57037 -26633 -19262 -54342 42719
r464 -54764 16599 55947 38803 -35762 17621 16412 46093 -18513 -1738 -54221 3661 38863 -36605 -15934 -45404 -7890 1130 -61049 21417
r465 44591 9691 -49484 64315 55050 -5612 -18849 24026 -30525 -28286 61714 -28393 53552 -53621 -27575 -42013 60535 56288 -39312 -21734
r466 44997 -25711 -15679 -58080 -11896 -64937 -5595 -7328 38666 -11551 26877 20538 -2870 -5491 6919 -21985 44580 -23998 -17464 -46154
r467 -49760 -30914 53356 49817 -18202 -3749 46789 38559 -9458 53396 -9226 53531 -1641 -50701 54595 -457 -48144 -1963 59976 -6286
r468 -52457 15688 -38871 44770 -25488 27235 -57691 18056 22923 -43525 -65466 58603 -12633 63061 53644 34227 -1082 58974 -40187 -22071
r469 -12862 58917 18438 25508 -10962 -61185 14589 -40652 13296 4371 -20134 -1220 25154 11888 4411 -52882 40883 -41911 50628 65157
r470 28893 10319 -8860 -46300 -39005 24907 -63090 -16129 33967 -18527 6276 -50010 23024 -22034 -33624 38016 20699 -37146 17586 61946
r471 30987 -52170 61109 2755 5460 16010 -41284 -57358 12348 61351 12804 -51597 11871 25859 -45955 -33296 -3305 -53357 31676 -62450
r472 -46699 -29276 56755 -39174 26784 12611 11185 -24671 29763 -32235 -26975 43399 -55008 51177 55811 -1189 -19037 -56756 44212 26704
r473 -6755 -3342 17171 -20161 -32051 8554 24960 59087 -28978 3449 -34134 -64041 63570 19279 -50881 19339 -32121 -24263 12578 -11031
r474 64406 62606 4220 7446 5536 47509 -41844 29090 -62772 -62773 14563 20846 -49479 -31831 -52739 -14959 -1606 15017 54061 -28179
r475 55965 37198 31682 61773 -32094 -37905 61275 26269 48183 27629 17676 36589 51001 40774 -37362 47688 22419 -60794 -61862 -1769
r476 -53659 -23796 -22253 -2553 -15347 -44415 -29152 -31748 -13695 -16348 19288 34909 -24192 7167 -23012 19965 -54629 2012 50789 -8453
r477 -52209 -13358 39665 1434 -36489 -47089 -5013 -49080 -25861 45036 -13186 -53203 19168 20042 -35361 -39517 -32837 -39794 10535 -52930
r478 -42773 13161 21205 -11623 -37833 26623 36794 60801 38904 -4340 -25037 -23739 11812 -12161 -1486 11352 61294 28244 54142 -4362
r479 -40939 -16652 44910 -47366 -35306 -12608 -18092 41081 -64985 -4484 -19357 -26338 50436 -50833 -53300 13115 -35055 17227 8227 12719
r480 -34716 44387 -60315 -15363 -44759 -59938 44886 -14362 -19252 13728 -41336 20694 1505 -29161 -36643 362 -64756 1528 -47171 46831
r481 -38169 -29838 -30466 37341 -64589 -31390 22762 -16927 12442 -37758 32283 45219 6961 -51575 21831 11706 -40972 -52183 -44262 53118
r482 -55068 -14307 42262 6704 48968 30968 42746 42027 -14747 60775 -54161 50875 24659 -14182 49231 15053 6256 -42559 40451 -3725
r483 12420 -44502 8002 -24121 27432 19202 -54007 -63742 -55731 -43719 53543 -10950 -43675 54038 -12391 -15297 46718 -55053 8501 -10515
r484 -13236 -6921 -41521 -44470 -22425 27798 19715 -4234 -21515 -54003 60790 -56743 -11581 -59199 -1537 23585 -61429 409 -16742 25951
r485 59073 52507 -47405 -43492 -47797 -20693 -11417 9189 17 34576 57768 -48590 -43677 -59420 24337 -43885 -55892 -46894 -4252 46455
r486 63818 63262 17343 22762 45801 5070 43714 -38836 -54152 -45516 56227 -55112 45410 45327 -49954 52461 -16995 -51901 3518 15915
r487 -17983 -64747 -30772 52137 -21702 27699 -7665 55620 44180 30321 17469 28454 28968 31653 -50093 -50755 16340 -54934 -12435 49291
r488 47069 -56135 58773 40855 -14335 -20872 49515 -289 -57808 49492 32126 50471 -4854 -24016 -16949 3997 39285 47723 -52602 -33191
r489 17287 12863 -33142 22318 -35697 36888 11868 -24087 -45367 -42332 21753 20802 -21806 1137 5324 14034 -11270 -30618 -19867 17081
r490 4047 -48261 -2355 -13768 47272 -11588 55318 30045 3468 14585 -19662 -38707 -40283 31881 -62973 -64501 14915 1649 -9563 -16249
r491 9384 -28013 -3406 -51747 55660 -23770 -41925 -15989 10729 10606 -31180 3856 46096 59024 -58305 21599 47673 -53372 50138 -56119
r492 -22194 52423 -38669 -14941 -23307 -23397 -2393 -41379 -53343 61328 -4894 -63799 -61785 9532 -40204 -53084 51646 35791 -57370 -44912
r493 -1512 31138 -11007 3103 22991 -56161 -4794 -27485 -24478 35134 -55899 -18051 -60494 21982 -47879 59685 -12428 5422 34700 44777
r494 -36982 32702 -38820 26257 -39831 7815 28939 -9656 35698 58843 -17693 32461 -2565 27775 -55118 44654 -29657 -32336 -54739 -51822
r495 38216 -8840 -8620 -59896 -52300 50796 10232 22713 -34076 -37050 -7852 -8267 41848 30718 -26214 6502 26181 -68 -13842 45808
r496 -25808 54962 -49574 -62856 44870 2515 -28666 12605 53362 19957 -1647 13774 39861 28125 -8124 -18849 1314 -28479 41945 33615
r497 41058 -64271 37633 -42652 26018 18735 12707 11349 54601 -38736 51612 -65025 -5801 26608 -17242 15972 -54861 -8519 -5858 61226
r498 58903 -10988 -24778 -49269 25614 -13333 -7444 -8541 -55065 -28716 51241 -35665 -2233 -21694 -24613 -2844 -45135 3373 25750 3355
r499 -65146 -51990 -27443 54237 -61271 -53534 8406 17191 49879 -13792 -4832 48214 -27728 -50808 13842 39906 -30824 47276 -11027 -15635
