mTable47 21
KEY  c0 c1 c2 c3 c4 c5 c6 c7 c8 c9 c10 c11 c12 c13 c14 c15 c16 c17 c18 c19
r0 61123 33531 -36622 55221 -38853 -14539 63825 31787 -7601 -43339 -17568 20315 61216 -39722 -19062 7608 -57634 -63008 8980 -11548
r1 -64957 51443 33175 -41985 40796 43310 -53862 -4905 49289 -12733 -33072 -41967 56543 -23935 52844 -5846 -18011 55506 -3685 6072
r2 -40802 29681 -269 -35265 -8621 52448 24808 -19393 -55523 46548 5228 -54782 46127 -11178 -29476 18961 -53678 -5780 10045 -23634
r3 -14102 6431 47905 55247 63383 -15763 19706 47572 -31090 2435 38723 -10726 8783 46135 43837 -10057 25294 -64565 -59846 -8252
r4 15607 27285 23837 -39137 -25237 31169 11753 16298 -1454 62983 62818 32575 -16520 -28691 57941 49850 -3765 -42511 49397 -59537
r5 41112 -3466 25200 -64524 -56157 10181 38442 -22181 -30678 57178 -57788 1333 -51999 -29111 35452 34533 65428 -59411 -45563 61932
r6 -60068 -49026 39218 63987 -49092 55614 39646 13318 34912 14317 -50069 23882 -19863 23801 -51026 -4137 21446 52398 18644 48692
r7 -53863 3936 35452 5721 -45793 40984 -37506 24035 21261 -25700 -30841 54003 -53816 -49474 -64882 -17867 -22837 26900 -51647 20921
r8 -4497 38748 13676 -26698 -29607 -39861 -5542 10232 -53266 -44632 31485 -54826 -64799 -48908 -56473 -57714 -54784 -31783 -39767 58997
r9 48402 37165 -19940 -58579 1749 31952 -20533 -11964 -53681 61164 -36755 34280 -32657 29277 -1334 9841 -57997 -40138 25788 -26253
r10 -15111 21899 4369 24574 -32060 -18106 56278 -60083 -64064 19695 -65324 -58085 -47583 -18858 6632 -17252 38880 18333 19164 61939
r11 63883 62552 -24041 -55473 56282 52800 2806 15264 -62604 -6455 63017 -51871 17474 40282 33298 56008 49267 -11991 -40547 -27165
r12 60932 5242 -27013 35773 53995 25905 -43293 -59889 -16552 30709 -26805 45319 63151 39754 46484 2454 7117 -29659 -49767 -11436
r13 16262 -46195 -16762 6374 -47875 -59082 6512 -41772 -11886 4132 46762 12002 -36542 -63141 38873 -52906 -6705 6584 -32909 -48862
r14 7971 -21781 -28418 -43513 -49842 -65144 -61107 42078 -64409 38339 55684 6347 6347 31799 -6237 31720 52197 -58624 -37014 -17535
r15 44668 -38196 -21804 61035 13962 34 26327 -13706 -55889 45943 20772 -26046 -43305 -49283 -4018 19810 46194 -57539 -37813 36083
r16 -6235 60226 -46001 -37404 18841 -25593 -10293 -12902 61559 36550 -27041 -31799 -49296 -31812 47997 956 -51341 53162 50078 30878
r17 3502 -15786 5832 45682 -48034 59826 -6062 54422 35956 -60396 3873 -28225 -10405 -32445 17632 -20025 -41525 15665 55479 -30332
r18 -57869 -16281 -944 -49477 -31137 8495 13089 39441 -54244 52628 30310 -43179 11119 -11723 -1786 18014 -48220 -29269 45614 41739
r19 27621 2378 -977 -20238 -59016 31510 13251 39044 26191 -22019 -30811 48267 -15433 40650 -41933 -50432 21122 -37647 29254 -13441
r20 39150 -31374 -13392 59974 -33964 52686 46245 50121 35408 -6897 48291 -8925 15939 6565 6706 52800 55403 -13616 -62902 45417
r21 -15324 -59731 36691 32854 16283 48860 -10986 -30792 33070 -5152 54497 -56357 -54789 -13490 -11925 -50862 54693 -13073 4207 -13909
r22 25022 23356 -59253 53323 60720 -23558 -3781 -36702 17068 18890 2322 -23926 36547 -49838 141 -30472 -23496 -22860 24572 -47831
r23 -32491 -33143 -50130 50669 -30614 11959 47160 -26934 -20870 42446 31824 -11190 -61294 23312 43990 61858 -52179 64352 -31087 9262
r24 62204 13982 87 49943 -45793 -64299 -48360 -44942 -54428 25390 -51724 -3321 -6033 41919 -27842 17214 -63213 -48186 -1746 50551
r25 36317 -25592 36439 -18045 -21642 41484 64290 53782 -47571 2583 -36875 -32584 -60921 42085 37961 52885 -12842 39300 -20764 17266
r26 -47673 36042 14589 -13372 30468 -56633 -45836 8406 43880 -54505 -44373 26820 -60363 -10538 61405 -21356 -11270 43392 -65379 -38941
r27 12534 -8674 38902 -18753 39572 -51001 -20758 -15720 -48 6842 44874 -18825 14213 -31957 -18932 -1947 -64107 -55647 -28822 48962
r28 10783 -48840 -46546 46678 47147 54760 1856 37920 35365 10782 -16823 -19121 -32883 -54980 -61931 26849 40220 16235 11686 -3676
r29 18416 -40674 6891 54283 42008 30191 -13411 18706 22950 -29707 -6824 -30442 -20797 -14206 -23872 47046 39058 38155 30328 -14203
r30 47747 20959 13150 59314 -21204 -33506 -22513 49258 -6663 26941 31874 9810 -46001 -1881 -32655 58235 -20294 13892 -4475 -10796
r31 4532 -6311 -22916 -62856 -21648 -23964 -30056 5245 39866 -40644 49739 -41525 26305 40929 -21225 -3792 12136 4394 -62900 60559
r32 6772 35338 55093 -9057 60828 -22370 -30037 56307 4134 34705 3507 39982 16014 -54809 -37707 215 10774 -26854 46969 -50093
r33 61693 60692 -22282 -28535 54017 685 -40447 65426 -4525 18657 -10607 -43955 -45362 -20267 -44100 56436 -33622 17020 39818 59283
r34 -64109 -64704 22240 -19960 45186 -25819 -24258 43378 -21413 -32680 2518 63345 8513 36942 58344 -43626 41593 -54264 56530 52009
r35 -7868 19863 24755 40764 33439 60066 348 13433 5238 -4792 -2214 21892 31141 31646 -28362 58159 5982 -59486 54696 -11891
r36 -47892 26551 51278 -54359 -2515 63329 26146 60404 14653 -55485 -25088 55811 -19112 -1026 -59319 13039 -25038 -24629 13012 -21062
r37 -5955 -49334 64160 33253 -52602 -32524 -47235 26703 -31920 51066 -37156 24554 -32974 -34478 -11182 3672 41411 2017 -34924 61702
r38 32150 32481 -17599 -28481 64696 -45463 46841 59092 -40615 24515 -41896 -17808 20029 21549 18785 47564 44379 -52954 23705 8408
r39 9594 -14342 -27846 -58143 3992 -50703 -22768 5837 14896 13192 35740 -33462 6393 50255 -15267 -54590 10775 -2113 -52457 44646
r40 -55738 -41973 -62140 -2029 -1831 -1056 -25533 -62235 -25977 38902 39460 -51938 37902 -21983 29640 7094 63983 5268 16769 -29247
r41 42096 6918 6658 54237 -28252 -42145 -62152 -57502 -52557 55467 -32654 37776 59051 19831 39643 -21172 44110 29242 18455 35805
r42 1794 61352 824 -435 -56873 55434 -43673 47134 25902 -44880 -341 -8726 -20335 -9970 -15010 -10876 43743 41622 5538 -24075
r43 17418 45689 -27233 23916 57563 -33353 -63018 -17168 43148 -48891 33890 2967 7467 19870 -38959 -50649 62473 20095 58820 -40537
r44 -31304 -53350 34489 -32576 65506 40225 -1219 63253 13568 -59395 -44165 29384 -55788 -55999 -26221 48498 21216 -33321 -30367 -11020
r45 65308 -12298 55629 24134 38209 21192 -23869 10439 -10005 -43630 -64335 -52919 -46981 -15204 48541 -61782 36012 49434 -50611 -56214
r46 -46672 24923 47126 31156 -28411 59044 63548 61783 -46607 -30307 63503 -4427 48189 -62993 63935 45219 44360 33759 -41618 10958
r47 -55480 -32343 8970 27141 -38214 -62046 51644 -16971 -2723 54205 -21039 39497 1140 34126 -36447 29821 -55385 -62542 -52033 -24080
r48 -45394 60657 8960 26853 54984 61918 -38621 -43348 22278 -56369 47010 7697 4088 -23829 12291 22278 20590 42251 -13575 -50419
r49 28446 64769 32839 -45632 -29658 -51214 58728 41221 22788 -58751 -41768 39091 -23970 -49836 57486 56232 4475 18254 -47637 29305
r50 -57057 -48116 22896 -20980 33297 625 16359 316 56381 9648 -21513 27937 -62718 -36894 49376 -33812 -55596 -62579 -15282 36717
r51 61428 31337 -54884 -4962 -16389 11383 19992 -49956 28509 31812 53790 15123 -20811 -63844 42676 -16815 16404 37650 -44298 -16556
r52 -44974 36249 7847 63444 63451 63740 -8434 -51526 34704 24739 -15004 62038 2320 14792 52477 -61629 -55241 -50633 48500 -35706
r53 -45057 -6141 10123 -10499 19070 1993 22173 -43102 48513 -58724 32277 33304 -25173 -77 3440 45141 -44173 55938 -11384 22743
r54 -25850 5715 725 -13525 29723 7710 -15416 -45366 -26938 30069 33589 45021 40095 63095 64977 -50676 3332 -2197 60068 15864
r55 -52664 -43060 44284 36353 40653 -37396 -4587 62958 52930 24792 14083 -39909 4144 -36934 -17926 -50393 -35490 4437 59323 -45329
r56 -58623 -15504 -42925 29721 -50773 9765 -17775 -42891 31116 46113 -4805 -4426 -4704 50506 19085 -26213 55791 40276 -5745 -15696
r57 8188 -31022 -27611 -3323 -30280 29414 19411 23751 -58468 35596 -56308 65376 1701 -57025 26950 52192 -7235 28805 -24165 32360
r58 33306 119 24757 57817 60486 -40721 -23632 -44198 -13576 64505 18516 -45690 22377 17267 7749 27075 41490 -35622 -32431 -56950
r59 55988 -35077 -59382 -47650 -38450 19969 31120 -47130 -16946 -41945 -46077 39946 -15994 -6836 35685 5982 -31191 -22999 64874 51113
r60 60674 -55256 -19926 59475 23265 30560 -31681 -17287 -26046 -63967 58776 -10940 -30519 65237 45647 -46310 33421 -55259 53208 -356
r61 -36605 41234 35127 -11349 18360 16653 -8090 -33400 44699 57736 -26823 63735 -39161 57611 15574 22296 -46441 -63721 61504 -48605
r62 -48880 61968 50447 5462 -5218 -46815 39814 -41689 47755 2602 17258 37403 -17880 32675 -33324 -26192 -22128 -55465 54370 -62818
r63 -21760 59317 -25509 24427 -43089 7989 60924 62248 -22080 -44399 -33753 -27491 -48800 -48004 -60249 12329 -64501 -47596 -8435 41344
r64 58821 -11831 59294 -38670 53539 23817 56050 4143 52939 37905 6864 -14276 -370 64100 -41607 -31323 -25190 -12420 21241 -55608
r65 63154 56751 28148 -50338 52423 -54752 -38202 -43899 62503 46371 14356 -1406 22038 -40212 -51280 7663 -31744 22621 -47290 -46458
r66 24370 -12566 63045 11908 -6345 -45582 -57135 63573 26344 -13251 -62801 -8656 16125 -18983 602 7747 -34499 -22188 21608 -29733
r67 36193 -45600 -53227 17148 -3373 -23698 -15730 62863 12117 -52381 16766 63372 -12874 59276 -4676 22902 27072 -7552 -44927 -64326
r68 -25178 18690 41901 -47312 33298 -31093 -35323 -40407 22930 -51718 -33309 -15957 -1068 53848 33585 -23207 10228 38554 -9775 -4456
r69 -50957 -62076 50519 16065 -19591 -12378 -45924 -49654 57426 38114 -5972 8641 -28463 -5206 18600 20130 18079 -6080 52717 -20074
r70 -40154 62141 -37782 -64968 4524 -19871 -5160 -55550 -10308 64896 -16554 -59220 -29763 -17962 -17012 31267 -56564 -40860 38475 -40932
r71 40018 -47587 -52910 9943 -48799 -14322 -56151 43838 -10928 58816 20775 43176 25508 7227 -28855 58184 1594 59749 -48794 -64837
r72 62196 -20771 42412 -36970 -28609 -63015 56145 15971 -4916 37775 33873 -54508 39360 -44420 -41159 -60729 35927 22266 -57774 20948
r73 -12593 1515 -46324 -5472 62462 39232 45061 -19205 32127 -4265 -5649 14089 -14176 5508 31619 -42236 -58741 -52829 305 -57311
r74 -37115 24735 -29648 -8388 64235 29453 -31141 9307 60273 64789 -19816 23016 -8699 15696 37831 22214 61317 -34019 7149 14371
r75 37648 21805 10911 -54274 40539 29504 59742 12644 23576 -12398 53286 6459 -61081 -33730 -51098 -55599 -27870 -25431 45812 -55984
r76 7555 55227 -37028 -15000 16387 -6679 61492 12255 -36390 48377 -25543 45764 55380 -51441 -64144 -41521 -1983 -41397 44014 -33418
r77 11384 36652 -48560 -8099 54006 56364 59117 7184 29894 11527 -44892 10201 13235 55648 59830 -38301 4349 -969 4540 9598
r78 19372 5382 -58635 53196 -27780 -49941 -35124 29311 27245 35239 11222 -37660 -64941 -57873 -6830 1392 29080 -10209 -45490 -30217
r79 -16196 -64367 -62431 55190 30970 24509 11142 37317 31912 -43877 -39313 -40432 -37704 23802 58074 -37487 54072 16138 58771 -17750
r80 55507 -36709 20162 -46011 27696 -59117 -59937 -37627 -38208 45999 -63117 -15068 9302 56811 42509 26965 -23664 50622 -4770 44112
r81 39728 52353 49743 -25246 65316 4401 9644 19514 -24777 -19793 35483 32774 36190 -30176 41659 -10526 18299 -24035 47945 -60178
r82 23920 -21707 6524 -24808 -60020 -6572 -4059 16898 388 -1928 40243 -19290 -27284 21946 31076 -56679 60166 -46400 22719 -53779
r83 -14019 -15437 4044 26826 -47673 -27187 -27684 58679 13583 -38142 -24908 -15581 32004 -21777 -40721 9641 -52112 -37280 61099 21960
r84 -19014 31710 13338 5258 -3776 -5456 8231 44476 40260 -53665 -29533 -61064 -9149 -47850 51691 -12900 -64167 48401 -39359 -28078
r85 -1773 21424 -25260 -62723 -25556 -51522 38001 -41265 -50999 25717 48103 26781 -15486 -37733 -16673 26850 -42012 -61955 5564 1403
r86 -33137 -34218 -60784 17818 21632 61350 23953 6665 51676 54867 54233 65138 -28059 23661 -41491 -51536 13500 39801 -40640 44974
r87 40886 -53791 -59977 -53014 -2131 -37988 -55745 -21987 -42762 -9696 29577 -36790 5640 -19833 31308 -11398 59360 -23636 -23212 57566
r88 -41435 30132 -50912 34578 -40519 -24966 -47919 1652 13810 -33586 40306 -54801 49587 39658 1798 -47187 -36116 -52902 -3429 35418
r89 -27960 -16487 -15742 32221 -30742 56914 3868 -27924 36188 37213 64353 -40740 29428 -62233 57747 -23028 -9829 -3758 24739 42214
r90 -40639 -44544 -54635 52488 -13203 -4004 942 46028 -22075 24560 -21321 -19341 -33459 -33260 -60234 -54386 57173 -4696 13201 56879
r91 -38464 23140 -35321 -42584 47018 661 472 -39983 48455 -61224 60844 38886 -31523 -6924 33656 -48620 -14656 105 -6327 39927
r92 49879 51193 6376 32233 13365 -3371 18213 61187 4075 -54772 47781 6207 15835 -47014 -28444 -13773 -31473 -43512 34943 -51706
r93 16525 -53388 -53991 1568 51591 -3119 -29645 17174 58659 -58117 -26381 12576 -52647 -19904 -27438 60470 -40766 61358 -735 -60944
r94 805 44958 -52005 20949 51740 -23536 -33457 60690 9661 35127 -33041 -62023 3647 -43140 -12512 36183 -29652 -15794 -50397 20662
r95 58180 -55785 -50839 -18227 -55329 -11099 59172 12131 -36424 -12623 33209 -17287 -31405 -25157 -6422 -15731 26231 -47690 60789 -57623
r96 -27613 37387 -55943 -32456 61225 27680 -46763 26284 -5602 -11496 -53329 22140 31385 32597 39339 -23092 24388 23625 -13291 -1649
r97 60670 7494 -4490 -54291 18639 -32324 32621 63092 2333 62098 -64312 60384 -1986 -64365 14815 35495 7751 53941 -60949 45128
r98 -46526 -24940 53227 -20179 25784 -28273 54674 -64921 -16702 -53076 7188 9982 -32219 -31303 -15962 22131 -55096 -17054 -42763 44676
r99 1556 -42440 -57894 -33692 -40741 -53657 48436 -36784 27016 -60598 -54983 -46038 -37370 41660 25337 -17088 -40006 6734 -26982 -48540
r100 -46818 42615 46165 -60675 15042 -32539 -29527 61868 -18236 -55426 9708 43900 14129 -21926 -14949 38256 30554 34759 56897 18531
r101 -44104 -15602 -36771 -40850 12417 -54982 -25174 5791 -64555 -46914 -7689 -2720 47736 54034 -37963 56175 3640 22072 -59600 58865
r102 18930 12271 41688 53677 -36928 55016 53165 -60972 -65062 19940 -10221 -27467 -43393 53417 -27757 30981 -58008 -27851 -20091 -30468
r103 18900 46190 -7861 -34433 47552 -1066 29228 -46704 23142 28028 57277 -57614 61261 -51102 9615 -426 30390 48686 11681 -10917
r104 4440 17328 54637 16433 -42664 -5226 -48485 62989 18816 21964 59690 -65420 36166 -54689 -55939 35022 24152 7488 -44670 -35380
r105 43504 -55813 16781 -46305 48759 42895 -38879 51459 61473 1061 19509 63161 52757 11455 -24521 26262 -22561 50435 46118 23735
r106 10895 57047 -63726 4741 -9189 8861 34546 7494 -45388 21340 -15838 51906 -8166 -52626 -14974 -8226 -32381 40936 279 -10545
r107 -7693 -33847 -56749 -23745 -31173 33199 -18839 45720 33736 -9404 -61553 -51853 -36545 49196 -15551 -39000 -65097 49521 -28821 47440
r108 -25042 26168 30671 -52954 46195 -24378 4434 -41591 42303 51151 -57336 -62625 55618 1874 31020 -15427 -28034 -25509 -728 6600
r109 -4471 -9635 -4207 -4021 -33112 61544 -60806 -50321 -3222 -42669 29385 53685 47336 58491 -14172 -35588 -37794 1415 30563 55023
r110 -39218 23697 -31589 36854 56068 -8069 17922 54141 9912 62045 56130 39218 -6466 4104 63760 16234 42683 31654 46363 -19156
r111 34381 -46954 61225 -60282 -10430 17507 29859 -15307 -56614 -45600 -47024 46275 4260 -59678 28421 -35502 17401 13529 -40651 -64002
r112 -55569 47948 55778 -36752 -17447 -49972 55088 -45431 -31232 46899 -23452 23821 45780 45510 64144 -63532 57606 -26153 35890 -56437
r113 -61817 24789 32568 10954 -39358 -46699 37549 -39971 -27649 -41648 -53513 13826 -11594 -60823 34840 39118 -28483 54014 24246 -6451
r114 -65215 27973 6391 -60770 -51713 -32682 -22858 -45967 5843 59887 5485 9427 51770 -581 11604 59726 -24745 17506 -26886 226
r115 55732 39664 -44607 13115 29679 31639 42971 58097 43927 48310 -52797 38096 -45181 -65131 63615 10492 -31488 -63025 53216 18904
r116 -33571 -62957 -3979 -61584 -59645 35073 13646 975 -63133 -26655 -64463 43763 -3561 -27375 37443 63174 7696 35952 -50639 -27882
r117 45814 18572 -26547 62906 -3956 -28822 1524 14154 -35741 -9613 27511 24810 22657 -58938 33639 -49504 43210 -46772 -24102 -47433
r118 -4744 -4929 14672 -16746 858 42785 52620 55555 38377 -53833 -53528 29579 36268 48210 -30536 2210 45413 20921 -3206 9469
r119 -28821 58356 64467 36283 -35904 51880 61032 -38609 28108 61514 -7360 26444 -6109 -62331 -22858 63627 -16556 -36427 16988 -59954
r120 -30726 -37279 63489 -1811 -47926 -58999 -41033 19727 54330 -10949 63864 49249 -44234 -57072 -4178 -12163 -1812 21584 52619 25669
r121 50811 8279 53644 -33467 48519 -34784 -48481 21235 -16617 21127 -25662 46788 -7108 -26984 21243 -20150 3657 -47339 17190 -56941
r122 8352 -28606 -33925 -63945 43408 -20447 53263 62686 -14359 41646 -29294 1938 9578 12687 63798 -13185 -40870 -44465 -35946 40053
r123 -21852 49919 -54086 7745 -52104 -20731 -17448 -17860 55272 60268 59281 -45970 -7333 -54434 -29615 -34357 -40404 41623 -32419 -64181
r124 -26641 49067 24625 19437 -11789 10203 -33263 -52111 55725 65200 -60123 30100 24974 -19728 -37252 -44130 -21001 18001 41444 50675
r125 -7862 -38152 31412 50480 -16479 -51784 -12592 -4317 17128 -35209 44794 -61130 -42244 157 52821 -61830 -19637 37925 46235 27486
r126 24983 -60167 48033 -60953 -11683 -14967 -46353 -52979 11712 33356 -38798 23497 64308 59434 45613 -7513 18567 51403 -55995 17276
r127 -34016 -55297 50086 -45604 -15652 34921 57648 -9399 15346 38002 -34191 50521 -49563 3148 41102 -60988 -49759 54669 52605 -15378
r128 -1464 18691 -21436 23741 -55456 43310 -4073 -54626 -19231 -11077 46860 -55500 -10779 -19700 -55439 -862 35095 -16963 62428 58847
r129 -42417 -64132 -40358 -30414 -44879 26195 10121 -19060 33740 29558 12929 -57479 -51256 -10180 -59049 36263 20879 -31593 27290 21045
r130 -48775 27855 -39174 33217 46474 -10446 -38629 -25808 -1288 14587 48581 8429 33620 34500 34673 -28866 48704 -44400 -64730 -49590
r131 2281 -12488 38802 31850 58545 19880 45261 50001 60592 -14030 -79 -54950 45849 -53573 31043 64077 3109 -48793 1217 46736
r132 -51765 -33186 56727 -64495 -20904 -40377 28820 -27672 42055 -62457 28297 -19543 -11067 46627 -26222 5799 36444 62296 -22164 31490
r133 -34522 -27757 -58090 42906 52329 48350 -19245 48297 -33135 -24560 8595 1830 -52192 -2629 -63451 -57032 44242 20326 33559 -59114
r134 5354 -59917 -48940 -47375 36785 -58360 56859 4796 -3973 -39202 39619 -49277 -16643 -15827 8646 -17018 65257 -5484 32067 38389
r135 -45576 -8991 -47692 -422 -43111 -5742 5814 -9779 -31783 33979 -59491 14034 -37458 37995 15056 36204 -50352 24657 15769 35548
r136 -16635 -6468 48358 -18111 38659 -56007 10214 -28681 49624 5878 -49 -39838 53948 -41823 -58044 6812 780 52308 26737 27992
r137 -12933 35793 29218 52301 -36690 -31989 -43945 -14213 -3284 47329 -58610 -20590 -5588 24453 -57839 3169 2646 24571 -8100 36681
r138 -28059 -1064 -9867 -34375 -46209 -21966 64507 -61042 40705 -13156 21666 48082 36385 25168 -14008 57198 -51537 -40597 -37737 -47919
r139 48027 54657 -28704 -29078 22729 25301 -37965 35118 -18462 14207 -50965 16856 -50873 3048 46982 45167 -60555 50254 -25780 60737
r140 -23858 -25950 -20051 -65098 -36720 -57521 -58263 53280 -46935 -7208 -37688 25822 -27879 -15329 -9355 -23058 -39368 -27201 -32183 38090
r141 -39260 -44081 -63184 13552 -37544 31114 51735 53165 -2024 -42010 -48456 33067 57810 16764 -57362 -1408 -50398 -43679 61452 -55542
r142 -61744 -58948 -12066 -56768 840 10306 -29874 -54082 57339 42632 60935 -10690 -52304 21350 -21885 25127 -14529 15882 -54510 49086
r143 2769 -9587 -7219 -14415 38171 -3710 54372 -36643 7423 45167 -20071 13008 -2453 27584 -23045 44617 -38342 -34722 30977 41642
r144 -13235 64735 39589 53642 -54168 62688 56755 -5213 5159 2789 27992 1449 19733 -61453 -63908 30190 30574 -4251 11737 23699
r145 15791 2619 28923 -25564 52521 -21486 30702 64740 13236 -32317 -10041 -40453 35968 22471 7574 -39402 -41710 52418 39242 -64573
r146 -16978 -38569 52700 61018 -27384 -63398 51097 32599 -11610 11427 32176 59003 -62884 33224 3015 -18718 60672 56647 -63809 29128
r147 -1618 13907 -37371 -12726 38674 16682 38812 52595 -42418 -64536 38611 52186 37336 20970 -25745 -57694 -42966 -54182 -52732 28259
r148 -53071 22134 40241 21675 43693 -62390 -2857 -47577 -2644 10311 32910 28584 44317 40976 -18104 -17138 -47833 28083 50420 -29829
r149 -5356 -62801 57446 64576 22784 -42609 63040 52715 36237 8871 41013 -52210 -25677 -45913 -19584 65394 24899 -24334 1681 58420
r150 -17870 39470 8693 33985 -24444 40463 6866 -27445 31459 8232 -30162 16193 -51220 -18745 -40090 50145 -62132 -39466 6234 60837
r151 41000 -40413 -41137 16595 52996 21966 -33478 22351 -1687 -21339 56632 -58302 32204 -43393 -11616 -61456 -14225 -22908 12875 -26836
r152 -38807 -25718 25206 -32415 -59479 -52441 -10053 -50670 -41278 -15654 -54192 24409 8449 -38965 -55752 -51627 43837 -21950 55657 1975
r153 5930 27026 61836 56463 -7938 -11600 -59053 -60734 -3802 37227 4851 59964 -47769 -45670 -49451 -9321 26527 50382 44600 -2266
r154 -11774 6496 61072 59556 -43632 44745 55026 -14691 -49330 13995 14081 2510 -1150 60362 13075 26104 -55360 -41163 -25037 -65475
r155 9659 -24826 -61677 -21652 17369 -21559 32757 -37945 -34998 -39268 -50814 8192 36720 14067 -35617 -58915 34217 28725 -4299 -54226
r156 -27065 2410 -44245 -9513 43759 50685 -23256 35654 47753 16381 38273 -29696 46149 13601 32044 34369 -37827 -26724 -2855 7926
r157 -26134 30201 30567 12319 34793 64238 41528 -64775 6906 -20223 17037 58368 -28052 46511 -20899 -25572 -36281 -20399 -33407 -22261
r158 58665 56993 47634 -19401 30716 15236 -54034 -34631 -38536 -25569 36312 -10088 45486 28876 -54260 -26504 20192 -15870 43917 -49676
r159 62413 10367 -55040 9514 -23594 53989 63261 32492 -22893 13719 58214 59599 41804 29452 -19632 42873 -46007 45960 23886 44056
r160 -24935 42864 31590 -24070 45324 -64945 -20607 -1660 33538 14991 -32133 -49436 61598 -49220 31164 12066 -53188 2902 -11240 44664
r161 15318 -48177 -19811 -56883 -24884 -4315 59640 -59439 -52685 -56067 238 62362 -87 -20931 -14258 47129 -49163 -58711 32675 31167
r162 18462 -18556 -59436 -55334 -42001 31696 12231 9332 11242 12256 4786 1924 -33512 57908 -22135 47207 -6443 59000 -57513 -62364
r163 -27890 -14292 25744 -37105 -10473 34863 58190 -60716 27246 30843 43370 18895 39713 26684 20205 -12978 18703 2919 -32569 -61071
r164 -56787 -56492 -42428 52734 49256 53548 -8824 -27178 2831 -60852 46595 1213 -37941 -11994 -24056 8496 60888 1829 -54429 57097
r165 -48957 50754 -31778 -583 39930 -11213 -36706 28126 6944 48613 -16272 18313 -20801 -55254 39005 39344 29847 -59237 60225 -25058
r166 2516 19087 21636 -40632 -46414 58271 42451 -11792 -63853 35570 -9472 54636 57608 45881 54425 -727 -39068 38994 -44398 -54146
r167 -48491 -42218 24610 -63368 -31687 42970 -52480 -29643 -1660 11707 40245 -60542 -18681 35548 51618 6474 -8618 -59502 26263 -9420
r168 -1491 47637 -1162 41088 16889 -39973 -52414 43277 3698 33049 47654 -38244 35759 -42189 -26855 -22934 -12622 36516 63980 -14752
r169 11328 -4265 -16359 17463 -44950 -46262 22417 -51446 -23520 -28630 -24940 30619 47581 46533 -41310 -31845 -63338 -58384 -22952 -15714
r170 9345 -52612 46102 -34331 44672 -18526 22538 -36077 -1592 32862 64742 -45603 15181 -27393 59538 -50153 -27589 -5352 21027 -7083
r171 28188 24502 52828 -40739 6880 -60704 -21897 -19443 62905 5610 17374 -2704 15819 12290 60859 9294 -9177 59902 49010 -32980
r172 64143 -19806 61226 -25456 61146 -20852 60263 32246 42315 43871 -59509 -56098 11575 20035 35919 -40715 5995 35922 12615 12750
r173 24056 -54551 46073 41436 -34871 30279 46894 -7037 -62014 19426 28888 60096 57745 -16040 -51064 -22207 38505 26893 35155 -14341
r174 -31314 -35038 -20809 45060 29149 -2275 29010 28372 222 2241 -13016 -29670 -10774 -45126 7189 -22661 46176 40990 -46198 -53812
r175 -55767 38605 -31594 -2947 -18694 -21911 -34252 38021 -36904 -12197 24113 42805 21932 64179 -26443 -8744 24955 -39749 -34770 41921
r176 19637 -27002 -53184 -60725 -18208 43404 34977 -61968 -35296 40529 34632 -47222 20624 60325 -17902 -40937 7662 117 -48169 27839
r177 -60872 51747 14349 12004 63495 3597 -61757 -54241 -20293 -27376 8987 -52329 40097 36424 251 27064 26497 27048 20078 9670
r178 -32449 -46068 -61700 15731 51029 -59376 51092 62072 -39231 48989 17653 902 51175 44345 16257 53853 2642 -48796 -60995 -21328
r179 62556 43896 54851 -63099 -2592 -35117 -45087 39061 33815 -56207 -3539 -55296 28479 42831 -24025 -3881 -1657 -59547 19485 7549
r180 -12016 -6144 17881 -45177 -11470 38010 -18208 -9062 -7863 -29638 -64926 -61640 11808 43324 -40479 45624 19437 17441 -54077 -14091
r181 -30536 63139 18615 -25168 -32348 -25150 20710 33860 -6471 5480 -16259 26688 -13534 62154 34690 18386 16975 46828 7558 17862
r182 -30166 40468 -57411 -37948 -10888 54771 40982 65343 -1812 -52694 -11901 -47428 -34061 -8497 31273 2113 3840 15540 11023 55677
r183 25700 11039 -41840 -42379 48748 -47688 -7224 40299 -63895 -2904 43918 37260 -59849 43419 57512 -14238 -46556 -18504 -3030 44015
r184 -56371 13074 -41625 -55358 -29875 7327 -4320 45379 -42814 -4762 -12768 -50894 -49331 39362 -34095 -16500 -46427 45877 38057 13704
r185 -11196 15039 11021 16934 44650 -61203 15491 -16050 12185 45224 -52496 -7767 6742 -19306 -51346 -4128 -43629 64468 -50518 -58150
r186 334 -32796 38505 -39028 36096 42561 41738 -49215 40618 -7936 4292 56393 8080 61755 4907 190 30301 61940 28566 11929
r187 -24115 -48047 -47855 -17153 1016 55167 51574 -46550 -48206 28979 -30252 -16197 18698 23673 -38413 -12868 22637 -35351 56976 28120
r188 50953 6655 24938 -2188 -14285 -46351 16973 27004 4739 5553 -60821 8770 29255 52092 -50265 -4479 -59291 16510 49297 -16212
r189 -13357 17394 -53044 27393 19265 -21506 -57380 55201 1554 63434 -52755 54850 -8184 34070 -17744 -767 48373 54561 -61349 38890
r190 -58775 -11172 37578 -29536 26673 -34638 53749 6852 33391 -25881 51752 -10153 22790 -9941 -29810 -46700 -35422 -36449 -60123 -51986
r191 41776 -44854 -44644 404 43759 -31810 -44127 28485 -2067 -43552 8349 6137 -2064 -10387 -51572 50494 11713 5327 -28982 8552
r192 -26750 -27763 2340 57060 2899 65133 -44685 45369 -11956 3978 -26185 -36129 51555 -44186 -28674 -31020 -27629 -30451 -20609 -56444
r193 -43118 8014 -1784 22363 -6968 -47477 15556 23448 -7208 61388 -9387 -43047 43800 -12482 34920 2345 -49829 32848 -38214 -45198
r194 -10114 33354 20975 -12011 63203 53422 -43580 -40765 10701 22451 45693 -8120 -55634 11732 -10401 27732 5566 37471 -31305 32427
r195 56391 -32789 -55857 -934 -61976 54978 48687 -38828 -43595 -19705 -9465 -14398 4868 9463 60473 14048 -10945 -28232 -29846 -44416
r196 -25172 -16189 -58828 2720 -63903 -12000 55610 43786 -45181 -65036 -59920 -25746 -4568 -31175 10754 -29645 64335 -61454 -57154 15546
r197 8074 -12389 -1704 -23634 12388 -13803 -51299 46322 -11927 25879 -9228 -35698 2461 -1392 22555 57910 -28364 -59286 -50031 -6808
r198 64758 25635 58846 64440 33244 -28200 -35410 5967 -31584 -7555 -46785 52527 -1865 -7211 -43650 43772 51683 36491 33622 45520
r199 -7508 -48280 -8615 -46842 -26225 23501 56373 -60714 9738 -52403 -20031 -13329 14927 -29161 24350 -21069 61371 -4494 46765 -20073
r200 16796 -57546 -60306 42386 16071 20960 1351 57596 -18714 53004 -52641 -56658 -38769 9363 22403 33722 61941 51923 -20786 -12466
r201 -6420 -871 -9618 1183 9631 48142 -55122 10976 25715 24144 29380 42135 19884 -17195 61358 -2407 -34623 -51198 -52268 13916
r202 -18723 -43132 6461 52255 15936 -8162 25598 29350 9186 -54594 -32558 46119 -11924 29461 -29871 12325 5016 20403 53921 -51175
r203 34963 -30669 10032 -3575 -60322 -23517 -39948 24310 -2667 -38374 -18510 59923 -52789 -58397 19475 -27250 9809 60994 -61872 52824
r204 -32504 58172 -42720 52204 -1750 56537 34424 1965 -34622 -55846 11357 59476 42997 -27867 43744 31763 -28332 -23261 50910 33191
r205 64997 45785 10541 23400 30478 53028 -21876 22201 -12953 27425 -61834 64582 47314 -61108 -17462 -25876 38541 -468 -17892 56689
r206 18841 59150 4474 25706 13714 55044 -38429 -15569 -40727 -57943 -8382 4316 62043 -30975 37482 32943 23903 -12669 -25254 -11949
r207 -38013 52298 31467 -3074 21492 47187 -16619 -61789 -50261 -12574 -48420 -39483 2684 -26522 -26994 -26125 -15562 26202 -36594 39770
r208 24321 45147 -48451 -23170 -8647 46239 -21187 20436 22851 48275 -25907 58278 11116 -22781 -8081 29553 23645 -61350 26979 15220
r209 64190 -17777 -24744 65081 58304 -56940 -22075 -57417 60264 25992 38998 -47962 -31998 18213 58749 -52430 -39421 18800 -36348 -26227
r210 -26027 -58744 -34901 -8101 -37413 -588 59203 -48070 4317 3421 51406 -14766 5629 -51758 53891 -8284 -30790 39493 5583 28940
r211 12588 -26663 -59586 -21587 -34657 -38944 45868 19825 16132 -34098 -29467 41420 -2230 19995 44573 40663 34938 -15265 34961 -20241
r212 -42544 60541 -52156 47375 -44042 50973 37495 -42763 -24228 61041 5238 38509 -48799 17623 9456 -8885 -32719 -40305 44337 -43535
r213 -49208 49439 50730 8242 38861 28116 43885 2538 61705 -5184 -49584 -4276 20609 20212 -40888 24006 -27732 -40227 -46182 47615
r214 -36866 -33364 -27367 32934 -61120 -7481 47181 39977 57553 -19958 34884 -9394 13381 -43939 -18952 10074 -22226 64137 -43789 13703
r215 55744 -31029 -58425 -10575 22792 29900 -1260 -62413 14756 13320 -50379 -2086 -60412 -11661 -17933 -32534 -819 -16531 -41404 19186
r216 40068 1925 12441 36542 23000 -62119 -9070 -10671 18763 46205 -43990 62957 -7840 15023 -38259 -64055 63848 8362 20874 25341
r217 -62616 -14363 2580 -26877 2578 -37177 4296 9153 12436 -15605 -2722 33249 -12386 23253 -11779 3262 -44885 50803 -572 18850
r218 -1588 47467 28776 -9226 27596 18509 -24880 -22281 12321 -62974 -39796 -33849 -46739 40677 63291 -35357 -18053 49161 2609 -53699
r219 -36387 -24714 -880 -35808 33836 -12191 11240 61613 64281 -19512 55426 1358 -51940 -37607 16325 -9872 41874 17994 19207 17861
r220 -44403 29994 6723 -40439 -42172 52660 16550 -21048 -36466 -62793 37213 45116 -56704 14055 -45849 27239 64883 -18233 16578 38576
r221 65274 32202 -17784 -11333 -62091 33128 5770 33295 65391 -26278 -29396 -19375 -43900 34774 -21978 62923 2384 -4803 59451 -37107
r222 26958 -1318 55498 49049 9560 38360 -15634 -18308 38070 62684 -27301 26153 13738 -48887 -51605 -7152 -34005 24231 59793 -55697
r223 51182 55444 49058 54369 -17612 -16884 58051 -45576 -35942 -26800 1220 -52648 -43766 -13414 -41390 36707 37473 13715 -29196 2554
r224 -63609 16376 -28325 62401 36417 4353 60564 22354 -9275 47237 33176 61388 -38723 13456 46983 -188 -18946 -44298 -34856 24347
r225 61365 60682 60548 63672 -27608 -63084 8986 -61074 762 -14032 36991 -45775 14345 -29509 -48007 59017 39238 32861 -49911 -49221
r226 -61985 -2082 17611 -38187 37041 2950 -55562 -53133 -37638 -46712 -24412 34416 4430 51603 46577 10467 26368 33316 16761 -4540
r227 32933 23956 6251 37815 7791 -24081 -58002 43771 12713 10178 -14544 64615 -11707 -45303 34887 49980 39851 -11808 -12285 -54656
r228 44355 -26444 21544 -31363 9499 -16749 -62941 65505 -13859 -15630 47405 20333 -18552 55834 -6513 64745 -18425 49866 17281 20220
r229 2055 -51608 -13802 59205 42905 -7761 44883 40092 18343 -11111 26557 4052 -60002 -28600 24201 54116 20180 -32251 -61194 -14860
r230 16901 -48600 28326 -38481 25893 16805 -10317 42333 56242 -18572 60940 -62337 53395 1456 3236 12700 16275 13629 -4912 29413
r231 51562 -14312 -31521 -45508 -28634 62334 45839 31772 -48762 -25009 43596 -61729 -9246 38001 -1024 -44272 36333 -40902 -18279 -9565
r232 21663 -33227 -33324 44499 32536 43335 11414 -62663 41634 55636 11803 29640 15859 -65464 26841 55110 -49775 -37918 62180 14177
r233 4819 54547 -32708 -24477 9982 -8239 35757 -52108 44360 -6922 14727 10213 44205 -28456 20496 -34998 -5661 8128 -50980 -41553
r234 61584 -36326 -57146 -15329 -64910 -7499 -52558 7778 56068 8353 -23335 -46956 64918 -14230 -56840 14683 39322 23751 -20971 -17706
r235 54689 64390 -2831 39619 -58194 -53141 -28904 19201 -25724 17204 -51279 64513 31561 52532 -59005 -16091 12535 -57608 -22312 -44591
r236 14547 -15632 -42805 -24603 -60287 1461 36599 -51217 13162 -31170 24016 7820 -57509 -60094 18540 29153 55601 -17645 33980 -36649
r237 -28533 -27218 9361 -58745 20276 -13395 -15937 -5596 62179 -60645 13783 49405 30867 -19753 20257 -9656 -14134 59103 -39226 -48611
r238 14924 48684 999 29218 -60410 41785 52376 24299 62775 -29708 14038 63081 -27170 -64090 -36294 -61944 34344 3916 -39716 -62680
r239 16575 10328 -55102 55333 -47042 40513 45673 60262 -15344 -17873 -51839 -3822 -56772 51134 11426 5457 35601 -26024 65139 7157
r240 -22422 15450 62193 20635 36503 24952 531 -57995 -23144 -31641 46034 24617 3467 -30776 10116 63609 19838 -43038 -19051 16376
r241 -49915 43286 -8349 -63884 15669 13701 47228 -4536 45918 24790 -54341 -49113 -43867 -51119 31775 -20446 11 58996 14951 54434
r242 18288 56016 -30710 45330 -21285 -1362 -29300 29022 24659 38109 -60521 -16250 -31910 39065 -35408 473 -60263 52802 -57852 18491
r243 38316 -25242 16178 45302 -43875 -46344 14752 -25901 -27154 -53269 -8525 49969 -13328 -65276 31129 -7239 -51663 -57653 -35608 -32901
r244 -2790 15427 -32711 -27312 -12312 -5856 61974 -11157 -41333 14076 -46284 5346 -20803 7072 -6347 10596 14906 -59923 -46855 -5413
r245 42775 19862 -19395 56978 61719 -43719 63579 14070 -43895 55437 7741 16512 51456 -34868 41530 -3010 12984 49618 -16723 8993
r246 25783 -50522 -11395 -32007 22468 -28891 19898 61682 -9951 45964 11486 -1395 -1435 22105 50612 -43506 6313 33829 14322 64338
r247 -13253 -27235 63794 -47169 -63922 -1737 30260 50488 26662 -9675 46655 -19665 -46656 63675 63067 -28109 21868 -29252 2907 14976
r248 -60173 40859 -24918 21237 27013 24082 -7182 3276 -56580 -36143 -2540 8055 -3006 25948 -3526 20314 4132 -26601 -46498 19502
r249 3821 37170 49603 52528 -796 5268 21185 25023 20205 -13653 38153 -62834 -56695 -28583 59215 -39871 3340 -47131 44925 50963
r250 -51005 -62504 -42492 26863 23476 -47315 -25489 46846 49708 -41090 39070 -19279 -58766 -65509 -6952 -39211 -38773 -63175 -47114 34511
r251 -63005 45187 29755 36637 -42300 -40040 35393 -2245 -15653 -31775 12606 43668 -36314 -17615 6887 -25127 -24858 64213 -52584 33455
r252 10305 20127 14675 -38248 21972 -24855 21774 7345 -60901 -41371 32887 -45718 29465 -16811 35928 -5982 -56871 -13614 -16453 -61877
r253 -719 -62495 58042 35390 -65058 12284 12638 30006 15797 11838 -14019 -28251 -6915 -37445 35932 -5148 -34263 3899 -36943 -3491
r254 11059 -10778 -56823 -49533 23153 2904 34054 -54643 61005 -33798 62018 49884 40384 925 42259 31206 -11446 -19699 -48562 -15885
r255 -33624 -31177 -14620 -33005 56556 -21702 -32149 -59268 48030 -1689 8519 -49005 56301 53832 12796 -64438 1283 41990 11695 25242
r256 30560 -37887 10965 30804 13217 20373 -4461 50926 -39985 14833 30757 45832 38181 57176 22813 -6330 50824 -947 42478 49323
r257 20467 47967 23499 -58411 29797 -12638 11727 1177 30995 58510 -33576 47614 -22328 -14782 10660 7819 -18942 -46374 -45010 53368
r258 -1333 -2843 -18270 62598 -3717 -56497 20461 -48992 -51680 3748 34649 18341 7112 27558 -2176 -40011 -31765 -53856 -54523 -39177
r259 -26407 -49823 -50741 -63242 -5849 -35489 -62612 -53997 -44288 -8542 -2653 -5927 -44399 13573 -1027 41713 -62549 -1921 62873 -37039
r260 -32574 -51790 -5113 58867 1851 -3330 -2179 49497 -46332 -43396 -51207 40950 -6088 -17221 -62936 -36722 -25345 -5194 32982 8518
r261 -46039 65195 46529 -54219 -36267 3973 5425 59908 52926 -4181 -43773 -16156 -3119 32150 -48841 59674 -5415 -18413 23046 -34098
r262 -46864 51185 35391 -58414 -54088 -49394 -7459 11566 23320 35243 -1937 -62905 15735 3382 9971 -3546 -20356 -19876 15700 -44919
r263 -50480 -5280 1270 1923 11708 -64877 -58290 -2093 19621 27781 -38355 -4153 -45314 -47290 65447 -50239 62481 57768 -52860 -300
r264 -15061 14665 416 16239 -43562 62360 31101 -14975 -28674 5455 29500 -44060 -49253 16007 1842 -27431 -54138 43122 -51501 28276
r265 -8183 -25208 -22011 -40492 -37225 2900 5759 4175 -46842 28328 -33570 58180 -54141 -48443 32709 5891 -33986 26672 -63112 -53790
r266 -30582 13912 -54006 -53743 59478 -23968 -1259 -45957 32697 -5433 -22297 -6496 35857 25565 59976 -60069 49191 -3652 61528 42010
r267 -61789 -62863 48073 -33629 29608 -1088 -46458 30749 -10102 63654 -48093 16999 34211 25197 64321 -30618 -6500 -7166 -31189 -2113
r268 -46620 -60496 -21596 28420 -25631 23332 -63213 -37483 44345 63562 16050 -35966 -28195 60187 -31777 -12253 16499 -21130 27599 62488
r269 -37082 63019 -60339 28481 -13501 -26132 64352 49559 36368 -29560 13779 -17392 12416 58667 -53386 28379 -56844 28440 -53209 -4155
r270 -50246 -6548 -2457 -4078 -26019 8519 -27205 19978 53542 55469 19825 64961 -44752 -49955 -47044 -54088 -60485 -14555 -63158 29573
r271 11339 190 -29109 -63298 50636 -28190 51923 -53986 33604 -64006 -53635 52778 -52811 50688 -17292 -61370 -22132 57137 -33043 -5035
r272 -24599 -62488 53425 -9180 39847 63905 50693 -28743 45792 33082 26025 38242 -55661 46150 -48271 -40050 -52040 62206 22700 25203
r273 15069 5904 62487 59612 -44091 -37595 3023 -16606 -27978 -39021 -57092 -25933 -48462 50410 -40390 14191 20417 46703 30757 3041
r274 23925 -8059 -45816 30317 55991 10573 -46301 50785 7280 -11817 -60587 -9417 -37261 60369 64438 -5080 766 -18903 -54326 -19130
r275 -23437 -33058 65281 26725 36518 55409 52017 -39532 53161 53232 -58572 21697 2065 -46761 -64733 -58257 -56846 -15088 43519 -23473
r276 25499 -12002 -46945 50586 -29874 15542 4520 -36370 15031 48017 -47413 -56428 -50297 -56081 -39289 21157 63469 57859 -27418 -2611
r277 13604 -47211 -15076 43942 -28245 6960 -62230 -2524 -57684 39258 52554 8796 106 47637 47851 -36714 -65292 -23277 58199 53875
r278 -49390 18525 62199 -29490 -26359 30748 -13422 63517 28570 2331 -4021 60120 -9372 7110 -22585 11398 -62032 54311 -21646 -27206
r279 -47761 -8550 5514 20597 20504 52165 13217 15922 -24014 -35276 36366 -25048 2282 -9212 -35386 -28231 55794 30038 27499 14638
r280 31438 20919 -24599 -6728 39928 40850 55053 37673 -37866 -13049 -52751 31746 -18966 -15845 -62228 -29111 9007 -5348 25529 36754
r281 -58009 52457 -11872 -22707 -20442 40778 -35076 35184 46302 -57607 64265 -17789 49876 -17179 12035 59789 36358 -28415 9392 -10114
r282 10170 -57525 -64441 4546 36796 -38292 -62187 -60369 22828 -61864 16855 59641 -47912 -27416 -42879 48612 30625 -29831 -10403 52868
r283 -30621 -49848 -20865 22769 -41853 22692 11858 -31135 -3187 -58947 29105 15687 -33289 10700 -45673 35025 24874 2853 63858 -40116
r284 -36568 -24285 36465 -37935 -25628 -42624 -7157 15295 61796 16100 46693 54688 32508 -56910 -41976 -1819 -13275 -6505 -7949 2589
r285 -33744 -29422 2268 36291 12285 -13668 29272 -25541 53344 -56911 23856 -22592 -13693 25026 -1602 25818 13589 -49065 -51541 -49185
r286 -23030 -35060 -55683 -49408 -33648 13347 -25724 63138 -16835 -42460 3620 -15770 -46497 -44488 -2386 45971 56932 8420 -37600 23752
r287 -40875 -55839 -56913 -52562 21898 12287 -1792 26247 -41156 18115 -39337 -8482 -30150 22024 -23864 20658 55078 -1065 12166 3275
r288 -13270 -24510 26132 -12562 -8696 -55714 -38629 -12192 52431 -25286 -55404 -45274 -14598 -20414 1657 -59140 57135 -48550 40947 -29252
r289 -13192 17197 37066 -31801 59142 20086 -62713 -33778 60303 -35681 -35108 -41887 999 -52889 16824 -31757 -37989 -40796 -29072 -17783
r290 -835 -11136 -56972 26175 44765 -36722 42020 45333 54127 39489 -48747 -60940 -32892 10417 57329 59519 58613 60464 -29284 -29401
r291 65170 -51193 -24001 36700 -39616 -14883 58365 -1563 -25082 9408 51879 -59147 15658 -50981 -53694 -46787 9287 21685 -59092 -14207
r292 -27997 31319 51685 -65275 -5146 20249 -2484 -56875 9925 53536 -15166 -9082 -46871 -24845 -54728 51136 -60649 62096 39155 64633
r293 -8837 50505 48866 27549 12246 8118 34043 57931 -61372 62882 6246 45284 -21032 47929 -6799 -62853 6648 -58878 48325 1286
r294 62104 37002 -45242 -61333 -41650 -7533 -18856 3989 -29573 -24139 -56095 -54309 -49344 -24779 63040 5101 -23721 9582 31781 14825
r295 -17594 -62255 11319 2066 31675 -43405 -16176 -38372 40453 -60808 -49349 -21146 -27650 60669 27252 -52119 -32346 6509 62350 -31428
r296 -27433 -8620 28259 8853 6803 -56221 -49122 -50137 -34870 -10091 -59802 -45650 35148 -26999 4866 54441 56874 -31617 42346 -23744
r297 21149 -57299 -4386 -52570 -54341 -41793 17439 13829 33087 61246 -51505 -49011 20253 63464 -32065 -1172 -52220 21609 -524 11301
r298 24133 24754 -14174 36470 43141 -48227 31034 9268 -46832 -30504 -56966 48253 57654 -54824 35468 18237 62736 -53148 19481 -47610
r299 -16696 27316 54343 65369 44061 -42740 -8555 25526 -24980 -59861 -49443 -50913 9007 32612 51379 58966 -61877 -21181 -44852 19971
r300 -55350 -31620 45469 -47153 28336 -10928 -61698 -46532 -61550 9737 56285 -42884 -59455 -20130 51473 7587 -22079 -25888 27512 18529
r301 -50469 -15576 -14654 -4670 -52445 14828 17408 20282 -18049 -45916 -34576 -64633 -28071 26469 43477 45319 37191 -25589 16557 -30790
r302 -45802 20522 -64594 -62460 56007 13431 -27107 -1011 62828 61296 55143 -62759 61309 -17487 34927 39906 -57126 -61880 43273 -57824
r303 -7940 -63185 -61227 -27576 -45093 28608 49350 -55357 29283 -30251 55046 56896 -52064 21315 -49498 59210 -44771 -54362 21773 -39885
r304 12291 -21712 43322 33597 -28005 35905 -30733 17074 18774 -16512 -25361 10899 -2664 8370 -32575 34676 40936 60609 51046 -24328
r305 -45957 -19805 40871 -15899 -9501 54562 -30394 -57195 -8481 31024 60006 -27648 -57717 -52295 42796 50088 -58201 -24608 -4159 36555
r306 -14729 15144 42868 -2134 -49595 23991 43745 7040 58891 28985 11744 -20732 56257 -25261 -25657 13076 10328 -28901 33668 3663
r307 37519 62192 37350 51419 34871 7405 -56763 60358 -58420 -28332 -7347 -63240 -22308 -9293 -7820 40777 49488 -1833 16374 -5720
r308 65051 -24944 -52907 -52362 53202 -16328 -5194 10001 -45024 -55286 45676 46569 -54551 -3102 46815 -35258 65043 -2989 -64416 24528
r309 53753 -8941 -34583 61473 -30096 25744 58550 -48678 -26465 50781 52239 -40244 -62596 59540 25448 9733 15175 64696 -27916 -30717
r310 64089 17880 -55120 19983 -11009 54544 12276 28266 43997 -60220 7303 43487 16754 -65447 -5275 -20458 38355 2933 3935 -47506
r311 1712 55086 -9798 62908 33123 -53308 17519 -57646 -31282 10290 -56460 -62568 -36468 20441 -21667 -32743 63703 -38379 56887 -7366
r312 -51834 23030 33566 47933 58659 63133 53054 -58055 -16180 22064 37792 -52045 45718 9059 -57727 -24065 45962 7057 -32418 55708
r313 25433 63614 1215 -3300 -8685 -16046 -13763 34674 -3747 54402 19974 59221 39291 14395 -56187 117 47131 23724 -62318 48689
r314 63 -56119 -5073 64318 7509 43725 22778 -46706 -4658 16795 -49025 -45934 -494 -25305 -37545 -50818 49213 -44897 -30076 -43334
r315 -15302 61421 5875 35103 35018 -26623 40972 11993 24056 -6018 -26160 -17314 24315 46280 -33881 -33167 3444 11080 24816 -48349
r316 45974 250 51614 57493 -14338 31513 -32629 -17508 -45190 38987 20390 11572 -56022 -13536 -8391 -5497 53789 -5915 -31519 -62079
r317 5589 7068 41867 -38274 45795 -44217 -553 3147 16683 27361 45212 24996 28714 1109 -40285 -38621 -47688 -64008 57053 60656
r318 -26903 -38509 31453 -43084 21951 8186 21057 65388 -56350 -51111 57962 -24274 37160 -53664 39224 31762 5409 -65381 -50614 15592
r319 -13709 48402 -10135 40762 21155 -4832 -46853 1656 62387 7407 -63375 -15331 18357 -43632 14713 -20052 -5970 12395 21918 53655
r320 64303 62175 -26529 -7348 -39136 -15118 -9837 -39051 -53917 -53638 -18115 -20377 -6851 -50269 2048 42030 -28682 55333 50374 -9962
r321 -27443 -36680 -8393 -23656 -46858 54042 -54214 28787 63224 -29513 -7036 6085 387 -41430 3398 50382 -18372 14207 43118 -20264
r322 -50443 -28095 -40117 -42351 -61398 -46756 19895 19088 29234 56411 -8474 -63880 -6192 54535 -9766 50562 -43369 -39585 -32608 -36859
r323 21577 -17950 -16187 -16956 22224 -5538 -30138 -59279 -12230 -7354 -34858 28533 -19429 62882 35680 27017 -26484 -19750 -35766 -4575
r324 -63150 -43456 -2295 -2468 55448 30559 -23712 40182 -35857 -23514 -25130 -60216 48809 6344 34739 -17350 64430 57356 -64597 -25550
r325 -40922 63401 -23904 -627 37928 63004 -16573 4891 55511 59906 61806 -52559 -45926 -27227 -45692 -15286 33374 40297 21261 -793
r326 49520 -1536 -12306 -26085 26610 49975 -34903 -57656 6190 60888 -38820 -14903 19656 -27669 58428 18173 12046 -14892 5338 29228
r327 23047 -31379 -18625 -12412 -40443 56279 19586 -34918 -10376 -44761 22607 -20715 -18865 -28412 24439 47132 -58047 -32859 -977 -12546
r328 26594 -32375 -41623 34170 11063 -34643 19939 -54754 7456 18277 -5384 -2017 -35318 61348 -57800 -56469 12314 -297 -20498 50737
r329 15288 38377 -24072 -39962 54477 -25423 38102 23891 54472 23267 20747 29716 -25842 33401 44425 -31873 20470 35442 -12069 12893
r330 54405 -26449 -3528 -921 65197 -24920 -2616 -44808 -2749 -34255 -25373 -6951 -63345 -26204 -21392 15724 -45086 -15184 -49288 59721
r331 53320 36286 -43785 -13793 -19372 48973 29743 61412 36276 -22256 48875 -64141 -42618 -44444 37348 -47507 28799 -13045 18293 -64717
r332 -23503 -26231 3696 39366 53370 -61309 -8954 55389 -6441 6552 -56666 -51980 -5920 59064 -43549 -47108 -46079 21768 36799 9390
r333 30072 -11046 -46176 59672 48591 -15120 36850 -18316 -52533 -61509 27278 -47069 44991 -6033 -39255 -51845 -60567 33972 -3569 36895
r334 30980 -50742 14121 -53813 48760 -60265 -50400 -37922 -59069 -17633 5908 39177 -22851 36596 -52861 -17884 5450 -58829 -1632 57163
r335 16796 -51237 13626 -42801 39930 40849 -2919 60328 -43741 16181 16844 -52248 -35458 -17717 -6112 15882 10364 -29318 -31604 -57911
r336 20734 4634 -64609 -20270 9727 -25947 10736 -12889 8950 62950 -2957 -42186 -19320 -58091 15262 39111 3175 -30615 -28980 -20485
r337 -63492 -26532 -8351 29090 30919 -3291 -51502 55953 -6553 -54164 -13955 -63993 59622 -60900 -53022 -32378 -42962 15178 -5805 62500
r338 11418 41245 27417 3270 -43382 14164 57244 -57265 59300 -52271 -57829 -62445 6538 50206 22109 64341 -27691 -31919 31775 -4636
r339 -13151 -10118 -62332 -17113 15427 38763 37699 -47572 -12626 -37931 -46018 37522 33465 -56401 5776 -32935 -4545 10807 -38911 -14017
r340 32822 -28741 37581 -33013 13601 29353 20776 43443 51977 -11513 -35711 63334 22908 43867 12761 -12991 -36503 -6276 33211 -55282
r341 -25525 -4135 5151 -13670 29077 31427 -39888 -48648 -4921 8177 1445 -38410 56276 -35141 53529 53368 -42759 16537 791 47130
r342 -35908 30034 25450 -58164 64620 50271 -12976 15039 1432 50666 61285 55411 -18637 -12432 31069 -20041 34428 -27489 37946 31140
r343 -5894 -24673 45975 59805 -13334 32627 34870 -16511 23339 -46155 6918 -27471 -41571 -55116 -24944 -23925 -59432 -1435 592 -47176
r344 2420 -17952 54761 -24954 -61553 -30564 17673 18121 -27096 -37667 -30325 -35434 41574 34172 58721 -2928 34017 -60996 -37710 48169
r345 56510 52176 -50796 -52666 -27426 38455 -1604 -49275 -61367 60771 19541 14280 63208 32409 -44166 10004 38733 -22877 45350 -24052
r346 63965 -35991 -13898 -13556 -21100 -20421 35295 -37926 39411 -58597 -47890 -9033 48442 40736 -56150 61185 -5394 3216 63600 -10724
r347 -29120 -25398 -14923 41881 -63010 21388 -26609 38863 53718 -36767 -29160 45659 -23982 -4049 -51332 48033 34424 -11234 29846 -10245
r348 -21670 -60490 -65503 -15754 -60998 -47022 -44366 23067 33429 19409 37701 16241 20491 -16155 -21396 36999 9257 -55919 8479 -43155
r349 7491 35815 -2019 31271 45070 36936 -27745 38899 -36195 -5969 -30929 -57414 49150 -41402 53282 -19915 -37022 -44393 42256 -27977
r350 -42504 -43229 8695 -24320 -14469 4386 57560 19583 -44197 -9999 51359 64384 -20802 56817 -53290 28708 27744 -23161 -28252 -12108
r351 25209 60178 -711 22128 19064 29321 -47084 -60307 2455 44212 -34114 -22007 -5072 -51590 63327 48645 -38965 27676 -53030 -37944
r352 -36749 58417 19350 63569 58300 44842 -47537 39158 -41875 40746 31112 44884 -44068 -29836 6827 5421 20386 -21473 60540 34960
r353 -24972 12614 -2057 32279 63738 -3986 -27248 52686 -34937 -457 -48754 51343 -45968 29897 -33909 -53106 -45720 -40611 24699 -60448
r354 -62251 6334 -45463 -61663 -58388 39290 50543 37915 21841 -8875 20453 -11308 52356 47901 46106 57863 -44767 -19926 17402 -39568
r355 25982 42056 -60362 -65132 -35744 8558 46410 40573 28354 31339 60318 -54159 -49637 21496 47478 15033 -54693 33183 40157 -20890
r356 -14780 -28048 -12947 4083 34442 60394 -30518 14175 36766 34178 26660 22013 29445 5334 17714 12947 -41620 -27665 1996 -37654
r357 -23226 -41929 9002 2094 -6388 -60925 44525 -16024 -38468 -57557 -32971 1202 47590 -12601 20252 -32271 3230 -10478 43729 -36175
r358 -27861 40843 -31732 -15339 -13388 -48310 -41159 21419 48580 -10995 42986 52223 35897 36883 31579 -34911 -44761 -12049 -37256 10709
r359 21766 41882 47210 18513 -46817 -135 31348 -38672 -27359 -21079 -52283 17678 -30857 -24086 31708 -6333 -48255 -20825 63867 35005
r360 -62912 49071 -61157 -14891 -38951 27734 -20539 -263 42232 8123 19598 -12919 -7504 29793 37011 -6129 -8399 54651 -14818 28695
r361 44926 -63624 63603 3437 39218 55553 -46084 -58100 31226 55990 -61770 46478 -28970 4259 52644 -12863 44889 -50629 41917 -32207
r362 29860 2592 -49592 -45412 61810 62260 50925 -40272 38089 4340 5101 23587 -28228 3463 16277 41772 8792 30634 47930 6515
r363 -46857 46935 -51483 -63936 -38772 36350 29868 31875 15851 47686 -7038 11378 -42132 -59066 -33326 45320 13500 520 48221 42970
r364 45077 55061 -35283 5745 18396 59129 -61997 41656 -28645 17045 46033 -22462 64929 -53125 -21440 46823 -56938 -35383 -37328 -13042
r365 -22882 -63660 -58379 -51700 6160 -12321 -35258 -2273 -43709 -58511 -46131 20666 18339 -25281 -35334 23244 2959 50359 65107 -50022
r366 -5275 35984 10552 25339 17986 -26750 -8804 7766 42237 64064 13458 59150 -60695 59402 12390 -55133 9170 -20086 -34790 -53993
r367 -3200 27409 -49686 -60324 26552 62998 -42635 15496 53507 54059 -41230 -48392 -4010 -55934 -63001 956 -45091 57661 -9646 -23540
r368 3082 5359 -5146 -10735 -62289 -13451 -3562 56005 42906 12137 -43451 7611 24379 -56745 11657 -47705 -18089 33872 4376 39909
r369 21501 -7478 20669 -8371 16624 21098 63407 -31713 33318 -8429 13714 -58263 24174 -37949 9586 3438 -62708 52941 -46004 45735
r370 24969 39556 62448 14743 51524 -21752 -12435 -8582 -43905 27296 -11143 12117 53017 -34440 -1632 18908 8957 -59426 51141 21073
r371 -26259 18447 60339 -8952 -56785 -10170 -10527 -21412 -9681 -8100 -28017 43442 27428 -61424 39509 65277 21923 -10214 -21207 -42013
r372 47936 -27337 -65472 5171 -56081 22959 -36834 -56298 -29362 25643 -21033 -47981 49229 45519 2632 61999 46467 -44285 -60116 49164
r373 -28278 13783 62594 -40374 38629 65043 -44649 -62365 -37710 -35883 29542 -59972 29512 35720 34604 -29563 -17757 -31667 62069 23161
r374 -34650 42120 29722 19084 -51178 43883 -8764 -50544 20809 32266 -1383 -6610 59033 -9540 -10494 45619 7339 -33085 42560 -47181
r375 -39522 5306 9942 50052 -57094 -5467 -57012 56689 -40494 34732 -9811 -41778 -17346 23912 -61504 -31784 -23555 14701 -40740 -48255
r376 -46982 9043 44605 -52797 -30715 -28838 31769 -60843 37614 63860 25061 -33098 -31077 45691 64454 59121 1243 26119 64271 -49496
r377 30057 59237 -26711 5357 -44153 53675 58922 42127 -41068 14122 -36120 46956 -17833 -12929 22453 58172 27283 -56818 30760 20997
r378 -56443 26041 -32910 -64314 43814 -61554 -26340 42196 38936 1147 -59381 -45271 1598 33333 65421 30837 -37176 -5721 -21566 -23851
r379 -33060 52423 65027 27114 42594 44572 56468 55362 -44268 17626 58768 13790 -58468 27619 58536 2106 49257 -16405 -64669 -24396
r380 -54701 -22183 -58975 4663 50020 32249 21175 -19490 -27938 -57075 4124 4995 -31771 -7194 23230 -4815 -29066 -18695 -3577 -58380
r381 -48109 40095 -48584 22749 -32027 -31377 28185 -9249 -40977 -42178 -17850 -28396 -51230 23905 -29284 -34705 -57925 -5636 18557 -29197
r382 -28443 60466 45206 -19444 -59780 -2229 11651 -30950 7368 9379 6919 32766 -43118 6122 12827 -57693 48839 27272 -3449 -49672
r383 -3096 22004 -1468 9917 60349 -1655 27886 28207 43468 -16849 -59260 7105 -4202 -18951 -17103 -17313 -13763 64463 7918 9181
r384 42548 63221 -44106 -135 27564 63365 7407 -26248 -31031 -23057 -3335 -5458 63793 -15339 -22722 -8686 18454 -62443 -37324 4550
r385 -48697 -38770 27658 29710 -21372 62150 -32218 21162 -2055 -58529 2928 22674 -29434 -16536 59424 -12593 28202 11487 34204 -64050
r386 -19845 54707 44625 35456 -9326 11550 -11478 -18391 -51712 3413 -44535 2936 -50657 -16171 14894 48974 42369 -16291 5046 -10150
r387 -32986 2220 42886 38100 2217 56740 -26604 -30336 -44907 -50977 56684 30371 38218 3676 -20489 34171 -22494 13508 54974 -12841
r388 49818 -60299 60722 -8670 19898 -57295 -25883 -46554 -27697 -63751 -22536 58318 1118 48350 -21265 22353 -62968 46963 29076 2786
r389 13503 30769 18554 12626 43811 -5057 24323 44630 1802 25310 -12495 4834 11521 61182 53335 -47119 18616 10415 -36092 59122
r390 -55364 40649 -10403 32349 13377 40242 -909 -53993 -35672 -16488 -24913 -23036 18010 57811 -26254 10466 23586 42764 9415 62905
r391 -47252 -46937 -20375 -49869 36342 -33456 -41731 17434 -14058 -25038 -63800 -42973 -61509 -37762 -57725 -23690 -33206 48446 -7432 54839
r392 -61210 -57684 24578 -48705 3660 57133 -695 16670 60445 -37860 10914 -9501 -1581 27516 36871 -39153 -49737 44482 57491 29248
r393 -52989 18834 -36473 -5340 -35222 60735 37633 -15998 27294 19425 -31376 10792 42364 -63155 -38908 -61817 -35512 -14274 -35970 16514
r394 -39025 -42796 -12754 -50981 34325 2621 18741 -488 36269 29439 37594 -17514 23423 30609 18296 25803 -15770 59167 49921 -8562
r395 -30368 40220 49826 -3924 -64808 -37690 45599 13044 -46223 57703 43771 -39806 -39912 54520 59941 35429 23085 55770 57216 13567
r396 33054 61287 56513 -33387 43175 -48998 39469 -31487 -38920 39283 11459 47612 58527 5336 51025 -17475 -30729 -33675 -58037 -31702
r397 49267 49216 -6156 -11895 -38335 -29553 22290 -11407 -13767 38221 59205 61648 56227 -60161 -37849 37992 65172 -59354 62319 13263
r398 62465 12713 63414 22918 -28187 -48200 35383 21941 9059 -65075 7583 -7727 -63917 -6087 12292 -25522 -50392 -3535 7586 -31679
r399 880 25466 -49539 -23536 -57955 24238 -2387 -64954 51853 -13950 29633 -25528 49326 1081 -49784 37717 -41715 61388 24317 23935
r400 50665 -47075 59801 54896 -3555 63773 58920 -16950 -53965 -38984 45842 -48618 -57468 15125 24999 63300 51473 -13740 52208 6158
r401 62453 30812 -3055 33836 -49619 -9476 -34764 35147 -24396 39279 -9558 45444 60120 -54231 -26906 6430 9986 61967 -30870 -14455
r402 25198 8849 20043 35078 36772 -1624 47178 20510 -13339 44228 -29388 29194 50694 41534 32398 44326 49969 -45824 -25164 5741
r403 62971 41356 -37751 21770 -23941 -24075 -36603 -36316 -25223 -11663 -10711 -64594 -56229 -49319 52215 42857 -25837 31666 -21603 -32924
r404 37344 -28554 34859 -43366 56467 -27306 40214 15769 -40273 13303 -28683 -13308 40953 16026 -26566 52245 43468 -12177 -12412 8327
r405 -4616 -59915 -20822 -34997 -33341 -30428 15803 -36508 63821 -25656 -40189 22733 -8008 -4214 7378 -3768 -39502 -14976 17613 24396
r406 -31775 37904 -26525 -26985 -52710 9432 -34562 56118 -15500 19256 1268 -44067 -22675 51505 33592 52158 -12118 -19681 53341 -12636
r407 -59454 32663 17285 43561 6614 62043 26878 -57961 -7445 17340 -13222 11522 -61819 6338 -39422 62103 -51263 50990 -53839 58837
r408 42848 -35408 37409 -63952 17529 -6684 38290 -35945 -62917 -12949 -55885 6562 53083 -4564 -12034 -41563 3688 27146 44662 -3356
r409 22563 -46806 -8891 -43663 -46247 -25541 54164 31921 -37790 19437 -23922 -12015 8216 42152 -53318 -19740 13157 -64320 -41249 40584
r410 59170 -226 -17852 -44943 -25842 37660 6359 13281 25645 51651 32003 62397 -49660 -20801 36310 16220 -4069 -14517 -20250 10258
r411 39479 64786 23705 60843 64986 47811 -6587 -4749 60246 23920 48694 -64999 -54745 42476 -36777 12356 -48326 -24461 31681 -25740
r412 50267 -8597 -59618 -45766 12741 52109 57569 26911 -5574 -47327 46076 24224 8577 60189 64623 -24790 -44936 -55462 -51818 -6812
r413 -34507 -50418 18217 -62932 27970 -56576 -40835 -57911 11007 -37678 41188 -22034 12506 31991 -43109 19621 -6222 -33818 -40818 50594
r414 15706 14138 -27435 9512 -31474 6404 -8404 -9680 -16837 5549 -37421 9619 50709 36429 48460 44929 55130 4169 49275 -24973
r415 -49959 -33873 -16752 -29931 -58498 -40368 44963 -27366 -30704 -62803 -29084 18227 -19905 -4819 -64812 -45642 -36484 54948 14616 62780
r416 59870 -39987 -42930 7656 -37170 -38175 -11632 63485 -8560 -61930 -12828 33521 -15624 -5425 61581 -10647 -21105 35406 33968 42665
r417 -52577 54138 -28492 26444 2208 -50624 60729 5912 -2849 329 -34699 10952 -2509 -17207 7254 19725 -35590 -53566 -52885 -26422
r418 18222 -63206 61414 1969 -11370 32766 -52474 38254 19983 47639 -31992 -55417 -52059 -53215 -15276 -64670 -62648 -14524 -51996 62334
r419 21890 38142 -48481 15485 -24558 -6426 -6306 45862 12668 -33472 57358 -3460 -7315 -48173 -43272 4957 4721 -2165 32249 -19056
r420 -16668 29482 -58474 -8518 42903 13293 -18521 19607 43816 18345 57948 -58978 189 -34003 -39308 23198 -27655 -20173 63585 3045
r421 -8279 -61462 -35528 -44478 -40949 49078 -22340 -31890 -42158 -56161 12618 64133 -55005 45053 3812 -63302 -26714 63771 -43127 -55933
r422 20352 -53241 29570 -4035 65216 -8158 61111 39235 36071 -50518 49413 -5727 -25225 62879 38864 -18060 -18428 -10281 51586 12659
r423 -15951 43931 -42889 -43858 19714 43383 -10031 -10215 -27842 28648 62124 -27505 -61319 2431 -60862 29692 12306 11124 43990 31101
r424 -41390 -34033 -17447 64611 -8459 -61371 59900 2159 -10067 64866 64580 -60685 -46140 -42413 37 -15226 -65519 22663 61911 24551
r425 -23958 -60987 -23256 18686 46025 -34355 1395 -23493 -54790 -27130 -54186 17203 -33078 -61169 18572 -17676 -33085 -9458 62910 -53912
r426 18946 17183 63528 -21746 34259 -2354 17028 -51544 14375 -16259 -22129 20825 4642 -30451 16750 7756 -28208 -14276 -28504 64456
r427 10274 -36733 -64716 -3890 -39219 -46549 -4052 -64331 -17541 60381 -47551 -11514 -47894 -37442 43972 46003 -50970 55916 36927 -18859
r428 -16069 -12218 -3901 -28491 -59497 -28687 -32968 -26765 -49981 -65319 -36909 -60837 -8306 24867 -26878 24173 -13429 62946 -51070 -27053
r429 35486 33295 -50035 64277 16600 43425 61928 56253 31105 20261 -40409 23540 -4588 9214 -13115 -48372 21727 33478 20725 -42743
r430 59506 -41005 -18369 62640 -40085 -30570 -15847 -35306 -57154 30712 -40219 200 63100 -13529 -14835 -61388 41388 61421 -23733 32588
r431 -24151 45752 -50303 54297 22099 5421 -52534 -51905 -56961 59361 48055 57973 9235 48383 -56038 -40301 -54556 -29044 -20943 -48732
r432 51298 -19407 49391 29493 -48148 41137 45836 31631 8277 -60802 43055 52725 -13936 -12448 42447 20253 10184 33040 49495 12965
r433 8644 -46736 -36958 64938 64681 61178 46404 25560 18790 -2953 63833 47238 689 -12224 -25897 42137 -7825 19620 17949 12031
r434 35291 18630 -41012 44480 -52440 14302 995 -10465 -44325 -39252 -57453 -29754 -39743 43463 20426 61423 -46275 -47935 -58889 50323
r435 39511 55115 -19893 -52247 47977 -15403 -15785 -63279 -65044 26978 55841 -64396 61403 56009 -31054 46391 -12046 28533 22465 -25647
r436 -24074 -13330 36466 4964 -21555 -11549 -20250 8034 -31916 -15226 57786 24233 62493 -57282 45696 39511 57132 -15334 -4088 8977
r437 -50361 -21558 -647 -20932 -35536 53575 -54873 -582 25132 22109 55963 32966 -29457 43328 -916 -13289 -53695 46083 4146 -14616
r438 33319 -41762 -22882 32828 3221 36747 48971 50423 -60883 377 27800 -4057 -56420 -46950 3486 -52030 24118 -19438 -908 29907
r439 -33810 -55617 4930 46536 -24171 26172 160 5445 -26043 5219 7178 -60840 -35221 44158 -34202 46066 -6160 141 39713 -20258
r440 -23339 42766 -16122 19077 -56141 -46164 -44443 -61197 4595 -37291 24419 39783 -197 21661 57972 -31204 38289 52754 -2045 3849
r441 -37494 15050 13777 -14507 50772 -58633 57530 2423 35968 -18000 -40686 37621 -28159 22108 -11658 8242 -30144 -5351 -64167 -22560
r442 10745 29372 -47508 -17051 -29361 -23807 -13780 8790 55159 18235 49461 15597 -51570 -23310 43356 -1877 -32069 37357 -1247 -35646
r443 -27763 13446 -63506 -18530 52472 -6154 39147 40938 36923 5612 31165 -28185 -11044 19989 28873 25028 -25474 -53159 52809 -34169
r444 54669 47279 11885 -59748 46946 -18787 7897 12600 52282 -3687 61479 32364 -29901 -6518 32396 12216 33784 60769 -27579 -3040
r445 52669 -33899 57160 41074 59890 -40537 -32665 10064 -61074 21286 31932 207 -61720 59 7632 -31408 62831 33032 5766 21582
r446 -63071 25830 14805 -31467 -58834 -1317 -3473 57557 32835 -25824 61990 3393 259 -12587 38810 -36395 -57746 57652 -29338 51295
r447 61091 52701 37959 45111 -41495 -35675 55494 -6963 -44354 -54272 -31605 -58703 -1270 -58297 -48124 38936 57025 59974 -9000 -53219
r448 40640 20042 -12909 -62814 51285 -24007 13016 62259 -7032 55293 52162 -20937 46989 -54300 -23663 -63968 -39438 -9245 -39289 13875
r449 -47996 -30501 -15096 34072 19675 28425 21380 -27214 36333 24999 57599 -8096 42065 -44794 15020 54021 20251 -11920 45118 59815
r450 2636 21078 -57503 18393 -24879 -52097 -59083 61639 -48469 -50611 -25838 6185 -23287 1025 11374 -30338 27361 -24541 -35818 58727
r451 -52638 52978 2932 30817 -37658 20630 -34028 -12321 -61148 -11933 -64431 43839 281 36146 520 43308 -23670 20283 -3928 -59078
r452 -10156 62791 52296 -41331 -41307 -12928 25823 -26301 7563 -40795 -24952 -32312 -4116 -6550 -57475 64794 4414 33937 -19014 14102
r453 53289 -63186 -56420 -54709 -3564 13576 -44213 19547 2588 37115 60864 58645 -47304 -23596 37795 -46520 63708 -56305 -3562 51823
r454 -36406 10439 27350 36871 1911 -44633 -43995 52179 -6669 62810 57531 -21005 -59399 -13755 -48509 -34542 54684 -27828 -52676 -1930
r455 26671 -4907 54049 -17538 -46317 -35031 4525 50290 -65037 -8486 -35451 37900 40695 -30221 34979 10693 37203 -53124 53542 54468
r456 -37288 -51456 6848 -60704 -52111 4207 51215 -5571 -13285 -39661 60961 -54209 2929 13036 -42969 -65055 -43967 50223 -61032 -17411
r457 -54575 -54130 59332 -22754 -32166 -61230 -4669 8721 63132 14267 22089 17853 -22894 -59932 -55589 -64049 10597 43703 21506 -62085
r458 -44332 -1176 -32490 4901 -27004 13260 -19348 35481 -27992 -46747 20927 -21346 -32468 -45523 57439 -55120 -37461 40422 -11645 -8771
r459 2402 -6841 17741 -15182 24737 -7858 64941 -43871 -55769 -37474 -43388 11737 -3742 -63810 8862 44815 -3519 54960 -27818 51942
r460 -64548 -30714 -39975 -11187 -47909 -5096 27281 41385 -26288 38045 -9358 -21026 45499 57416 -59626 28469 3479 12410 -50570 -8023
r461 -29017 33656 -278 -15413 40938 -30010 -21416 -21376 -58185 -5915 -34182 52892 27569 -20675 1448 -6372 38199 56459 -10275 64595
r462 45745 -52329 -29290 3430 -46651 -23483 45327 21367 29450 -56337 -455 -26281 64466 -26612 38958 -37322 1176 24257 26220 64905
r463 -62666 56855 -24002 27134 -41637 -24123 32475 907 -50825 56504 5788 -58995 -46204 8112 -22513 -4496 -44434 59285 48580 -55343
r464 -35626 -31558 59706 -28016 58059 -14023 -11013 54359 9645 -239 -29719 9387 -15486 6352 16781 27088 -5083 -39702 30222 47151
r465 14390 19275 24532 36622 12193 -24799 -36910 -64282 49460 -46874 -53584 -45179 16492 14075 30428 -28783 63215 55890 -62592 31109
r466 46978 -41871 -39398 -10722 -53543 -14808 27823 55016 27580 31182 5147 49958 -23526 3968 -54896 -44804 -38044 -9434 -51909 32538
r467 36406 -65107 50092 -2971 31878 9804 57088 -35015 104 47851 10953 -61775 -15961 19734 19421 21831 -17293 52810 -34706 -16190
r468 29208 -10725 -47766 -4496 43126 4241 12318 7558 -1982 -37169 32232 -1418 30772 7475 18126 35211 45250 -2918 -5155 -58944
r469 -14463 -51701 -9768 -59817 53583 -37013 -50704 -23367 50526 -19385 7151 -17029 -27927 -39999 33168 25389 49567 32859 -33548 -18265
r470 -9159 -15630 43476 -2460 -39218 -42982 -30355 -9287 -20055 2662 -14831 53118 58034 45240 16241 2044 -18334 44094 1083 27730
r471 43585 23510 -51653 -31570 -48871 -38776 1604 13685 46678 -8831 61325 -54827 47895 16266 38611 10495 -3480 15756 7526 58950
r472 -55557 29748 -38920 36793 -59777 -53985 38487 -63158 14586 37930 -21181 9694 -17302 49117 -46928 -25307 -17980 -37507 -35308 43663
r473 -26061 12286 -5936 4200 14290 39803 51983 -5650 41675 -34253 56551 -23570 -50386 -3521 60706 -14898 -51044 -16670 -45443 5649
r474 -5154 19093 -63687 59088 3252 -19199 -41597 -61992 50584 -15855 9352 -16580 22679 30467 32488 9821 -661 -49179 14136 49611
r475 -30876 16887 49624 14041 -23041 40408 3232 -26866 36954 -47619 33404 -16671 2238 -36139 -15032 1748 -45997 -4277 32996 19480
r476 18383 -41138 -3260 18367 16450 13280 -6730 5284 -59776 49231 62923 63601 -51604 -27464 57982 30499 -27443 -46217 -41487 22120
r477 49733 -62376 -49810 57593 -11101 -58473 -20295 -51318 13933 -51579 37252 3537 -12858 46398 45335 -39027 3346 22218 22389 38480
r478 60128 46258 9159 -34324 26358 23397 -14542 -52423 19356 -58447 45475 3057 7691 21870 1765 -30258 7253 -21019 -24632 -9527
r479 -52404 16464 11779 7802 -4373 55427 34680 32331 48635 -39459 13639 60984 -61275 -34894 -54600 -18637 31449 16064 27827 64672
r480 19397 -52067 18068 -25752 -23756 -60477 -27965 47096 38416 20248 -52625 -38373 65052 -50914 51144 3139 -21749 46312 -17214 51749
r481 -21384 -25420 -8337 27993 45753 18230 32372 -31377 22983 39261 62540 44397 45883 -55163 14428 -13124 50860 11282 -51399 -39128
r482 56780 -13416 54164 50805 -42257 39226 -50072 -24299 783 -47043 44645 -17183 38682 -30008 517 64791 -46022 -4087 63713 45195
r483 2936 59732 1830 58722 -60401 -15267 -22145 -8260 36364 45936 -4292 -39842 -10448 -42555 -38395 -57513 48064 7810 -40945 -42010
r484 -1298 5969 42251 12337 -33318 -47855 -64742 -25389 -63540 -52218 -65431 -21090 7988 38337 9806 -16957 4070 32750 -41822 -49656
r485 10044 61565 18672 -43141 -57585 5339 -34051 -6554 -5919 -62973 34864 -35237 -42370 -38646 53456 52960 -65443 5899 40330 -43605
r486 6812 -27895 14845 -10590 34100 39034 -22996 2022 -60253 30649 -1662 -31332 -26376 13929 -49130 57610 27779 42089 26174 -61680
r487 -64639 21413 50160 28609 -56117 16654 -49822 -22023 19023 -21010 -882 53307 18486 12910 17026 45693 45259 -2083 -24772 54842
r488 -45890 56151 59472 56803 -48884 -44045 -50377 35813 6637 48808 -33363 -21479 -11981 56095 5276 -10032 60932 65454 -24492 -21850
r489 -40954 4202 63683 -24228 2803 32162 21821 -55483 -24426 -63237 58380 -49657 26875 11885 10927 64248 -10965 -62081 19540 -30873
r490 -56674 56636 12129 11493 52432 -11634 -9228 6478 15700 63315 30772 31029 -36013 -24580 -62919 -61581 64112 13890 -59203 15018
r491 -13778 -2115 -31265 -37635 27588 -13037 27614 -46198 -22052 -57099 34132 -47439 33142 53725 28688 26908 17 46835 -24640 39375
r492 -23941 42946 -48782 -31380 -27961 -18415 -53599 38812 15028 -3205 -40922 5349 34406 46603 63724 -11593 -33186 63096 63837 56689
r493 -39083 50316 16917 65006 -33424 48102 20206 -37172 49615 -23602 -1442 -40067 -44151 62824 22955 33347 23991 35713 2952 -56117
r494 13668 -57639 -14096 -19938 -54507 -45722 -12232 39367 -50652 32509 -18301 -6487 -36440 61713 47756 -22133 60855 -41566 11377 16075
r495 24270 30852 33411 -58513 1833 53367 -1792 43542 -12776 -50979 45113 -56955 -19052 62867 -24010 -35525 -43892 16319 -65220 57243
r496 46626 192 15813 42230 -32452 -52461 -18780 -36937 -51203 42762 -10669 -36510 50173 43973 -37401 64847 63832 24174 -26498 60145
r497 23027 3129 35646 -35260 32778 -17661 51645 63083 28978 35101 39406 -13593 -48461 29052 -25917 -47413 60071 -58538 -51335 46242
r498 -20905 51313 -40509 -2887 2080 -46946 33408 -28786 65138 33093 -6061 5319 62607 -15786 58375 -12968 43716 50433 -47828 -30535
r499 34094 41179 13780 -28339 -45374 -61209 23141 -22076 46065 -53350 -52760 -9880 -1819 22670 -6681 10813 -52860 48850 -35861 37982
