mTable9 21
KEY  c0 c1 c2 c3 c4 c5 c6 c7 c8 c9 c10 c11 c12 c13 c14 c15 c16 c17 c18 c19
r0 -50823 21387 -22649 44875 34415 -54349 8059 -10569 -15959 10846 -4607 43283 57010 38754 -55156 -55347 54132 -63487 34254 -60544
r1 -10231 3453 60867 11288 -58953 -19268 -43083 -39996 -53587 37480 -12011 16447 24769 37971 47033 31886 -48465 19625 35430 52881
r2 26878 9972 33491 -55431 -10674 21601 40140 18086 36211 -21124 32416 24234 42895 -44598 -62650 25052 -3325 14428 -33616 -17373
r3 -59987 33982 17327 -1447 38084 -55786 -17489 -33994 38666 12667 -27250 -11721 62745 62003 62527 61927 54191 -6015 -32926 11500
r4 22690 -17898 -23355 -38495 -22272 16516 49851 22867 8872 2596 13340 22610 -49231 64466 40518 -20255 -5634 9655 5052 -30678
r5 -24655 -44167 41616 -49473 3312 35408 49246 10551 -22452 -27368 -58935 -26422 22962 -7024 50380 61152 -46723 10725 25873 19413
r6 -7817 -29952 64603 -3191 37249 25210 16665 -4911 -27741 29760 19617 -29345 -6988 52664 50306 -11847 42499 19187 34840 15792
r7 32696 -39255 -2570 -27528 -8853 24517 -6877 1136 33753 39006 59341 28494 -53695 -13196 55287 3740 -41364 64981 57179 53390
r8 62563 -56017 -26038 15749 36307 56864 -12757 30970 27719 -24648 18303 -55481 -64078 41106 57797 -61527 59352 11315 64447 -12250
r9 -19992 39450 25323 64695 9883 42042 -61948 21656 -15796 -58322 51447 45638 37479 35692 1538 7262 12339 -55482 -22716 -40600
r10 -10949 20086 28256 -11577 -7793 -15761 -11251 5606 -37640 -21661 14536 -35730 33144 -11136 43631 42134 -43989 -6472 51653 25891
r11 63102 -8796 5965 -44634 42422 -8421 -56560 44197 -43952 62807 -11131 43674 -3101 -43199 -11929 47724 58750 -29366 -5174 -45590
r12 -60350 44516 -22829 58621 -31746 19460 -23021 16851 37326 27938 -18358 -51811 -35571 20047 29505 -3660 -44010 -32214 -8582 -13166
r13 27386 -44117 -23523 17467 17417 -57787 -65406 -46263 47230 54461 -54232 -1240 48468 5539 41983 -39922 55042 -46478 28441 -50881
r14 52792 -6906 -31092 -41139 -43369 52778 -64412 -58583 -22848 3347 55812 26082 37561 -22316 -24776 62831 15551 37604 18612 51841
r15 7553 7765 30274 -23147 38891 65431 6321 -45232 -23699 -57243 38455 46628 -8375 41890 -54124 -5954 -511 -15320 -26590 -17034
r16 -42997 -5535 -49836 -29412 58836 41367 24181 -5727 -59304 15867 -35172 -63983 -18557 -39014 -57036 -4275 -28267 40210 -63985 45391
r17 34822 52605 -59522 -50066 24460 1426 29303 -8707 -12291 41470 -4692 16533 -14131 16741 28928 -13853 3154 45791 -11380 3689
r18 1018 40392 -60962 63301 -59526 -5918 -43562 -36597 64310 39813 -31452 -26714 -23844 45607 26224 -45254 -34195 1487 60518 13981
r19 60729 -42056 39592 34159 60779 -22944 -12258 -4124 -41438 55763 41904 12705 -39074 56793 -61883 11395 15844 57509 7864 -24751
r20 57161 -19815 62493 18806 -35861 38892 -7629 48960 29183 -11640 20245 3981 -24681 -3209 45251 -52403 29839 -50382 62905 -42577
r21 -3812 11880 -26578 47317 11751 -18217 -24070 -3509 -41274 59695 -23251 -59841 10452 -53232 -56147 39223 -2383 6023 -34806 30522
r22 4750 57456 63276 55961 -10145 11363 64707 -20372 -26600 18654 -53174 58814 -132 -565 -49070 -56780 60023 -43294 -60293 -22189
r23 9732 65079 -41205 50159 14558 55416 62664 45682 -39126 -59655 16594 24920 -3536 -47132 -6954 12932 -65222 22265 -42365 -38560
r24 -10592 25984 26647 4879 -54091 22392 -5569 -46501 -24433 -10767 8488 46753 21806 57573 -35882 -20271 315 -59992 62969 -13690
r25 48568 -27849 -35857 -49189 7121 42271 -11423 -59396 -56351 -33013 59225 -7876 45535 40099 55073 -19844 31431 50555 36407 58235
r26 25722 972 26015 -26594 -17967 -63207 -58181 26581 -33314 51839 10959 64871 -30913 -4969 9927 16024 21083 44442 41324 32657
r27 55752 14887 63801 63194 30125 -42865 -48555 42778 29679 49614 -54323 62607 -27738 20106 23249 22517 16015 -4239 52051 -46487
r28 -37694 -35691 31934 51691 11911 -32828 -17669 62647 -58300 -5719 36056 6917 -3389 -901 14479 -39226 -24427 -33401 12999 10165
r29 63092 46906 15778 41119 62242 -28080 -51892 -32219 21905 1854 59301 -42398 -2312 38989 -6859 17037 630 21716 47238 5302
r30 26455 59276 24741 27470 -1837 6372 1563 -34015 58263 52000 -25814 -15640 39148 11790 44004 37833 60267 -65337 -51450 -50349
r31 6437 46040 -2862 5606 -60279 -23935 43102 -52402 64731 -12773 41739 -63902 -2218 42010 -53734 23295 27891 -27623 17793 47750
r32 -9975 62026 53377 37848 64287 5940 59492 -52752 -42949 21694 -23202 6497 -20621 4457 -28788 57117 25307 -59743 -57461 -54707
r33 12109 -26899 -53940 -11740 -59091 -55592 -50584 65246 56444 32358 44631 2280 4330 -51201 13405 34266 -55082 11109 -9122 34313
r34 -41331 3266 -54241 -64484 -36691 811 13451 -48268 38754 10742 25746 17784 11718 10656 -46547 4835 26456 -32112 -18448 -55605
r35 -25786 60617 -37155 -40670 -43461 -19577 34664 -3317 -16348 -39474 59838 -46338 -17504 54450 -17514 43309 -53071 46550 49428 63279
r36 -2927 45575 -2674 -29557 -52996 -62377 -5537 -3521 -44256 -53567 -62055 7532 30766 12163 -39440 51894 62698 42543 -25755 -51091
r37 -8054 -54614 -41886 24791 32632 -63219 38121 56058 -28375 -23221 -41424 542 -22918 -11011 56145 34418 14642 -5128 53880 6471
r38 -65515 -17845 37733 8177 6682 10378 36145 -541 -12633 -59733 47525 14041 -3195 -50220 40754 58465 36582 -7846 20772 -7665
r39 16776 54064 18535 -7040 -2775 47006 8669 47042 7372 -38856 -14184 64707 -5219 56081 6864 -40410 -33357 5723 -33336 -45581
r40 43232 37849 19244 64974 64533 28938 -55437 -27235 -25495 61675 10345 -28286 62420 20872 -4190 -19084 -18235 -50143 54202 -25288
r41 -30111 7712 737 32658 24634 63093 4103 -25147 2248 -40898 -40169 -51856 -35905 -15851 -23596 34518 33893 49218 -54707 32413
r42 -1142 -50486 57634 13894 53308 -32412 -51001 -7999 -38757 -15876 -63085 -29657 -9715 -47652 24680 -57436 52346 -26378 -8600 -18157
r43 -64593 -60578 41276 -20281 16474 38205 -32177 57165 40503 42264 -44793 -1965 -35358 20873 -32897 48001 3613 25047 -65220 3930
r44 -46453 -14634 -14256 -9271 36320 -61819 17345 -60348 54044 27381 -42765 12080 -28746 13705 17073 -51292 -30995 65535 -12310 -1620
r45 -27565 -7181 -14317 -51872 657 7756 24928 65080 -23236 -29028 22533 -30733 -42473 -27417 -12797 29469 10721 -30454 -58215 -22985
r46 -44923 -62216 -47171 -17803 -18800 51997 24963 8078 43895 21884 32171 5044 34210 58918 29808 2460 5682 63379 54825 -13487
r47 33902 11626 -26650 23118 38476 -54957 -17072 -59212 7500 40278 7948 -36427 3409 -19801 14645 42282 2726 62220 46416 24058
r48 21756 -21252 57113 -19389 19285 17644 4138 -59198 23409 -36609 -4024 -38155 17021 -15690 -12948 -2594 22506 -5502 24157 59795
r49 7360 30175 -17424 28250 56053 42310 -62521 55034 34961 38340 -64801 -43171 -5855 62862 6005 -7939 -62300 -19684 732 64303
r50 -44989 -40772 23550 12607 18243 33484 56706 -9204 1467 -27827 42074 28090 -38790 8102 -41586 9800 35380 -22470 24820 -8236
r51 14035 60850 5116 55724 24640 25176 55541 -31925 53201 8301 58584 9582 -42878 8864 53185 -18770 34293 -32997 56730 -30796
r52 -16521 38296 -32637 -9983 -13130 6158 -59611 46388 -31104 37334 18545 -41991 -17410 48850 39936 -49551 34966 -65415 -26682 54212
r53 40759 -1052 32999 44362 15337 16346 51589 54351 64326 49019 -12942 65166 -37579 33513 -50654 -37440 -18792 -10345 62525 38885
r54 -4922 49199 -44577 14008 49675 40317 12200 -10007 26968 -10647 -62993 -47350 -1610 -42963 23873 18138 25199 53156 12985 -18052
r55 -47628 6396 20433 -41201 64957 -29882 -37521 -45364 32666 39292 7382 -61719 9239 39365 34654 56137 3660 -1289 -3626 39309
r56 -14670 60555 3974 -29712 27580 -46996 17151 21068 56141 -34923 8359 -13393 -19436 -45498 46056 33843 47408 -38513 29734 -33905
r57 48021 25891 -7978 56538 -30342 6450 -50610 -2543 60936 42494 36479 -4523 -10348 -14623 -45254 36455 27767 62906 16671 17300
r58 -47576 20599 32996 -17499 39792 58071 -31647 -3134 -31876 64685 11971 65448 48974 -44706 -45384 36676 -50126 16028 10410 -41225
r59 -32736 9256 -12485 56494 -62372 -64866 55649 -25415 13922 -60511 13234 46020 -25767 6334 46971 58643 -1330 6818 -48892 7523
r60 -55246 47818 30273 -15729 42446 -33964 7643 59698 -14972 26800 41779 -22399 -38006 34548 -7286 -55359 35633 -62639 -56224 11639
r61 25608 4080 35679 31797 34045 13409 51778 24435 -27485 -42092 -56075 -51137 3008 46387 -55960 24621 -687 11727 22381 -32682
r62 -60106 62129 -42374 3189 -32410 -41960 -145 -42510 -33903 -64770 60740 7701 -32536 -12115 41784 32958 -37104 62491 -41503 6552
r63 8802 24349 -43498 -57274 48020 -23449 -29755 35622 -48372 11027 13446 48245 15385 25261 61517 48005 -25357 27787 -46588 87
r64 -62022 62179 40589 -28769 52441 22152 -15813 -56739 -45422 -39210 11742 9337 23287 10700 -63311 -44770 -52575 15741 -31921 -39100
r65 16443 42982 -56156 47114 41899 19519 5382 -35677 6389 25709 -60157 -45436 34397 -395 35071 -64338 3950 -56310 20884 -21402
r66 63371 55656 -59517 -7246 14579 62938 -14165 18659 -59803 -22909 29477 -50543 -47865 -39006 -4060 6009 -63074 11296 44417 -52643
r67 44436 -10793 -16713 -65296 -50516 -2301 12072 -58251 -17964 55548 -53516 44811 20053 55586 6367 -22405 -59732 -10681 21399 -36909
r68 -12153 42099 -44561 -40447 57369 -25350 63586 -26768 -36462 -39356 -1598 -21704 57249 -41048 -10422 -30059 -22444 64293 21238 -630
r69 -16762 33946 -4632 16761 -44096 60424 -3344 15282 42749 36807 -42923 41225 -37976 61556 54944 -38990 -9324 -11604 -59821 -1264
r70 39657 -40102 -25219 9157 -20363 -56971 -26360 22700 7224 40467 38557 -5027 -926 36600 -24866 42921 -12721 53898 -21038 290
r71 48927 -36869 45215 -25107 -36821 20778 10337 33792 56960 -7840 -25864 4333 -41392 50037 -63367 44201 -866 54272 -43085 -59983
r72 6959 -45631 56249 -1523 -64311 -65529 18973 52103 -47387 -32313 6 13824 2477 -39735 -56760 15374 -20921 2552 -25367 6943
r73 -30602 60603 -39672 -19295 25076 40959 -30395 5013 -58152 -11517 6239 -4450 -27947 -60154 12596 4274 -55707 17037 -24917 42789
r74 20273 52507 -39887 -60720 51825 -29091 34280 3206 36369 12140 -46213 -22886 30431 -13110 -18067 -26826 -48042 -13510 28172 57015
r75 -7876 60899 -16398 -54814 -11416 16149 11008 -24106 -44483 -10664 3882 5906 -4807 22568 -33799 -64448 -54232 -2942 -13862 -65371
r76 -6889 -37995 -45305 -54044 -21920 -26292 24123 5107 -30133 -18756 60109 11226 32108 30440 32923 -27050 31088 -49195 -60483 9297
r77 15624 -25788 47283 -18113 27459 -60656 57876 56495 -41933 -8282 12435 63921 -44506 -20143 -25085 49490 7586 -16485 5190 60808
r78 25249 -42102 36748 -53724 -46679 -28450 51233 -47716 58116 -45212 6620 -49224 37676 15272 -50148 -12239 -47565 -7497 -36196 -61807
r79 49199 -56866 4432 -50989 23570 -37661 -1644 -2686 -39983 45586 55517 -43854 -28592 -24906 59286 -30103 27131 -61601 -34963 -39759
r80 -12666 28729 47348 39829 -57316 58200 -45277 6168 -20337 62463 -56095 34943 -4126 7173 55286 2440 -49198 -16661 61270 10565
r81 27154 -43103 11866 -2563 58228 26127 -64038 61258 55901 43407 -9145 60544 -42962 25829 676 -51935 62916 -14712 -45908 -7193
r82 -34760 -26893 -62762 46862 39347 -58996 -12343 31535 40194 -38684 -51343 18454 26481 -58839 43098 2373 -2639 -22754 -56305 -15795
r83 -17127 39571 51624 -22208 -17948 32648 -30299 -7045 63920 -13794 -17262 16231 10073 5624 29594 -9216 58071 30050 -30423 -146
r84 -839 -25408 -35493 -51249 57985 -37249 24867 -36271 53679 -32785 14820 -38701 -14421 61486 -48763 -35235 55806 -20974 -599 50435
r85 -49911 -23077 64891 -8974 -49121 61706 55244 -45057 -13482 -48827 -21551 -59408 -17141 24944 -13685 -59455 61682 48475 -24381 11926
r86 -35690 -44780 -32833 -29904 -13792 22786 -44438 -41430 55986 761 59611 -55258 -56581 62173 -53218 -63116 -34876 -29232 31770 48176
r87 17617 27341 25496 23998 -40600 -12514 32563 -42448 53678 -44897 -58055 33155 -61849 -9477 36652 43596 57482 -4592 -45077 11829
r88 -9678 17375 37126 -40052 47261 7759 5896 5887 36304 -32153 41840 -30719 26816 -58309 8480 29506 42228 -44866 65071 -27679
r89 16626 -59825 -30342 63030 53368 21623 -64905 -21713 -6482 60908 -44134 -11297 -56223 38407 47959 -48555 401 -22129 -22254 -36444
r90 -33860 -55827 19172 3966 58270 30808 53045 48718 5241 -57074 42125 -12705 55645 37193 45591 59029 -49682 28506 52542 -14979
r91 39908 -50620 20751 -21205 16876 28646 58544 14188 56200 -58645 -51702 -25411 60033 -5185 52627 -24546 45164 -3087 -47062 -27665
r92 14932 -59432 -5710 -46280 3244 -1294 47357 38170 37942 24311 -25667 -62836 -42475 -27785 -19891 37512 50956 -57054 -51535 -1659
r93 -19626 -48100 -5702 33398 -55189 -31968 61073 -40138 40125 -27439 -29798 13142 39989 47835 -16927 -33227 25197 -20668 -6939 53138
r94 5844 14452 -64533 -48756 61854 61808 -49082 53494 -45108 -5146 -6700 49938 -55878 -42508 -12754 -1076 40698 3000 36741 -33537
r95 -24725 50612 -57432 -55486 -20251 55661 15833 50255 -22373 15283 -21623 16006 15085 -13360 33104 52692 -41367 -5099 30679 45805
r96 17421 22866 -22154 -34557 -56059 14385 -61730 -64392 27858 -47409 -28728 -13871 47744 56490 -35443 -21156 -26894 -8190 8157 65337
r97 40932 56040 57844 -32134 -58850 7339 56258 -63508 -29278 -64728 25509 -37513 -7653 15823 -61616 62574 33125 40556 -28 -29480
r98 60667 -56875 -29796 -36405 -53613 276 -31164 -25887 -50607 -3966 -39362 -28996 46728 -64482 -2362 -49503 59615 25513 26801 -6868
r99 -2484 -47070 -63872 24226 -6059 -36961 -40210 467 -9779 -43345 41845 2105 -4513 1697 34733 -26016 -19051 -31612 21872 -48439
r100 37198 16246 18374 5911 -22970 50138 -9311 60007 57764 12992 51393 39767 42345 20138 -54122 -48276 -37559 -34035 15083 -3126
r101 -49208 32157 42241 45109 57188 -55891 -15578 -22039 35913 51045 -5536 -46796 12932 -44181 -10358 -23813 -21348 16103 -57672 -40044
r102 12299 11674 -46851 -33467 9096 -43297 -65234 -35867 50091 -50715 -20712 -59435 -11398 44536 -28181 -51694 24864 10482 63766 45784
r103 -36910 -2400 -14166 17103 -57252 -2230 -64914 3055 8540 -49505 -52994 -44091 14 34573 -21028 -8316 -23823 -15221 21107 -55903
r104 -43083 -1734 -2555 47170 3489 12106 61178 4375 -25730 24977 -23589 -26824 38999 33821 -31183 -24194 -39914 -56863 -1278 -54141
r105 52273 30509 -14133 -36953 -30040 18206 -22854 24424 -2950 -17045 18359 -58511 -62893 65028 -26870 929 -5417 -42193 61308 39723
r106 -29118 36880 56307 -31318 -19438 -10577 29954 19754 -53135 36452 18839 39282 -27083 14242 -14021 40846 -4331 -25338 10707 62432
r107 -62261 65434 -39776 -52139 -7631 -7878 -59368 -45197 20875 34658 23865 7011 8632 21975 -63763 -31651 61363 -3986 -38676 29079
r108 35012 -12345 28444 32679 47338 -4136 58753 -37137 9006 -20484 -61067 -32312 -62411 -20037 -2666 -58309 22340 -16931 60231 -24234
r109 29133 -54499 -35521 -19417 -14659 -58058 -44000 11630 26295 8339 -17387 32963 -58608 -44953 1248 -48756 26625 59746 44262 21676
r110 45880 36436 41823 57344 13549 -43566 -16605 30320 -41299 -128 -52781 16008 36885 16158 49380 12314 -37558 -47641 -47036 56251
r111 15279 -30172 -64472 -57332 -31010 59640 -30597 -16148 9808 50506 -591 57609 60044 -37254 4566 31374 63583 -18036 -41505 52457
r112 -46476 -6381 7192 46982 40928 1624 -40304 -30139 -2570 -64097 -54158 25882 -49253 11112 -15796 44602 10343 21863 37646 -45329
r113 16047 -40414 43092 55585 62547 55693 -26047 24232 53778 24463 23492 52094 -31228 64156 -35390 -14992 49157 19693 -23541 48024
r114 47548 27148 -43757 46105 27029 10644 47039 -13652 45486 25147 -21404 50005 13527 55038 -42160 -22920 37736 -61327 16009 -25989
r115 61807 -59112 34827 49367 -27615 46995 22737 21599 33723 -38172 -6760 62660 -32867 48428 -27164 16537 14326 63719 -8210 2130
r116 -60505 -60881 -36100 -40693 44030 48152 -35301 53060 7945 2585 29793 62953 885 2938 -16354 -45786 -9576 48788 56495 -628
r117 -5517 18915 -56861 -38129 -2911 19604 -64190 -2756 -63420 7913 55904 -60030 -29022 -65049 -38296 54088 -38077 -61751 2126 2904
r118 -18494 -26223 13222 -1404 4504 15312 -18736 -38801 -18767 -22842 -56074 51555 46894 33966 16561 34192 23812 -40746 44554 1647
r119 -52304 -57448 50263 -34741 -23879 52857 64495 54160 47727 29061 -36362 12924 -36533 26102 -42596 -28503 -36091 -55353 -64183 -20332
r120 41420 -26936 -8791 -2975 -41038 -21107 20129 -25111 -27713 -34133 11621 -55834 -46396 57230 -16507 -37468 29880 35163 33160 -7246
r121 -28997 -55140 -5851 -36341 -38485 53215 -30110 2010 -4052 48543 37993 14351 16918 -49463 49536 -8612 29524 -40313 24772 -64099
r122 62743 -23106 -16400 -51784 -14443 -34088 -38393 -12992 31021 49487 -43448 49044 -50564 53454 11670 32945 524 -57044 52275 -24545
r123 -61590 -20879 -50208 25311 18247 -2404 27099 29699 -55992 -54189 -63395 31583 -22813 59141 -4672 59009 -33623 -23540 -50905 12193
r124 9979 53799 -58803 19501 47564 -13277 46362 -6430 22380 -51382 -29680 -6102 -42663 -24635 -920 52626 -46506 46619 16374 6449
r125 -21900 -30586 6461 64844 -41023 23639 -15009 -36752 42799 20511 36488 -43376 -46557 -8416 -18791 8686 20568 14882 -63159 -55413
r126 -24909 -48923 43397 -44050 -62276 -35130 -57923 16065 -55461 55056 56865 -60348 43698 33707 52092 -61830 8574 46219 -35984 54519
r127 -3317 8784 -38383 10697 -42445 485 24000 19842 30733 30928 7021 10825 -44465 -65233 27315 -55565 -41630 49623 58019 60065
r128 7136 50119 50013 -22777 42906 58564 -16959 23024 49574 16732 34125 -51774 -27852 -38984 -18952 -27881 40665 -3883 -46311 -61353
r129 31848 -40396 48960 54937 39339 3292 34141 -42030 46685 -4885 -22140 10902 60099 -34092 17107 8282 -14434 6419 -36613 -34010
r130 -41712 65179 -9453 -39215 -43693 49899 9093 46429 -61473 -63829 6437 -32375 35163 4766 -34171 -44454 46484 -60422 -64646 -24076
r131 15117 18667 -48221 39416 -40844 -28946 -18474 36234 25167 44846 -55224 60821 -33952 64683 48719 18970 34811 -18500 19585 16277
r132 -50250 63465 285 -61413 26916 7771 26093 -48909 -34055 38128 64434 -19697 13069 -48344 5360 21166 -48377 65226 -26858 -32535
r133 -55999 -49016 7818 -494 15943 -1574 -37954 -53940 -10415 -48542 43512 58052 31911 -28863 1265 41814 -20766 51464 -24067 45881
r134 24401 -31516 -4354 8484 -53224 -7677 23915 38895 -64191 29166 4951 44793 -63608 -61189 -20164 23859 48386 59444 9328 63361
r135 39611 28185 51737 -65194 19321 -40631 17703 32622 -28598 8561 16366 58710 60973 19382 -37438 -45620 -20912 -53103 -100 5277
r136 -4482 -7999 -5586 62690 65027 -2743 -55191 -17420 -12044 -33850 13705 5081 -39852 40579 56867 27593 53548 51620 30861 60271
r137 39602 14228 12827 -17817 45672 44262 48826 49207 26913 48784 -23955 42074 -3257 -12104 65500 58586 28125 -3536 62861 37922
r138 33297 -28763 -41698 48107 -40844 -57651 -3398 3570 13763 4195 208 46116 -4304 -65441 56481 -38626 44015 61257 2708 21217
r139 -15647 -9429 -22961 56364 -53203 15296 42172 45769 -21823 -63902 65141 -29184 32091 -10063 64691 -63266 54346 -5662 30348 28377
r140 42381 13846 30180 13050 -37898 3935 -16476 9167 -38799 30684 43515 48233 -16337 6795 -47594 -35521 13025 54670 -1387 8548
r141 -64085 -55146 59963 12032 975 -26030 -7644 -22860 -18036 22455 50435 29830 24329 44703 -4690 49032 5442 42766 53976 -17639
r142 37012 20401 -30100 -12381 -26728 -184 1285 36962 -377 -25088 51376 -63578 11514 -36606 -57410 41372 -26972 37296 11948 4038
r143 58319 -20040 39480 32701 27908 -16952 -36856 -64872 -56275 45872 -61458 30360 -44939 27911 31987 57951 -42265 -32792 51082 -17892
r144 62864 36177 -14538 -15277 4113 -34068 30108 51518 61983 10030 -20158 49866 -18738 2745 -21249 -3926 -35337 -51808 18811 -49915
r145 15541 -46856 63696 -51736 26472 26243 22435 -28641 -24005 20193 58073 -27776 32385 -7810 -20537 -20109 -42301 56624 -55397 17315
r146 3121 6824 -28084 38344 51284 -52571 -40111 -22329 65277 -42395 51965 42034 -9076 13811 -6572 27896 -54081 14444 -49083 18690
r147 -39156 49078 -18731 -20192 13709 -6770 -7769 -51323 -64259 -3173 51639 37747 6090 -43744 -45794 40837 59797 -41379 16284 -24047
r148 950 58963 -38122 -59044 51288 -62802 15905 -31074 -30710 9399 41747 59254 -33253 48588 -48262 -12872 -33469 19010 8080 -10883
r149 58445 -48641 50811 64860 53464 -64404 55605 -56187 -49417 54133 -11995 15999 44352 -49661 40879 -52148 2244 -64253 -46952 13751
r150 27971 -21095 11081 7225 -18604 31017 56484 -64547 -40391 -38834 60248 -53150 18865 50419 5384 19777 -50268 -55230 3056 -21944
r151 -61850 33704 -62674 23386 29461 51368 -41845 55584 6693 41369 49306 30523 -21027 17962 -51493 -32360 19812 -47546 -19023 21539
r152 4648 -3972 2787 54475 -10827 43317 2544 27699 -19757 -52624 22161 11779 -8885 -15077 -61527 65237 -17185 -5530 -6693 -26422
r153 -35475 58056 -59475 -36685 -27687 53787 -17045 59640 -42052 -24826 42451 10986 -25296 24075 -3211 34927 16084 -43156 30006 -5155
r154 -6841 -14260 36628 -2562 56137 -25160 -22852 20591 -15805 26155 8355 -34303 -16913 55939 35202 -53713 -49607 44079 61609 32082
r155 31622 55192 39058 57023 -18649 33052 -59582 -62974 -55510 49548 -31867 -5214 35909 63721 8114 40942 1826 1261 32527 56016
r156 7110 8887 -10397 14283 61951 -52605 -58902 -27331 -1253 6156 -54129 5405 35521 -12569 58207 35608 45561 -43420 48710 -2019
r157 -57595 39763 6820 25488 -11694 4671 -60738 -48090 -39469 38248 -23878 -8180 -35517 10753 49672 52762 -44168 -40960 -13187 54339
r158 2850 -8135 -11923 30835 -41395 39857 54307 -10244 51103 -8928 -31023 -42680 -50687 -63711 10074 -16820 -3936 29892 -3058 -3714
r159 -57928 -42975 -20897 39469 24529 55395 27615 58267 -64661 13045 47801 12148 35166 58914 43467 -59583 30242 -8933 -12813 -43049
r160 -42308 24104 49323 39243 -9799 -3273 -38719 -59784 1721 39767 39028 -6379 -16446 657 -19927 5538 28109 60741 -30736 -57713
r161 -27956 -53183 -11584 -62340 -54676 -39127 6711 29403 -36983 53527 -65000 19967 -24209 -23780 -51737 -48594 53286 -17731 62533 -16645
r162 40773 9984 3729 30747 61031 13989 -47699 16403 59776 -21562 62471 23609 52312 4498 -58174 -47050 -61164 2948 -19692 9388
r163 -14324 -54486 14063 -23740 3428 -61919 49380 -15990 39980 -36762 -41402 21786 23013 28133 -4185 -4893 58955 46958 -5487 -40554
r164 -25857 -57700 18153 33616 45810 -53545 -24879 1677 15161 30139 46746 -33125 11643 -39228 -51713 5321 -15493 4005 64369 -15889
r165 -58247 40055 -5088 35792 54579 892 26382 29866 -64023 -24530 -61330 24881 -47368 11028 -47349 -29939 -17031 -3066 -34433 4314
r166 7049 9528 53790 54734 -8054 60919 14809 31960 42735 29922 16453 -13616 -11189 -6790 -47369 -16203 21135 -15728 -63428 50200
r167 -28457 -40002 -58248 62481 -24973 -56684 8854 -45005 27016 -1010 7784 62380 -37647 -19859 -33661 9130 24843 -44503 -35251 51509
r168 38506 57461 -19276 -32099 -42599 -27584 -20454 22978 57634 63733 52471 -17264 -63386 -53062 41911 42133 131 18233 13936 42705
r169 7298 37037 18285 -12596 -21469 64162 -8625 -38093 22980 55369 56485 56416 -37414 35114 14918 -31290 -57627 42677 -40019 -47117
r170 -13199 31315 -44118 -22254 -50960 -61847 41578 49182 -44083 3782 12900 -23977 50384 -23490 -45073 47269 -50910 -6367 17183 32867
r171 20092 -38906 46671 -29854 21849 11570 6012 49457 10381 43181 40428 54962 43168 2011 -64990 -61458 -42340 -50869 57219 -7486
r172 -57921 -36388 -12138 64276 -46459 56009 -55491 48269 38574 -8905 22437 -62915 33616 39379 -47488 -27182 -55344 26498 -15566 43865
r173 36523 44830 -15141 1010 8254 62810 35439 -62982 -8290 -39778 -35974 65090 -46941 24891 -11450 -16735 -413 40565 -40485 39616
r174 -61229 -16290 1264 -19736 10162 35502 -44852 63420 29518 7417 -34553 -6968 -11068 -22956 11557 -4716 55619 -54396 -44878 -58153
r175 -12039 58413 -65487 40031 38021 37571 26553 31439 -54164 -27600 20913 63338 -10446 -59803 42365 41267 61513 -24540 -36795 -35270
r176 60213 -44375 24094 -26310 -18117 18668 -6701 -12837 10917 6615 -19335 -41878 -58120 -29771 58957 13829 17824 -12946 32955 -27179
r177 -42118 -54447 34506 19385 37130 -2858 -50154 33716 -53986 45376 -5055 -19505 -32891 46447 -39380 56546 32439 -28384 7451 40446
r178 55946 -64199 -8240 17712 35944 60532 -5920 21303 5593 4126 29897 18108 -8837 62652 63553 38494 38536 -32759 20428 -40342
r179 32477 -56330 58946 -45040 -47453 34891 29466 18889 37684 27253 -24694 54657 55567 15988 -12151 -31938 -45137 -20364 36129 14708
r180 41511 -3971 -30219 44367 -36718 -3803 -30604 -25289 -46323 482 -37540 -31528 -26920 22784 35768 -5764 -23166 41403 -11836 4033
r181 -13260 -61744 -56605 24901 56951 53457 -28146 -13199 54921 31153 24633 -22371 10015 -50537 -50891 59042 -49579 -63675 55204 -14674
r182 62108 -21803 51402 -57536 -9553 59492 -51142 -62814 55747 11159 -18943 -24026 35212 -50794 58335 44387 33838 14620 -2165 -16741
r183 52356 5965 -28723 28699 -28774 -22810 36262 -3867 58735 -38292 55699 -31446 -43689 24456 -48674 49919 -64313 -46929 -53502 28644
r184 -13086 28899 -6798 -59336 20947 -20471 45018 -52943 -3039 21646 -60456 -24093 40961 54980 -62565 63721 26804 -36470 14546 39119
r185 -1852 -9672 63962 -25752 34243 -17107 5502 50599 41582 56434 13751 24693 57412 18188 -39806 27000 7923 19042 -25264 22334
r186 -40934 -14614 10036 62712 39237 57663 -23287 -36804 2302 38255 -36100 51063 15926 -17015 47879 -16211 37213 -30866 -43445 -33160
r187 710 63246 -31113 -40935 2151 -4748 56223 36058 -6455 46270 652 48384 -39576 50818 15999 -58662 -36988 33659 239 -17921
r188 -62639 -54715 -17228 510 -45557 42424 43127 60837 -56317 2104 -57265 -30500 -39414 31176 -18912 -34527 52613 53470 6249 29825
r189 143 60973 -62803 -11148 39764 -42415 3788 -19105 -27848 -48528 -17807 58381 15343 -52003 -57077 -44359 -10643 28802 -49377 1690
r190 -39042 20769 960 -31720 15581 -32825 -52467 38026 -55230 -42863 50517 47181 34857 37556 18209 11844 -43780 7037 11626 -36257
r191 43312 -49253 -16672 10982 37553 -3628 24670 50532 -28395 61779 -16122 -42355 48930 -30623 7898 44332 54617 15482 -53738 62810
r192 35208 19512 64114 -37263 -32393 -55610 -46598 3738 28970 -8614 -18730 15221 14752 -33205 -61771 4693 -55395 47034 20916 -26680
r193 -39417 26612 24148 29935 30650 6242 -40612 26522 -5684 23360 -4161 22420 64164 26858 -17216 59032 26368 2187 -51033 -19017
r194 39461 27595 -23863 -42044 -46474 48237 41995 57220 -25531 20874 54911 6350 43786 -2549 56080 9405 -55350 -49212 34587 63277
r195 37130 -13873 49320 -35198 -60253 34173 -13798 -53023 -55387 39476 3399 -31382 -6385 -42334 46579 47820 -61748 16646 30396 -3824
r196 40136 -61180 33851 -30168 35218 14721 -46520 -47581 -18308 62117 5036 -39366 1135 -36300 -41314 3169 62807 54057 -4871 9260
r197 -38025 -51947 47580 29192 -56092 9662 -56266 30491 -39330 62886 48162 -63054 -818 19872 -62518 4619 3260 18316 16407 49946
r198 -26053 31530 37644 12775 -21696 -17679 20385 -3703 35031 -61801 -43482 38258 -45854 44510 27650 6301 -22671 10520 -35966 56075
r199 33463 -47499 53132 -14003 10744 -62790 62498 -17505 -6645 24816 -64190 55254 23947 58830 8958 31611 32565 -4088 -989 -1305
r200 42377 -56183 16816 28095 -58484 53178 -18855 -52048 55418 -7925 52537 -12282 17358 -4862 16153 -13534 -20386 -48154 61811 -5912
r201 -5190 -57899 -10539 26327 -6430 23530 -56732 -36833 18601 -48875 -19365 -57428 -14752 38171 -7941 51559 -58802 -49047 64803 38170
r202 59714 -23925 54483 52183 46502 -45416 15440 39033 26716 2025 -10771 19990 -5333 55800 -38886 -8004 -25789 -46197 32919 50313
r203 -33283 13193 58313 -34196 -24449 -58950 7502 52435 30455 32015 26762 21070 15998 -15486 -64513 -29271 25225 -21383 -30992 11049
r204 32970 -737 -48518 48188 59421 13502 29794 59209 -36416 -20126 -7511 -39817 32178 -34228 44429 -36240 -14469 31589 -48829 -42764
r205 -61147 -58038 -28876 54881 -49520 -35070 -32396 -46237 -18198 -26376 6697 -64711 -17540 -32472 -7742 -62623 -18315 -49731 743 57414
r206 19477 -65429 19011 32493 -39027 -11186 -28307 52386 -51321 -53306 -8286 -60557 23001 1034 60689 -35332 30810 -56850 61092 -28409
r207 -17050 19432 -32009 -27901 -48638 -23812 -17920 -12245 9790 52189 -56101 4343 -3544 58215 9443 50864 -60311 -58962 -50102 21458
r208 16366 42286 -8861 -47883 63725 50633 54572 -49494 6821 20012 -32391 13648 62332 7714 -41726 -53022 47723 11665 -57950 21392
r209 -30595 9260 -44962 8978 -21184 50065 46986 38465 53169 -6933 -64411 -38395 44443 -30578 -23653 34717 -14895 -30891 -39068 -10824
r210 5227 -28859 2288 120 -42002 14709 -44410 48773 -21661 3312 -9249 -39616 21150 10755 47905 1091 37106 -642 9652 -14211
r211 -27904 57948 20145 62782 -37606 -56586 28024 45559 -44189 64730 10814 -4624 -21959 -48968 -44679 53375 42640 35035 42296 -58426
r212 4838 -24802 63295 -60026 61580 13247 -48963 27692 -42499 31871 38316 -61319 -5354 -55796 -65201 -10357 -12053 46702 -45438 -24115
r213 -42099 -18510 -16772 636 -61144 29057 49471 -37419 60413 -59387 6351 4575 266 -42198 45520 -57584 -45551 58063 -58307 64888
r214 40626 38299 -26835 -32127 -4841 49887 29669 34513 -5651 23667 54704 -34444 65464 -40954 20599 11118 23304 25062 4038 -17973
r215 -26232 -34494 46690 63611 18066 -53943 59333 -28842 -53953 34825 51844 15957 -5563 -60807 34869 38421 25203 -61731 2255 20488
r216 -29966 40423 64361 -32330 -49794 35149 40579 22388 16522 16446 -57080 60548 1496 -30216 -19749 4295 -59459 -45347 32398 -52129
r217 34464 -58592 13151 28998 21583 199 -34355 -22444 -47903 -63614 8115 7632 70 -31283 -3055 -23251 -13978 -18589 -52683 -44367
r218 48557 -62770 -56576 -18896 -30021 26335 38126 -62134 -47954 24533 62427 49357 -51021 -60793 47400 -62366 8937 35888 -45751 57185
r219 -9965 -30147 19787 -8628 29231 28628 -6277 36421 -11693 58440 -56933 -57989 29121 -3861 23785 10874 -57 12578 18059 -42790
r220 51074 25169 1262 -4093 51685 59358 -11766 -15898 -30657 6137 -48431 -62061 -64210 -3299 61239 -60150 44082 2214 41451 34655
r221 -4243 28263 57907 -53397 24409 62156 30152 -9269 39609 -2530 -64553 -53699 26381 -12735 -52020 21590 55458 42711 21721 50391
r222 -61622 30722 -43117 -37242 -36669 -28175 3988 7809 36369 -10514 -26803 42395 -34103 36831 -33746 -6133 -1773 6331 -45591 -45200
r223 38474 18506 -63259 -7819 39055 -685 -34007 -17870 26707 -44022 3433 -3336 61013 27223 -31586 -39589 7634 46984 42209 35678
r224 -59903 57214 12254 -43860 -50970 -9558 -51658 9648 -44652 53409 39276 -64972 -56067 -6374 -6606 -43980 26014 27753 28827 -2121
r225 18919 7638 46448 -43953 5930 42182 39924 -46896 -18397 6484 55628 50719 27120 54415 -29998 32172 18360 1969 8189 -28893
r226 -42258 21328 54726 -19891 -12081 22067 -17610 -19414 -59276 42984 -56054 -48771 -19513 59052 -40962 -12350 52976 -21130 -64813 12674
r227 1931 34050 37274 47078 45365 -48942 10459 30752 -57957 -265 20786 -49227 -47432 -5142 5041 -15176 -18236 63111 -11668 4868
r228 -33995 8150 -43075 12957 13892 43888 52434 11256 -8303 39232 12698 -43560 -1209 43264 -11849 -28424 -42102 1450 -54482 -5290
r229 -30032 -62504 54576 -11296 32052 27837 -65435 42876 -7537 21003 -15682 -7957 30981 51529 -35123 -45008 -19263 -30327 -58545 9517
r230 45199 -48357 -64484 -44388 23186 56344 -34703 -5630 -1195 41648 50875 -3999 63838 -57694 -49846 -33244 -21590 -876 -2633 15910
r231 -17219 39851 48247 -57822 17471 -40654 34765 -6525 36241 15369 -13992 51832 -64529 30139 -57694 -11922 -29488 -121 -13167 -32423
r232 15697 -55071 15178 -14476 38455 10169 -19626 42366 -45149 14371 28164 -33042 53339 -45842 -42996 60112 58798 -28866 37399 21879
r233 -34269 12827 55561 -838 -40038 -35501 33099 -34037 -21180 56235 55065 -34704 16025 -19143 22950 -43224 -49570 -53170 17372 62465
r234 -36017 -36355 -60219 -56147 -36375 -41741 50082 12846 32031 -55048 -10157 -28142 -1719 -60519 -27406 3394 57834 -8017 2088 1999
r235 -56243 39063 62707 16511 -3879 -35921 22576 52175 -44916 57770 49229 24407 35289 42256 -23164 37057 62850 37355 -4228 -54372
r236 24364 5695 2131 13960 42571 -8159 -45887 6486 22606 50109 -41931 -22331 51193 19837 -16084 64786 -10476 4896 -54983 17173
r237 -59033 -18405 50649 -37816 39641 39672 -37698 37532 64417 -18928 16439 -35302 -65287 -36300 44003 -30658 -37504 -16219 27638 7714
r238 -54438 62181 -28103 -7091 -41264 19140 -9766 35563 -38438 65105 -50853 -51453 -54678 3913 -32518 27663 9248 -4137 5480 -43081
r239 -17419 -26691 -24467 -537 -25759 41545 34211 61706 16144 3139 27989 5272 29638 28027 26847 53651 -7917 -25065 62954 -55467
r240 59402 32519 -4732 26909 32575 41000 -26606 33741 59201 -11144 50669 58480 56898 -30536 55590 10067 33159 25652 -16038 -44018
r241 -4123 -42391 15500 32272 279 -43816 -45902 -32085 15515 25489 -40061 -12315 20214 9408 -54092 -34831 39458 -58112 -43253 -24110
r242 -21170 8200 57429 25230 -53690 65514 63059 -25583 -43713 33074 -46524 18410 15935 58480 -51187 35658 33548 -50210 33785 -22544
r243 58158 50503 36708 -54827 -34144 31205 26131 64340 33978 -21818 40243 -17246 41903 -32407 -12842 14390 42519 60002 26993 12444
r244 32830 24799 8164 2872 -18212 -49005 56601 56688 -41437 22554 -13534 60463 21762 -56288 -7239 26472 38537 48103 -19757 -32787
r245 40135 -11387 -49806 -37100 35668 -2819 -58005 -9154 -55854 -31633 -64529 -58333 9575 -17857 -52107 -7047 -44038 35174 17490 3550
r246 55136 7113 10400 49797 21848 -28075 -4953 -2996 -38361 13160 31987 -42088 -42990 16964 -33499 -22476 -53475 -38248 -31144 -26687
r247 64249 -10840 -54944 -46281 30711 -12881 -18392 6613 -48691 -49238 -63480 35630 32009 52789 -21900 52545 833 21802 64657 -51255
r248 16283 11704 45299 -35614 41212 29259 -18773 -35421 48508 10407 61509 -29175 -39166 -2382 32553 47428 -43220 -45937 57037 -23466
r249 -53991 34024 -53950 -26024 -15442 -11030 48010 -4216 -30120 39490 9130 55999 14018 -61791 36960 -62372 34669 -4964 -34294 -30356
r250 28965 4674 36506 23850 56060 15102 -4181 -41588 -8863 3448 -10957 23052 -24704 -56376 -63585 29825 -30759 52966 11724 -15539
r251 41052 -2819 6435 -40415 -62814 -32054 41071 20294 6272 6983 22531 -53196 45454 -65463 -37271 17762 10643 64109 -33562 -47773
r252 -20391 64064 -23945 -11678 51307 -20074 10523 37449 63310 28433 22921 -15303 -1185 -36785 -44347 -7071 64001 39770 23553 46409
r253 -42038 -63137 -62846 -12804 -58987 14273 14158 -36421 27774 26454 10234 32799 20876 35622 -4271 62342 65311 -20618 12422 8422
r254 -11292 47478 55115 33767 9429 42653 57966 54746 23041 -57726 -58450 -57113 21843 -16404 -42458 46844 -56512 47946 -24901 6848
r255 62938 23759 -57591 49164 -64003 -11273 -37476 -27531 25549 56461 -39293 8698 -56382 7839 22615 -24119 -44929 5911 26302 -21488
r256 1429 35027 41319 -2461 -15627 -59853 39881 15946 -10639 53712 26655 50489 -56230 62499 -13514 -43883 35021 -3441 -6187 -12213
r257 26511 -18717 -4937 -34721 31115 -35597 49837 56955 -992 37699 -49380 61030 5230 -10446 -47202 30593 -12970 -51707 15098 49640
r258 -54655 -8986 26409 -52883 5774 -42703 41741 32557 -51840 -38868 -5526 44167 11777 -508 48174 26685 55073 -49690 -30320 -56299
r259 57651 52350 41757 -57373 -39946 -52611 4987 -8765 -53104 -61688 39248 3747 58923 23500 -28217 42062 35411 23671 62834 -42864
r260 21977 -6169 1695 6710 -43073 -17285 -37906 -7768 -13966 -36770 56336 -23107 -36505 757 53003 -30312 -12564 33538 52556 53137
r261 -48619 39435 52423 -29323 63467 34387 21521 62238 44178 59964 -62328 -41922 11618 5734 20960 -54153 24523 4421 32091 -6725
r262 -48012 23272 -24642 -15181 -53584 3229 16140 39809 -11705 -34570 -13807 -41230 35346 50703 40148 -25931 28681 18470 4611 -15727
r263 42347 -10097 59415 40919 26458 -14783 24114 61508 56897 65286 42037 49144 -48689 45110 -26397 15392 6147 -2660 53830 -58466
r264 -63467 -43406 -44650 -60917 16619 24528 34526 57307 -56050 -13189 -36900 -9782 32334 -64864 45839 -43020 -28951 16209 52344 -18472
r265 30571 46690 -534 29676 9561 22890 -44925 36202 -15842 23059 31782 -60921 -65485 38499 -1171 -21279 47161 5195 32714 23648
r266 -56245 -39896 -31776 45172 -8669 25931 -21193 -52489 60590 -54058 -31312 16621 31013 -62334 -57626 -38521 -46919 -13495 -24497 -22917
r267 -54732 39631 -51120 -59548 -61191 -48870 56971 37803 5598 37410 -19063 -27319 23878 48084 41386 -48661 -65512 -39483 -35997 17624
r268 -23255 -4342 56869 -23692 -27498 29143 -5029 52289 53531 29744 -4114 -23660 -41037 -28583 25467 -63489 -49448 -14691 45739 31764
r269 57319 13668 667 -7482 -59303 63637 22146 3879 54245 -54337 -54608 64359 9566 19784 -19981 29535 49793 -61290 11044 -65019
r270 -56109 -4906 -38435 -58439 -49149 -59597 -60528 44004 -31284 45663 -45524 51886 -53740 -64712 9525 -13925 351 -29822 19343 30354
r271 53850 47917 32545 50239 22028 39879 30315 -24063 -53315 9959 56301 63426 -59305 2315 14218 30705 -56104 -1491 -20338 61937
r272 29637 44439 42869 12998 -47586 6531 61768 42936 -34749 -21427 28862 42370 56685 53393 -52244 -25185 -32327 28642 32072 -37226
r273 57458 -37267 17481 5988 12472 33734 11414 58538 25002 26450 -20086 -53955 61529 50397 -51880 -6295 39281 -53628 -46985 -45038
r274 -15141 48797 -40742 -11298 -64603 -31743 25523 65273 44437 -24612 6483 51913 -56858 4719 -40818 -13321 12303 -45289 -19163 -27579
r275 -29541 11413 27155 -55409 517 -63619 54131 -63643 8755 21509 14367 -53125 -26776 -14831 53209 51911 54762 48712 -43894 -57137
r276 -45578 50503 -64108 31042 -50231 -37449 6813 4079 42832 15516 -21543 56994 -29995 45969 5915 23879 64754 -39460 -25198 -21392
r277 -21292 1901 13793 30258 5993 34859 11308 -29774 60994 13728 -17054 34147 -4499 31803 19325 64524 -52548 -26845 -32688 -37874
r278 21095 -42259 40457 34032 -4723 1537 -16463 19388 10198 32990 -53309 45531 -45380 -12358 41261 11503 -50102 64726 5083 -21492
r279 7753 27520 -5690 50334 53468 -14687 -4261 4287 -65164 13114 -50984 -26682 -38298 38365 11193 -23861 44593 1726 -10156 62905
r280 55011 -31917 -21485 55368 57529 10194 59403 50830 -11406 60725 37415 19464 -36702 -46098 -62532 -33334 -54633 16701 7711 -8541
r281 48180 -15394 -36747 61775 60931 -57638 -20815 4562 -23121 -59200 18489 12092 -65304 33486 -20371 -55869 25622 -10436 -40892 -19237
r282 -6027 -34233 -62382 5922 23606 -34846 -9691 -5923 -45909 61168 11889 17833 2534 -41169 -29002 -45122 -9468 64366 41669 -58491
r283 -456 46941 21663 49390 -11321 28273 -59646 15162 -32023 31732 9303 -6466 38806 14796 -41925 57325 -65331 -14531 51431 27044
r284 26541 -36829 12699 1396 7309 -46211 29024 -32830 34954 52423 -63655 -32326 27899 -55432 46865 27555 38896 -51319 -58449 48059
r285 -48688 9936 18587 -60746 3709 -31306 -36625 -17910 19444 -45982 1577 45538 -34688 -35724 64364 -35550 -11229 -50693 -37323 55569
r286 -7478 31982 -59628 19388 750 19800 -52680 -52512 32904 -41924 -39640 -24851 -50673 21445 44736 8137 19257 42751 46360 -60950
r287 -58160 16645 36007 -29247 -54685 49019 -11597 -33223 28278 -15616 48284 9018 24389 -23909 29615 -35269 -7680 -49325 53781 22724
r288 -39638 -21886 -1329 10668 -11143 34668 18968 23565 6102 -31644 -12256 19265 21838 56014 34953 1773 52764 -37952 58971 -2797
r289 -38891 35754 50848 -55271 -23967 27239 -59978 32375 -56056 -5631 -29004 26168 61817 -11864 -59562 13743 -9614 -62068 29456 28881
r290 60664 -41982 43196 58943 55278 61108 -26564 48396 -7930 53224 28550 37167 60193 -20844 10899 -1411 -45005 -52160 50139 -63234
r291 -18802 45102 -60038 -20925 -43112 -37851 40935 56540 -8473 -51330 -24572 31584 10450 14734 54048 -41214 24409 -14109 14135 -40882
r292 -47076 14185 -14379 -57910 -24265 -54966 -15802 -6402 -15269 -44419 -31451 -12912 5099 32263 -16158 45682 19624 -42291 -59175 -38947
r293 49444 -12252 35592 43780 -14818 -45211 7591 -17647 -33636 -26635 -47960 45898 20433 15151 -64988 4654 -39375 -8108 -40663 13094
r294 -10127 46600 65489 -47735 -25834 9335 42039 9745 -13970 54687 -50756 -39094 17382 -30054 6716 43037 -61924 -55592 49637 -21691
r295 6055 -24794 4517 -13804 35359 52928 47173 -18556 -2225 -22328 -41239 62570 -60448 33847 -65160 -15664 -41143 51321 -13426 -7538
r296 29125 43857 -53390 -49750 42575 -24968 -10779 27052 -33005 -30809 33528 37019 25542 -45964 -33721 -8074 41536 28695 -52758 -33556
r297 40019 -22948 -62785 -48446 34484 -18844 -61717 22953 -24871 -23648 44188 12072 12358 -58638 -40787 12560 -53851 23059 -47971 -51687
r298 -18000 25264 -64376 46921 49808 10576 -112 -15527 -27976 -57729 -15654 13496 -13566 3906 -2911 9008 32527 43564 -28970 -56447
r299 -7076 -59272 25199 -40727 -18008 -42931 -26779 59773 -21368 22327 -21857 -63996 42627 26232 -27368 32730 -3111 -55903 -63463 -37929
r300 -7361 11323 3244 -61331 -13457 -60158 17074 -13332 42748 -2841 238 -35647 39058 17942 -33325 -38812 -15900 -36215 -22716 -17823
r301 31675 44245 49567 -63110 53430 -31154 52340 15581 -61591 -24575 1974 -55044 31253 -34214 -3363 -12356 -7494 -21755 43103 38056
r302 -18295 60841 35982 -54756 40570 44920 -61607 61809 -35785 -43130 -20250 38210 33577 36683 -27188 -16550 30167 48801 -37037 -59101
r303 -51563 37165 4795 -2516 -34235 39305 37062 -36298 62103 -49496 7541 31783 -59158 -60054 63162 -58409 10491 65058 8512 -46743
r304 -62912 35998 -4319 38315 29998 11246 -23107 -57548 -8737 3770 -1730 -3574 -37444 20333 28363 23811 11114 -23681 -13748 -63571
r305 -43800 -11530 -25325 10786 -1470 5648 -49810 15114 -13086 -26016 -31990 41957 35425 -32899 56677 45268 61963 -54997 -7249 446
r306 -31804 45757 16283 35776 -48704 4021 44028 35157 27849 -53086 45308 -4726 56551 50118 2072 48727 -9868 15343 2844 -13151
r307 11416 63099 52639 18625 -11587 2582 18851 -58892 38725 -15209 34394 9804 -7844 11809 13803 -32624 -42771 62568 45514 -60257
r308 -22186 63994 -1474 -61853 -13241 5305 -57908 11780 29417 7306 -871 -44377 -17350 -10826 9590 1221 31025 17861 12113 38667
r309 24391 26147 30561 -46047 -35374 -4713 -19650 -59722 -34542 -6959 20184 37414 -28000 40360 11271 -55485 -15507 -6463 393 -34685
r310 40295 34210 46413 38198 38959 -42680 52275 -65529 -52161 -19431 19320 34129 -34365 65007 -13200 58719 -3463 -59380 -23055 55920
r311 32930 -42215 -15926 -40744 11410 56888 -58290 50932 23911 -1979 28697 40758 -42438 20246 22123 -27552 332 -12608 48351 59129
r312 -34974 -58257 4965 44668 24546 44790 -9340 -28418 -32726 -29716 -28824 -58636 -30688 49810 -22373 -53977 -8330 -32913 -53187 61636
r313 37556 46003 -45671 -47664 -9886 3687 -33151 -11128 26133 -12293 -31097 -56303 57677 1488 18299 43550 -14543 7487 1022 -49050
r314 24939 -44544 -30892 -58661 -36080 -14124 19549 -5245 39639 -39274 1820 -3773 46840 -53184 -15174 -4308 21193 -46652 19033 -27376
r315 -51254 -41344 -44017 -15137 49219 -40830 -20558 22864 -21272 -53098 7387 54110 -45124 -56717 -53603 60724 -52886 33354 -878 3887
r316 -18156 2825 -28235 -41221 -19554 22231 24331 -10054 17933 -59268 16617 -20113 34765 -37766 35820 39775 41264 18766 35912 -1842
r317 14782 26501 28350 19178 13357 -4398 63673 6934 58399 -9852 44355 -43885 -51220 -7593 16494 -23318 -43581 44761 -49803 5467
r318 40972 37259 12973 -46694 -26804 55084 62408 45082 -54812 29979 20104 -13526 -56743 39922 23357 54930 -21630 1785 -53190 -21979
r319 -53509 24232 -32583 50528 23267 12191 -17256 1145 -9246 26454 -22589 -57267 34219 1761 34566 3674 -14594 -52735 -32515 43453
r320 65264 -45527 -18077 -54127 30827 52040 -58535 38166 -43217 -61911 -7122 -47971 34377 24309 10271 24496 -54617 61106 -19535 -34665
r321 50175 61964 9392 -43340 20191 -17731 36275 54555 -29625 59816 2128 -61912 45288 -46102 -40636 40945 -33978 -46033 -52518 -47083
r322 -30445 -25902 -26011 27510 -16211 -25376 -46990 -53950 -50360 -63310 -34952 -11808 -52130 46789 -54635 -51660 -29883 19397 -33160 29829
r323 10272 36859 64360 -17162 -28105 -9366 -18267 19011 33365 -549 41921 -12885 3941 -61914 -56875 30155 -14571 49424 -35729 -24187
r324 -47283 -25581 55858 -31843 32110 48049 -27484 -29670 16329 -54644 -64464 20799 16107 23265 -18819 53410 48785 36933 -60560 -61076
r325 -9558 63929 35892 22058 57738 -33604 -4890 35629 44123 -19949 -15407 37378 12996 42234 48883 -33123 57061 -63905 -47292 42164
r326 26357 43099 20946 -26683 18027 -25667 -15867 7943 50174 -39184 -24732 -49259 -22272 -5309 2872 -4005 38387 -14721 58225 -17531
r327 -2808 10495 -59757 27579 -10213 56335 -4735 11824 -21506 45673 36876 62057 41329 -48852 -58488 -56717 -43989 -24262 -22096 -48031
r328 -26614 -30087 -31326 867 -61291 39035 5014 -63439 -49538 -5078 12735 52310 -42550 -15822 16952 40801 -26028 -33934 -64307 -18862
r329 12634 -54751 29018 39389 -31333 -20063 -45756 13606 45419 46610 -53606 -36776 44710 -47297 706 37998 -18076 -42256 28200 3790
r330 41388 41955 51574 -10088 -3947 -16335 -58906 -25413 18738 -35151 -59479 -43066 44743 59097 22978 -31812 -61047 877 686 42003
r331 2183 -44038 -45694 -18719 8617 37717 -33279 -40823 40031 -36713 45747 -997 52726 26813 20113 -63645 -16924 27596 40664 -51708
r332 29609 -15255 14253 17888 -26270 -17686 -25722 11052 20881 -60889 45558 -16599 55210 -34415 45311 -34932 -46524 -41460 49750 -35751
r333 40706 -14223 -15393 19770 14887 -14430 10566 -30758 201 -29082 -23307 10550 -58770 18198 27060 -22358 12358 3110 -15611 -57359
r334 -24285 -41160 -13693 -15995 3490 23254 -41389 -19738 12912 -32895 -60346 -31116 51296 -47554 -11179 27408 -22994 -44449 4026 60754
r335 -43425 18907 -52522 53076 -42448 -59635 -12261 -28643 -42855 20940 27714 40161 17296 49990 27385 -46102 8780 -39348 -59363 48939
r336 37829 -65315 -33439 31582 62999 26798 -6610 34955 -23152 51893 -3951 37025 57009 -6959 -64390 55476 -64110 -62116 29074 -8184
r337 12618 52964 -29185 25769 1675 16545 -8200 52040 -51137 -15311 50152 49247 -45896 -49263 25834 -29573 -62408 42627 -22578 -37323
r338 30443 55871 -2527 -50403 -28772 48925 204 27145 -62516 -15913 -59801 22354 5580 -26487 -27169 -49877 -48805 -54149 31006 2986
r339 50660 -64718 16569 21407 35455 33096 -39737 -6751 -39247 -4980 -20266 -27980 -50521 -24762 -28130 46905 9843 -38687 40416 -58283
r340 -21855 -54133 19546 20621 -51208 -37822 44642 -50095 63774 -11816 60492 9434 -50889 14896 60704 -3375 61014 -33483 -8265 13129
r341 239 246 46677 14838 -35479 40328 6697 -21895 -47639 -60099 48862 38196 -42981 41728 57704 53199 14094 61811 -4563 -22761
r342 -20396 5468 52290 -25552 -27625 4937 22460 55576 -26396 -31829 60316 -25717 -38626 -18369 -39239 -56232 11716 31686 -23184 -35877
r343 43823 -47722 -56179 10561 58282 -31761 -19165 -44202 -12623 26162 -51731 41250 39458 11378 32598 48091 -11212 48051 48433 42784
r344 57106 -44649 44011 61879 15301 48266 -32460 -39592 -4259 45821 22717 -28985 1492 -45454 -48025 -21872 -51588 -43863 23838 10058
r345 31520 60338 1986 27460 41933 30107 60313 -53593 46537 -5721 33653 -1593 21630 50225 6508 59599 -46185 4098 61331 -16727
r346 16688 57980 -58398 -30125 47441 -21034 54011 15078 14641 -26489 63601 -39053 -6344 -62858 -26334 24556 24444 49945 1837 37935
r347 -62884 55706 -36272 8588 -33195 -29437 -23767 -63595 60733 969 -9083 62529 37132 -32311 18914 -39130 38095 38577 -25058 12258
r348 -29881 -23852 7683 -23703 50813 57798 -5487 51027 -50186 7033 -28973 -30810 25555 -33461 43264 -58474 33693 38737 -22281 32652
r349 -62949 27315 5218 -19819 46911 -49049 -9970 -50659 34160 6103 -20294 -61953 39163 -11336 12460 54655 26225 4765 49818 895
r350 -40920 28776 -38310 53619 -24163 8363 -62050 37852 59524 -35233 36954 -43308 -29101 -9609 37138 -7193 -6125 19729 -7792 46044
r351 31384 -182 22488 -58579 -39822 -6464 -22118 41528 15488 -47158 18283 -31040 58591 -21104 53117 -51415 30620 51607 -51962 -25589
r352 16905 43265 -27937 -41142 -2727 -43920 11274 60050 24302 -2145 63375 -60720 58599 41477 63409 -53937 63535 -46672 7348 14296
r353 48937 -44474 -24602 -26707 55939 2087 45359 -38331 38152 5780 44821 48055 45570 -57031 -2879 13041 35717 65175 -62979 9323
r354 -18456 7832 -13691 -12167 6251 33372 -47585 49713 -52000 -5277 -42193 -63720 -5680 62071 -34294 17366 -50572 63639 46140 60134
r355 52372 61105 -14271 -49251 16382 -47816 -9061 -53995 -30701 62738 -54473 -63656 62644 10421 -55089 7366 10934 -62855 22476 17146
r356 9233 34253 60087 16784 49412 64347 54557 -58773 -21045 39144 8486 -25059 54563 47036 19672 -55234 -28966 63763 -47468 23060
r357 -46422 26243 20375 32390 47283 -48512 -41291 2729 17773 -43708 -35583 -24960 17907 5098 62058 8214 12469 -22155 12252 -16220
r358 36459 29621 42370 -25108 35454 -65432 -37329 -63736 -8013 29525 -2565 -52509 34564 -30623 11022 -21292 35535 692 14397 51609
r359 -51907 -8487 22904 17547 -49835 59490 15788 -23549 -353 33634 50461 -47230 5960 49851 45030 35385 14027 -19762 -63422 -934
r360 563 -29547 59847 50969 33670 -11352 8244 -54582 -23114 -8298 62000 -64371 -10479 35014 -61937 -9932 -37137 -17849 -35962 -18555
r361 16275 40232 16759 -1539 41031 -53312 -207 12929 -38049 44342 57863 53215 15050 61269 19320 -16713 -36152 -48847 -21199 21964
r362 37156 -59281 -39136 60738 -49509 63824 6682 -64219 62021 -60041 -49873 -50865 35360 -61941 -39891 -24533 -14308 -45865 63724 -2749
r363 8174 56561 -38963 -8588 53370 -27654 62149 -16847 -29320 26470 -22423 56177 -14918 -36193 11007 -811 -30612 7408 -1123 8450
r364 33202 -51590 -27143 -12859 15945 11999 50281 17049 -60349 36675 -63118 -27726 -6403 23643 -2705 -12233 -21480 -50959 40723 62876
r365 -58831 -18919 25836 -42548 -33855 39363 7926 13694 17648 -50099 -27188 -52024 7568 -54194 -21365 -56618 -50518 21404 -33206 -29842
r366 64538 -8701 -5465 38461 -40936 -25183 16980 21782 -47840 4188 -39640 45741 62903 -50951 29985 -58411 11807 -15301 -56686 53880
r367 -29810 21379 24985 -27281 -9443 6707 55006 -57270 47554 -42508 -56222 -65128 -14425 53946 38716 -40518 -13491 -2072 32623 37367
r368 37468 11490 52248 37532 -59411 -21653 -33114 -41015 4454 -42650 19756 55489 -23733 -57740 -11472 58554 -6008 -38997 -49481 -25072
r369 -17729 37237 51876 36885 49068 -21868 -37387 5297 18223 -51377 -9726 61060 21620 -7612 43100 53197 25338 64885 -42579 -38328
r370 -55750 -27974 14640 -11835 -32466 56525 298 -50850 -3274 -16271 -37755 -22817 -2096 -60003 29536 -17431 21089 -47994 50993 -47814
r371 -12524 -12121 48593 -21647 37248 64795 44976 -41623 42577 -53083 59369 -64187 50417 -34366 -29717 -50822 12020 -41589 2648 30302
r372 -52974 17313 35546 -389 37116 -59207 -6647 23088 18637 -64682 -32543 -24730 -9779 26101 -2408 64677 36197 38202 -15048 -15212
r373 45127 -12641 60020 22227 -7774 -22653 28291 -49109 59396 -8212 11602 28272 54381 44957 -43984 -36242 -25048 47012 26328 33281
r374 -51818 42342 -22839 -7505 -29849 65506 19620 8782 19891 -15739 62305 26203 42383 -55622 7040 36311 -35819 -33717 -10618 17405
r375 29887 -22632 -34933 28962 -12305 -19531 -29083 -31217 192 27327 -41 -10149 -56603 45015 -2673 598 57885 -40367 28421 -14687
r376 -43833 17884 60042 10558 -1928 -29535 48128 -47846 -62280 60499 26417 -61057 -6968 -47153 51855 33309 -38520 -35945 16038 -23396
r377 47425 46271 3462 -32564 54273 -65393 34443 -53897 -38571 6745 30082 40825 -61123 -6833 59786 6748 963 -44497 -54547 10988
r378 53768 39755 -23534 21272 13937 16451 -6975 -54804 62589 44181 -23518 -1564 5951 9359 11298 49501 -25602 -20990 19035 25740
r379 -32083 18824 33219 31325 -64070 -29668 -35205 29328 -48025 58889 -51166 45114 38489 60 54059 -9904 42971 -10583 43924 -4219
r380 -14731 -27517 -22950 -7640 -58411 2012 16755 41357 47421 32331 15802 60872 20456 -59684 -700 62748 -22471 -28009 62871 -42939
r381 -15288 -52278 55835 35643 -62067 -55852 27088 -55785 37298 -61770 -42161 -8500 -33616 -24716 48351 -14054 28055 -36380 -40798 62403
r382 -2944 52162 41807 18996 -45304 3394 -61873 35078 59879 -36599 25864 -41929 26016 -12300 48566 7335 8753 65361 15933 60449
r383 -33964 61027 -695 -61552 56185 -6595 -62765 -43176 -7849 6097 31221 -37660 -36856 -17870 -57235 -43515 -59383 -24508 11403 48306
r384 -37146 -37078 35562 -57366 -58050 -22473 28595 -51282 22348 3172 60999 -34028 19929 -21451 -9307 -10631 45406 -30788 -5846 -2555
r385 -13123 -47232 49456 54431 33583 -48761 -55926 13625 -3076 -46751 -19336 -35692 16449 -16295 -31792 -35644 -30178 9777 -63590 8326
r386 38743 -38738 -19549 17098 -25554 6332 -30074 27942 -51465 58148 -46522 38204 34175 12334 45768 45930 -43739 -27263 6109 -63903
r387 33776 -11106 -31107 -25989 58942 -40486 18770 -35849 -37679 21980 -35514 -54430 -13107 55004 -56831 42926 -7292 46172 -25083 -49826
r388 -1098 39376 -64369 32960 -6632 -31505 57006 39400 27892 -42951 -12615 11966 -61601 -30430 -53996 -53753 -21065 39355 5420 -63496
r389 57254 -22178 -1425 -3972 -4391 42972 -45644 34261 -24498 26137 -16091 -55933 1844 59843 33756 -14466 -6519 10153 42744 30602
r390 21890 32985 33115 58329 -34548 -52986 15750 -50335 -20104 944 41054 -50767 -39921 -12124 11489 -27016 63932 -1217 -43130 28729
r391 -25663 -53903 -58502 -38152 63391 -18484 57666 40191 -18167 -54276 6757 -36287 -44584 29082 -1160 -2262 32870 -21563 -30953 -10668
r392 28670 -35008 26608 -65078 -24606 -5361 -56808 2062 -29261 -15063 51528 -49107 -3665 23146 -6522 14747 -32837 -31926 -7178 -23535
r393 8193 -23702 -38637 -30208 -8527 -51479 9519 393 -55014 27548 17091 29733 -23102 -7798 54768 29576 17385 57759 -61119 -45681
r394 18437 -54889 -41163 46735 -50865 -22307 28161 11040 52282 57767 -37963 -56329 7725 13441 -62368 4069 53301 -30960 29514 -895
r395 23915 -44212 54230 -55878 -18317 13770 -5919 -60317 5758 29196 -45065 -54166 48849 27670 3491 -15456 -38805 -50153 11893 36950
r396 -20562 65371 -32779 58056 28340 -14979 32761 7830 55320 -8740 -35074 23899 56395 -19920 13151 -49501 65085 -40209 32976 -33120
r397 -3092 34366 58789 -61700 45095 7896 43242 -57682 36685 20885 -49308 29202 -43140 50806 -12147 -8551 6271 -22759 -30015 -45837
r398 -34649 -23439 2148 -33670 -50024 -35624 46554 43418 -57198 51134 -42090 53846 -61710 -10412 -50990 -49395 -40469 -11956 47183 -25300
r399 16662 -65294 21127 -52890 -16985 -19558 5414 48030 -60243 6044 -31665 -48555 28653 17639 59904 -40025 52644 -12738 -5817 51276
r400 24892 -52415 12113 -49571 39517 -43517 56516 21075 7745 50993 -55146 -16109 -14272 -33112 -6532 38244 -32768 1988 37104 -23267
r401 -43993 -23500 5907 -28972 41294 -19420 28075 30966 65387 55197 -50581 58710 37762 -25847 -57426 -35836 -38137 -19829 25534 -4143
r402 -57424 -4072 6222 23051 23977 -20726 -4289 -23555 -24084 64957 54179 11437 39084 -1101 -19587 -30130 -43899 63623 -16145 9413
r403 35075 3314 -8232 -10435 -31055 20428 -26725 -29964 -31513 -63936 56109 62982 14044 -2103 60600 127 35834 -12869 41574 15989
r404 51057 -47125 50076 -63472 17042 -45698 916 -50065 -7667 5435 62708 3674 9759 35540 32572 28549 58023 50743 9578 -9088
r405 -52539 -45022 -51118 -57253 30251 -9460 32359 4601 -35279 18129 -58452 40453 22888 -32927 47920 19795 -3252 -10952 -19294 -8682
r406 -27689 -54616 56155 60224 60357 -64327 1625 4181 -64261 -19333 -27558 36499 -59607 -24805 16293 23132 -36817 18646 -1352 14190
r407 -22642 -9885 58301 38778 35619 16761 -24883 -24244 14307 -34416 6802 -3285 46000 -21634 17006 -61320 -28588 -39397 34263 45085
r408 52684 54918 55107 38487 11692 4685 46538 44416 18903 26083 15843 37783 -12565 -12182 -23064 -51047 2531 8803 -18531 31281
r409 15286 -38257 35903 -64701 -22432 14393 55239 51171 10197 25543 9271 -4019 55297 27175 52561 -32942 46333 -5828 -26346 7718
r410 60193 53332 43729 -43436 44022 4692 -45557 -62530 56509 7253 30999 49288 6519 39218 42579 -20089 -31010 -34416 -59827 25865
r411 56886 23779 51362 46954 26867 52309 59019 -14829 -42179 45747 5067 33528 5143 41070 60553 -41294 -34831 -44620 -6457 5535
r412 -58357 19108 43640 7586 8784 -3402 5027 12024 -20327 -23781 -4324 13792 48391 -34856 55936 -12612 55715 -64088 -20805 4143
r413 -58861 -35512 -7552 -43482 32386 18132 -21131 -7494 58912 27739 -169 -42854 -18978 -48303 39379 -20048 -19302 44838 -58066 45203
r414 8136 -58822 -36184 50946 -5029 23555 -4263 51771 -63733 -30920 -52304 52793 57858 -63216 12040 57909 12642 12798 -3872 4599
r415 -36849 52624 23038 32546 -6258 4552 47393 -2102 -19338 17712 -28753 56358 -51241 16277 40420 -31109 -57008 -46157 -39741 -31399
r416 22513 -55663 42385 52083 2700 -32288 5738 38500 -46295 -30004 14212 -4915 -30505 29982 -34008 -41395 46870 -1655 58123 -12283
r417 -14864 -20211 19328 -37364 32081 -40940 -12028 1163 35324 -29592 -59529 -44770 39021 12748 -54011 36551 -44711 55297 -54542 12891
r418 29270 -48500 55035 -5697 -64546 -57128 12293 51727 32312 55962 -46841 -2179 -13870 -30480 12302 24093 -30015 -61341 -51871 -3192
r419 -42677 3130 -18680 29499 -10157 11549 -23142 -21782 53364 45256 -30057 -51329 28201 -11070 -20273 -33996 -61611 -6274 8154 43456
r420 -64801 -41667 -46121 -47558 19337 -150 51073 -39663 8482 -7498 -30639 -25604 17004 -10788 -24816 981 23207 40378 4161 20674
r421 12571 -42500 -48163 -60779 -40520 16040 37079 21878 16170 -23418 27556 -14504 -1981 -916 -59488 5388 39865 -8618 64866 37306
r422 33115 5384 -48877 44542 34190 -35897 -16560 -29398 41358 23608 46809 -54181 -70 -22003 27495 41104 -57225 6297 55726 37773
r423 -1763 25437 -38507 30041 -46239 48571 -19302 -47028 17985 2474 -56047 -514 -9022 64509 58597 -8627 26380 57053 30075 -28825
r424 2248 -11275 -62099 58711 30458 22226 63886 252 56135 17500 54830 -60750 29517 -12664 -26678 34617 -48451 23519 -19401 56552
r425 58374 -64731 -46632 51307 -13259 -54255 -15927 62477 -25975 35828 12460 20888 53124 -60445 -56439 23925 -17140 34019 8534 62537
r426 -57961 -22514 15200 53159 -11697 -43428 -51765 9577 818 57887 -51054 -41953 -50206 61248 29209 -60022 -2185 -34761 14417 15208
r427 -38230 -5451 61807 35586 22190 24071 -64190 -58497 -189 59318 -24058 -44201 -52787 -51291 36555 34052 -50814 39347 39545 3637
r428 -59609 -4852 48690 62661 -61288 30996 -54083 13389 -56512 -11095 -64629 -42125 -56408 -17749 -37216 14469 -3542 -46614 -34981 -37900
r429 -44980 1846 51055 -32606 -47491 -12356 -64622 57868 36390 -46027 -27638 17240 -20207 59786 -40058 -26093 9023 53430 58761 -13433
r430 6815 -51050 7310 17353 -20162 13248 -5934 -27809 21625 7414 4826 9541 29272 50132 22572 -725 2768 -23989 5462 43064
r431 62506 -21032 -13403 -25684 25748 -43884 -16936 43723 -22526 24219 33450 -44855 -4791 -51467 2494 -56496 8897 15873 10659 -65222
r432 57915 -31141 40667 33517 19805 56447 31810 21982 -55483 -26624 -34327 43918 49334 -59464 -28925 -31222 -25901 -14346 -48313 -64667
r433 60711 -38046 -10600 60192 38516 34171 58814 38036 -25540 57531 -18512 -1412 -29212 54108 -17091 -18204 -62061 -26963 -1112 53462
r434 37288 -56877 -36319 -39306 44028 -18443 -23490 -3913 -36302 18801 50704 -13616 62292 45624 49754 48147 248 -55869 -17839 8357
r435 -6595 -38950 -6798 -53742 -17719 -33088 -26287 32797 -7943 -11785 64265 -60402 46651 -34280 -51350 -33994 -49090 -61179 -9799 14441
r436 -35799 4468 8774 -35866 -27859 38278 2677 59980 -16433 -7367 62489 -34708 -48534 54292 60764 2091 28457 -16934 38562 20609
r437 17237 36845 6987 57813 -13196 -58586 36592 23600 -26675 -54246 12640 -28126 62677 57671 -16549 -46990 -313 -20828 -32055 30996
r438 17646 30623 28825 16835 -15091 38220 2644 -8058 43135 61723 -52785 6796 44946 35837 27035 29263 -37068 31517 -19772 -36076
r439 -24460 49124 26061 53529 58110 -1092 37948 -3489 -32575 13966 17162 -48592 44813 -33023 -19278 17406 -6330 -55278 -47297 51619
r440 34327 11782 15303 31207 44383 -58864 -59691 -3448 61796 -8089 -51500 -43656 -47139 43697 2000 -33933 17731 -58945 -13035 -37687
r441 -36473 -13963 51845 -6656 44079 -12024 -53746 34835 -11696 -64567 -15656 60936 -46223 -44366 -37539 4990 -64448 -19722 -54989 -21792
r442 -56018 -58371 -48494 -9803 -61073 44410 19202 17005 -62790 64411 62892 11966 4471 13582 51290 -15437 34115 2766 18538 -62305
r443 -49917 26210 6165 -45456 -15299 19954 -47720 65305 -42901 -3925 21688 -36814 36190 30047 -27007 -18063 -6285 -10332 -9238 34013
r444 64474 29336 47260 -17638 -16032 15493 -9490 33080 47584 1169 11751 45587 -21674 -26446 2598 33867 -19808 -8413 32414 -38072
r445 54154 3960 -51167 61920 -1468 62915 45832 12956 13164 -3990 -3143 213 64549 18629 -14073 -5603 50404 22336 52179 -8214
r446 -5662 64090 40816 48132 34125 -31423 -19163 -5955 -53587 40093 -24511 -62171 56544 -33127 -21406 34394 -40111 22486 2662 -24937
r447 -12525 -42503 -38677 -61612 -20506 58914 -13562 -23686 -12542 -9756 -27953 -10756 -55328 -34649 40525 44801 -55201 59845 31276 -11770
r448 -1812 -22881 -27936 -4119 19417 50092 -42648 63827 2976 -14219 -8884 -14673 -56125 -38823 -15241 26861 -29350 28155 -41467 -45401
r449 -50401 34176 -26902 7676 57532 -3949 36612 38697 19873 20020 -42660 -34986 -39918 50728 51547 -6513 57783 29028 -48586 -32903
r450 -63160 15396 -46904 -18091 -11098 24079 27137 -25875 -3012 -30959 28610 20531 52718 -7049 -21653 14661 35008 -43708 57404 53237
r451 40538 -59391 14112 -60368 -58257 40738 -52483 -37567 -47772 53150 57221 -34367 -55907 -35514 24626 -34446 -59009 -22787 -31232 -61986
r452 45024 31455 59078 51877 -55241 37269 -37299 -43521 7544 27665 62765 51734 35779 -15294 51234 14409 60155 27418 2231 25012
r453 38779 28029 18342 3000 -39396 -25059 -41526 62064 -41154 26934 -31893 36166 -54840 7431 -20374 -41369 -38658 27441 50017 49151
r454 -64381 -37707 8191 -28340 60793 63085 -57444 6363 -43160 -44371 57345 7290 43492 37640 -34169 25191 20302 -56805 44393 -15436
r455 27929 9639 39886 -11457 26877 -46062 6530 1220 63681 -52547 -18123 39773 -52616 23572 26658 59465 14245 35698 18307 -57149
r456 34754 -3097 -62933 -29987 63100 -37063 36633 6662 -6407 -58442 22646 17374 -44974 48796 -17447 54409 -61169 32807 11946 3284
r457 -50365 50189 11883 56207 377 -47517 -20045 5965 -52799 41341 -9971 -60568 -8053 21638 16433 11177 -19663 -27353 -37593 -55886
r458 49446 -31064 904 46837 37469 14093 53017 -31419 -59490 6542 -44484 -23863 59695 -41666 -43436 -10867 -52266 14533 -11301 -41331
r459 -59178 59594 63160 23588 21252 -44325 36573 56342 -52662 17318 -17697 -17020 4209 -21903 -10885 -9753 -38209 29204 -38816 -28879
r460 44358 -31364 48460 -11267 -60788 1062 -41751 -65506 -44094 45020 -20196 51983 15207 -57888 -22220 34968 -217 -3961 52684 1864
r461 -24859 -59782 -45874 -61080 -41519 -24128 51122 47945 -25909 62110 -2021 48583 17974 -16555 -13907 -20606 -452 64124 -44245 -1569
r462 27518 30827 -26297 16452 31570 21694 51111 51572 53924 59489 58002 43705 -42457 -5620 -21354 52385 62107 -8754 36605 -15982
r463 331 14792 8245 27107 60133 16856 -14978 37062 8110 60379 -47986 -16795 -6407 50098 -14190 -54513 -26241 -49363 -12878 61962
r464 -37537 -59052 -38901 40057 30683 16885 -47815 -2733 60573 14793 -15280 38509 -34825 -40748 -22095 -23641 20001 -13432 -6697 15598
r465 36255 -38147 35974 11798 23773 -26286 4846 19894 33535 -39652 29759 21332 8074 24722 -47177 9190 21817 22058 54793 8923
r466 27702 4887 -43591 -35621 -13728 56000 27698 18563 -48045 -40046 -2198 -42544 2959 -63215 44621 -57508 -15352 -35040 4917 16561
r467 -36586 1439 25872 58799 18237 35081 -40767 -32663 -10605 -44309 -42759 -59809 -13352 -39786 -36179 29623 28722 3771 37359 8397
r468 -54148 63360 -35315 -31000 4839 -50221 -25545 -7352 36091 -31196 18715 -22526 -54055 -30058 37963 -12312 -34945 -41723 43476 -37240
r469 54902 7334 -55522 58644 26988 56713 47437 -22972 1362 -22307 -9548 -4262 -60012 59747 28240 52003 30283 -44347 43317 20012
r470 -20992 -53166 -62501 -44153 64149 -47015 -36129 29571 10049 -56550 -39905 -18516 -61401 -54917 50112 -62083 -1406 -6344 52654 -21307
r471 -17502 7006 17858 -58746 -12007 47791 15265 6986 61717 43442 51014 43055 48374 17346 53107 -7081 -10068 -50992 12049 -38205
r472 56971 43628 18602 -51982 51569 53518 63199 32742 -10457 -7510 46849 8542 49350 -14304 34810 43999 12501 28047 57801 56452
r473 2961 -28908 -37742 -20745 13219 63171 65275 -5344 45882 51518 33990 -24645 21307 -5874 14698 11245 43309 46700 46056 -28620
r474 31123 -55827 20041 32820 57422 -20137 -33487 -21305 27761 32246 29743 -28570 -19428 733 28575 14544 36998 42749 54108 -32422
r475 38240 40214 -57247 -59661 60882 -56359 -40807 55002 63333 -53352 -18138 65054 -26281 8449 26093 643 52507 53796 -731 -26180
r476 -36893 61064 -32502 23062 -38226 -9219 -64482 2915 -16999 21001 42949 2884 30194 50530 -58459 -27118 -17117 -34653 59035 -60933
r477 -28655 -23295 63654 -1992 -58594 -42635 -13178 62195 -17435 -10836 -3129 -3474 -38622 -35266 34133 -59219 -53640 -46481 -60896 -6059
r478 -23051 -31653 -62493 36645 -35568 -18743 53118 28606 -5832 28399 35082 -16956 8172 3999 25057 -63547 -45190 -28322 -14883 -4977
r479 -18789 8335 -7301 -30021 58873 26550 -5102 42721 -19012 -22568 22781 -30771 23856 45612 32021 25246 20753 4844 -23941 10865
r480 6827 -19313 40508 52307 -36712 55020 -62365 -46569 64637 38577 -50759 30953 -18539 -17106 62186 6307 -27197 755 56882 -56773
r481 52558 61980 -17907 23111 30760 36894 -27909 -62952 17635 -36986 -6845 -39959 -17509 61052 38258 -56227 -64180 -15659 -13154 46896
r482 -15281 35215 41192 -23973 62226 -64448 2394 21679 -36071 -62040 43154 -33430 35379 20971 -44311 -2246 15440 22207 7905 -51933
r483 62641 48547 10312 17499 15702 50850 -55852 -48425 -12655 29491 33569 8091 -57607 -16222 36832 -62651 -53961 -33979 22049 63078
r484 -23903 -1252 -18751 52381 12853 -57170 -45206 -20350 53554 -25751 41682 17313 37116 -55259 25854 -35948 10855 -22448 59409 -39231
r485 -19802 -33007 -46375 -52527 -6491 30029 -46035 -4703 -52018 -44309 7795 -58359 -60475 -29594 -19042 -17838 -8680 -59529 -52288 -13849
r486 -4523 -5813 3579 61110 38431 -42335 -58738 32436 32242 -16544 42277 -24256 41733 64325 -47257 57991 -26032 -19905 51914 -15549
r487 -31695 -52347 -22597 64617 2972 28762 -26103 -64761 -55139 62329 -31734 -63413 30167 55058 -63268 -378 -54579 -53115 4851 -17144
r488 -39486 -1311 -21142 -43792 -54052 -46132 -27513 35353 -47556 -9228 40642 44727 -28997 28769 22857 -20921 -43798 -49502 -61000 16755
r489 -27100 -46833 20557 45516 25559 45269 -29577 22419 45328 21266 41322 60561 -55413 47699 -31528 -58217 9183 44247 33141 29759
r490 15609 22813 -45034 -2191 -21176 -22995 58631 19328 34632 18614 -14142 58893 -9689 34076 -33764 29909 -13447 -57005 64821 51960
r491 45772 59729 46506 -13542 -11047 1401 54722 -13028 -63029 10541 -14226 23360 -19541 35631 62885 -61953 -2957 25645 13196 14015
r492 19103 -30625 -14840 -53407 22092 50215 56337 -16145 15291 51665 -61700 -53634 44997 -45504 -60870 10997 -15337 47002 43651 40287
r493 64062 -43012 7458 23842 -20982 8965 -29899 28071 48295 61244 -39406 59527 -25068 11414 55667 21370 -57882 -24592 26267 -37747
r494 40189 13451 51198 58601 1438 39452 10536 -13562 48286 -18950 54878 -26563 -41081 -28763 21185 -23810 51660 -57877 -22260 11640
r495 -22416 12855 38005 -61543 -56763 -14252 49770 -64644 61865 -41847 -17406 -17433 -33377 36083 -18591 1017 60356 -46689 -12518 -1995
r496 28858 -19973 -31592 63177 44652 54533 11522 -13305 23967 39143 24871 -55521 24771 -29079 47296 15846 -56000 50653 58987 40646
r497 -62988 -21354 60454 -27613 -26461 48110 16985 -39812 -34470 -814 43516 -54696 -48072 -50497 -41292 14526 -31798 18506 -52820 22997
r498 -63871 19470 16806 63334 17135 -12865 -5496 -652 -2404 -59491 36503 -43210 -51968 -63903 -60092 -54359 -58084 53810 -8783 2226
r499 16021 42214 -32739 -54740 -57622 -40321 -32469 53227 -60749 -25300 -15004 -55679 16164 -42083 1713 63230 26135 46460 -53082 38359
